1
484	952	0.343000 0.251000 0.163000
1.818900 1.311300 0.143500
-1.850100 -1.548300 -113.833000
-5.467000 0.181100 -113.820801
-1.852500 1.549200 -113.833000
1.740900 1.549200 -113.833000
5.373800 -0.180200 -113.820801
1.755100 -1.548300 -113.833099
-2.048100 -1.387200 -117.303497
-6.811500 0.162300 -117.351501
-2.050800 1.388100 -117.303497
1.939300 1.388100 -117.303398
6.718600 -0.161400 -117.351501
1.955800 -1.387200 -117.303497
-2.863400 -1.169900 -120.867401
-8.356500 0.140100 -121.985901
2.770000 1.170700 -120.867401
8.264200 0.001300 -121.986000
2.771100 -1.169900 -120.867401
-2.947600 -1.041000 -124.393600
-2.947600 1.041900 -124.393600
2.855400 1.041900 -124.392303
2.855400 -1.041000 -124.392303
-3.004500 -0.921300 -127.970398
-9.947200 0.110900 -127.967300
-3.004500 0.922200 -127.970398
9.855000 -0.110000 -127.966103
2.912300 -0.921300 -127.962303
-3.025100 -0.812600 -131.456497
-10.237200 0.097700 -131.459702
-3.025100 0.813500 -131.456497
2.932900 0.813500 -131.455200
10.145000 -0.096800 -131.459503
2.932900 -0.812600 -131.455200
-3.046400 -0.711400 -139.732498
-10.537300 0.085400 -139.729294
-3.046400 0.712300 -139.732498
10.445100 -0.084500 -139.729294
2.954100 -0.711400 -139.732498
-3.091900 -0.591100 -173.159103
-11.178800 0.070800 -173.158401
-3.091900 0.592000 -173.159103
11.086600 -0.069900 -173.158401
2.999600 -0.591100 -173.159103
-3.047000 -0.545600 -181.142105
-3.047000 0.546400 -181.142105
2.954700 -0.545600 -181.142105
9.840500 0.064300 -182.141205
4.919700 -0.061800 -183.988495
-5.011900 0.062700 -183.988495
-0.048300 0.127200 -183.401901
2.700500 0.095500 -183.333405
-6.416900 -0.437300 -182.140701
-6.416900 0.438200 -182.140701
-2.792700 -0.094700 -183.333405
6.324700 0.438200 -182.140701
6.324700 -0.437300 -182.140701
-0.046100 -0.595300 -181.142105
-9.932800 -0.000200 -182.141205
-0.046100 0.614700 -179.477493
-0.046100 0.596200 -181.142105
-0.046100 -0.613800 -179.477493
-3.087900 -0.564300 -179.477493
-7.645100 -0.490100 -156.499100
-7.724400 -0.452000 -173.158798
-10.963300 -0.000200 -180.040100
-3.087900 0.565200 -179.477493
-0.046100 0.705600 -156.501099
-0.046100 0.643700 -173.159302
7.552900 0.491000 -156.499100
7.632100 0.452900 -173.158798
10.871000 0.001100 -180.040100
7.552900 -0.490100 -156.499100
7.632100 -0.452000 -173.158798
2.995700 -0.564300 -179.477493
-0.046100 -0.704700 -156.501099
-0.046100 -0.642800 -173.159302
-3.072100 -0.647100 -156.500504
-6.650700 -0.625800 -133.086197
-7.542400 -0.531600 -139.730698
-10.899400 -0.076700 -156.497803
-6.650700 0.626700 -133.086197
-3.072100 0.648000 -156.500504
-0.046100 0.835500 -133.085693
-0.046100 0.777200 -139.733200
6.558400 0.626700 -133.086197
7.450200 0.532500 -139.730698
10.807100 0.077600 -156.497803
6.558400 -0.625800 -133.086197
7.450200 -0.531600 -139.730698
2.979800 -0.647100 -156.500504
-0.046100 -0.834600 -133.085693
-0.046100 -0.776300 -139.733200
-3.032700 -0.763900 -133.085800
-6.528900 -0.709800 -129.739807
-6.589600 -0.666100 -131.458099
-10.344700 -0.090900 -133.086700
-6.528900 0.710700 -129.739807
-6.589600 0.667000 -131.458099
-3.032700 0.764800 -133.085800
-0.046100 0.947500 -129.737396
-0.046100 0.889300 -131.455002
6.436700 0.710700 -129.735397
6.497400 0.667000 -131.457001
10.252500 0.091800 -133.086700
6.436700 -0.709800 -129.735397
6.497400 -0.666100 -131.457001
2.940500 -0.763900 -133.085800
-0.046100 -0.946600 -129.737396
-0.046100 -0.888400 -131.455002
-3.017500 -0.865300 -129.740204
-6.234800 -0.806700 -126.186699
-6.425100 -0.756700 -127.969803
-10.130200 -0.103100 -129.738098
-6.234800 0.807600 -126.186699
-6.425100 0.757600 -127.969803
-3.017500 0.866200 -129.740204
-0.046100 1.076600 -126.174698
-0.046100 1.010000 -127.966202
6.142500 0.807600 -126.182297
6.332900 0.757600 -127.963203
10.038000 0.104000 -129.737305
6.142500 -0.806700 -126.182297
6.332900 -0.756700 -127.963203
2.925300 -0.865300 -129.734695
-0.046100 -1.075700 -126.174698
-0.046100 -1.009100 -127.966202
-2.980700 -0.980000 -126.180901
-5.641800 -0.916700 -122.640198
-5.969700 -0.860000 -124.405197
-5.641800 0.917600 -122.640198
-5.969700 0.860800 -124.405197
-2.980700 0.980900 -126.180901
-0.046100 1.223400 -122.623398
-0.046100 1.147700 -124.386101
2.888500 0.980900 -126.175499
5.549600 0.917600 -122.640198
5.877500 0.860800 -124.404099
5.549600 -0.916700 -122.640198
5.877500 -0.860000 -124.404099
2.888500 -0.980000 -126.175499
-0.046100 -1.222500 -122.623398
-0.046100 -1.146800 -124.386101
-2.906600 -1.104200 -122.629898
-4.977000 -1.041700 -119.099503
-5.295900 -0.977200 -120.876701
-4.977000 1.042600 -119.099503
-5.295900 0.978100 -120.876701
-2.906600 1.105100 -122.629898
-0.052400 1.390000 -119.073402
-0.047700 1.304000 -120.861000
4.878400 1.042600 -119.099503
5.202100 0.978100 -120.876701
4.884700 -1.041700 -119.099503
5.203700 -0.977200 -120.876701
2.814400 -1.104200 -122.629898
-0.046100 -1.389100 -119.073502
-0.046100 -1.303100 -120.861000
-2.823500 -1.238900 -119.084702
-7.394900 -0.151500 -119.120697
-3.890100 1.229000 -115.574203
-4.081100 1.171000 -117.321503
-0.058700 1.574800 -115.563202
-0.057200 1.480600 -117.295799
2.726500 1.239400 -119.084702
7.302200 -0.151500 -119.120697
2.731300 -1.238900 -119.084702
-0.046100 -1.573900 -115.563301
-0.046100 -1.479700 -117.295799
-1.952600 -1.475500 -115.566399
-3.684400 -1.264600 -113.827698
-6.138200 -0.171800 -115.585800
-1.955700 1.476400 -115.566399
-0.052400 1.693100 -112.070099
-0.057200 1.652400 -113.834999
1.841400 1.476400 -115.566299
3.505300 1.256300 -113.038803
6.045200 -0.171800 -115.585800
1.860300 -1.475500 -115.566399
-0.052400 -1.692200 -112.070099
-0.047700 -1.651500 -113.834999
-1.746600 -1.586400 -112.067902
-1.746600 1.587300 -112.067902
-0.782600 1.690300 -109.786499
1.643300 1.587300 -112.067902
4.593100 0.185600 -112.053802
1.655300 -1.552100 -109.786301
1.643300 -1.586400 -112.067902
-0.053700 -1.743900 -109.786697
-1.759700 -1.552100 -109.786301
2.040600 1.341600 -109.522797
1.946200 -1.016900 -0.463700
-0.046100 -1.548900 0.143500
-2.106200 -0.970500 -0.160100
-1.995200 1.262400 -0.463700
-0.046100 1.549800 0.143500
2.954700 0.546400 -181.142105
2.995700 0.565200 -179.477493
2.999600 0.592000 -173.159103
2.979800 0.648000 -156.500504
2.954100 0.712300 -139.732498
2.940500 0.764800 -133.085800
2.925300 0.866200 -129.734695
2.912300 0.922200 -127.962303
-2.863600 1.170800 -120.867401
2.814400 1.105100 -122.629898
-4.081100 -1.170000 -117.321503
-2.824300 1.239800 -119.084702
3.983300 1.170200 -117.321503
3.988900 -1.170000 -117.321503
-3.890100 -1.228100 -115.574203
3.791500 1.228000 -115.574203
3.797900 -1.228100 -115.574203
3.507700 -1.255900 -113.036797
-4.101300 -0.716700 -112.144203
-3.600300 1.257600 -113.031097
-3.227700 0.301700 -109.884102
3.358400 -0.095500 -110.181297
8.554400 -0.119700 -126.188797
8.232700 -0.585700 -127.964600
8.437600 0.117500 -124.416000
8.232700 0.586600 -127.964600
-8.646600 0.120600 -126.190804
-8.324900 0.586600 -127.968597
-8.529800 -0.116600 -124.416397
-8.324900 -0.585700 -127.968597
8.232700 -0.561500 -129.736298
8.232700 0.562400 -129.736298
-8.324900 0.562400 -129.738998
-8.324900 -0.561500 -129.738998
8.232700 -0.520200 -132.272293
8.232700 0.521100 -132.272293
-8.324900 0.521100 -132.272598
-7.542400 0.532500 -139.730698
-8.324900 -0.520200 -132.272598
-7.645100 0.491000 -156.499100
-7.724400 0.452900 -173.158798
-7.994100 0.399600 -180.450394
7.901800 -0.398700 -180.450394
7.901800 0.399600 -180.450394
7.856400 0.062800 -183.253006
-7.994100 -0.398700 -180.450394
-7.937700 -0.059700 -183.255203
1.818900 -1.362100 -0.611800
-1.850100 1.497400 113.364700
-5.467000 -0.232000 113.352501
-1.852500 -1.600000 113.364700
1.740900 -1.600000 113.364700
5.373800 0.129400 113.352501
1.755100 1.497400 113.364799
-2.048100 1.336300 116.835197
-6.811500 -0.213200 116.883301
-2.050800 -1.438900 116.835197
1.939300 -1.438900 116.835197
6.718600 0.110600 116.883301
1.955800 1.336300 116.835197
-2.863400 1.119100 120.399200
-8.356500 -0.191000 121.517700
2.770000 -1.221600 120.399200
8.264200 -0.052100 121.517700
2.771100 1.119100 120.399200
-2.947600 0.990100 123.925301
-2.947600 -1.092700 123.925301
2.855400 -1.092700 123.924004
2.855400 0.990200 123.924004
-3.004500 0.870500 127.502098
-9.947200 -0.161700 127.499001
-3.004500 -0.973100 127.502098
9.855000 0.059100 127.497803
2.912300 0.870500 127.494102
-3.025100 0.761800 130.988297
-10.237200 -0.148500 130.991501
-3.025100 -0.864400 130.988297
2.932900 -0.864400 130.987000
10.145000 0.045900 130.991394
2.932900 0.761800 130.986893
-3.046400 0.660600 139.264297
-10.537300 -0.136300 139.261200
-3.046400 -0.763200 139.264297
10.445100 0.033700 139.261093
2.954100 0.660600 139.264297
-3.091900 0.540300 172.690903
-11.178800 -0.121700 172.690201
-3.091900 -0.642900 172.690903
11.086600 0.019000 172.690308
2.999600 0.540300 172.690903
-3.047000 0.494700 180.673904
-3.047000 -0.597300 180.673798
2.954700 0.494700 180.673904
9.840500 -0.115200 181.673004
4.919700 0.011000 183.520294
-5.011900 -0.113500 183.520203
-0.048300 -0.178100 182.933701
2.700500 -0.146400 182.865204
-6.416900 0.386500 181.672501
-6.416900 -0.489100 181.672501
-2.792700 0.043800 182.865204
6.324700 -0.489100 181.672501
6.324700 0.386500 181.672501
-0.046100 0.544500 180.673904
-9.932800 -0.050600 181.672897
-0.046100 -0.665600 179.009293
-0.046100 -0.647100 180.673904
-0.046100 0.563000 179.009293
-3.087900 0.513400 179.009293
-7.645100 0.439200 156.030899
-7.724400 0.401200 172.690598
-10.963300 -0.050600 179.571899
-3.087900 -0.616000 179.009201
-0.046100 -0.756500 156.032898
-0.046100 -0.694500 172.691101
7.552900 -0.541800 156.030807
7.632100 -0.503800 172.690598
10.871000 -0.051900 179.571899
7.552900 0.439200 156.030899
7.632100 0.401200 172.690598
2.995700 0.513400 179.009293
-0.046100 0.653800 156.032806
-0.046100 0.591900 172.691101
-3.072100 0.596300 156.032303
-6.650700 0.575100 132.617996
-7.542400 0.480700 139.262497
-10.899400 0.025800 156.029602
-6.650700 -0.677600 132.617996
-3.072100 -0.698900 156.032303
-0.046100 -0.886300 132.617401
-0.046100 -0.828100 139.264999
6.558400 -0.677600 132.617996
7.450200 -0.583300 139.262497
10.807100 -0.128400 156.029495
6.558400 0.575100 132.617996
7.450200 0.480700 139.262497
2.979800 0.596300 156.032303
-0.046100 0.783700 132.617401
-0.046100 0.725500 139.264893
-3.032700 0.713100 132.617599
-6.528900 0.658900 129.271500
-6.589600 0.615300 130.989807
-10.344700 0.040100 132.618393
-6.528900 -0.761600 129.271500
-6.589600 -0.717900 130.989899
-3.032700 -0.815700 132.617599
-0.046100 -0.998300 129.269196
-0.046100 -0.940100 130.986694
6.436700 -0.761600 129.266998
6.497400 -0.717900 130.988693
10.252500 -0.142600 132.618393
6.436700 0.658900 129.267105
6.497400 0.615200 130.988693
2.940500 0.713100 132.617599
-0.046100 0.895700 129.269104
-0.046100 0.837500 130.986694
-3.017500 0.814500 129.272003
-6.234800 0.755800 125.718399
-6.425100 0.705800 127.501503
-10.130200 0.052300 129.269806
-6.234800 -0.858400 125.718498
-6.425100 -0.808500 127.501602
-3.017500 -0.917000 129.271896
-0.046100 -1.127500 125.706497
-0.046100 -1.060800 127.497902
6.142500 -0.858400 125.714104
6.332900 -0.808400 127.494904
10.038000 -0.154900 129.268997
6.142500 0.755800 125.714104
6.332900 0.705800 127.494904
2.925300 0.814500 129.266495
-0.046100 1.024900 125.706497
-0.046100 0.958300 127.498001
-2.980700 0.929100 125.712700
-5.641800 0.865900 122.171898
-5.969700 0.809100 123.936996
-5.641800 -0.968400 122.171898
-5.969700 -0.911700 123.936897
-2.980700 -1.031700 125.712601
-0.046100 -1.274200 122.155098
-0.046100 -1.198600 123.917900
2.888500 -1.031700 125.707199
5.549600 -0.968400 122.171898
5.877500 -0.911700 123.935898
5.549600 0.865900 122.171898
5.877500 0.809100 123.935898
2.888500 0.929100 125.707298
-0.046100 1.171600 122.155098
-0.046100 1.095900 123.917801
-2.906600 1.053400 122.161697
-4.977000 0.990900 118.631302
-5.295900 0.926400 120.408401
-4.977000 -1.093500 118.631302
-5.295900 -1.029000 120.408401
-2.906600 -1.156000 122.161697
-0.052400 -1.440900 118.605202
-0.047700 -1.354900 120.392799
4.878400 -1.093500 118.631203
5.202100 -1.029000 120.408401
4.884700 0.990900 118.631302
5.203700 0.926400 120.408401
2.814400 1.053400 122.161697
-0.046100 1.338300 118.605202
-0.046100 1.252300 120.392700
-2.823500 1.188000 118.616402
-7.394900 0.100700 118.652397
-3.890100 -1.279900 115.105904
-4.081100 -1.221800 116.853203
-0.058700 -1.625700 115.095100
-0.057200 -1.531400 116.827499
2.726500 -1.290200 118.616402
7.302200 0.100700 118.652397
2.731300 1.188000 118.616402
-0.046100 1.523100 115.095001
-0.046100 1.428800 116.827599
-1.952600 1.424700 115.098099
-3.684400 1.213700 113.359398
-6.138200 0.120900 115.117500
-1.955700 -1.527300 115.098099
-0.052400 -1.743900 111.601799
-0.057200 -1.703300 113.366699
1.841400 -1.527300 115.098000
3.505300 -1.307200 112.570503
6.045200 0.120900 115.117500
1.860300 1.424700 115.098099
-0.052400 1.641400 111.601898
-0.047700 1.600700 113.366699
-1.746600 1.535600 111.599602
-1.746600 -1.638100 111.599602
-0.782600 -1.741200 109.318199
1.643300 -1.638100 111.599602
4.593100 -0.236400 111.585503
1.655300 1.501300 109.318001
1.643300 1.535500 111.599701
-0.053700 1.693100 109.318398
-1.759700 1.501300 109.318001
2.040600 -1.392400 109.054497
1.946200 0.966000 -0.004700
-0.046100 1.498100 -0.611900
-2.106200 0.919600 -0.308200
-1.995200 -1.313200 -0.004700
-0.046100 -1.600700 -0.611900
2.954700 -0.597300 180.673798
2.995700 -0.616000 179.009201
2.999600 -0.642900 172.690903
2.979800 -0.698900 156.032303
2.954100 -0.763200 139.264297
2.940500 -0.815700 132.617599
2.925300 -0.917000 129.266495
2.912300 -0.973100 127.494003
-2.863600 -1.221700 120.399200
2.814400 -1.156000 122.161697
-4.081100 1.119200 116.853302
-2.824300 -1.290700 118.616402
3.983300 -1.221000 116.853302
3.988900 1.119200 116.853302
-3.890100 1.177200 115.105904
3.791500 -1.278900 115.105904
3.797900 1.177200 115.105904
3.507700 1.205000 112.568497
-4.101300 0.665900 111.676003
-3.600300 -1.308400 112.562798
-3.227700 -0.352600 109.415802
3.358400 0.044700 109.713097
8.554400 0.068800 125.720596
8.232700 0.534900 127.496399
8.437600 -0.168300 123.947800
8.232700 -0.637500 127.496399
-8.646600 -0.171400 125.722603
-8.324900 -0.637500 127.500298
-8.529800 0.065800 123.948196
-8.324900 0.534900 127.500298
8.232700 0.510700 129.267899
8.232700 -0.613300 129.268005
-8.324900 -0.613300 129.270798
-8.324900 0.510600 129.270798
8.232700 0.469300 131.804001
8.232700 -0.571900 131.804001
-8.324900 -0.571900 131.804398
-7.542400 -0.583300 139.262497
-8.324900 0.469300 131.804398
-7.645100 -0.541800 156.030807
-7.724400 -0.503800 172.690598
-7.994100 -0.450400 179.982300
7.901800 0.347800 179.982193
7.901800 -0.450400 179.982300
7.856400 -0.113700 182.784698
-7.994100 0.347800 179.982193
-7.937700 0.008800 182.787094
128 15 145 0
15 130 147 0
136 17 152 0
138 154 17 0
170 3 214 0
2 214 181 0
170 214 2 0
4 182 215 0
3 215 214 0
6 185 176 0
5 176 184 0
7 187 213 0
213 185 6 0
220 122 139 0
220 218 122 0
218 123 122 0
218 219 123 0
219 218 26 0
119 220 137 0
119 218 220 0
120 218 119 0
120 221 218 0
221 26 218 0
224 114 131 0
224 222 114 0
222 115 114 0
222 223 115 0
223 222 24 0
111 224 129 0
111 222 224 0
112 222 111 0
112 225 222 0
225 24 222 0
219 105 123 0
219 226 105 0
226 26 121 0
226 219 26 0
226 106 105 0
226 230 106 0
230 121 32 0
230 226 121 0
102 221 120 0
102 227 221 0
227 26 221 0
227 121 26 0
227 103 231 0
227 102 103 0
121 231 32 0
121 227 231 0
223 97 115 0
223 228 97 0
228 24 113 0
228 223 24 0
228 98 97 0
228 232 98 0
232 113 29 0
232 228 113 0
225 94 229 0
225 112 94 0
24 229 113 0
24 225 229 0
229 95 234 0
229 94 95 0
113 234 29 0
113 229 234 0
230 88 106 0
230 32 104 0
230 89 88 0
89 104 37 0
89 230 104 0
85 231 103 0
231 104 32 0
86 231 85 0
86 104 231 0
86 37 104 0
232 81 98 0
232 29 96 0
232 233 81 0
233 96 35 0
233 232 96 0
78 234 95 0
234 96 29 0
79 234 78 0
79 96 234 0
79 35 96 0
72 37 87 0
72 89 37 0
73 87 42 0
73 72 87 0
37 69 87 0
37 86 69 0
87 70 42 0
87 69 70 0
235 35 80 0
235 233 35 0
236 80 40 0
236 235 80 0
35 63 80 0
35 79 63 0
80 64 40 0
80 63 64 0
71 73 42 0
71 238 73 0
70 71 42 0
70 239 71 0
65 236 40 0
65 237 236 0
64 65 40 0
64 241 65 0
47 238 71 0
240 56 238 0
47 240 238 0
239 47 71 0
240 239 55 0
239 240 47 0
58 237 65 0
242 53 237 0
58 242 237 0
241 58 65 0
242 241 52 0
241 242 58 0
240 48 56 0
240 55 48 0
242 49 53 0
242 52 49 0
15 129 224 0
15 128 129 0
15 131 130 0
15 224 131 0
17 137 220 0
17 136 137 0
17 139 138 0
17 220 139 0
54 49 52 0
49 54 53 0
51 48 55 0
48 51 56 0
44 54 52 0
44 52 241 0
53 54 45 0
53 45 237 0
196 51 55 0
196 55 239 0
56 51 46 0
56 46 238 0
62 44 241 0
64 62 241 0
64 39 62 0
237 45 66 0
236 66 41 0
236 237 66 0
197 196 239 0
70 197 239 0
70 198 197 0
238 46 74 0
73 74 43 0
73 238 74 0
64 77 39 0
64 63 77 0
79 77 63 0
79 34 77 0
236 82 235 0
236 41 82 0
82 233 235 0
82 36 233 0
70 199 198 0
70 69 199 0
86 199 69 0
86 200 199 0
73 90 72 0
73 43 90 0
90 89 72 0
90 38 89 0
34 78 93 0
34 79 78 0
93 95 28 0
93 78 95 0
36 81 233 0
36 99 81 0
99 98 81 0
99 30 98 0
200 85 201 0
200 86 85 0
201 103 31 0
201 85 103 0
38 88 89 0
38 107 88 0
107 106 88 0
107 33 106 0
94 28 95 0
94 110 28 0
112 110 94 0
112 23 110 0
30 97 98 0
30 116 97 0
116 115 97 0
116 25 115 0
102 31 103 0
102 202 31 0
202 120 203 0
202 102 120 0
33 105 106 0
33 124 105 0
124 123 105 0
124 27 123 0
23 111 127 0
23 112 111 0
127 129 19 0
127 111 129 0
25 114 115 0
25 132 114 0
132 131 114 0
132 20 131 0
203 119 135 0
203 120 119 0
135 137 21 0
135 119 137 0
27 122 123 0
27 140 122 0
140 139 122 0
140 22 139 0
128 19 129 0
128 143 19 0
143 145 14 0
143 128 145 0
20 130 131 0
20 148 130 0
148 147 130 0
148 204 147 0
136 21 137 0
136 205 21 0
205 152 16 0
205 136 152 0
22 138 139 0
22 155 138 0
155 154 138 0
155 18 154 0
14 144 158 0
14 145 144 0
158 144 206 0
158 206 8 0
204 146 147 0
204 207 146 0
207 161 146 0
161 207 10 0
16 151 164 0
16 152 151 0
164 151 208 0
164 208 11 0
18 153 154 0
18 166 153 0
166 209 153 0
209 166 13 0
210 8 206 0
210 169 8 0
170 169 210 0
170 2 169 0
160 10 172 0
160 161 10 0
215 172 4 0
215 160 172 0
211 11 208 0
211 175 11 0
176 175 211 0
176 5 175 0
212 13 178 0
212 209 13 0
213 178 7 0
213 212 178 0
215 216 214 0
176 185 217 0
213 217 185 0
51 60 50 0
51 196 60 0
54 60 45 0
54 50 60 0
54 57 50 0
54 44 57 0
51 57 46 0
51 50 57 0
196 59 60 0
196 197 59 0
45 59 66 0
45 60 59 0
41 59 68 0
41 66 59 0
198 59 197 0
198 68 59 0
44 61 57 0
44 62 61 0
46 61 74 0
46 57 61 0
43 61 76 0
43 74 61 0
39 61 62 0
39 76 61 0
198 67 68 0
198 199 67 0
41 67 82 0
41 68 67 0
82 84 36 0
82 67 84 0
84 199 200 0
84 67 199 0
39 75 76 0
39 77 75 0
43 75 90 0
43 76 75 0
90 92 38 0
90 75 92 0
92 77 34 0
92 75 77 0
200 83 84 0
200 201 83 0
36 83 99 0
36 84 83 0
30 83 101 0
30 99 83 0
31 83 201 0
31 101 83 0
34 91 92 0
34 93 91 0
38 91 107 0
38 92 91 0
33 91 109 0
33 107 91 0
28 91 93 0
28 109 91 0
31 100 101 0
31 202 100 0
101 116 30 0
101 100 116 0
25 100 118 0
25 116 100 0
203 100 202 0
203 118 100 0
110 109 28 0
110 108 109 0
33 108 124 0
33 109 108 0
27 108 126 0
27 124 108 0
23 108 110 0
23 126 108 0
135 118 203 0
135 117 118 0
118 132 25 0
118 117 132 0
20 117 134 0
20 132 117 0
21 117 135 0
21 134 117 0
127 126 23 0
127 125 126 0
126 140 27 0
126 125 140 0
22 125 142 0
22 140 125 0
19 125 127 0
19 142 125 0
205 134 21 0
205 133 134 0
134 148 20 0
134 133 148 0
204 133 150 0
204 148 133 0
16 133 205 0
16 150 133 0
143 142 19 0
143 141 142 0
142 155 22 0
142 141 155 0
18 141 157 0
18 155 141 0
14 141 143 0
14 157 141 0
159 145 15 0
159 144 145 0
9 144 159 0
9 206 144 0
147 159 15 0
147 146 159 0
9 146 161 0
9 159 146 0
164 150 16 0
164 149 150 0
150 207 204 0
150 149 207 0
10 149 163 0
10 207 149 0
11 149 164 0
11 163 149 0
165 152 17 0
165 151 152 0
12 151 165 0
12 208 151 0
154 165 17 0
154 153 165 0
12 153 209 0
12 165 153 0
158 157 14 0
158 156 157 0
157 166 18 0
157 156 166 0
13 156 168 0
13 166 156 0
8 156 158 0
8 168 156 0
171 206 9 0
171 210 206 0
3 210 171 0
3 170 210 0
161 171 9 0
161 160 171 0
3 160 215 0
3 171 160 0
175 163 11 0
175 162 163 0
163 172 10 0
163 162 172 0
4 162 174 0
4 172 162 0
5 162 175 0
5 174 162 0
177 208 12 0
177 211 208 0
6 211 177 0
6 176 211 0
209 177 12 0
209 212 177 0
6 212 213 0
6 177 212 0
169 168 8 0
169 167 168 0
168 178 13 0
168 167 178 0
7 167 180 0
7 178 167 0
2 167 169 0
2 180 167 0
181 216 189 0
181 214 216 0
216 182 183 0
216 215 182 0
184 174 5 0
184 173 174 0
174 182 4 0
174 173 182 0
183 182 173 0
190 173 184 0
190 183 173 0
184 217 190 0
184 176 217 0
217 187 186 0
217 213 187 0
181 180 2 0
181 179 180 0
180 187 7 0
180 179 187 0
186 179 188 0
186 187 179 0
189 179 181 0
189 188 179 0
189 216 193 0
194 193 216 0
194 216 183 0
195 190 1 0
195 183 190 0
195 194 183 0
1 217 191 0
1 190 217 0
191 217 186 0
193 188 189 0
193 192 188 0
192 186 188 0
192 191 186 0
370 257 387 0
257 372 389 0
378 259 394 0
380 396 259 0
412 245 456 0
244 456 423 0
412 456 244 0
246 424 457 0
245 457 456 0
248 427 418 0
247 418 426 0
249 429 455 0
455 427 248 0
462 364 381 0
462 460 364 0
460 365 364 0
460 461 365 0
461 460 268 0
361 462 379 0
361 460 462 0
362 460 361 0
362 463 460 0
463 268 460 0
466 356 373 0
466 464 356 0
464 357 356 0
464 465 357 0
465 464 266 0
353 466 371 0
353 464 466 0
354 464 353 0
354 467 464 0
467 266 464 0
461 347 365 0
461 468 347 0
468 268 363 0
468 461 268 0
468 348 347 0
468 472 348 0
472 363 274 0
472 468 363 0
344 463 362 0
344 469 463 0
469 268 463 0
469 363 268 0
469 345 473 0
469 344 345 0
363 473 274 0
363 469 473 0
465 339 357 0
465 470 339 0
470 266 355 0
470 465 266 0
470 340 339 0
470 474 340 0
474 355 271 0
474 470 355 0
467 336 471 0
467 354 336 0
266 471 355 0
266 467 471 0
471 337 476 0
471 336 337 0
355 476 271 0
355 471 476 0
472 330 348 0
472 274 346 0
472 331 330 0
331 346 279 0
331 472 346 0
327 473 345 0
473 346 274 0
328 473 327 0
328 346 473 0
328 279 346 0
474 323 340 0
474 271 338 0
474 475 323 0
475 338 277 0
475 474 338 0
320 476 337 0
476 338 271 0
321 476 320 0
321 338 476 0
321 277 338 0
314 279 329 0
314 331 279 0
315 329 284 0
315 314 329 0
279 311 329 0
279 328 311 0
329 312 284 0
329 311 312 0
477 277 322 0
477 475 277 0
478 322 282 0
478 477 322 0
277 305 322 0
277 321 305 0
322 306 282 0
322 305 306 0
313 315 284 0
313 480 315 0
312 313 284 0
312 481 313 0
307 478 282 0
307 479 478 0
306 307 282 0
306 483 307 0
289 480 313 0
482 298 480 0
289 482 480 0
481 289 313 0
482 481 297 0
481 482 289 0
300 479 307 0
484 295 479 0
300 484 479 0
483 300 307 0
484 483 294 0
483 484 300 0
482 290 298 0
482 297 290 0
484 291 295 0
484 294 291 0
257 371 466 0
257 370 371 0
257 373 372 0
257 466 373 0
259 379 462 0
259 378 379 0
259 381 380 0
259 462 381 0
296 291 294 0
291 296 295 0
293 290 297 0
290 293 298 0
286 296 294 0
286 294 483 0
295 296 287 0
295 287 479 0
438 293 297 0
438 297 481 0
298 293 288 0
298 288 480 0
304 286 483 0
306 304 483 0
306 281 304 0
479 287 308 0
478 308 283 0
478 479 308 0
439 438 481 0
312 439 481 0
312 440 439 0
480 288 316 0
315 316 285 0
315 480 316 0
306 319 281 0
306 305 319 0
321 319 305 0
321 276 319 0
478 324 477 0
478 283 324 0
324 475 477 0
324 278 475 0
312 441 440 0
312 311 441 0
328 441 311 0
328 442 441 0
315 332 314 0
315 285 332 0
332 331 314 0
332 280 331 0
276 320 335 0
276 321 320 0
335 337 270 0
335 320 337 0
278 323 475 0
278 341 323 0
341 340 323 0
341 272 340 0
442 327 443 0
442 328 327 0
443 345 273 0
443 327 345 0
280 330 331 0
280 349 330 0
349 348 330 0
349 275 348 0
336 270 337 0
336 352 270 0
354 352 336 0
354 265 352 0
272 339 340 0
272 358 339 0
358 357 339 0
358 267 357 0
344 273 345 0
344 444 273 0
444 362 445 0
444 344 362 0
275 347 348 0
275 366 347 0
366 365 347 0
366 269 365 0
265 353 369 0
265 354 353 0
369 371 261 0
369 353 371 0
267 356 357 0
267 374 356 0
374 373 356 0
374 262 373 0
445 361 377 0
445 362 361 0
377 379 263 0
377 361 379 0
269 364 365 0
269 382 364 0
382 381 364 0
382 264 381 0
370 261 371 0
370 385 261 0
385 387 256 0
385 370 387 0
262 372 373 0
262 390 372 0
390 389 372 0
390 446 389 0
378 263 379 0
378 447 263 0
447 394 258 0
447 378 394 0
264 380 381 0
264 397 380 0
397 396 380 0
397 260 396 0
256 386 400 0
256 387 386 0
400 386 448 0
400 448 250 0
446 388 389 0
446 449 388 0
449 403 388 0
403 449 252 0
258 393 406 0
258 394 393 0
406 393 450 0
406 450 253 0
260 395 396 0
260 408 395 0
408 451 395 0
451 408 255 0
452 250 448 0
452 411 250 0
412 411 452 0
412 244 411 0
402 252 414 0
402 403 252 0
457 414 246 0
457 402 414 0
453 253 450 0
453 417 253 0
418 417 453 0
418 247 417 0
454 255 420 0
454 451 255 0
455 420 249 0
455 454 420 0
457 458 456 0
418 427 459 0
455 459 427 0
293 302 292 0
293 438 302 0
296 302 287 0
296 292 302 0
296 299 292 0
296 286 299 0
293 299 288 0
293 292 299 0
438 301 302 0
438 439 301 0
287 301 308 0
287 302 301 0
283 301 310 0
283 308 301 0
440 301 439 0
440 310 301 0
286 303 299 0
286 304 303 0
288 303 316 0
288 299 303 0
285 303 318 0
285 316 303 0
281 303 304 0
281 318 303 0
440 309 310 0
440 441 309 0
283 309 324 0
283 310 309 0
324 326 278 0
324 309 326 0
326 441 442 0
326 309 441 0
281 317 318 0
281 319 317 0
285 317 332 0
285 318 317 0
332 334 280 0
332 317 334 0
334 319 276 0
334 317 319 0
442 325 326 0
442 443 325 0
278 325 341 0
278 326 325 0
272 325 343 0
272 341 325 0
273 325 443 0
273 343 325 0
276 333 334 0
276 335 333 0
280 333 349 0
280 334 333 0
275 333 351 0
275 349 333 0
270 333 335 0
270 351 333 0
273 342 343 0
273 444 342 0
343 358 272 0
343 342 358 0
267 342 360 0
267 358 342 0
445 342 444 0
445 360 342 0
352 351 270 0
352 350 351 0
275 350 366 0
275 351 350 0
269 350 368 0
269 366 350 0
265 350 352 0
265 368 350 0
377 360 445 0
377 359 360 0
360 374 267 0
360 359 374 0
262 359 376 0
262 374 359 0
263 359 377 0
263 376 359 0
369 368 265 0
369 367 368 0
368 382 269 0
368 367 382 0
264 367 384 0
264 382 367 0
261 367 369 0
261 384 367 0
447 376 263 0
447 375 376 0
376 390 262 0
376 375 390 0
446 375 392 0
446 390 375 0
258 375 447 0
258 392 375 0
385 384 261 0
385 383 384 0
384 397 264 0
384 383 397 0
260 383 399 0
260 397 383 0
256 383 385 0
256 399 383 0
401 387 257 0
401 386 387 0
251 386 401 0
251 448 386 0
389 401 257 0
389 388 401 0
251 388 403 0
251 401 388 0
406 392 258 0
406 391 392 0
392 449 446 0
392 391 449 0
252 391 405 0
252 449 391 0
253 391 406 0
253 405 391 0
407 394 259 0
407 393 394 0
254 393 407 0
254 450 393 0
396 407 259 0
396 395 407 0
254 395 451 0
254 407 395 0
400 399 256 0
400 398 399 0
399 408 260 0
399 398 408 0
255 398 410 0
255 408 398 0
250 398 400 0
250 410 398 0
413 448 251 0
413 452 448 0
245 452 413 0
245 412 452 0
403 413 251 0
403 402 413 0
245 402 457 0
245 413 402 0
417 405 253 0
417 404 405 0
405 414 252 0
405 404 414 0
246 404 416 0
246 414 404 0
247 404 417 0
247 416 404 0
419 450 254 0
419 453 450 0
248 453 419 0
248 418 453 0
451 419 254 0
451 454 419 0
248 454 455 0
248 419 454 0
411 410 250 0
411 409 410 0
410 420 255 0
410 409 420 0
249 409 422 0
249 420 409 0
244 409 411 0
244 422 409 0
423 458 431 0
423 456 458 0
458 424 425 0
458 457 424 0
426 416 247 0
426 415 416 0
416 424 246 0
416 415 424 0
425 424 415 0
432 415 426 0
432 425 415 0
426 459 432 0
426 418 459 0
459 429 428 0
459 455 429 0
423 422 244 0
423 421 422 0
422 429 249 0
422 421 429 0
428 421 430 0
428 429 421 0
431 421 423 0
431 430 421 0
431 458 435 0
436 435 458 0
436 458 425 0
437 432 243 0
437 425 432 0
437 436 425 0
243 459 433 0
243 432 459 0
433 459 428 0
435 430 431 0
435 434 430 0
434 428 430 0
434 433 428 0
SCAL       1   1 0.00 0.00 0.0  0.07 0.07 0.06
END
