milisec,RacketX,RacketY,RacketZ,forceX,forceX,forceX,ForceRatio,FriendPoint,EnemyPoint,haptics,scene
25714947,0,0,0,6671.97,3582.92,-4828.44,7,0,0,0,0,
25714975,-1.48595,-0.88,1.49303,1362.82,737.66,-988.719,1.4,0,0,0,0,
25714990,-1.48595,-0.88,1.49303,778.756,421.52,-564.982,0.8,0,0,0,0,
25715030,-1.48595,-0.88,1.49303,1946.89,1053.8,-1412.46,2,0,0,0,0,
25715070,-1.48595,-0.88,1.49303,1946.89,1053.8,-1412.46,2,0,0,0,0,
25715111,-1.48595,-0.88,1.49303,1946.89,1053.8,-1412.46,2,0,0,0,0,
25715150,-1.48595,-0.88,1.49303,1946.89,1053.8,-1412.46,2,0,0,0,0,
25715206,-1.48595,-0.88,1.49303,2725.65,1475.32,-1977.44,2.8,0,0,0,0,
25715230,-1.48595,-0.88,1.49303,1168.13,632.28,-847.473,1.2,0,0,0,0,
25715274,-1.48595,-0.88,1.49303,2141.58,1159.18,-1553.7,2.2,0,0,0,0,
25715310,-1.48595,-0.88,1.49303,1752.2,948.42,-1271.21,1.8,0,0,0,0,
25715350,-1.48595,-0.88,1.49303,1946.89,1053.8,-1412.46,2,0,0,0,0,
25715390,-1.48595,-0.88,1.49303,1946.89,1053.8,-1412.46,2,0,0,0,0,
25715431,-1.48595,-0.88,1.49303,1946.89,1053.8,-1412.46,2,0,0,0,0,
25715470,-1.48595,-0.88,1.49303,1946.89,1053.8,-1412.46,2,0,0,0,0,
25715510,-1.48595,-0.88,1.49303,1946.89,1053.8,-1412.46,2,0,0,0,0,
25715550,-1.48595,-0.88,1.49303,1946.89,1053.8,-1412.46,2,0,0,0,0,
25715590,-1.48595,-0.88,1.49303,1946.89,1053.8,-1412.46,2,0,0,0,0,
25715630,-1.48595,-0.88,1.49303,1946.89,1053.8,-1412.46,2,0,0,0,0,
25715670,-1.48595,-0.88,1.49303,1946.89,1053.8,-1412.46,2,0,0,0,0,
25715710,-1.48595,-0.88,1.49303,1946.89,1053.8,-1412.46,2,0,0,0,0,
25715751,-1.48595,-0.88,1.49303,1946.89,1053.8,-1412.46,2,0,0,0,0,
25715790,-1.48595,-0.88,1.49303,1946.89,1053.8,-1412.46,2,0,0,0,0,
25715830,-1.48595,-0.88,1.49303,1946.89,1053.8,-1412.46,2,0,0,0,0,
25715870,-1.48595,-0.88,1.49303,1946.89,1053.8,-1412.46,2,0,0,0,0,
25715910,-1.48595,-0.88,1.49303,1946.89,1053.8,-1412.46,2,0,0,0,0,
25715950,-1.48595,-0.88,1.49303,1946.89,1053.8,-1412.46,2,0,0,0,0,
25715990,-1.48595,-0.88,1.49303,1946.89,1053.8,-1412.46,2,0,0,0,0,
25716030,-1.48595,-0.88,1.49303,1946.89,1053.8,-1412.46,2,0,0,0,0,
25716071,-1.48595,-0.88,1.49303,1946.89,1053.8,-1412.46,2,0,0,0,0,
25716110,-1.48595,-0.88,1.49303,1946.89,1053.8,-1412.46,2,0,0,0,0,
25716150,-1.48595,-0.88,1.49303,1946.89,1053.8,-1412.46,2,0,0,0,0,
25716190,-1.48595,-0.88,1.49303,1946.89,1053.8,-1412.46,2,0,0,0,0,
25716230,-1.48595,-0.88,1.49303,1946.89,1053.8,-1412.46,2,0,0,0,0,
25716270,-1.48595,-0.88,1.49303,1946.89,1053.8,-1412.46,2,0,0,0,0,
25716310,-1.48595,-0.88,1.49303,1946.89,1053.8,-1412.46,2,0,0,0,0,
25716350,-1.48595,-0.88,1.49303,1946.89,1053.8,-1412.46,2,0,0,0,0,
25716390,-1.48595,-0.88,1.49303,1946.89,1053.8,-1412.46,2,0,0,0,0,
25716430,-1.48595,-0.88,1.49303,1946.89,1053.8,-1412.46,2,0,0,0,0,
25716470,-1.48595,-0.88,1.49303,1946.89,1053.8,-1412.46,2,0,0,0,0,
25716510,-1.48595,-0.88,1.49303,1946.89,1053.8,-1412.46,2,0,0,0,0,
25716550,-1.48595,-0.88,1.49303,1946.89,1053.8,-1412.46,2,0,0,0,0,
25716590,-1.48595,-0.88,1.49303,1946.89,1053.8,-1412.46,2,0,0,0,0,
25716630,-1.48595,-0.88,1.49303,1946.89,1053.8,-1412.46,2,0,0,0,0,
25716670,-1.48595,-0.88,1.49303,1946.89,1053.8,-1412.46,2,0,0,0,0,
25716710,-1.48595,-0.88,1.49303,1946.89,1053.8,-1412.46,2,0,0,0,0,
25716750,-1.48595,-0.88,1.49303,1946.89,1053.8,-1412.46,2,0,0,0,0,
25716790,-1.48595,-0.88,1.49303,1946.89,1053.8,-1412.46,2,0,0,0,0,
25716830,-1.48595,-0.88,1.49303,1946.89,1053.8,-1412.46,2,0,0,0,0,
25716870,-1.48595,-0.88,1.49303,1946.89,1053.8,-1412.46,2,0,0,0,0,
25716910,-1.48595,-0.88,1.49303,1946.89,1053.8,-1412.46,2,0,0,0,0,
25716950,-1.48595,-0.88,1.49303,1946.89,1053.8,-1412.46,2,0,0,0,0,
25716990,-1.48595,-0.88,1.49303,1946.89,1053.8,-1412.46,2,0,0,0,0,
25717030,-1.48595,-0.88,1.49303,1946.89,1053.8,-1412.46,2,0,0,0,0,
25717070,-1.48595,-0.88,1.49303,1946.89,1053.8,-1412.46,2,0,0,0,0,
25717110,-1.48595,-0.88,1.49303,1946.89,1053.8,-1412.46,2,0,0,0,0,
25717150,-1.48595,-0.88,1.49303,1946.89,1053.8,-1412.46,2,0,0,0,0,
25717190,-1.48595,-0.88,1.49303,1946.89,1053.8,-1412.46,2,0,0,0,0,
25717230,-1.48595,-0.88,1.49303,1946.89,1053.8,-1412.46,2,0,0,0,0,
25717270,-1.48595,-0.88,1.49303,1946.89,1053.8,-1412.46,2,0,0,0,0,
25717311,-1.48595,-0.88,1.49303,1946.89,1053.8,-1412.46,2,0,0,0,0,
25717350,-1.48595,-0.88,1.49303,1946.89,1053.8,-1412.46,2,0,0,0,0,
25717390,-1.48595,-0.88,1.49303,1946.89,1053.8,-1412.46,2,0,0,0,0,
25717430,-1.48595,-0.88,1.49303,1946.89,1053.8,-1412.46,2,0,0,0,0,
25717470,-1.48595,-0.88,1.49303,1946.89,1053.8,-1412.46,2,0,0,0,0,
25717510,-1.48595,-0.88,1.49303,1946.89,1053.8,-1412.46,2,0,0,0,0,
25717550,-1.48595,-0.88,1.49303,1946.89,1053.8,-1412.46,2,0,0,0,0,
25717590,-1.48595,-0.88,1.49303,1946.89,1053.8,-1412.46,2,0,0,0,0,
25717631,-1.48595,-0.88,1.49303,1946.89,1053.8,-1412.46,2,0,0,0,0,
25717670,-1.48595,-0.88,1.49303,1946.89,1053.8,-1412.46,2,0,0,0,0,
25717710,-1.48595,-0.88,1.49303,1946.89,1053.8,-1412.46,2,0,0,0,0,
25717750,-1.48595,-0.88,1.49303,1946.89,1053.8,-1412.46,2,0,0,0,0,
25717790,-1.48595,-0.88,1.49303,1946.89,1053.8,-1412.46,2,0,0,0,0,
25717830,-1.48595,-0.88,1.49303,1946.89,1053.8,-1412.46,2,0,0,0,0,
25717870,-1.48595,-0.88,1.49303,1946.89,1053.8,-1412.46,2,0,0,0,0,
25717910,-1.48595,-0.88,1.49303,1946.89,1053.8,-1412.46,2,0,0,0,0,
25717951,-1.48595,-0.88,1.49303,1946.89,1053.8,-1412.46,2,0,0,0,0,
25717990,-1.48595,-0.88,1.49303,1946.89,1053.8,-1412.46,2,0,0,0,0,
25718030,-1.48595,-0.88,1.49303,1946.89,1053.8,-1412.46,2,0,0,0,0,
25718070,-1.48595,-0.88,1.49303,1946.89,1053.8,-1412.46,2,0,0,0,0,
25718110,-1.48595,-0.88,1.49303,1946.89,1053.8,-1412.46,2,0,0,0,0,
25718150,-1.48595,-0.88,1.49303,1946.89,1053.8,-1412.46,2,0,0,0,0,
25718190,-1.48595,-0.88,1.49303,1946.89,1053.8,-1412.46,2,0,0,0,0,
25718230,-1.48595,-0.88,1.49303,1946.89,1053.8,-1412.46,2,0,0,0,0,
25718270,-1.48595,-0.88,1.49303,1946.89,1053.8,-1412.46,2,0,0,0,0,
25718310,-1.48595,-0.88,1.49303,1946.89,1053.8,-1412.46,2,0,0,0,0,
25718350,-1.48595,-0.88,1.49303,1946.89,1053.8,-1412.46,2,0,0,0,0,
25718390,-1.48595,-0.88,1.49303,1946.89,1053.8,-1412.46,2,0,0,0,0,
25718430,-1.48595,-0.88,1.49303,1946.89,1053.8,-1412.46,2,0,0,0,0,
25718470,-1.48595,-0.88,1.49303,1946.89,1053.8,-1412.46,2,0,0,0,0,
25718510,-1.48595,-0.88,1.49303,1946.89,1053.8,-1412.46,2,0,0,0,0,
25718550,-1.48595,-0.88,1.49303,1946.89,1053.8,-1412.46,2,0,0,0,0,
25718590,-1.48595,-0.88,1.49303,1946.89,1053.8,-1412.46,2,0,0,0,0,
25718630,-1.48595,-0.88,1.49303,1946.89,1053.8,-1412.46,2,0,0,0,0,
25718670,-1.48595,-0.88,1.49303,1946.89,1053.8,-1412.46,2,0,0,0,0,
25718710,-1.48595,-0.88,1.49303,1946.89,1053.8,-1412.46,2,0,0,0,0,
25718750,-1.48595,-0.88,1.49303,1946.89,1053.8,-1412.46,2,0,0,0,0,
25718790,-1.48595,-0.88,1.49303,1946.89,1053.8,-1412.46,2,0,0,0,0,
25718830,-1.48595,-0.88,1.49303,1946.89,1053.8,-1412.46,2,0,0,0,0,
25718870,-1.48595,-0.88,1.49303,1946.89,1053.8,-1412.46,2,0,0,0,0,
25718910,-1.48595,-0.88,1.49303,1946.89,1053.8,-1412.46,2,0,0,0,0,
25718950,-1.48595,-0.88,1.49303,1946.89,1053.8,-1412.46,2,0,0,0,0,
25718990,-1.48595,-0.88,1.49303,1946.89,1053.8,-1412.46,2,0,0,0,0,
25719030,-1.48595,-0.88,1.49303,1946.89,1053.8,-1412.46,2,0,0,0,0,
25719070,-1.48595,-0.88,1.49303,1946.89,1053.8,-1412.46,2,0,0,0,0,
25719110,-1.48595,-0.88,1.49303,1946.89,1053.8,-1412.46,2,0,0,0,0,
25719150,-1.48595,-0.88,1.49303,1946.89,1053.8,-1412.46,2,0,0,0,0,
25719191,-1.48595,-0.88,1.49303,1946.89,1053.8,-1412.46,2,0,0,0,0,
25719230,-1.48595,-0.88,1.49303,1946.89,1053.8,-1412.46,2,0,0,0,0,
25719270,-1.48595,-0.88,1.49303,1946.89,1053.8,-1412.46,2,0,0,0,0,
25719310,-1.48595,-0.88,1.49303,1946.89,1053.8,-1412.46,2,0,0,0,0,
25719350,-1.48595,-0.88,1.49303,1946.89,1053.8,-1412.46,2,0,0,0,0,
25719390,-1.48595,-0.88,1.49303,1946.89,1053.8,-1412.46,2,0,0,0,0,
25719430,-1.48595,-0.88,1.49303,1946.89,1053.8,-1412.46,2,0,0,0,0,
25719470,-1.48595,-0.88,1.49303,1946.89,1053.8,-1412.46,2,0,0,0,0,
25719511,-1.48595,-0.88,1.49303,1946.89,1053.8,-1412.46,2,0,0,0,0,
25719550,-1.48595,-0.88,1.49303,1946.89,1053.8,-1412.46,2,0,0,0,0,
25719590,-1.48595,-0.88,1.49303,1946.89,1053.8,-1412.46,2,0,0,0,0,
25719630,-1.48595,-0.88,1.49303,1946.89,1053.8,-1412.46,2,0,0,0,0,
25719670,-1.48595,-0.88,1.49303,1946.89,1053.8,-1412.46,2,0,0,0,0,
25719710,-1.48595,-0.88,1.49303,1946.89,1053.8,-1412.46,2,0,0,0,0,
25719750,-1.48595,-0.88,1.49303,1946.89,1053.8,-1412.46,2,0,0,0,0,
25719790,-1.48595,-0.88,1.49303,1946.89,1053.8,-1412.46,2,0,0,0,0,
25719831,-1.48595,-0.88,1.49303,1946.89,1053.8,-1412.46,2,0,0,0,0,
25719870,-1.48595,-0.88,1.49303,1946.89,1053.8,-1412.46,2,0,0,0,0,
25719910,-1.48595,-0.88,1.49303,1946.89,1053.8,-1412.46,2,0,0,0,0,
25719950,-1.48595,-0.88,1.49303,1946.89,1053.8,-1412.46,2,0,0,0,0,
25719990,-1.48595,-0.88,1.49303,1946.89,1053.8,-1412.46,2,0,0,0,0,
25720030,-1.48595,-0.88,1.49303,1946.89,1053.8,-1412.46,2,0,0,0,0,
25720070,-1.48595,-0.88,1.49303,1946.89,1053.8,-1412.46,2,0,0,0,0,
25720110,-1.48595,-0.88,1.49303,1946.89,1053.8,-1412.46,2,0,0,0,0,
25720150,-1.48595,-0.88,1.49303,1946.89,1053.8,-1412.46,2,0,0,0,0,
25720190,-1.48595,-0.88,1.49303,1946.89,1053.8,-1412.46,2,0,0,0,0,
25720230,-1.48595,-0.88,1.49303,1946.89,1053.8,-1412.46,2,0,0,0,0,
25720270,-1.48595,-0.88,1.49303,1946.89,1053.8,-1412.46,2,0,0,0,0,
25720310,-1.48595,-0.88,1.49303,1946.89,1053.8,-1412.46,2,0,0,0,0,
25720350,-1.48595,-0.88,1.49303,1946.89,1053.8,-1412.46,2,0,0,0,0,
25720390,-1.48595,-0.88,1.49303,1946.89,1053.8,-1412.46,2,0,0,0,0,
25720430,-1.48595,-0.88,1.49303,1946.89,1053.8,-1412.46,2,0,0,0,0,
25720470,-1.48595,-0.88,1.49303,1946.89,1053.8,-1412.46,2,0,0,0,0,
25720510,-1.48595,-0.88,1.49303,1946.89,1053.8,-1412.46,2,0,0,0,0,
25720550,-1.48595,-0.88,1.49303,1946.89,1053.8,-1412.46,2,0,0,0,0,
25720590,-1.48595,-0.88,1.49303,1946.89,1053.8,-1412.46,2,0,0,0,0,
25720630,-1.48595,-0.88,1.49303,1946.89,1053.8,-1412.46,2,0,0,0,0,
25720670,-1.48595,-0.88,1.49303,1946.89,1053.8,-1412.46,2,0,0,0,0,
25720710,-1.48595,-0.88,1.49303,1946.89,1053.8,-1412.46,2,0,0,0,0,
25720750,-1.48595,-0.88,1.49303,1946.89,1053.8,-1412.46,2,0,0,0,0,
25720790,-1.48595,-0.88,1.49303,1946.89,1053.8,-1412.46,2,0,0,0,0,
25720830,-1.48595,-0.88,1.49303,1946.89,1053.8,-1412.46,2,0,0,0,0,
25720870,-1.48595,-0.88,1.49303,1946.89,1053.8,-1412.46,2,0,0,0,0,
25720910,-1.48595,-0.88,1.49303,1946.89,1053.8,-1412.46,2,0,0,0,0,
25720950,-1.48595,-0.88,1.49303,1946.89,1053.8,-1412.46,2,0,0,0,0,
25720990,-1.48595,-0.88,1.49303,1946.89,1053.8,-1412.46,2,0,0,0,0,
25721030,-1.48595,-0.88,1.49303,1946.89,1053.8,-1412.46,2,0,0,0,0,
25721071,-1.48595,-0.88,1.49303,1946.89,1053.8,-1412.46,2,0,0,0,0,
25721110,-1.48595,-0.88,1.49303,1946.89,1053.8,-1412.46,2,0,0,0,0,
25721150,-1.48595,-0.88,1.49303,1946.89,1053.8,-1412.46,2,0,0,0,0,
25721190,-1.48595,-0.88,1.49303,1946.89,1053.8,-1412.46,2,0,0,0,0,
25721230,-1.48595,-0.88,1.49303,1946.89,1053.8,-1412.46,2,0,0,0,0,
25721270,-1.48595,-0.88,1.49303,1946.89,1053.8,-1412.46,2,0,0,0,0,
25721310,-1.48595,-0.88,1.49303,1946.89,1053.8,-1412.46,2,0,0,0,0,
25721350,-1.48595,-0.88,1.49303,1946.89,1053.8,-1412.46,2,0,0,0,0,
25721391,-1.48595,-0.88,1.49303,1946.89,1053.8,-1412.46,2,0,0,0,0,
25721430,-1.48595,-0.88,1.49303,1946.89,1053.8,-1412.46,2,0,0,0,0,
25721470,-1.48595,-0.88,1.49303,1946.89,1053.8,-1412.46,2,0,0,0,0,
25721510,-1.48595,-0.88,1.49303,1946.89,1053.8,-1412.46,2,0,0,0,0,
25721550,-1.48595,-0.88,1.49303,1946.89,1053.8,-1412.46,2,0,0,0,0,
25721590,-1.48595,-0.88,1.49303,1946.89,1053.8,-1412.46,2,0,0,0,0,
25721630,-1.48595,-0.88,1.49303,1946.89,1053.8,-1412.46,2,0,0,0,0,
25721670,-1.48595,-0.88,1.49303,1946.89,1053.8,-1412.46,2,0,0,0,0,
25721711,-1.48595,-0.88,1.49303,1946.89,1053.8,-1412.46,2,0,0,0,0,
25721750,-1.48595,-0.88,1.49303,1946.89,1053.8,-1412.46,2,0,0,0,0,
25721790,-1.48595,-0.88,1.49303,1946.89,1053.8,-1412.46,2,0,0,0,0,
25721830,-1.48595,-0.88,1.49303,1946.89,1053.8,-1412.46,2,0,0,0,0,
25721870,-1.48595,-0.88,1.49303,1946.89,1053.8,-1412.46,2,0,0,0,0,
25721910,-1.48595,-0.88,1.49303,1946.89,1053.8,-1412.46,2,0,0,0,0,
25721950,-1.48595,-0.88,1.49303,1946.89,1053.8,-1412.46,2,0,0,0,0,
25721990,-1.48595,-0.88,1.49303,1946.89,1053.8,-1412.46,2,0,0,0,0,
25722030,-1.48595,-0.88,1.49303,1946.89,1053.8,-1412.46,2,0,0,0,0,
25722070,-1.48595,-0.88,1.49303,1946.89,1053.8,-1412.46,2,0,0,0,0,
25722110,-1.48595,-0.88,1.49303,1946.89,1053.8,-1412.46,2,0,0,0,0,
25722150,-1.48595,-0.88,1.49303,1946.89,1053.8,-1412.46,2,0,0,0,0,
25722190,-1.48595,-0.88,1.49303,1946.89,1053.8,-1412.46,2,0,0,0,0,
25722230,-1.48595,-0.88,1.49303,1946.89,1053.8,-1412.46,2,0,0,0,0,
25722270,-1.48595,-0.88,1.49303,1946.89,1053.8,-1412.46,2,0,0,0,0,
25722310,-1.48595,-0.88,1.49303,1946.89,1053.8,-1412.46,2,0,0,0,0,
25722350,-1.48595,-0.88,1.49303,1946.89,1053.8,-1412.46,2,0,0,0,0,
25722390,-1.48595,-0.88,1.49303,1946.89,1053.8,-1412.46,2,0,0,0,0,
25722430,-1.48595,-0.88,1.49303,1946.89,1053.8,-1412.46,2,0,0,0,0,
25722470,-1.48595,-0.88,1.49303,1946.89,1053.8,-1412.46,2,0,0,0,0,
25722510,-1.48595,-0.88,1.49303,1946.89,1053.8,-1412.46,2,0,0,0,0,
25722550,-1.48595,-0.88,1.49303,1946.89,1053.8,-1412.46,2,0,0,0,0,
25722590,-1.48595,-0.88,1.49303,1946.89,1053.8,-1412.46,2,0,0,0,0,
25722630,-1.48595,-0.88,1.49303,1946.89,1053.8,-1412.46,2,0,0,0,0,
25722670,-1.48595,-0.88,1.49303,1946.89,1053.8,-1412.46,2,0,0,0,0,
25722710,-1.48595,-0.88,1.49303,1946.89,1053.8,-1412.46,2,0,0,0,0,
25722750,-1.48595,-0.88,1.49303,1946.89,1053.8,-1412.46,2,0,0,0,0,
25722790,-1.48595,-0.88,1.49303,1946.89,1053.8,-1412.46,2,0,0,0,0,
25722830,-1.48595,-0.88,1.49303,1946.89,1053.8,-1412.46,2,0,0,0,0,
25722870,-1.48595,-0.88,1.49303,1946.89,1053.8,-1412.46,2,0,0,0,0,
25722910,-1.48595,-0.88,1.49303,1946.89,1053.8,-1412.46,2,0,0,0,0,
25722951,-1.48595,-0.88,1.49303,1946.89,1053.8,-1412.46,2,0,0,0,0,
25722990,-1.48595,-0.88,1.49303,1946.89,1053.8,-1412.46,2,0,0,0,0,
25723030,-1.48595,-0.88,1.49303,1946.89,1053.8,-1412.46,2,0,0,0,0,
25723070,-1.48595,-0.88,1.49303,1946.89,1053.8,-1412.46,2,0,0,0,0,
25723110,-1.48595,-0.88,1.49303,1946.89,1053.8,-1412.46,2,0,0,0,0,
25723150,-1.48595,-0.88,1.49303,1946.89,1053.8,-1412.46,2,0,0,0,0,
25723190,-1.48595,-0.88,1.49303,1946.89,1053.8,-1412.46,2,0,0,0,0,
25723230,-1.48595,-0.88,1.49303,1946.89,1053.8,-1412.46,2,0,0,0,0,
25723271,-1.48595,-0.88,1.49303,1946.89,1053.8,-1412.46,2,0,0,0,0,
25723310,-1.48595,-0.88,1.49303,1946.89,1053.8,-1412.46,2,0,0,0,0,
25723351,-1.48595,-0.88,1.49303,1946.89,1053.8,-1412.46,2,0,0,0,8,
25723390,-1.48595,-0.88,1.49303,1946.89,1053.8,-1412.46,2,0,0,0,8,
25723430,-1.48595,-0.88,1.49303,1946.89,1053.8,-1412.46,2,0,0,0,8,
25723470,-1.48595,-0.88,1.49303,1946.89,1053.8,-1412.46,2,0,0,0,8,
25723510,-1.48595,-0.88,1.49303,1946.89,1053.8,-1412.46,2,0,0,0,8,
25723550,-1.48595,-0.88,1.49303,1946.89,1053.8,-1412.46,2,0,0,0,8,
25723591,-1.48595,-0.88,1.49303,1946.89,1053.8,-1412.46,2,0,0,0,8,
25723630,-1.48595,-0.88,1.49303,1946.89,1053.8,-1412.46,2,0,0,0,8,
25723670,-1.48595,-0.88,1.49303,1946.89,1053.8,-1412.46,2,0,0,0,8,
25723710,-1.48595,-0.88,1.49303,1946.89,1053.8,-1412.46,2,0,0,0,8,
25723750,-1.48595,-0.88,1.49303,1946.89,1053.8,-1412.46,2,0,0,0,8,
25723790,-1.48595,-0.88,1.49303,1946.89,1053.8,-1412.46,2,0,0,0,8,
25723830,-1.48595,-0.88,1.49303,1946.89,1053.8,-1412.46,2,0,0,0,8,
25723870,-1.48595,-0.88,1.49303,1946.89,1053.8,-1412.46,2,0,0,0,8,
25723910,-1.48595,-0.88,1.49303,1946.89,1053.8,-1412.46,2,0,0,0,8,
25723950,-1.48595,-0.88,1.49303,1946.89,1053.8,-1412.46,2,0,0,0,8,
25723990,-1.48595,-0.88,1.49303,1946.89,1053.8,-1412.46,2,0,0,0,8,
25724030,-1.48595,-0.88,1.49303,1946.89,1053.8,-1412.46,2,0,0,0,8,
25724070,-1.48595,-0.88,1.49303,1946.89,1053.8,-1412.46,2,0,0,0,8,
25724110,-1.48595,-0.88,1.49303,1946.89,1053.8,-1412.46,2,0,0,0,8,
25724150,-1.48595,-0.88,1.49303,1946.89,1053.8,-1412.46,2,0,0,0,8,
25724190,-1.48595,-0.88,1.49303,1946.89,1053.8,-1412.46,2,0,0,0,8,
25724230,-1.48595,-0.88,1.49303,1946.89,1053.8,-1412.46,2,0,0,0,8,
25724270,-1.48595,-0.88,1.49303,1946.89,1053.8,-1412.46,2,0,0,0,8,
25724310,-1.48595,-0.88,1.49303,1946.89,1053.8,-1412.46,2,0,0,0,8,
25724350,-1.48595,-0.88,1.49303,1946.89,1053.8,-1412.46,2,0,0,0,8,
25724390,-1.48595,-0.88,1.49303,1946.89,1053.8,-1412.46,2,0,0,0,8,
25724430,-1.48595,-0.88,1.49303,1946.89,1053.8,-1412.46,2,0,0,0,8,
25724470,-1.48595,-0.88,1.49303,1946.89,1053.8,-1412.46,2,0,0,0,8,
25724510,-1.48595,-0.88,1.49303,1946.89,1053.8,-1412.46,2,0,0,0,8,
25724551,-1.48595,-0.88,1.49303,1946.89,1053.8,-1412.46,2,0,0,0,8,
25724590,-1.48595,-0.88,1.49303,1946.89,1053.8,-1412.46,2,0,0,0,8,
25724630,-1.48595,-0.88,1.49303,1946.89,1053.8,-1412.46,2,0,0,0,8,
25724670,-1.48595,-0.88,1.49303,1946.89,1053.8,-1412.46,2,0,0,0,8,
25724710,-1.48595,-0.88,1.49303,1946.89,1053.8,-1412.46,2,0,0,0,8,
25724750,-1.48595,-0.88,1.49303,1946.89,1053.8,-1412.46,2,0,0,0,8,
25724790,-1.48595,-0.88,1.49303,1946.89,1053.8,-1412.46,2,0,0,0,8,
25724831,-1.48595,-0.88,1.49303,1946.89,1053.8,-1412.46,2,0,0,0,8,
25724870,-1.48595,-0.88,1.49303,1946.89,1053.8,-1412.46,2,0,0,0,8,
25724910,-1.48595,-0.88,1.49303,1946.89,1053.8,-1412.46,2,0,0,0,8,
25724950,-1.48595,-0.88,1.49303,1946.89,1053.8,-1412.46,2,0,0,0,8,
25724990,-1.48595,-0.88,1.49303,1946.89,1053.8,-1412.46,2,0,0,0,8,
25725030,-1.48595,-0.88,1.49303,1946.89,1053.8,-1412.46,2,0,0,0,8,
25725070,-1.48595,-0.88,1.49303,1946.89,1053.8,-1412.46,2,0,0,0,8,
25725110,-1.48595,-0.88,1.49303,1946.89,1053.8,-1412.46,2,0,0,0,8,
25725151,-1.48595,-0.88,1.49303,1946.89,1053.8,-1412.46,2,0,0,0,8,
25725190,-1.48595,-0.88,1.49303,1946.89,1053.8,-1412.46,2,0,0,0,8,
25725230,-1.48595,-0.88,1.49303,1946.89,1053.8,-1412.46,2,0,0,0,8,
25725270,-1.48595,-0.88,1.49303,1946.89,1053.8,-1412.46,2,0,0,0,8,
25725310,-1.48595,-0.88,1.49303,1946.89,1053.8,-1412.46,2,0,0,0,8,
25725350,-1.48595,-0.88,1.49303,1946.89,1053.8,-1412.46,2,0,0,0,8,
25725390,-1.48595,-0.88,1.49303,1946.89,1053.8,-1412.46,2,0,0,0,8,
25725430,-1.48595,-0.88,1.49303,1946.89,1053.8,-1412.46,2,0,0,0,8,
25725471,-1.48595,-0.88,1.49303,1946.89,1053.8,-1412.46,2,0,0,0,8,
25725510,-1.48595,-0.88,1.49303,1946.89,1053.8,-1412.46,2,0,0,0,8,
25725550,-1.48595,-0.88,1.49303,1946.89,1053.8,-1412.46,2,0,0,0,8,
25725590,-1.48595,-0.88,1.49303,1946.89,1053.8,-1412.46,2,0,0,0,8,
25725630,-1.48595,-0.88,1.49303,1946.89,1053.8,-1412.46,2,0,0,0,8,
25725670,-1.48595,-0.88,1.49303,1946.89,1053.8,-1412.46,2,0,0,0,8,
25725710,-1.48595,-0.88,1.49303,1946.89,1053.8,-1412.46,2,0,0,0,8,
25725750,-1.48595,-0.88,1.49303,1946.89,1053.8,-1412.46,2,0,0,0,8,
25725790,-1.48595,-0.88,1.49303,1946.89,1053.8,-1412.46,2,0,0,0,8,
25725830,-1.48595,-0.88,1.49303,1946.89,1053.8,-1412.46,2,0,0,0,8,
25725870,-1.48595,-0.88,1.49303,1946.89,1053.8,-1412.46,2,0,0,0,8,
25725910,-1.48595,-0.88,1.49303,1946.89,1053.8,-1412.46,2,0,0,0,8,
25725950,-1.48595,-0.88,1.49303,1946.89,1053.8,-1412.46,2,0,0,0,8,
25725990,-1.48595,-0.88,1.49303,1946.89,1053.8,-1412.46,2,0,0,0,8,
25726030,-1.48595,-0.88,1.49303,1946.89,1053.8,-1412.46,2,0,0,0,8,
25726070,-1.48595,-0.88,1.49303,1946.89,1053.8,-1412.46,2,0,0,0,8,
25726110,-1.48595,-0.88,1.49303,1946.89,1053.8,-1412.46,2,0,0,0,8,
25726150,-1.48595,-0.88,1.49303,1946.89,1053.8,-1412.46,2,0,0,0,8,
25726190,-1.48595,-0.88,1.49303,1946.89,1053.8,-1412.46,2,0,0,0,8,
25726230,-1.48595,-0.88,1.49303,1946.89,1053.8,-1412.46,2,0,0,0,8,
25726270,-1.48595,-0.88,1.49303,1946.89,1053.8,-1412.46,2,0,0,0,8,
25726310,-1.48595,-0.88,1.49303,1946.89,1053.8,-1412.46,2,0,0,0,8,
25726350,-1.48595,-0.88,1.49303,1946.89,1053.8,-1412.46,2,0,0,0,8,
25726390,-1.48595,-0.88,1.49303,1946.89,1053.8,-1412.46,2,0,0,0,8,
25726430,-1.48595,-0.88,1.49303,1946.89,1053.8,-1412.46,2,0,0,0,8,
25726470,-1.48595,-0.88,1.49303,1946.89,1053.8,-1412.46,2,0,0,0,8,
25726510,-1.48595,-0.88,1.49303,1946.89,1053.8,-1412.46,2,0,0,0,8,
25726550,-1.48595,-0.88,1.49303,1946.89,1053.8,-1412.46,2,0,0,0,8,
25726590,-1.48595,-0.88,1.49303,1946.89,1053.8,-1412.46,2,0,0,0,8,
25726630,-1.48595,-0.88,1.49303,1946.89,1053.8,-1412.46,2,0,0,0,8,
25726670,-1.48595,-0.88,1.49303,1946.89,1053.8,-1412.46,2,0,0,0,8,
25726711,-1.48595,-0.88,1.49303,1946.89,1053.8,-1412.46,2,0,0,0,8,
25726750,-1.48595,-0.88,1.49303,1946.89,1053.8,-1412.46,2,0,0,0,8,
25726790,-1.48595,-0.88,1.49303,1946.89,1053.8,-1412.46,2,0,0,0,8,
25726830,-1.48595,-0.88,1.49303,1946.89,1053.8,-1412.46,2,0,0,0,8,
25726870,-1.48595,-0.88,1.49303,1946.89,1053.8,-1412.46,2,0,0,0,8,
25726910,-1.48595,-0.88,1.49303,1946.89,1053.8,-1412.46,2,0,0,0,8,
25726950,-1.48595,-0.88,1.49303,1946.89,1053.8,-1412.46,2,0,0,0,8,
25726990,-1.48595,-0.88,1.49303,1946.89,1053.8,-1412.46,2,0,0,0,8,
25727031,-1.48595,-0.88,1.49303,1946.89,1053.8,-1412.46,2,0,0,0,8,
25727070,-1.48595,-0.88,1.49303,1946.89,1053.8,-1412.46,2,0,0,0,8,
25727110,-1.48595,-0.88,1.49303,1946.89,1053.8,-1412.46,2,0,0,0,8,
25727150,-1.48595,-0.88,1.49303,1946.89,1053.8,-1412.46,2,0,0,0,8,
25727190,-1.48595,-0.88,1.49303,1946.89,1053.8,-1412.46,2,0,0,0,8,
25727230,-1.48595,-0.88,1.49303,1946.89,1053.8,-1412.46,2,0,0,0,8,
25727270,-1.48595,-0.88,1.49303,1946.89,1053.8,-1412.46,2,0,0,0,8,
25727310,-1.48595,-0.88,1.49303,1946.89,1053.8,-1412.46,2,0,0,0,8,
25727351,-1.48595,-0.88,1.49303,1946.89,1053.8,-1412.46,2,0,0,0,8,
25727390,-1.48595,-0.88,1.49303,1946.89,1053.8,-1412.46,2,0,0,0,8,
25727430,-1.48595,-0.88,1.49303,1946.89,1053.8,-1412.46,2,0,0,0,8,
25727470,-1.48595,-0.88,1.49303,1946.89,1053.8,-1412.46,2,0,0,0,8,
25727510,-1.48595,-0.88,1.49303,1946.89,1053.8,-1412.46,2,0,0,0,8,
25727550,-1.48595,-0.88,1.49303,1946.89,1053.8,-1412.46,2,0,0,0,8,
25727590,-1.48595,-0.88,1.49303,1946.89,1053.8,-1412.46,2,0,0,0,8,
25727630,-1.48595,-0.88,1.49303,1946.89,1053.8,-1412.46,2,0,0,0,8,
25727671,-1.48595,-0.88,1.49303,1946.89,1053.8,-1412.46,2,0,0,0,8,
25727710,-1.48595,-0.88,1.49303,1946.89,1053.8,-1412.46,2,0,0,0,8,
25727750,-1.48595,-0.88,1.49303,1946.89,1053.8,-1412.46,2,0,0,0,8,
25727790,-1.48595,-0.88,1.49303,1946.89,1053.8,-1412.46,2,0,0,0,8,
25727830,-1.48595,-0.88,1.49303,1946.89,1053.8,-1412.46,2,0,0,0,8,
25727870,-1.48595,-0.88,1.49303,1946.89,1053.8,-1412.46,2,0,0,0,8,
25727910,-1.48595,-0.88,1.49303,1946.89,1053.8,-1412.46,2,0,0,0,8,
25727950,-1.48595,-0.88,1.49303,1946.89,1053.8,-1412.46,2,0,0,0,8,
25727990,-1.48595,-0.88,1.49303,1946.89,1053.8,-1412.46,2,0,0,0,8,
25728030,-1.48595,-0.88,1.49303,1946.89,1053.8,-1412.46,2,0,0,0,8,
25728070,-1.48595,-0.88,1.49303,1946.89,1053.8,-1412.46,2,0,0,0,8,
25728110,-1.48595,-0.88,1.49303,1946.89,1053.8,-1412.46,2,0,0,0,8,
25728150,-1.48595,-0.88,1.49303,1946.89,1053.8,-1412.46,2,0,0,0,8,
25728190,-1.48595,-0.88,1.49303,1946.89,1053.8,-1412.46,2,0,0,0,8,
25728230,-1.48595,-0.88,1.49303,1946.89,1053.8,-1412.46,2,0,0,0,8,
25728270,-1.48595,-0.88,1.49303,1946.89,1053.8,-1412.46,2,0,0,0,8,
25728310,-1.48595,-0.88,1.49303,1946.89,1053.8,-1412.46,2,0,0,0,8,
25728350,-1.48595,-0.88,1.49303,1946.89,1053.8,-1412.46,2,0,0,0,8,
25728390,-1.48595,-0.88,1.49303,1946.89,1053.8,-1412.46,2,0,0,0,8,
25728430,-1.48595,-0.88,1.49303,1946.89,1053.8,-1412.46,2,0,0,0,8,
25728470,-1.48595,-0.88,1.49303,1946.89,1053.8,-1412.46,2,0,0,0,8,
25728510,-1.48595,-0.88,1.49303,1946.89,1053.8,-1412.46,2,0,0,0,8,
25728550,-1.48595,-0.88,1.49303,1946.89,1053.8,-1412.46,2,0,0,0,8,
25728590,-1.48595,-0.88,1.49303,1946.89,1053.8,-1412.46,2,0,0,0,8,
25728630,-1.48595,-0.88,1.49303,1946.89,1053.8,-1412.46,2,0,0,0,8,
25728670,-1.48595,-0.88,1.49303,1946.89,1053.8,-1412.46,2,0,0,0,8,
25728710,-1.48595,-0.88,1.49303,1946.89,1053.8,-1412.46,2,0,0,0,8,
25728750,-1.48595,-0.88,1.49303,1946.89,1053.8,-1412.46,2,0,0,0,8,
25728790,-1.48595,-0.88,1.49303,1946.89,1053.8,-1412.46,2,0,0,0,8,
25728830,-1.48595,-0.88,1.49303,1946.89,1053.8,-1412.46,2,0,0,0,8,
25728870,-1.48595,-0.88,1.49303,1946.89,1053.8,-1412.46,2,0,0,0,8,
25728911,-1.48595,-0.88,1.49303,1946.89,1053.8,-1412.46,2,0,0,0,8,
25728950,-1.48595,-0.88,1.49303,1946.89,1053.8,-1412.46,2,0,0,0,8,
25728990,-1.48595,-0.88,1.49303,1946.89,1053.8,-1412.46,2,0,0,0,8,
25729030,-1.48595,-0.88,1.49303,1946.89,1053.8,-1412.46,2,0,0,0,8,
25729070,-1.48595,-0.88,1.49303,1946.89,1053.8,-1412.46,2,0,0,0,8,
25729110,-1.48595,-0.88,1.49303,1946.89,1053.8,-1412.46,2,0,0,0,8,
25729150,-1.48595,-0.88,1.49303,1946.89,1053.8,-1412.46,2,0,0,0,8,
25729190,-1.48595,-0.88,1.49303,1946.89,1053.8,-1412.46,2,0,0,0,8,
25729231,-1.48595,-0.88,1.49303,1946.89,1053.8,-1412.46,2,0,0,0,8,
25729270,-1.48595,-0.88,1.49303,1946.89,1053.8,-1412.46,2,0,0,0,8,
25729310,-1.48595,-0.88,1.49303,1946.89,1053.8,-1412.46,2,0,0,0,8,
25729350,-1.48595,-0.88,1.49303,1946.89,1053.8,-1412.46,2,0,0,0,8,
25729390,-1.48595,-0.88,1.49303,1946.89,1053.8,-1412.46,2,0,0,0,8,
25729430,-1.48595,-0.88,1.49303,1946.89,1053.8,-1412.46,2,0,0,0,8,
25729470,-1.48595,-0.88,1.49303,1946.89,1053.8,-1412.46,2,0,0,0,8,
25729510,-1.48595,-0.88,1.49303,1946.89,1053.8,-1412.46,2,0,0,0,8,
25729551,-1.48595,-0.88,1.49303,1946.89,1053.8,-1412.46,2,0,0,0,8,
25729590,-1.48595,-0.88,1.49303,1946.89,1053.8,-1412.46,2,0,0,0,8,
25729630,-1.48595,-0.88,1.49303,1946.89,1053.8,-1412.46,2,0,0,0,8,
25729670,-1.48595,-0.88,1.49303,1946.89,1053.8,-1412.46,2,0,0,0,8,
25729710,-1.48595,-0.88,1.49303,1946.89,1053.8,-1412.46,2,0,0,0,8,
25729750,-1.48595,-0.88,1.49303,1946.89,1053.8,-1412.46,2,0,0,0,8,
25729790,-1.48595,-0.88,1.49303,1946.89,1053.8,-1412.46,2,0,0,0,8,
25729830,-1.48595,-0.88,1.49303,1946.89,1053.8,-1412.46,2,0,0,0,8,
25729870,-1.48595,-0.88,1.49303,1946.89,1053.8,-1412.46,2,0,0,0,8,
25729910,-1.48595,-0.88,1.49303,1946.89,1053.8,-1412.46,2,0,0,0,8,
25729950,-1.48595,-0.88,1.49303,1946.89,1053.8,-1412.46,2,0,0,0,8,
25729990,-1.48595,-0.88,1.49303,1946.89,1053.8,-1412.46,2,0,0,0,8,
25730030,-1.48595,-0.88,1.49303,1946.89,1053.8,-1412.46,2,0,0,0,8,
25730070,-1.48595,-0.88,1.49303,1946.89,1053.8,-1412.46,2,0,0,0,8,
25730110,-1.48595,-0.88,1.49303,1946.89,1053.8,-1412.46,2,0,0,0,8,
25730150,-1.48595,-0.88,1.49303,1946.89,1053.8,-1412.46,2,0,0,0,8,
25730190,-1.48595,-0.88,1.49303,1946.89,1053.8,-1412.46,2,0,0,0,8,
25730230,-1.48595,-0.88,1.49303,1946.89,1053.8,-1412.46,2,0,0,0,8,
25730270,-1.48595,-0.88,1.49303,1946.89,1053.8,-1412.46,2,0,0,0,8,
25730310,-1.48595,-0.88,1.49303,1946.89,1053.8,-1412.46,2,0,0,0,8,
25730350,-1.48595,-0.88,1.49303,1946.89,1053.8,-1412.46,2,0,0,0,8,
25730390,-1.48595,-0.88,1.49303,1946.89,1053.8,-1412.46,2,0,0,0,8,
25730430,-1.48595,-0.88,1.49303,1946.89,1053.8,-1412.46,2,0,0,0,8,
25730470,-1.48595,-0.88,1.49303,1946.89,1053.8,-1412.46,2,0,0,0,8,
25730510,-1.48595,-0.88,1.49303,1946.89,1053.8,-1412.46,2,0,0,0,8,
25730550,-1.48595,-0.88,1.49303,1946.89,1053.8,-1412.46,2,0,0,0,8,
25730590,-1.48595,-0.88,1.49303,1946.89,1053.8,-1412.46,2,0,0,0,8,
25730630,-1.48595,-0.88,1.49303,1946.89,1053.8,-1412.46,2,0,0,0,8,
25730670,-1.48595,-0.88,1.49303,1946.89,1053.8,-1412.46,2,0,0,0,8,
25730710,-1.48595,-0.88,1.49303,1946.89,1053.8,-1412.46,2,0,0,0,8,
25730750,-1.48595,-0.88,1.49303,1946.89,1053.8,-1412.46,2,0,0,0,8,
25730791,-1.48595,-0.88,1.49303,1946.89,1053.8,-1412.46,2,0,0,0,8,
25730830,-1.48595,-0.88,1.49303,1946.89,1053.8,-1412.46,2,0,0,0,8,
25730870,-1.48595,-0.88,1.49303,1946.89,1053.8,-1412.46,2,0,0,0,8,
25730910,-1.48595,-0.88,1.49303,1946.89,1053.8,-1412.46,2,0,0,0,8,
25730950,-1.48595,-0.88,1.49303,1946.89,1053.8,-1412.46,2,0,0,0,8,
25730990,-1.48595,-0.88,1.49303,1946.89,1053.8,-1412.46,2,0,0,0,8,
25731030,-1.48595,-0.88,1.49303,1946.89,1053.8,-1412.46,2,0,0,0,8,
25731070,-1.48595,-0.88,1.49303,1946.89,1053.8,-1412.46,2,0,0,0,8,
25731111,-1.48595,-0.88,1.49303,1946.89,1053.8,-1412.46,2,0,0,0,8,
25731150,-1.48595,-0.88,1.49303,1946.89,1053.8,-1412.46,2,0,0,0,8,
25731190,-1.48595,-0.88,1.49303,1946.89,1053.8,-1412.46,2,0,0,0,8,
25731230,-1.48595,-0.88,1.49303,1946.89,1053.8,-1412.46,2,0,0,0,8,
25731270,-1.48595,-0.88,1.49303,1946.89,1053.8,-1412.46,2,0,0,0,8,
25731310,-1.48595,-0.88,1.49303,1946.89,1053.8,-1412.46,2,0,0,0,8,
25731350,-1.48595,-0.88,1.49303,1946.89,1053.8,-1412.46,2,0,0,0,8,
25731390,-1.48595,-0.88,1.49303,1946.89,1053.8,-1412.46,2,0,0,0,8,
25731431,-1.48595,-0.88,1.49303,1946.89,1053.8,-1412.46,2,0,0,0,8,
25731470,-1.48595,-0.88,1.49303,1946.89,1053.8,-1412.46,2,0,0,0,8,
25731510,-1.48595,-0.88,1.49303,1946.89,1053.8,-1412.46,2,0,0,0,8,
25731550,-1.48595,-0.88,1.49303,1946.89,1053.8,-1412.46,2,0,0,0,8,
25731590,-1.48595,-0.88,1.49303,1946.89,1053.8,-1412.46,2,0,0,0,8,
25731630,-1.48595,-0.88,1.49303,1946.89,1053.8,-1412.46,2,0,0,0,8,
25731670,-1.48595,-0.88,1.49303,1946.89,1053.8,-1412.46,2,0,0,0,8,
25731710,-1.48595,-0.88,1.49303,1946.89,1053.8,-1412.46,2,0,0,0,8,
25731750,-1.48595,-0.88,1.49303,1946.89,1053.8,-1412.46,2,0,0,0,8,
25731790,-1.48595,-0.88,1.49303,1946.89,1053.8,-1412.46,2,0,0,0,8,
25731830,-1.48595,-0.88,1.49303,1946.89,1053.8,-1412.46,2,0,0,0,8,
25731870,-1.48595,-0.88,1.49303,1946.89,1053.8,-1412.46,2,0,0,0,8,
25731910,-1.48595,-0.88,1.49303,1946.89,1053.8,-1412.46,2,0,0,0,8,
25731950,-1.48595,-0.88,1.49303,1946.89,1053.8,-1412.46,2,0,0,0,8,
25731990,-1.48595,-0.88,1.49303,1946.89,1053.8,-1412.46,2,0,0,0,8,
25732030,-1.48595,-0.88,1.49303,1946.89,1053.8,-1412.46,2,0,0,0,8,
25732070,-1.48595,-0.88,1.49303,1946.89,1053.8,-1412.46,2,0,0,0,8,
25732110,-1.48595,-0.88,1.49303,1946.89,1053.8,-1412.46,2,0,0,0,8,
25732150,-1.48595,-0.88,1.49303,1946.89,1053.8,-1412.46,2,0,0,0,8,
25732190,-1.48595,-0.88,1.49303,1946.89,1053.8,-1412.46,2,0,0,0,8,
25732230,-1.48595,-0.88,1.49303,1946.89,1053.8,-1412.46,2,0,0,0,8,
25732270,-1.48595,-0.88,1.49303,1946.89,1053.8,-1412.46,2,0,0,0,8,
25732310,-1.48595,-0.88,1.49303,1946.89,1053.8,-1412.46,2,0,0,0,8,
25732350,-1.48595,-0.88,1.49303,1946.89,1053.8,-1412.46,2,0,0,0,8,
25732390,-1.48595,-0.88,1.49303,1946.89,1053.8,-1412.46,2,0,0,0,8,
25732430,-1.48595,-0.88,1.49303,1946.89,1053.8,-1412.46,2,0,0,0,8,
25732470,-1.48595,-0.88,1.49303,1946.89,1053.8,-1412.46,2,0,0,0,8,
25732510,-1.48595,-0.88,1.49303,1946.89,1053.8,-1412.46,2,0,0,0,8,
25732550,-1.48595,-0.88,1.49303,1946.89,1053.8,-1412.46,2,0,0,0,8,
25732590,-1.48595,-0.88,1.49303,1946.89,1053.8,-1412.46,2,0,0,0,8,
25732630,-1.48595,-0.88,1.49303,1946.89,1053.8,-1412.46,2,0,0,0,8,
25732671,-1.48595,-0.88,1.49303,1946.89,1053.8,-1412.46,2,0,0,0,8,
25732710,-1.48595,-0.88,1.49303,1946.89,1053.8,-1412.46,2,0,0,0,8,
25732750,-1.48595,-0.88,1.49303,1946.89,1053.8,-1412.46,2,0,0,0,8,
25732790,-1.48595,-0.88,1.49303,1946.89,1053.8,-1412.46,2,0,0,0,8,
25732830,-1.48595,-0.88,1.49303,1946.89,1053.8,-1412.46,2,0,0,0,8,
25732870,-1.48595,-0.88,1.49303,1946.89,1053.8,-1412.46,2,0,0,0,8,
25732910,-1.48595,-0.88,1.49303,1946.89,1053.8,-1412.46,2,0,0,0,8,
25732950,-1.48595,-0.88,1.49303,1946.89,1053.8,-1412.46,2,0,0,0,8,
25732991,-1.48595,-0.88,1.49303,1946.89,1053.8,-1412.46,2,0,0,0,8,
25733030,-1.48595,-0.88,1.49303,1946.89,1053.8,-1412.46,2,0,0,0,8,
25733070,-1.48595,-0.88,1.49303,1946.89,1053.8,-1412.46,2,0,0,0,8,
25733110,-1.48595,-0.88,1.49303,1946.89,1053.8,-1412.46,2,0,0,0,8,
25733150,-1.48595,-0.88,1.49303,1946.89,1053.8,-1412.46,2,0,0,0,8,
25733190,-1.48595,-0.88,1.49303,1946.89,1053.8,-1412.46,2,0,0,0,8,
25733230,-1.48595,-0.88,1.49303,1946.89,1053.8,-1412.46,2,0,0,0,8,
25733270,-1.48595,-0.88,1.49303,1946.89,1053.8,-1412.46,2,0,0,0,8,
25733311,-1.48595,-0.88,1.49303,1946.89,1053.8,-1412.46,2,0,0,0,8,
25733350,-1.48595,-0.88,1.49303,1946.89,1053.8,-1412.46,2,0,0,0,8,
25733390,-1.48595,-0.88,1.49303,1946.89,1053.8,-1412.46,2,0,0,0,8,
25733430,-1.48595,-0.88,1.49303,1946.89,1053.8,-1412.46,2,0,0,0,8,
25733470,-1.48595,-0.88,1.49303,1946.89,1053.8,-1412.46,2,0,0,0,8,
25733510,-1.48595,-0.88,1.49303,1946.89,1053.8,-1412.46,2,0,0,0,8,
25733550,-1.48595,-0.88,1.49303,1946.89,1053.8,-1412.46,2,0,0,0,8,
25733590,-1.48595,-0.88,1.49303,1946.89,1053.8,-1412.46,2,0,0,0,8,
25733630,-1.48595,-0.88,1.49303,1946.89,1053.8,-1412.46,2,0,0,0,8,
25733670,-1.48595,-0.88,1.49303,1946.89,1053.8,-1412.46,2,0,0,0,8,
25733710,-1.48595,-0.88,1.49303,1946.89,1053.8,-1412.46,2,0,0,0,8,
25733750,-1.48595,-0.88,1.49303,1946.89,1053.8,-1412.46,2,0,0,0,8,
25733790,-1.48595,-0.88,1.49303,1946.89,1053.8,-1412.46,2,0,0,0,8,
25733830,-1.48595,-0.88,1.49303,1946.89,1053.8,-1412.46,2,0,0,0,8,
25733870,-1.48595,-0.88,1.49303,1946.89,1053.8,-1412.46,2,0,0,0,8,
25733910,-1.48595,-0.88,1.49303,1946.89,1053.8,-1412.46,2,0,0,0,8,
25733950,-1.48595,-0.88,1.49303,1946.89,1053.8,-1412.46,2,0,0,0,8,
25733990,-1.48595,-0.88,1.49303,1946.89,1053.8,-1412.46,2,0,0,0,8,
25734030,-1.48595,-0.88,1.49303,1946.89,1053.8,-1412.46,2,0,0,0,8,
25734070,-1.48595,-0.88,1.49303,1946.89,1053.8,-1412.46,2,0,0,0,8,
25734110,-1.48595,-0.88,1.49303,1946.89,1053.8,-1412.46,2,0,0,0,8,
25734150,-1.48595,-0.88,1.49303,1946.89,1053.8,-1412.46,2,0,0,0,8,
25734190,-1.48595,-0.88,1.49303,1946.89,1053.8,-1412.46,2,0,0,0,8,
25734230,-1.48595,-0.88,1.49303,1946.89,1053.8,-1412.46,2,0,0,0,8,
25734270,-1.48595,-0.88,1.49303,1946.89,1053.8,-1412.46,2,0,0,0,8,
25734310,-1.48595,-0.88,1.49303,1946.89,1053.8,-1412.46,2,0,0,0,8,
25734350,-1.48595,-0.88,1.49303,1946.89,1053.8,-1412.46,2,0,0,0,8,
25734390,-1.48595,-0.88,1.49303,1946.89,1053.8,-1412.46,2,0,0,0,8,
25734430,-1.48595,-0.88,1.49303,1946.89,1053.8,-1412.46,2,0,0,0,8,
25734470,-1.48595,-0.88,1.49303,1946.89,1053.8,-1412.46,2,0,0,0,8,
25734510,-1.48595,-0.88,1.49303,1946.89,1053.8,-1412.46,2,0,0,0,8,
25734551,-1.48595,-0.88,1.49303,1946.89,1053.8,-1412.46,2,0,0,0,8,
25734590,-1.48595,-0.88,1.49303,1946.89,1053.8,-1412.46,2,0,0,0,8,
25734630,-1.48595,-0.88,1.49303,1946.89,1053.8,-1412.46,2,0,0,0,8,
25734670,-1.48595,-0.88,1.49303,1946.89,1053.8,-1412.46,2,0,0,0,8,
25734710,-1.48595,-0.88,1.49303,1946.89,1053.8,-1412.46,2,0,0,0,8,
25734750,-1.48595,-0.88,1.49303,1946.89,1053.8,-1412.46,2,0,0,0,8,
25734790,-1.48595,-0.88,1.49303,1946.89,1053.8,-1412.46,2,0,0,0,8,
25734830,-1.48595,-0.88,1.49303,1946.89,1053.8,-1412.46,2,0,0,0,8,
25734871,-1.48595,-0.88,1.49303,1946.89,1053.8,-1412.46,2,0,0,0,8,
25734910,-1.48595,-0.88,1.49303,1946.89,1053.8,-1412.46,2,0,0,0,8,
25734950,-1.48595,-0.88,1.49303,1946.89,1053.8,-1412.46,2,0,0,0,8,
25734990,-1.48595,-0.88,1.49303,1946.89,1053.8,-1412.46,2,0,0,0,8,
25735030,-1.48595,-0.88,1.49303,1946.89,1053.8,-1412.46,2,0,0,0,8,
25735070,-1.48595,-0.88,1.49303,1946.89,1053.8,-1412.46,2,0,0,0,8,
25735110,-1.48595,-0.88,1.49303,1946.89,1053.8,-1412.46,2,0,0,0,8,
25735150,-1.48595,-0.88,1.49303,1946.89,1053.8,-1412.46,2,0,0,0,8,
25735191,-1.48595,-0.88,1.49303,1946.89,1053.8,-1412.46,2,0,0,0,8,
25735230,-1.48595,-0.88,1.49303,1946.89,1053.8,-1412.46,2,0,0,0,8,
25735270,-1.48595,-0.88,1.49303,1946.89,1053.8,-1412.46,2,0,0,0,8,
25735310,-1.48595,-0.88,1.49303,1946.89,1053.8,-1412.46,2,0,0,0,8,
25735350,-1.48595,-0.88,1.49303,1946.89,1053.8,-1412.46,2,0,0,0,8,
25735390,-1.48595,-0.88,1.49303,1946.89,1053.8,-1412.46,2,0,0,0,8,
25735430,-1.48595,-0.88,1.49303,1946.89,1053.8,-1412.46,2,0,0,0,8,
25735470,-1.48595,-0.88,1.49303,1946.89,1053.8,-1412.46,2,0,0,0,8,
25735510,-1.48595,-0.88,1.49303,1946.89,1053.8,-1412.46,2,0,0,0,8,
25735550,-1.48595,-0.88,1.49303,1946.89,1053.8,-1412.46,2,0,0,0,8,
25735590,-1.48595,-0.88,1.49303,1946.89,1053.8,-1412.46,2,0,0,0,8,
25735630,-1.48595,-0.88,1.49303,1946.89,1053.8,-1412.46,2,0,0,0,8,
25735670,-1.48595,-0.88,1.49303,1946.89,1053.8,-1412.46,2,0,0,0,8,
25735710,-1.48595,-0.88,1.49303,1946.89,1053.8,-1412.46,2,0,0,0,8,
25735750,-1.48595,-0.88,1.49303,1946.89,1053.8,-1412.46,2,0,0,0,8,
25735790,-1.48595,-0.88,1.49303,1946.89,1053.8,-1412.46,2,0,0,0,8,
25735830,-1.48595,-0.88,1.49303,1946.89,1053.8,-1412.46,2,0,0,0,8,
25735870,-1.48595,-0.88,1.49303,1946.89,1053.8,-1412.46,2,0,0,0,8,
25735910,-1.48595,-0.88,1.49303,1946.89,1053.8,-1412.46,2,0,0,0,8,
25735950,-1.48595,-0.88,1.49303,1946.89,1053.8,-1412.46,2,0,0,0,8,
25735990,-1.48595,-0.88,1.49303,1946.89,1053.8,-1412.46,2,0,0,0,8,
25736030,-1.48595,-0.88,1.49303,1946.89,1053.8,-1412.46,2,0,0,0,8,
25736070,-1.48595,-0.88,1.49303,1946.89,1053.8,-1412.46,2,0,0,0,8,
25736110,-1.48595,-0.88,1.49303,1946.89,1053.8,-1412.46,2,0,0,0,8,
25736150,-1.48595,-0.88,1.49303,1946.89,1053.8,-1412.46,2,0,0,0,8,
25736190,-1.48595,-0.88,1.49303,1946.89,1053.8,-1412.46,2,0,0,0,8,
25736230,-1.48595,-0.88,1.49303,1946.89,1053.8,-1412.46,2,0,0,0,8,
25736270,-1.48595,-0.88,1.49303,1946.89,1053.8,-1412.46,2,0,0,0,8,
25736310,-1.48595,-0.88,1.49303,1946.89,1053.8,-1412.46,2,0,0,0,8,
25736350,-1.48595,-0.88,1.49303,1946.89,1053.8,-1412.46,2,0,0,0,8,
25736390,-1.48595,-0.88,1.49303,1946.89,1053.8,-1412.46,2,0,0,0,8,
25736431,-1.48595,-0.88,1.49303,1946.89,1053.8,-1412.46,2,0,0,0,8,
25736470,-1.48595,-0.88,1.49303,1946.89,1053.8,-1412.46,2,0,0,0,8,
25736510,-1.48595,-0.88,1.49303,1946.89,1053.8,-1412.46,2,0,0,0,8,
25736550,-1.48595,-0.88,1.49303,1946.89,1053.8,-1412.46,2,0,0,0,8,
25736590,-1.48595,-0.88,1.49303,1946.89,1053.8,-1412.46,2,0,0,0,8,
25736630,-1.48595,-0.88,1.49303,1946.89,1053.8,-1412.46,2,0,0,0,8,
25736670,-1.48595,-0.88,1.49303,1946.89,1053.8,-1412.46,2,0,0,0,8,
25736710,-1.48595,-0.88,1.49303,1946.89,1053.8,-1412.46,2,0,0,0,8,
25736751,-1.48595,-0.88,1.49303,1946.89,1053.8,-1412.46,2,0,0,0,8,
25736790,-1.48595,-0.88,1.49303,1946.89,1053.8,-1412.46,2,0,0,0,8,
25736830,-1.48595,-0.88,1.49303,1946.89,1053.8,-1412.46,2,0,0,0,8,
25736870,-1.48595,-0.88,1.49303,1946.89,1053.8,-1412.46,2,0,0,0,8,
25736910,-1.48595,-0.88,1.49303,1946.89,1053.8,-1412.46,2,0,0,0,8,
25736950,-1.48595,-0.88,1.49303,1946.89,1053.8,-1412.46,2,0,0,0,8,
25736990,-1.48595,-0.88,1.49303,1946.89,1053.8,-1412.46,2,0,0,0,8,
25737030,-1.48595,-0.88,1.49303,1946.89,1053.8,-1412.46,2,0,0,0,8,
25737071,-1.48595,-0.88,1.49303,1946.89,1053.8,-1412.46,2,0,0,0,8,
25737110,-1.48595,-0.88,1.49303,1946.89,1053.8,-1412.46,2,0,0,0,8,
25737150,-1.48595,-0.88,1.49303,1946.89,1053.8,-1412.46,2,0,0,0,8,
25737190,-1.48595,-0.88,1.49303,1946.89,1053.8,-1412.46,2,0,0,0,8,
25737230,-1.48595,-0.88,1.49303,1946.89,1053.8,-1412.46,2,0,0,0,8,
25737270,-1.48595,-0.88,1.49303,1946.89,1053.8,-1412.46,2,0,0,0,8,
25737310,-1.48595,-0.88,1.49303,1946.89,1053.8,-1412.46,2,0,0,0,8,
25737350,-1.48595,-0.88,1.49303,1946.89,1053.8,-1412.46,2,0,0,0,8,
25737390,-1.48595,-0.88,1.49303,1946.89,1053.8,-1412.46,2,0,0,0,8,
25737430,-1.48595,-0.88,1.49303,1946.89,1053.8,-1412.46,2,0,0,0,8,
25737470,-1.48595,-0.88,1.49303,1946.89,1053.8,-1412.46,2,0,0,0,8,
25737510,-1.48595,-0.88,1.49303,1946.89,1053.8,-1412.46,2,0,0,0,8,
25737550,-1.48595,-0.88,1.49303,1946.89,1053.8,-1412.46,2,0,0,0,8,
25737590,-1.48595,-0.88,1.49303,1946.89,1053.8,-1412.46,2,0,0,0,8,
25737630,-1.48595,-0.88,1.49303,1946.89,1053.8,-1412.46,2,0,0,0,8,
25737670,-1.48595,-0.88,1.49303,1946.89,1053.8,-1412.46,2,0,0,0,8,
25737710,-1.48595,-0.88,1.49303,1946.89,1053.8,-1412.46,2,0,0,0,8,
25737750,-1.48595,-0.88,1.49303,1946.89,1053.8,-1412.46,2,0,0,0,8,
25737790,-1.48595,-0.88,1.49303,1946.89,1053.8,-1412.46,2,0,0,0,8,
25737830,-1.48595,-0.88,1.49303,1946.89,1053.8,-1412.46,2,0,0,0,8,
25737870,-1.48595,-0.88,1.49303,1946.89,1053.8,-1412.46,2,0,0,0,8,
25737910,-1.48595,-0.88,1.49303,1946.89,1053.8,-1412.46,2,0,0,0,8,
25737950,-1.48595,-0.88,1.49303,1946.89,1053.8,-1412.46,2,0,0,0,8,
25737990,-1.48595,-0.88,1.49303,1946.89,1053.8,-1412.46,2,0,0,0,8,
25738030,-1.48595,-0.88,1.49303,1946.89,1053.8,-1412.46,2,0,0,0,8,
25738070,-1.48595,-0.88,1.49303,1946.89,1053.8,-1412.46,2,0,0,0,8,
25738110,-1.48595,-0.88,1.49303,1946.89,1053.8,-1412.46,2,0,0,0,8,
25738150,-1.48595,-0.88,1.49303,1946.89,1053.8,-1412.46,2,0,0,0,8,
25738190,-1.48595,-0.88,1.49303,1946.89,1053.8,-1412.46,2,0,0,0,8,
25738230,-1.48595,-0.88,1.49303,1946.89,1053.8,-1412.46,2,0,0,0,8,
25738270,-1.48595,-0.88,1.49303,1946.89,1053.8,-1412.46,2,0,0,0,8,
25738311,-1.48595,-0.88,1.49303,1946.89,1053.8,-1412.46,2,0,0,0,8,
25738350,-1.48595,-0.88,1.49303,1946.89,1053.8,-1412.46,2,0,0,0,8,
25738390,-1.48595,-0.88,1.49303,1946.89,1053.8,-1412.46,2,0,0,0,8,
25738430,-1.48595,-0.88,1.49303,1946.89,1053.8,-1412.46,2,0,0,0,8,
25738470,-1.48595,-0.88,1.49303,1946.89,1053.8,-1412.46,2,0,0,0,8,
25738510,-1.48595,-0.88,1.49303,1946.89,1053.8,-1412.46,2,0,0,0,8,
25738550,-1.48595,-0.88,1.49303,1946.89,1053.8,-1412.46,2,0,0,0,8,
25738590,-1.48595,-0.88,1.49303,1946.89,1053.8,-1412.46,2,0,0,0,8,
25738631,-1.48595,-0.88,1.49303,1946.89,1053.8,-1412.46,2,0,0,0,8,
25738670,-1.48595,-0.88,1.49303,1946.89,1053.8,-1412.46,2,0,0,0,8,
25738710,-1.48595,-0.88,1.49303,1946.89,1053.8,-1412.46,2,0,0,0,8,
25738750,-1.48595,-0.88,1.49303,1946.89,1053.8,-1412.46,2,0,0,0,8,
25738790,-1.48595,-0.88,1.49303,1946.89,1053.8,-1412.46,2,0,0,0,8,
25738830,-1.48595,-0.88,1.49303,1946.89,1053.8,-1412.46,2,0,0,0,8,
25738870,-1.48595,-0.88,1.49303,1946.89,1053.8,-1412.46,2,0,0,0,8,
25738910,-1.48595,-0.88,1.49303,1946.89,1053.8,-1412.46,2,0,0,0,8,
25738951,-1.48595,-0.88,1.49303,1946.89,1053.8,-1412.46,2,0,0,0,8,
25738990,-1.48595,-0.88,1.49303,1946.89,1053.8,-1412.46,2,0,0,0,8,
25739030,-1.48595,-0.88,1.49303,1946.89,1053.8,-1412.46,2,0,0,0,8,
25739070,-1.48595,-0.88,1.49303,1946.89,1053.8,-1412.46,2,0,0,0,8,
25739110,-1.48595,-0.88,1.49303,1946.89,1053.8,-1412.46,2,0,0,0,8,
25739150,-1.48595,-0.88,1.49303,1946.89,1053.8,-1412.46,2,0,0,0,8,
25739190,-1.48595,-0.88,1.49303,1946.89,1053.8,-1412.46,2,0,0,0,8,
25739230,-1.48595,-0.88,1.49303,1946.89,1053.8,-1412.46,2,0,0,0,8,
25739270,-1.48595,-0.88,1.49303,1946.89,1053.8,-1412.46,2,0,0,0,8,
25739310,-1.48595,-0.88,1.49303,1946.89,1053.8,-1412.46,2,0,0,0,8,
25739350,-1.48595,-0.88,1.49303,1946.89,1053.8,-1412.46,2,0,0,0,8,
25739390,-1.48595,-0.88,1.49303,1946.89,1053.8,-1412.46,2,0,0,0,8,
25739430,-1.48595,-0.88,1.49303,1946.89,1053.8,-1412.46,2,0,0,0,8,
25739470,-1.48595,-0.88,1.49303,1946.89,1053.8,-1412.46,2,0,0,0,8,
25739510,-1.48595,-0.88,1.49303,1946.89,1053.8,-1412.46,2,0,0,0,8,
25739550,-1.48595,-0.88,1.49303,1946.89,1053.8,-1412.46,2,0,0,0,8,
25739590,-1.48595,-0.88,1.49303,1946.89,1053.8,-1412.46,2,0,0,0,8,
25739630,-1.48595,-0.88,1.49303,1946.89,1053.8,-1412.46,2,0,0,0,8,
25739670,-1.48595,-0.88,1.49303,1946.89,1053.8,-1412.46,2,0,0,0,8,
25739710,-1.48595,-0.88,1.49303,1946.89,1053.8,-1412.46,2,0,0,0,8,
25739750,-1.48595,-0.88,1.49303,1946.89,1053.8,-1412.46,2,0,0,0,8,
25739790,-1.48595,-0.88,1.49303,1946.89,1053.8,-1412.46,2,0,0,0,8,
25739830,-1.48595,-0.88,1.49303,1946.89,1053.8,-1412.46,2,0,0,0,8,
25739870,-1.48595,-0.88,1.49303,1946.89,1053.8,-1412.46,2,0,0,0,8,
25739910,-1.48595,-0.88,1.49303,1946.89,1053.8,-1412.46,2,0,0,0,8,
25739950,-1.48595,-0.88,1.49303,1946.89,1053.8,-1412.46,2,0,0,0,8,
25739990,-1.48595,-0.88,1.49303,1946.89,1053.8,-1412.46,2,0,0,0,8,
25740030,-1.48595,-0.88,1.49303,1946.89,1053.8,-1412.46,2,0,0,0,8,
25740070,-1.48595,-0.88,1.49303,1946.89,1053.8,-1412.46,2,0,0,0,8,
25740110,-1.48595,-0.88,1.49303,1946.89,1053.8,-1412.46,2,0,0,0,8,
25740150,-1.48595,-0.88,1.49303,1946.89,1053.8,-1412.46,2,0,0,0,8,
25740191,-1.48595,-0.88,1.49303,1946.89,1053.8,-1412.46,2,0,0,0,8,
25740230,-1.48595,-0.88,1.49303,1946.89,1053.8,-1412.46,2,0,0,0,8,
25740270,-1.48595,-0.88,1.49303,1946.89,1053.8,-1412.46,2,0,0,0,8,
25740310,-1.48595,-0.88,1.49303,1946.89,1053.8,-1412.46,2,0,0,0,8,
25740350,-1.48595,-0.88,1.49303,1946.89,1053.8,-1412.46,2,0,0,0,8,
25740390,-1.48595,-0.88,1.49303,1946.89,1053.8,-1412.46,2,0,0,0,8,
25740430,-1.48595,-0.88,1.49303,1946.89,1053.8,-1412.46,2,0,0,0,8,
25740470,-1.48595,-0.88,1.49303,1946.89,1053.8,-1412.46,2,0,0,0,8,
25740511,-1.48595,-0.88,1.49303,1946.89,1053.8,-1412.46,2,0,0,0,8,
25740550,-1.48595,-0.88,1.49303,1946.89,1053.8,-1412.46,2,0,0,0,8,
25740590,-1.48595,-0.88,1.49303,1946.89,1053.8,-1412.46,2,0,0,0,8,
25740630,-1.48595,-0.88,1.49303,1946.89,1053.8,-1412.46,2,0,0,0,8,
25740670,-1.48595,-0.88,1.49303,1946.89,1053.8,-1412.46,2,0,0,0,8,
25740710,-1.48595,-0.88,1.49303,1946.89,1053.8,-1412.46,2,0,0,0,8,
25740750,-1.48595,-0.88,1.49303,1946.89,1053.8,-1412.46,2,0,0,0,8,
25740790,-1.48595,-0.88,1.49303,1946.89,1053.8,-1412.46,2,0,0,0,8,
25740831,-1.48595,-0.88,1.49303,1946.89,1053.8,-1412.46,2,0,0,0,8,
25740870,-1.48595,-0.88,1.49303,1946.89,1053.8,-1412.46,2,0,0,0,8,
25740910,-1.48595,-0.88,1.49303,1946.89,1053.8,-1412.46,2,0,0,0,8,
25740950,-1.48595,-0.88,1.49303,1946.89,1053.8,-1412.46,2,0,0,0,8,
25740990,-1.48595,-0.88,1.49303,1946.89,1053.8,-1412.46,2,0,0,0,8,
25741030,-1.48595,-0.88,1.49303,1946.89,1053.8,-1412.46,2,0,0,0,8,
25741070,-1.48595,-0.88,1.49303,1946.89,1053.8,-1412.46,2,0,0,0,8,
25741110,-1.48595,-0.88,1.49303,1946.89,1053.8,-1412.46,2,0,0,0,8,
25741151,-1.48595,-0.88,1.49303,1946.89,1053.8,-1412.46,2,0,0,0,8,
25741190,-1.48595,-0.88,1.49303,1946.89,1053.8,-1412.46,2,0,0,0,8,
25741230,-1.48595,-0.88,1.49303,1946.89,1053.8,-1412.46,2,0,0,0,8,
25741270,-1.48595,-0.88,1.49303,1946.89,1053.8,-1412.46,2,0,0,0,8,
25741310,-1.48595,-0.88,1.49303,1946.89,1053.8,-1412.46,2,0,0,0,8,
25741350,-1.48595,-0.88,1.49303,1946.89,1053.8,-1412.46,2,0,0,0,8,
25741390,-1.48595,-0.88,1.49303,1946.89,1053.8,-1412.46,2,0,0,0,8,
25741430,-1.48595,-0.88,1.49303,1946.89,1053.8,-1412.46,2,0,0,0,8,
25741470,-1.48595,-0.88,1.49303,1946.89,1053.8,-1412.46,2,0,0,0,8,
25741510,-1.48595,-0.88,1.49303,1946.89,1053.8,-1412.46,2,0,0,0,8,
25741550,-1.48595,-0.88,1.49303,1946.89,1053.8,-1412.46,2,0,0,0,8,
25741590,-1.48595,-0.88,1.49303,1946.89,1053.8,-1412.46,2,0,0,0,8,
25741630,-1.48595,-0.88,1.49303,1946.89,1053.8,-1412.46,2,0,0,0,8,
