milisec,RacketX,RacketY,RacketZ,forceX,forceX,forceX,ForceRatio,FriendPoint,EnemyPoint,haptics,scene
23398272,0,0,0,7515.64,4004.44,-11277.6,7.8,0,0,0,0,
23398309,-1.5,-0.88,1.5,1780.02,948.42,-2671.02,1.8,0,0,0,0,
23398316,-1.5,-0.88,1.5,395.56,210.76,-593.56,0.4,0,0,0,0,
23398355,-1.5,-0.88,1.5,1977.8,1053.8,-2967.8,2,0,0,0,0,
23398395,-1.5,-0.88,1.5,1977.8,1053.8,-2967.8,2,0,0,0,0,
23398435,-1.5,-0.88,1.5,1977.8,1053.8,-2967.8,2,0,0,0,0,
23398475,-1.5,-0.88,1.5,1977.8,1053.8,-2967.8,2,0,0,0,0,
23398531,-1.5,-0.88,1.5,2768.92,1475.32,-4154.92,2.8,0,0,0,0,
23398555,-1.5,-0.88,1.5,1186.68,632.28,-1780.68,1.2,0,0,0,0,
23398603,-1.5,-0.88,1.5,2373.36,1264.56,-3561.36,2.4,0,0,0,0,
23398635,-1.5,-0.88,1.5,1582.24,843.04,-2374.24,1.6,0,0,0,0,
23398676,-1.5,-0.88,1.5,1977.8,1053.8,-2967.8,2,0,0,0,0,
23398715,-1.5,-0.88,1.5,1977.8,1053.8,-2967.8,2,0,0,0,0,
23398754,-1.5,-0.88,1.5,1977.8,1053.8,-2967.8,2,0,0,0,0,
23398795,-1.5,-0.88,1.5,1977.8,1053.8,-2967.8,2,0,0,0,0,
23398835,-1.5,-0.88,1.5,1977.8,1053.8,-2967.8,2,0,0,0,0,
23398875,-1.5,-0.88,1.5,1977.8,1053.8,-2967.8,2,0,0,0,0,
23398915,-1.5,-0.88,1.5,1977.8,1053.8,-2967.8,2,0,0,0,0,
23398955,-1.5,-0.88,1.5,1977.8,1053.8,-2967.8,2,0,0,0,0,
23398995,-1.5,-0.88,1.5,1977.8,1053.8,-2967.8,2,0,0,0,0,
23399035,-1.5,-0.88,1.5,1977.8,1053.8,-2967.8,2,0,0,0,0,
23399074,-1.5,-0.88,1.5,1977.8,1053.8,-2967.8,2,0,0,0,0,
23399115,-1.5,-0.88,1.5,1977.8,1053.8,-2967.8,2,0,0,0,0,
23399155,-1.5,-0.88,1.5,1977.8,1053.8,-2967.8,2,0,0,0,0,
23399195,-1.5,-0.88,1.5,1977.8,1053.8,-2967.8,2,0,0,0,0,
23399235,-1.5,-0.88,1.5,1977.8,1053.8,-2967.8,2,0,0,0,0,
23399275,-1.5,-0.88,1.5,1977.8,1053.8,-2967.8,2,0,0,0,0,
23399315,-1.5,-0.88,1.5,1977.8,1053.8,-2967.8,2,0,0,0,0,
23399355,-1.5,-0.88,1.5,1977.8,1053.8,-2967.8,2,0,0,0,0,
23399394,-1.5,-0.88,1.5,1977.8,1053.8,-2967.8,2,0,0,0,0,
23399435,-1.5,-0.88,1.5,1977.8,1053.8,-2967.8,2,0,0,0,0,
23399475,-1.5,-0.88,1.5,1977.8,1053.8,-2967.8,2,0,0,0,0,
23399515,-1.5,-0.88,1.5,1977.8,1053.8,-2967.8,2,0,0,0,0,
23399555,-1.5,-0.88,1.5,1977.8,1053.8,-2967.8,2,0,0,0,0,
23399595,-1.5,-0.88,1.5,1977.8,1053.8,-2967.8,2,0,0,0,0,
23399635,-1.5,-0.88,1.5,1977.8,1053.8,-2967.8,2,0,0,0,0,
23399675,-1.5,-0.88,1.5,1977.8,1053.8,-2967.8,2,0,0,0,0,
23399714,-1.5,-0.88,1.5,1977.8,1053.8,-2967.8,2,0,0,0,0,
23399755,-1.5,-0.88,1.5,1977.8,1053.8,-2967.8,2,0,0,0,0,
23399795,-1.5,-0.88,1.5,1977.8,1053.8,-2967.8,2,0,0,0,0,
23399835,-1.5,-0.88,1.5,1977.8,1053.8,-2967.8,2,0,0,0,0,
23399875,-1.5,-0.88,1.5,1977.8,1053.8,-2967.8,2,0,0,0,0,
23399915,-1.5,-0.88,1.5,1977.8,1053.8,-2967.8,2,0,0,0,0,
23399956,-1.5,-0.88,1.5,1977.8,1053.8,-2967.8,2,0,0,0,0,
23399995,-1.5,-0.88,1.5,1977.8,1053.8,-2967.8,2,0,0,0,0,
23400034,-1.5,-0.88,1.5,1977.8,1053.8,-2967.8,2,0,0,0,0,
23400075,-1.5,-0.88,1.5,1977.8,1053.8,-2967.8,2,0,0,0,0,
23400115,-1.5,-0.88,1.5,1977.8,1053.8,-2967.8,2,0,0,0,0,
23400156,-1.5,-0.88,1.5,1977.8,1053.8,-2967.8,2,0,0,0,0,
23400195,-1.5,-0.88,1.5,1977.8,1053.8,-2967.8,2,0,0,0,0,
23400235,-1.5,-0.88,1.5,1977.8,1053.8,-2967.8,2,0,0,0,0,
23400275,-1.5,-0.88,1.5,1977.8,1053.8,-2967.8,2,0,0,0,0,
23400315,-1.5,-0.88,1.5,1977.8,1053.8,-2967.8,2,0,0,0,0,
23400355,-1.5,-0.88,1.5,1977.8,1053.8,-2967.8,2,0,0,0,0,
23400395,-1.5,-0.88,1.5,1977.8,1053.8,-2967.8,2,0,0,0,0,
23400435,-1.5,-0.88,1.5,1977.8,1053.8,-2967.8,2,0,0,0,0,
23400475,-1.5,-0.88,1.5,1977.8,1053.8,-2967.8,2,0,0,0,0,
23400515,-1.5,-0.88,1.5,1977.8,1053.8,-2967.8,2,0,0,0,0,
23400555,-1.5,-0.88,1.5,1977.8,1053.8,-2967.8,2,0,0,0,0,
23400595,-1.5,-0.88,1.5,1977.8,1053.8,-2967.8,2,0,0,0,0,
23400634,-1.5,-0.88,1.5,1977.8,1053.8,-2967.8,2,0,0,0,0,
23400675,-1.5,-0.88,1.5,1977.8,1053.8,-2967.8,2,0,0,0,0,
23400715,-1.5,-0.88,1.5,1977.8,1053.8,-2967.8,2,0,0,0,0,
23400755,-1.5,-0.88,1.5,1977.8,1053.8,-2967.8,2,0,0,0,0,
23400795,-1.5,-0.88,1.5,1977.8,1053.8,-2967.8,2,0,0,0,0,
23400835,-1.5,-0.88,1.5,1977.8,1053.8,-2967.8,2,0,0,0,0,
23400875,-1.5,-0.88,1.5,1977.8,1053.8,-2967.8,2,0,0,0,0,
23400915,-1.5,-0.88,1.5,1977.8,1053.8,-2967.8,2,0,0,0,0,
23400954,-1.5,-0.88,1.5,1977.8,1053.8,-2967.8,2,0,0,0,0,
23400996,-1.5,-0.88,1.5,1977.8,1053.8,-2967.8,2,0,0,0,0,
23401035,-1.5,-0.88,1.5,1977.8,1053.8,-2967.8,2,0,0,0,0,
23401075,-1.5,-0.88,1.5,1977.8,1053.8,-2967.8,2,0,0,0,0,
23401115,-1.5,-0.88,1.5,1977.8,1053.8,-2967.8,2,0,0,0,0,
23401155,-1.5,-0.88,1.5,1977.8,1053.8,-2967.8,2,0,0,0,0,
23401195,-1.5,-0.88,1.5,1977.8,1053.8,-2967.8,2,0,0,0,0,
23401235,-1.5,-0.88,1.5,1977.8,1053.8,-2967.8,2,0,0,0,0,
23401274,-1.5,-0.88,1.5,1977.8,1053.8,-2967.8,2,0,0,0,0,
23401315,-1.5,-0.88,1.5,1977.8,1053.8,-2967.8,2,0,0,0,0,
23401355,-1.5,-0.88,1.5,1977.8,1053.8,-2967.8,2,0,0,0,0,
23401395,-1.5,-0.88,1.5,1977.8,1053.8,-2967.8,2,0,0,0,0,
23401435,-1.5,-0.88,1.5,1977.8,1053.8,-2967.8,2,0,0,0,0,
23401475,-1.5,-0.88,1.5,1977.8,1053.8,-2967.8,2,0,0,0,0,
23401515,-1.5,-0.88,1.5,1977.8,1053.8,-2967.8,2,0,0,0,0,
23401555,-1.5,-0.88,1.5,1977.8,1053.8,-2967.8,2,0,0,0,0,
23401594,-1.5,-0.88,1.5,1977.8,1053.8,-2967.8,2,0,0,0,0,
23401635,-1.5,-0.88,1.5,1977.8,1053.8,-2967.8,2,0,0,0,0,
23401675,-1.5,-0.88,1.5,1977.8,1053.8,-2967.8,2,0,0,0,0,
23401716,-1.5,-0.88,1.5,1977.8,1053.8,-2967.8,2,0,0,0,0,
23401755,-1.5,-0.88,1.5,1977.8,1053.8,-2967.8,2,0,0,0,0,
23401795,-1.5,-0.88,1.5,1977.8,1053.8,-2967.8,2,0,0,0,0,
23401835,-1.5,-0.88,1.5,1977.8,1053.8,-2967.8,2,0,0,0,0,
23401875,-1.5,-0.88,1.5,1977.8,1053.8,-2967.8,2,0,0,0,0,
23401914,-1.5,-0.88,1.5,1977.8,1053.8,-2967.8,2,0,0,0,0,
23401955,-1.5,-0.88,1.5,1977.8,1053.8,-2967.8,2,0,0,0,0,
23401995,-1.5,-0.88,1.5,1977.8,1053.8,-2967.8,2,0,0,0,0,
23402035,-1.5,-0.88,1.5,1977.8,1053.8,-2967.8,2,0,0,0,0,
23402075,-1.5,-0.88,1.5,1977.8,1053.8,-2967.8,2,0,0,0,0,
23402115,-1.5,-0.88,1.5,1977.8,1053.8,-2967.8,2,0,0,0,0,
23402155,-1.5,-0.88,1.5,1977.8,1053.8,-2967.8,2,0,0,0,0,
23402195,-1.5,-0.88,1.5,1977.8,1053.8,-2967.8,2,0,0,0,0,
23402260,-1.5,-0.88,1.5,3164.48,1686.08,-4748.48,3.2,2,2,0,8,
23402317,-1.5,-0.88,1.5,2768.92,1475.32,-4154.92,2.8,2,2,0,8,
23402368,-1.5,-0.88,1.5,2571.14,1369.94,-3858.14,2.6,2,2,0,8,
23402421,-1.5,-0.88,1.5,2571.14,1369.94,-3858.14,2.6,2,2,0,8,
23402473,-1.5,-0.88,1.5,2571.14,1369.94,-3858.14,2.6,2,2,0,8,
23402524,-1.5,-0.88,1.5,2571.14,1369.94,-3858.14,1.5,2,2,0,8,
23402581,-1.5,-0.88,1.5,2768.92,1475.32,-4154.92,2.8,2,2,0,8,
23402629,-1.5,-0.88,1.5,2373.36,1264.56,-3561.36,2.4,2,2,0,8,
23402677,-1.5,-0.88,1.5,2373.36,1264.56,-3561.36,2.4,2,2,0,8,
23402725,-1.5,-0.88,1.5,2373.36,1264.56,-3561.36,2.4,2,2,0,8,
23402781,-1.5,-0.88,1.5,2768.92,1475.32,-4154.92,2.8,2,2,0,8,
23402836,-1.5,-0.88,1.5,2765.09,1475.32,-4116.21,2.8,2,2,0,8,
23402900,-1.49855,-0.88,1.48534,2716.47,1686.08,-587.108,3.2,2,2,0,8,
23402957,-1.35475,-0.88,0.0340501,2255.42,1475.32,0,2.8,2,2,0,8,
23403013,-1.3297,-0.88,0.0659251,2168.76,1475.32,-362.076,2.8,2,2,0,8,
23403077,-1.30105,-0.88,0.28815,2763.33,1686.08,-2442.23,3.2,2,2,0,8,
23403137,-1.40565,-0.88,0.973275,2834.24,1580.7,-3291.26,3,2,2,0,8,
23403196,-1.2883,-0.88,1.32866,2307.67,1580.7,-3852.54,3,2,2,0,8,
23403253,-1.2883,-0.88,1.32866,1635.12,1475.32,-3956.24,2.8,2,2,0,8,
23403317,-1.11985,-0.88,1.44371,1826.35,1686.08,-4550.35,3.2,2,2,0,8,
23403385,-1.11985,-0.88,1.44371,1940.5,1791.46,-4834.74,3.4,2,2,0,8,
23403445,-1.11985,-0.88,1.44371,1712.21,1580.7,-4265.95,3,2,2,0,8,
23403509,-1.11985,-0.88,1.44371,1826.35,1686.08,-4550.35,3.2,2,2,0,8,
23403565,-1.11985,-0.88,1.44371,1598.06,1475.32,-3981.55,2.8,2,2,0,8,
23403625,-1.11985,-0.88,1.44371,1712.21,1580.7,-4265.95,3,2,2,0,8,
23403692,-1.11985,-0.88,1.44371,1940.5,1791.46,-4834.74,3.4,2,3,0,8,
23403749,-1.11985,-0.88,1.44371,1598.06,1475.32,-3981.55,2.8,2,3,0,8,
23403813,-1.11985,-0.88,1.44371,1826.35,1686.08,-4550.35,3.2,2,3,0,8,
23403873,-1.11985,-0.88,1.44371,1712.21,1580.7,-4265.95,3,2,3,0,8,
23403903,-1.11985,-0.88,1.44371,342.441,316.14,-853.19,0.6,2,3,0,8,
23404013,-1.11985,-0.88,1.44371,3652.7,3372.16,-9100.69,6.4,2,4,0,8,
23404096,-1.11985,-0.88,1.44371,2397.09,2212.98,-5972.33,4.2,2,4,0,8,
23404173,-1.11985,-0.88,1.44371,2168.79,2002.22,-5403.54,3.8,2,4,0,8,
23404253,-1.11985,-0.88,1.44371,2282.94,2107.6,-5687.93,4,2,4,0,8,
23404332,-1.11985,-0.88,1.44371,2282.94,2107.6,-5687.93,4,2,5,0,8,
23404440,-1.11985,-0.88,1.44371,3081.97,2845.26,-7678.71,5.4,2,5,0,8,
23404517,-1.11985,-0.88,1.44371,2168.79,2002.22,-5403.54,3.8,2,5,0,8,
23404585,-1.11985,-0.88,1.44371,1940.5,1791.46,-4834.74,3.4,2,5,0,8,
23404653,-1.11985,-0.88,1.44371,1940.5,1791.46,-4834.74,3.4,2,5,0,8,
23404712,-1.11985,-0.88,1.44371,1712.21,1580.7,-4265.95,3,2,5,0,8,
23404785,-1.11985,-0.88,1.44371,1955.56,1896.84,-5106.6,3.6,2,5,0,8,
23404852,-1.0917,-0.88,1.44015,215.908,1791.46,-4868.82,3.4,2,5,0,8,
23404909,0.1744,-0.88,1.40587,0,1475.32,-3875.72,2.8,2,5,0,8,
23404973,0.1744,-0.88,1.40587,0,1686.08,-4303.04,3.2,2,5,0,8,
23405056,0.1149,-0.88,1.36882,0,2212.98,-5657.7,4.2,2,6,0,8,
23405117,0.10465,-0.88,1.37632,0,1580.7,-4065.56,3,2,6,0,8,
23405184,0.06955,-0.88,1.38401,0,1791.46,-4611.47,3.4,2,6,0,8,
23405281,0.025,-0.88,1.41004,0,2532.99,-6656.02,4.8,2,6,0,8,
23405369,0.025,-0.88088,1.41379,0,2322.62,-6111.89,4.4,2,6,0,8,
23405433,1.4181,-0.96888,1.4181,0,1979.58,-4459.24,3.2,2,6,0,8,
23405504,0.02495,-0.96888,1.4181,0,2248.8,-5017.72,3.6,2,6,0,8,
23405573,0.02495,-0.96888,1.4181,0,2123.87,-4738.95,3.4,2,6,0,8,
23405641,0.02495,-0.96888,1.4181,0,2123.87,-4738.95,3.4,2,6,0,8,
23405709,0.02495,-0.96888,1.4181,0,2123.87,-4738.95,3.4,2,6,0,8,
23405808,0.02495,-0.96888,1.4181,0,3123.34,-6969.05,5,2,6,0,8,
23405896,0.02495,-0.96888,1.4181,0,2748.54,-6329.4,4.4,2,6,0,8,
23405961,0.0198999,-0.96888,1.47769,0,1998.94,-4730.95,3.2,2,6,0,8,
23406037,0.00994995,-0.96888,1.49618,0,2373.74,-5622.83,3.8,2,6,0,8,
23406109,0.00994995,-0.96888,1.49618,0,2248.8,-5326.89,3.6,2,6,0,8,
23406176,0.00994995,-0.96888,1.49618,0,2123.87,-5030.95,3.4,2,6,0,8,
23406249,0.00994995,-0.96888,1.49618,0,2248.8,-5326.89,3.6,2,6,0,8,
23406329,0.00994995,-0.96888,1.49618,0,2498.67,-5918.77,4,2,6,0,8,
23406400,0.00994995,-0.96888,1.49618,0,2248.8,-5326.89,3.6,2,6,0,8,
23406473,0.00994995,-0.96888,1.49618,0,2248.8,-5326.89,3.6,2,6,0,8,
23406545,0.00994995,-0.96888,1.49618,0,2248.8,-5326.89,3.6,2,6,0,8,
23406612,0.00994995,-0.96888,1.49618,0,1.49687,-5030.95,3.4,2,6,0,8,
23406681,0.00994995,-0.96888,1.49618,0,2123.87,-5030.95,3.4,2,6,0,8,
23406753,0.00994995,-0.96888,1.49618,0,2248.8,-5326.89,3.6,2,6,0,8,
23406821,0.00994995,-0.96888,1.49618,0,2123.87,-5030.95,3.4,2,6,0,8,
23406893,0.00994995,-0.96888,1.49618,0,2248.8,-5326.89,3.6,2,6,0,8,
23406957,0.00994995,-0.96888,1.49618,0,1998.94,-4735.02,3.2,2,6,0,8,
23407024,0.00994995,-0.96888,1.49618,0,2123.87,-5030.95,3.4,2,6,0,8,
23407085,0.00994995,-0.96888,1.49618,0,1874,-4439.08,3,2,6,0,8,
23407152,0.00994995,-0.96888,1.49618,0,2123.87,-5030.95,3.4,2,6,0,8,
23407224,0.00994995,-0.96888,1.49618,0,2248.8,-5326.89,3.6,2,6,0,8,
23407296,0.00994995,-0.96888,1.49618,0,2248.8,-5326.89,3.6,2,6,0,8,
23407361,0.00994995,-0.96888,1.49618,0,1998.94,-4735.02,3.2,2,6,0,8,
23407433,0.00994995,-0.96888,1.49618,0,2248.8,-5326.89,3.6,2,6,0,8,
23407501,0.00994995,-0.96888,1.49618,0,2123.87,-5006.33,3.4,2,6,0,8,
23407569,0.005,-0.96888,1.48871,0,2123.87,-4990.42,3.4,2,6,0,8,
23407637,0.005,-0.96888,1.48489,0,2123.87,-4951.74,3.4,2,6,0,8,
23407709,0.005,-0.96888,1.47367,0,2248.8,-5211.39,3.6,2,7,0,8,
23407781,0.005,-0.96888,1.46617,0,2248.8,-5181.83,3.6,2,7,0,8,
23407852,0.005,-0.96888,1.45871,0,2248.8,-5165.34,3.6,2,7,0,8,
23407925,0.005,-0.96888,1.45496,0,2248.8,-5150.36,3.6,2,7,0,8,
23408008,0.005,-0.96888,1.45117,0,2623.61,-6006.81,4.2,2,7,0,8,
23408085,0.005,-0.96888,1.45117,0,2373.74,-5404.73,3.8,2,7,0,8,
23408159,0.005,-0.96888,1.4436,0,2373.74,-5345.42,3.8,2,7,0,8,
23408229,0.02,-0.96888,1.37246,0,2123.87,-4580.53,3.4,2,7,0,8,
23408301,0.02,-0.96888,1.37246,0,2248.8,-4823.79,3.6,2,7,0,8,
23408373,0.02,-0.96888,1.36871,0,2248.8,-4808.41,3.6,2,7,0,8,
23408448,0.02,-0.96888,1.36481,0,2373.74,-5002.63,3.8,2,7,0,8,
23408521,0.0200999,-0.96888,1.3458,0,2248.8,-4731.41,3.6,2,7,0,8,
23408593,0.0200999,-0.96888,1.3458,0,2248.8,-4574.46,3.6,2,7,0,8,
23408661,0.03,-0.96888,1.30121,0,2123.87,-4289.29,3.4,2,7,0,8,
23408733,0.03,-0.96888,1.29743,0,2248.8,-4513.58,3.6,2,7,0,8,
23408807,0.03,-0.96888,1.28996,0,2373.74,-4760.86,3.8,2,7,0,8,
23408877,0.03,-0.96888,1.28996,0,2123.87,-4246.92,3.4,2,7,0,8,
23408949,0.03,-0.96888,1.28632,0,2248.8,-4522.29,3.6,2,7,0,8,
23409025,0.03,-0.96888,1.29382,0,2373.74,-4805.2,3.8,2,7,0,8,
23409084,0.03,-0.96888,1.30136,0,1874,-3828.48,3,2,7,0,8,
23409153,0.03,-0.96888,1.32761,0,2123.87,-4397.24,3.4,2,7,0,8,
23409205,0.03,-0.96888,1.32761,0,1624.14,-3392.43,2.6,2,7,0,8,
23409269,0.03,-0.96888,1.3389,0,1998.94,-4227.26,3.2,2,7,0,8,
23409333,0.03,-0.96888,1.35379,0,1998.94,-4246.17,3.2,2,7,0,8,
23409396,0.0300499,-0.96888,1.3578,0,1998.94,-4431.93,3.2,2,7,0,8,
23409444,0.04,-0.96888,1.41754,0,1499.2,-3352.92,2.4,2,7,0,8,
23409504,0.04,-0.96888,1.42136,0,1874,-4226.96,3,2,7,0,8,
23409565,0.04,-0.96888,1.43265,0,1874,-4275.88,3,2,7,0,8,
23409617,0.04,-0.96888,1.44773,0,1624.14,-3763.08,2.6,2,7,0,8,
23409685,0.03995,-0.96888,1.47022,0,2123.87,-5007.66,3.4,2,7,0,8,
23409731,0.035,-0.96888,1.49257,0,1499.2,-3541.76,2.4,2,7,0,8,
23409788,0.035,-0.96888,1.49257,0,1749.07,-4132.05,2.8,2,7,0,8,
23409853,0.035,-0.96888,1.49257,0,1998.94,-4722.34,3.2,2,7,0,8,
23409901,0.035,-0.96888,1.49257,0,1499.2,-3541.76,2.4,2,7,0,8,
23409965,0.035,-0.96888,1.49257,0,1998.94,-4722.34,3.2,2,7,0,8,
23410021,0.035,-0.96888,1.49257,0,1749.07,-4132.05,2.8,2,7,0,8,
23410073,0.035,-0.96888,1.49257,0,1624.14,-3836.9,2.6,2,7,0,8,
23410128,0.035,-0.96888,1.49257,0,1749.07,-4132.05,2.8,2,7,0,8,
23410173,0.035,-0.96888,1.49257,0,1374.27,-3246.61,2.2,2,7,0,8,
23410233,0.035,-0.96888,1.49257,0,1874,-4427.2,3,2,7,0,8,
23410281,0.035,-0.96888,1.49257,0,1499.2,-3541.76,2.4,2,7,0,8,
23410341,0.035,-0.96888,1.49257,0,1874,-4427.2,3,2,7,0,8,
23410401,0.035,-0.96888,1.49257,0,1874,-4427.2,3,2,7,0,8,
23410452,0.035,-0.96888,1.49257,0,1624.14,-3836.9,2.6,2,7,0,8,
23410508,0.035,-0.96888,1.49257,0,1749.07,-4132.05,2.8,2,7,0,8,
23410549,0.035,-0.96888,1.49257,0,1249.34,-2951.46,2,2,7,0,8,
23410601,0.035,-0.96888,1.49257,0,1624.14,-3836.9,2.6,2,7,0,8,
23410653,0.035,-0.96888,1.49257,0,1624.14,-3836.9,2.6,2,7,0,8,
23410709,0.035,-0.96888,1.49257,0,1749.07,-4132.05,2.8,2,7,0,8,
23410761,0.035,-0.96888,1.49257,0,1624.14,-3836.9,2.6,2,7,0,8,
23410808,0.035,-0.96888,1.49257,0,1499.2,-3541.76,2.4,2,7,0,8,
23410849,0.035,-0.96888,1.49257,0,1249.34,-2951.46,2,2,7,0,8,
23410892,0.035,-0.96888,1.49257,0,1374.27,-3246.61,2.2,2,7,0,8,
23410937,0.035,-0.96888,1.49257,0,1374.27,-3246.61,2.2,2,7,0,8,
23410972,0.035,-0.96888,1.49257,0,1124.4,-2656.32,1.8,2,7,0,8,
23411013,0.035,-0.96888,1.49257,0,1249.34,-2951.46,2,2,7,0,8,
23411049,0.035,-0.96888,1.49257,0,1124.4,-2656.32,1.8,2,7,0,8,
23411101,0.035,-0.96888,1.49257,0,1624.14,-3836.9,2.6,2,7,0,8,
23411145,0.035,-0.96888,1.49257,0,1374.27,-3246.61,2.2,2,7,0,8,
23411181,0.035,-0.96888,1.49257,0,1124.4,-2656.32,1.8,2,7,0,8,
23411217,0.035,-0.96888,1.49257,0,1124.4,-2656.32,1.8,2,7,0,8,
23411249,0.035,-0.96888,1.49257,0,999.469,-2361.17,1.6,2,7,0,8,
23411285,0.035,-0.96888,1.49257,0,1124.4,-2656.32,1.8,2,7,0,8,
23411329,0.035,-0.96888,1.49257,0,1374.27,-3246.61,2.2,2,7,0,8,
23411360,0.035,-0.96888,1.49257,0,999.469,-2361.17,1.6,2,7,0,8,
23411392,0.035,-0.96888,1.49257,0,999.469,-2361.17,1.6,2,7,0,8,
23411427,0.035,-0.96888,1.49257,0,1124.4,-2656.32,1.8,2,7,0,8,
23411467,0.035,-0.96888,1.49257,0,1249.34,-2951.46,2,2,7,0,8,
23411507,0.035,-0.96888,1.49257,0,1249.34,-2951.46,2,2,7,0,8,
23411547,0.035,-0.96888,1.49257,0,1249.34,-2951.46,2,2,7,0,8,
23411587,0.01,-0.96888,1.49996,0,1249.34,-2956.37,2,2,7,0,8,
23411626,0.01,-0.96888,1.49996,0,1249.34,-2967.72,2,2,7,0,8,
23411667,0.01,-0.96888,1.49621,0,1249.34,-2965.24,2,2,7,0,8,
23411707,0.01,-0.96888,1.49621,0,1249.34,-2959.47,2,2,7,0,8,
23411747,0.01,-0.96888,1.49246,0,1249.34,-2952.04,2,2,7,0,8,
23411787,0.01,-0.96888,1.48496,0,1249.34,-2947.09,2,2,7,0,8,
23411827,0.01,-0.96888,1.48121,0,1249.34,-2933.07,2,2,7,0,8,
23411867,0.01,-0.96888,1.48121,0,1249.34,-2926.47,2,2,7,0,8,
23411907,0.01,-0.96888,1.48121,0,1249.34,-2926.47,2,2,7,0,8,
23411946,0.01,-0.96888,1.48121,0,1249.34,-2926.47,2,2,7,0,8,
23411987,0.01,-0.96888,1.48121,0,1249.34,-2926.47,2,2,7,0,8,
23412027,0.01,-0.96888,1.48121,0,1249.34,-2926.47,2,2,7,0,8,
23412067,0.01,-0.96888,1.48121,0,1249.34,-2926.47,2,2,7,0,8,
23412107,0.01,-0.96888,1.48121,0,1249.34,-2926.47,2,2,7,0,8,
23412147,0.01,-0.96888,1.48121,0,1249.34,-2926.47,2,2,7,0,8,
23412187,0.01,-0.96888,1.48121,0,1249.34,-2926.47,2,2,7,0,8,
23412227,0.01,-0.96888,1.48121,0,1249.34,-2926.47,2,2,7,0,8,
23412267,0.01,-0.96888,1.48121,0,1249.34,-2926.47,2,2,7,0,8,
23412307,0.01,-0.96888,1.48121,0,1249.34,-2926.47,2,2,7,0,8,
23412347,0.01,-0.96888,1.48121,0,1249.34,-2926.47,2,2,7,0,8,
23412387,0.01,-0.96888,1.48121,0,1249.34,-2926.47,2,2,7,0,8,
23412427,0.01,-0.96888,1.48121,0,1249.34,-2926.47,2,2,7,0,8,
23412467,0.01,-0.96888,1.47754,0,1249.34,-2924.04,2,2,7,0,8,
23412507,0.01,-0.96888,1.48129,0,1249.34,-2920.03,2,2,7,0,8,
23412546,0.01,-0.96888,1.48504,0,1249.34,-2928.28,2,2,7,0,8,
23412587,0.01,-0.96888,1.48504,0,1249.34,-2934.88,2,2,7,0,8,
23412627,0.01,-0.96888,1.48504,0,1249.34,-2934.88,2,2,7,0,8,
23412667,0.01,-0.96888,1.48504,0,1249.34,-2934.88,2,2,7,0,8,
23412707,0.01,-0.96888,1.48504,0,1249.34,-2934.88,2,2,7,0,8,
23412747,0.01,-0.96888,1.48504,0,1249.34,-2934.88,2,2,7,0,8,
23412787,0.01,-0.96888,1.48504,0,1249.34,-2934.88,2,2,7,0,8,
23412827,0.01,-0.96888,1.48504,0,1249.34,-2934.88,2,2,7,0,8,
23412866,0.01,-0.96888,1.48504,0,1249.34,-2934.88,2,2,7,0,8,
23412907,0.01,-0.96888,1.48504,0,1249.34,-2934.88,2,2,7,0,8,
23412947,0.01,-0.96888,1.48504,0,1249.34,-2934.88,2,2,7,0,8,
23412987,0.01,-0.96888,1.48504,0,1249.34,-2934.88,2,2,7,0,8,
23413027,0.01,-0.96888,1.48504,0,1249.34,-2934.88,2,2,7,0,8,
23413067,0.01,-0.96888,1.48504,0,1249.34,-2934.88,2,2,7,0,8,
23413107,0.01,-0.96888,1.48504,0,1249.34,-2934.88,2,2,7,0,8,
23413147,0.01,-0.96888,1.48871,0,1249.34,-2934.88,2,2,7,0,8,
23413186,0.01,-0.96888,1.48871,0,1249.34,-2942.97,2,2,7,0,8,
23413227,0.01,-0.96888,1.48496,0,1249.34,-2938.84,2,2,7,0,8,
23413267,0.01,-0.96888,1.48496,0,1249.34,-2934.72,2,2,7,0,8,
23413307,0.01,-0.96888,1.48496,0,1249.34,-2934.72,2,2,7,0,8,
23413347,0.01,-0.96888,1.48496,0,1249.34,-2934.72,2,2,7,0,8,
23413387,0.01,-0.96888,1.48496,0,1249.34,-2934.72,2,2,7,0,8,
23413427,0.01,-0.96888,1.48496,0,1249.34,-2934.72,2,2,7,0,8,
23413467,0.01,-0.96888,1.48496,0,1249.34,-2934.72,2,2,7,0,8,
23413506,0.01,-0.96888,1.48496,0,1249.34,-2934.72,2,2,7,0,8,
23413547,0.01,-0.96888,1.48496,0,1249.34,-2934.72,2,2,7,0,8,
23413587,0.01,-0.96888,1.48496,0,1249.34,-2934.72,2,2,7,0,8,
23413627,0.01,-0.96888,1.48496,0,1249.34,-2934.72,2,2,7,0,8,
23413667,0.01,-0.96888,1.48496,0,1249.34,-2934.72,2,2,7,0,8,
23413707,0.01,-0.96888,1.48496,0,1249.34,-2934.72,2,2,7,0,8,
23413747,0.01,-0.96888,1.48496,0,1249.34,-2934.72,2,2,7,0,8,
23413787,0.01,-0.96888,1.48504,0,1249.34,-2932.32,2,2,7,0,8,
23413827,0.01,-0.96888,1.48879,0,1249.34,-2938.18,2,2,7,0,8,
23413867,0.01,-0.96888,1.49629,0,1249.34,-2951.38,2,2,7,0,8,
23413907,0.01,-0.96888,1.49629,0,1249.34,-2959.63,2,2,7,0,8,
23413947,0.01,-0.96888,1.49629,0,1249.34,-2959.63,2,2,7,0,8,
23413987,0.01,-0.96888,1.49629,0,1249.34,-2959.63,2,2,7,0,8,
23414027,0.01,-0.96888,1.49629,0,1249.34,-2959.63,2,2,7,0,8,
23414067,0.01,-0.96888,1.49629,0,1249.34,-2959.63,2,2,7,0,8,
23414107,0.01,-0.96888,1.49629,0,1249.34,-2959.63,2,2,7,0,8,
23414147,0.01,-0.96888,1.49629,0,1249.34,-2959.63,2,2,7,0,8,
23414187,0.01,-0.96888,1.49629,0,1249.34,-2959.63,2,2,7,0,8,
23414227,0.01,-0.96888,1.49629,0,1249.34,-2959.63,2,2,7,0,8,
23414267,0.01,-0.96888,1.49629,0,1249.34,-2959.63,2,2,7,0,8,
23414307,0.01,-0.96888,1.49629,0,1249.34,-2959.63,2,2,7,0,8,
23414347,0.01,-0.96888,1.49629,0,1249.34,-2959.63,2,2,7,0,8,
23414387,0.01,-0.96888,1.49629,0,1249.34,-2959.63,2,2,7,0,8,
23414427,0.01,-0.96888,1.49629,0,1249.34,-2959.63,2,2,7,0,8,
23414467,0.01,-0.96888,1.49629,0,1249.34,-2959.63,2,2,7,0,8,
23414507,0.01,-0.96888,1.49629,0,1249.34,-2959.63,2,2,7,0,8,
23414547,0.01,-0.96888,1.49629,0,1249.34,-2959.63,2,2,7,0,8,
23414587,0.01,-0.96888,1.49629,0,1249.34,-2959.63,2,2,7,0,8,
23414627,0.01,-0.96888,1.49629,0,1249.34,-2959.63,2,2,7,0,8,
23414667,0.01,-0.96888,1.49629,0,1249.34,-2959.63,2,2,7,0,8,
23414707,0.01,-0.96888,1.49629,0,1249.34,-2959.63,2,2,7,0,8,
23414746,0.01,-0.96888,1.49629,0,1249.34,-2959.63,2,2,7,0,8,
23414787,0.01,-0.96888,1.49629,0,1249.34,-2959.63,2,2,7,0,8,
23414827,0.01,-0.96888,1.49629,0,1249.34,-2959.63,2,2,7,0,8,
23414867,0.01,-0.96888,1.49629,0,1249.34,-2959.63,2,2,7,0,8,
23414907,0.01,-0.96888,1.49629,0,1249.34,-2959.63,2,2,7,0,8,
23414947,0.01,-0.96888,1.49629,0,1249.34,-2959.63,2,2,7,0,8,
23414987,0.01,-0.96888,1.49629,0,1249.34,-2959.63,2,2,7,0,8,
23415027,0.01,-0.96888,1.49629,0,1249.34,-2959.63,2,2,7,0,8,
23415066,0.01,-0.96888,1.49629,0,1249.34,-2959.63,2,2,7,0,8,
23415107,0.01,-0.96888,1.49629,0,1249.34,-2959.63,2,2,7,0,8,
23415147,0.01,-0.96888,1.49629,0,1249.34,-2959.63,2,2,7,0,8,
23415187,0.01,-0.96888,1.49629,0,1249.34,-2959.63,2,2,7,0,8,
23415227,0.01,-0.96888,1.49629,0,1249.34,-2959.63,2,2,7,0,8,
23415267,0.01,-0.96888,1.49629,0,1249.34,-2959.63,2,2,7,0,8,
23415308,0.01,-0.96888,1.49629,0,1249.34,-2959.63,2,2,8,0,8,
23415347,0.01,-0.96888,1.49629,0,1249.34,-2959.63,2,2,8,0,8,
23415386,0.01,-0.96888,1.49629,0,1249.34,-2959.63,2,2,8,0,8,
23415427,0.01,-0.96888,1.49629,0,1249.34,-2959.63,2,2,8,0,8,
23415467,0.01,-0.96888,1.49629,0,1249.34,-2959.63,2,2,8,0,8,
23415507,0.01,-0.96888,1.49629,0,1249.34,-2959.63,2,2,8,0,8,
23415547,0.01,-0.96888,1.49629,0,1249.34,-2959.63,2,2,8,0,8,
23415587,0.01,-0.96888,1.49629,0,1249.34,-2959.63,2,2,8,0,8,
23415627,0.01,-0.96888,1.49629,0,1249.34,-2959.63,2,2,8,0,8,
23415667,0.01,-0.96888,1.49629,0,1249.34,-2959.63,2,2,8,0,8,
23415706,0.01,-0.96888,1.49629,0,1249.34,-2959.63,2,2,8,0,8,
23415747,0.01,-0.96888,1.49629,0,1249.34,-2959.63,2,2,8,0,8,
23415787,0.01,-0.96888,1.49629,0,1249.34,-2959.63,2,2,8,0,8,
23415827,0.01,-0.96888,1.49629,0,1249.34,-2959.63,2,2,8,0,8,
23415868,0.01,-0.96888,1.49629,0,1249.34,-2959.63,2,2,8,0,8,
23415907,0.01,-0.96888,1.49629,0,1249.34,-2959.63,2,2,8,0,8,
23415947,0.01,-0.96888,1.49629,0,1249.34,-2959.63,2,2,8,0,8,
23415987,0.01,-0.96888,1.49629,0,1249.34,-2959.63,2,2,8,0,8,
23416027,0.01,-0.96888,1.49629,0,1249.34,-2959.63,2,2,8,0,8,
23416067,0.01,-0.96888,1.49629,0,1249.34,-2959.63,2,2,8,0,8,
23416107,0.01,-0.96888,1.49629,0,1249.34,-2959.63,2,2,8,0,8,
23416147,0.01,-0.96888,1.49629,0,1249.34,-2959.63,2,2,8,0,8,
23416187,0.01,-0.96888,1.49629,0,1249.34,-2959.63,2,2,8,0,8,
23416227,0.01,-0.96888,1.49629,0,1249.34,-2959.63,2,2,8,0,8,
23416267,0.01,-0.96888,1.49629,0,1249.34,-2959.63,2,2,8,0,8,
23416307,0.01,-0.96888,1.49629,0,1249.34,-2959.63,2,2,8,0,8,
23416348,0.01,-0.96888,1.49629,0,1249.34,-2959.63,2,2,8,0,8,
23416387,0.01,-0.96888,1.49629,0,1249.34,-2959.63,2,2,8,0,8,
23416427,0.01,-0.96888,1.49629,0,1249.34,-2959.63,2,2,8,0,8,
23416467,0.01,-0.96888,1.49629,0,1249.34,-2959.63,2,2,8,0,8,
23416507,0.01,-0.96888,1.49629,0,1249.34,-2959.63,2,2,8,0,8,
23416547,0.01,-0.96888,1.49629,0,1249.34,-2959.63,2,2,8,0,8,
23416587,0.01,-0.96888,1.49629,0,1249.34,-2959.63,2,2,8,0,8,
23416626,0.01,-0.96888,1.49629,0,1249.34,-2959.63,2,2,8,0,8,
23416668,0.01,-0.96888,1.49629,0,1249.34,-2959.63,2,2,8,0,8,
23416707,0.01,-0.96888,1.49629,0,1249.34,-2959.63,2,2,8,0,8,
23416748,0.01,-0.96888,1.49629,0,1249.34,-2959.63,2,2,9,0,8,
23416793,0.01,-0.96888,1.49629,0,1374.27,-3255.6,2.2,2,9,0,8,
23416833,0.01,-0.96888,1.49629,0,1249.34,-2959.63,2,2,9,0,8,
23416872,0.01,-0.96888,1.49629,0,1249.34,-2959.63,2,2,9,0,8,
23416909,0.01,-0.96888,1.49629,0,1124.4,-2663.67,1.8,2,9,0,8,
23416947,0.01,-0.96888,1.49629,0,1249.34,-2959.63,2,2,9,0,8,
23416988,0.01,-0.96888,1.49629,0,1249.34,-2959.63,2,2,9,0,8,
23417028,0.01,-0.96888,1.49629,0,1249.34,-2959.63,2,2,9,0,8,
23417072,0.01,-0.96888,1.49629,0,1374.27,-3255.6,2.2,3,9,0,8,
23417121,0.01,-0.96888,1.49629,0,1499.2,-3551.56,2.4,3,9,0,8,
23417165,0.01,-0.96888,1.49629,0,1374.27,-3255.6,2.2,3,9,0,8,
23417209,0.01,-0.96888,1.49629,0,1374.27,-3255.6,2.2,3,9,0,8,
23417256,0.01,-0.96888,1.49993,0,1499.2,-3559.56,2.4,3,9,0,8,
23417309,0.0100499,-0.96888,1.49242,0,1624.14,-3839.78,2.6,3,9,0,8,
23417357,0.0100499,-0.96888,1.49242,0,1499.2,-3524.86,2.4,3,9,0,8,
23417405,1.47746,-0.96888,1.48493,0,1499.2,-3505.14,2.4,3,9,0,8,
23417453,0.02,-0.96888,1.47746,0,1499.2,-3493.61,2.4,3,9,0,8,
23417501,0.02,-0.96888,1.47371,0,1499.2,-3491.96,2.4,3,9,0,8,
23417549,0.02,-0.96888,1.47371,0,1499.2,-3483.63,2.4,3,9,0,8,
23417593,0.02,-0.96888,1.46992,0,1374.27,-3175.91,2.2,3,9,0,8,
23417641,0.02,-0.96888,1.4619,0,1499.2,-3329.85,2.4,3,9,0,8,
23417688,0.02,-0.96888,1.40239,0,1499.2,-3278.91,2.4,3,9,0,8,
23417733,0.02,-0.96888,1.39114,0,1374.27,-2978.64,2.2,3,9,0,8,
23417781,0.02,-0.96888,1.37978,0,1499.2,-3194.63,2.4,3,9,0,8,
23417828,0.02,-0.96888,1.34231,0,1499.2,-3148.37,2.4,3,9,0,8,
23417869,0.01995,-0.96888,1.32356,0,1249.34,-2583.76,2,3,9,0,8,
23417921,0.01995,-0.96888,1.32356,0,1624.14,-3308.52,2.6,3,9,0,8,
23417965,0.015,-0.96888,1.30121,0,1374.27,-2785.16,2.2,3,9,0,8,
23418013,0.015,-0.96888,1.30121,0,1499.2,-3036.56,2.4,3,9,0,8,
23418053,0.015,-0.96888,1.30121,0,1249.34,-2530.47,2,3,9,0,8,
23418093,0.015,-0.96888,1.30121,0,1249.34,-2530.47,2,3,9,0,8,
23418136,0.015,-0.96888,1.30121,0,1374.27,-2783.51,2.2,3,9,0,8,
23418177,0.015,-0.96888,1.30121,0,1249.34,-2530.47,2,3,9,0,8,
23418229,0.015,-0.96888,1.30121,0,1624.14,-3289.61,2.6,3,9,0,8,
23418273,0.015,-0.96888,1.30121,0,1374.27,-2783.51,2.2,3,9,0,8,
23418317,0.015,-0.96888,1.30121,0,1374.27,-2783.51,2.2,3,9,0,8,
23418360,0.015,-0.96888,1.30121,0,1374.27,-2783.51,2.2,3,9,0,8,
23418401,0.015,-0.96888,1.30121,0,1249.34,-2530.47,2,3,9,0,8,
23418449,0.015,-0.96888,1.30121,0,1499.2,-3036.56,2.4,3,9,0,8,
23418493,0.015,-0.96888,1.30121,0,1374.27,-2783.51,2.2,3,9,0,8,
23418541,0.015,-0.96888,1.30121,0,1499.2,-3036.56,2.4,3,9,0,8,
23418585,0.015,-0.96888,1.30121,0,1374.27,-2783.51,2.2,3,9,0,8,
23418629,0.015,-0.96888,1.30121,0,1374.27,-2783.51,2.2,3,9,0,8,
23418677,0.015,-0.96888,1.30121,0,1499.2,-3036.56,2.4,3,9,0,8,
23418721,0.015,-0.96888,1.30121,0,1374.27,-2783.51,2.2,3,9,0,8,
23418769,0.015,-0.96888,1.30121,0,1499.2,-3036.56,2.4,3,9,0,8,
23418813,0.015,-0.96888,1.30121,0,1374.27,-2783.51,2.2,3,9,0,8,
23418857,0.015,-0.96888,1.30121,0,1374.27,-2783.51,2.2,3,9,0,8,
23418900,0.015,-0.96888,1.30121,0,1374.27,-2783.51,2.2,3,9,0,8,
23418948,0.015,-0.96888,1.30121,0,1499.2,-3036.56,2.4,3,9,0,8,
23418988,0.015,-0.96888,1.30121,0,1249.34,-2530.47,2,3,9,0,8,
23419029,0.015,-0.96888,1.30121,0,1249.34,-2530.47,2,3,9,0,8,
23419076,0.015,-0.96888,1.30121,0,1499.2,-3036.56,2.4,3,9,0,8,
23419121,0.015,-0.96888,1.30121,0,1374.27,-2783.51,2.2,3,9,0,8,
23419169,0.015,-0.96888,1.30121,0,1499.2,-3036.56,2.4,3,9,0,8,
23419213,0.015,-0.96888,1.30121,0,1374.27,-2783.51,2.2,3,9,0,8,
23419257,0.015,-0.96888,1.30121,0,1374.27,-2783.51,2.2,3,9,0,8,
23419301,0.015,-0.96888,1.30121,0,1374.27,-2783.51,2.2,3,9,0,8,
23419345,0.015,-0.96888,1.30121,0,1374.27,-2783.51,2.2,3,9,0,8,
23419389,0.015,-0.96888,1.30121,0,1374.27,-2783.51,2.2,3,9,0,8,
23419441,0.015,-0.96888,1.30121,0,1624.14,-3289.61,2.6,4,9,0,8,
23419492,0.015,-0.96888,1.30121,0,1624.14,-3289.61,2.6,4,9,0,8,
23419545,0.015,-0.96888,1.30121,0,1624.14,-3289.61,2.6,4,9,0,8,
23419601,0.015,-0.96888,1.30121,0,1749.07,-3542.65,2.8,4,9,0,8,
23419649,0.015,-0.96888,1.30121,0,1499.2,-3036.56,2.4,4,9,0,8,
23419689,0.015,-0.96888,1.30121,0,1249.34,-2530.47,2,4,9,0,8,
23419729,0.015,-0.96888,1.30121,0,1249.34,-2530.47,2,4,9,0,8,
23419772,0.015,-0.96888,1.30121,0,1374.27,-2783.51,2.2,4,9,0,8,
23419821,0.015,-0.96888,1.30121,0,1499.2,-3036.56,2.4,4,9,0,8,
23419872,0.015,-0.96888,1.30121,0,1624.14,-3289.61,2.6,4,9,0,8,
23419917,0.015,-0.96888,1.30121,0,1374.27,-2783.51,2.2,4,9,0,8,
23419965,0.015,-0.96888,1.30121,0,1499.2,-3036.56,2.4,4,9,0,8,
23420012,0.015,-0.96888,1.30121,0,1499.2,-3028.39,2.4,4,9,0,8,
23420057,0.01495,-0.96888,1.2975,0,1374.27,-2774.53,2.2,4,9,0,8,
23420109,0.01495,-0.96888,1.2975,0,1624.14,-3278.99,2.6,4,9,0,8,
23420153,0.01495,-0.96888,1.2975,0,1374.27,-2774.53,2.2,4,9,0,8,
23420197,0.01495,-0.96888,1.2975,0,1374.27,-2774.53,2.2,4,9,0,8,
23420245,0.01495,-0.96888,1.2975,0,1499.2,-3026.76,2.4,4,9,0,8,
23420289,0.01495,-0.96888,1.2975,0,1374.27,-2774.53,2.2,4,9,0,8,
23420333,0.01495,-0.96888,1.2975,0,1374.27,-2774.53,2.2,4,9,0,8,
23420377,0.01495,-0.96888,1.2975,0,1374.27,-2774.53,2.2,4,9,0,8,
23420429,0.01495,-0.96888,1.2975,0,1624.14,-3278.99,2.6,4,9,0,8,
23420473,0.01495,-0.96888,1.2975,0,1374.27,-2774.53,2.2,4,9,0,8,
23420513,0.01495,-0.96888,1.2975,0,1249.34,-2522.3,2,4,9,0,8,
23420561,0.01495,-0.96888,1.2975,0,1499.2,-3026.76,2.4,4,9,0,8,
23420608,0.01495,-0.96888,1.2975,0,1499.2,-3026.76,2.4,4,9,0,8,
23420649,0.00994995,-0.96888,1.2975,0,1249.34,-2522.45,2,4,9,0,8,
23420700,0.005,-0.96888,1.29757,0,1624.14,-3297.26,2.6,4,9,0,8,
23420749,0.005,-0.96888,1.30504,0,1499.2,-3055.73,2.4,4,9,0,8,
23420797,0.005,-0.96888,1.30879,0,1499.2,-3064.89,2.4,4,9,0,8,
23420841,0.005,-0.96888,1.31257,0,1374.27,-2825.79,2.2,4,9,0,8,
23420889,0.005,-0.96888,1.32004,0,1499.2,-3086.26,2.4,4,9,0,8,
23420933,0.005,-0.96888,1.32004,0,1374.27,-2829.07,2.2,4,9,0,8,
23420981,0.005,-0.96888,1.32004,0,1499.2,-3094.51,2.4,4,9,0,8,
23421020,0.005,-0.96888,1.32379,0,1249.34,-2580.13,2,4,9,0,8,
23421073,0.005,-0.96888,1.32379,0,1624.14,-3354.17,2.6,4,9,0,8,
23421117,0.005,-0.96888,1.32379,0,1374.27,-2838.15,2.2,4,9,0,8,
23421165,0.005,-0.96888,1.32379,0,1499.2,-3096.16,2.4,4,9,0,8,
23421208,0.005,-0.96888,1.32379,0,1374.27,-2838.15,2.2,4,9,0,8,
23421249,0.005,-0.96888,1.32379,0,1249.34,-2580.13,2,4,9,0,8,
23421293,0.005,-0.96888,1.32379,0,1374.27,-2838.15,2.2,4,9,0,8,
23421328,0.005,-0.96888,1.32379,0,1124.4,-2322.12,1.8,4,9,0,8,
23421368,0.005,-0.96888,1.32379,0,1249.34,-2580.13,2,4,9,0,8,
23421405,0.005,-0.96888,1.32379,0,1124.4,-2322.12,1.8,4,9,0,8,
23421449,0.005,-0.96888,1.32379,0,1374.27,-2838.15,2.2,4,9,0,8,
23421489,0.005,-0.96888,1.32754,0,1249.34,-2586.73,2,4,9,0,8,
23421529,0.005,-0.96888,1.32754,0,1249.34,-2588.38,2,4,9,0,8,
23421565,0.005,-0.96888,1.32754,0,1124.4,-2329.54,1.8,4,9,0,8,
23421601,0.005,-0.96888,1.32754,0,1124.4,-2329.54,1.8,4,9,0,8,
23421629,0.005,-0.96888,1.32754,0,874.535,-1811.87,1.4,4,9,0,8,
23421663,0.005,-0.96888,1.32754,0,1124.4,-2329.54,1.8,4,9,0,8,
23421696,0.005,-0.96888,1.32754,0,999.469,-2070.71,1.6,4,9,0,8,
23421735,0.005,-0.96888,1.32754,0,1249.34,-2588.38,2,4,9,0,8,
23421775,0.005,-0.96888,1.32754,0,1249.34,-2588.38,2,4,9,0,8,
23421815,0.005,-0.96888,1.32754,0,1249.34,-2588.38,2,4,9,0,8,
23421855,0.005,-0.96888,1.32754,0,1249.34,-2588.38,2,4,9,0,8,
23421895,0.005,-0.96888,1.32754,0,1249.34,-2588.38,2,4,9,0,8,
23421935,0.005,-0.96888,1.32754,0,1249.34,-2588.38,2,4,9,0,8,
23421974,0.005,-0.96888,1.32754,0,1249.34,-2588.38,2,4,9,0,8,
23422015,0.005,-0.96888,1.32754,0,1249.34,-2588.38,2,4,9,0,8,
23422055,0.005,-0.96888,1.32754,0,1249.34,-2588.38,2,4,9,0,8,
23422095,0.005,-0.96888,1.32754,0,1249.34,-2588.38,2,4,9,0,8,
23422135,0.005,-0.96888,1.32754,0,1249.34,-2588.38,2,4,9,0,8,
23422175,0.005,-0.96888,1.32754,0,1249.34,-2588.38,2,4,9,0,8,
23422215,0.005,-0.96888,1.32754,0,1249.34,-2588.38,2,4,9,0,8,
23422255,0.005,-0.96888,1.32754,0,1249.34,-2588.38,2,4,9,0,8,
23422294,0.005,-0.96888,1.32754,0,1249.34,-2588.38,2,4,9,0,8,
23422335,0.005,-0.96888,1.32754,0,1249.34,-2588.38,2,4,9,0,8,
23422375,0.005,-0.96888,1.32754,0,1249.34,-2588.38,2,4,9,0,8,
23422415,0.005,-0.96888,1.32754,0,1249.34,-2588.38,2,4,9,0,8,
23422455,0.005,-0.96888,1.33114,0,1249.34,-2589.97,2,4,9,0,8,
23422495,0.005,-0.96888,1.31996,0,1249.34,-2593.84,2,4,9,0,8,
23422535,0.005,-0.96888,1.31996,0,1249.34,-2571.72,2,4,9,0,8,
23422575,0.005,-0.96888,1.31246,0,1249.34,-2570.07,2,4,9,0,8,
23422615,0.005,-0.96888,1.31246,0,1249.34,-2555.22,2,4,9,0,8,
23422655,0.005,-0.96888,1.31246,0,1249.34,-2555.22,2,4,9,0,8,
23422695,0.005,-0.96888,1.31246,0,1249.34,-2555.22,2,4,9,0,8,
23422735,0.005,-0.96888,1.31246,0,1249.34,-2555.22,2,4,9,0,8,
23422775,0.005,-0.96888,1.31629,0,1249.34,-2554.46,2,4,9,0,8,
23422815,0.005,-0.96888,1.32011,0,1249.34,-2565.32,2,4,9,0,8,
23422855,0.005,-0.96888,1.33133,0,1249.34,-2576.98,2,4,9,0,8,
23422894,0.0050499,-0.96888,1.33875,0,1249.34,-2601.62,2,4,9,0,8,
23422935,0.01,-0.96888,1.34254,0,1249.34,-2613.07,2,4,9,0,8,
23422975,0.0100499,-0.96888,1.35,0,1249.34,-2623.03,2,4,9,0,8,
23423015,0.0150499,-0.96888,1.36125,0,1249.34,-2640.3,2,4,9,0,8,
23423055,0.0200499,-0.96888,1.38379,0,1249.34,-2667.56,2,4,9,0,8,
23423095,0.025,-0.96888,1.38754,0,1249.34,-2713.78,2,4,9,0,8,
23423135,0.025,-0.96888,1.38754,0,1249.34,-2720.38,2,4,9,0,8,
23423175,0.025,-0.96888,1.38754,0,1249.34,-2720.38,2,4,9,0,8,
23423214,0.025,-0.96888,1.38754,0,1249.34,-2720.38,2,4,9,0,8,
23423255,0.025,-0.96888,1.38754,0,1249.34,-2720.38,2,4,9,0,8,
23423295,0.025,-0.96888,1.38754,0,1249.34,-2720.38,2,4,9,0,8,
23423335,0.025,-0.96888,1.38754,0,1249.34,-2720.38,2,4,9,0,8,
23423375,0.01495,-0.96888,1.41769,0,1249.34,-2727.89,2,4,9,0,8,
23423415,0.00974991,-0.96888,1.43685,0,1249.34,-2795.14,2,4,9,0,8,
23423455,0.00974991,-0.96888,1.43685,0,1249.34,-2828.87,2,4,9,0,8,
23423495,0.00974991,-0.96888,1.43685,0,1249.34,-2828.87,2,4,9,0,8,
23423534,0.00974991,-0.96888,1.43685,0,1249.34,-2828.87,2,4,9,0,8,
23423575,0.00974991,-0.96888,1.43685,0,1249.34,-2828.87,2,4,9,0,8,
23423615,0.00974991,-0.96888,1.43685,0,1249.34,-2828.87,2,4,9,0,8,
23423655,-0.01505,-0.96888,1.49629,0,1249.34,-2855.02,2,4,9,0,8,
23423695,-0.02,-0.96888,1.49996,0,1249.34,-2962.06,2,4,9,0,8,
23423735,-0.02,-0.96888,1.49996,0,1249.34,-2967.72,2,4,9,0,8,
23423775,-0.02,-0.96888,1.49621,0,1249.34,-2964.42,2,4,9,0,8,
23423815,-0.02,-0.96888,1.49621,0,1249.34,-2959.47,2,4,9,0,8,
23423854,-0.02,-0.96888,1.49621,0,1249.34,-2959.47,2,4,9,0,8,
23423895,-0.02,-0.96888,1.49621,0,1249.34,-2959.47,2,4,9,0,8,
23423935,-0.02,-0.96888,1.49621,0,1249.34,-2959.47,2,4,9,0,8,
23423975,-0.02,-0.96888,1.49621,0,1249.34,-2959.47,2,4,9,0,8,
23424015,-0.02,-0.96888,1.49621,0,1249.34,-2959.47,2,4,9,0,8,
23424055,-0.02,-0.96888,1.49621,0,1249.34,-2959.47,2,4,9,0,8,
23424095,-0.02,-0.96888,1.49621,0,1249.34,-2959.47,2,4,9,0,8,
23424135,-0.02,-0.96888,1.49621,0,1249.34,-2959.47,2,4,9,0,8,
23424174,-0.02,-0.96888,1.49621,0,1249.34,-2959.47,2,4,9,0,8,
23424215,-0.02,-0.96888,1.49621,0,1249.34,-2959.47,2,4,9,0,8,
23424255,-0.02,-0.96888,1.49621,0,1249.34,-2959.47,2,4,9,0,8,
23424295,-0.02,-0.96888,1.49621,0,1249.34,-2959.47,2,4,9,0,8,
23424335,-0.02,-0.96888,1.49621,0,1249.34,-2959.47,2,4,9,0,8,
23424375,-0.02,-0.96888,1.49621,0,1249.34,-2959.47,2,4,9,0,8,
23424415,-0.02,-0.96888,1.49254,0,1249.34,-2955.42,2,4,9,0,8,
23424455,-0.02,-0.96888,1.49629,0,1249.34,-2955.51,2,4,9,0,8,
23424495,-0.02,-0.96888,1.49629,0,1249.34,-2959.63,2,4,9,0,8,
23424535,-0.02,-0.96888,1.49629,0,1249.34,-2959.63,2,4,9,0,8,
23424575,-0.02,-0.96888,1.49629,0,1249.34,-2959.63,2,4,9,0,8,
23424615,-0.02,-0.96888,1.49629,0,1249.34,-2959.63,2,4,9,0,8,
23424655,-0.02,-0.96888,1.49629,0,1249.34,-2959.63,2,4,9,0,8,
23424695,-0.02,-0.96888,1.49629,0,1249.34,-2959.63,2,4,9,0,8,
23424735,-0.02,-0.96888,1.49629,0,1249.34,-2959.63,2,4,9,0,8,
23424774,-0.02,-0.96888,1.49629,0,1249.34,-2959.63,2,4,9,0,8,
23424815,-0.02,-0.96888,1.49629,0,1249.34,-2959.63,2,4,9,0,8,
23424855,-0.02,-0.96888,1.49629,0,1249.34,-2959.63,2,4,9,0,8,
23424895,-0.02,-0.96888,1.49629,0,1249.34,-2959.63,2,4,9,0,8,
23424935,-0.02,-0.96888,1.49629,0,1249.34,-2959.63,2,4,9,0,8,
23424975,-0.02,-0.96888,1.49629,0,1249.34,-2959.63,2,4,9,0,8,
23425015,-0.02,-0.96888,1.49629,0,1249.34,-2959.63,2,4,9,0,8,
23425055,-0.02,-0.96888,1.49629,0,1249.34,-2959.63,2,4,9,0,8,
23425094,-0.02,-0.96888,1.49629,0,1249.34,-2959.63,2,4,9,0,8,
23425135,-0.02,-0.96888,1.49629,0,1249.34,-2959.63,2,4,9,0,8,
23425175,-0.02,-0.96888,1.49629,0,1249.34,-2959.63,2,4,9,0,8,
23425215,-0.02,-0.96888,1.49629,0,1249.34,-2959.63,2,4,9,0,8,
23425255,-0.02,-0.96888,1.49629,0,1249.34,-2959.63,2,4,9,0,8,
23425295,-0.02,-0.96888,1.49629,0,1249.34,-2959.63,2,4,9,0,8,
23425335,-0.02,-0.96888,1.49629,0,1249.34,-2959.63,2,4,9,0,8,
23425375,-0.02,-0.96888,1.49629,0,1249.34,-2959.63,2,4,9,0,8,
23425414,-0.02,-0.96888,1.5,0,1249.34,-2959.63,2,4,9,0,8,
23425455,-0.02,-0.96888,1.49621,0,1249.34,-2967.76,2,4,9,0,8,
23425495,-0.02,-0.96888,1.49246,0,1249.34,-2957.82,2,4,9,0,8,
23425535,-0.02,-0.96888,1.48496,0,1249.34,-2948.74,2,4,9,0,8,
23425575,-0.02,-0.96888,1.48121,0,1249.34,-2930.59,2,4,9,0,8,
23425615,-0.02,-0.96888,1.48121,0,1249.34,-2926.47,2,4,9,0,8,
23425655,-0.02,-0.96888,1.48121,0,1249.34,-2926.47,2,4,9,0,8,
23425695,-0.02,-0.96888,1.47371,0,1249.34,-2921.52,2,4,9,0,8,
23425734,-0.02,-0.96888,1.47371,0,1249.34,-2909.97,2,4,9,0,8,
23425775,-0.02,-0.96888,1.46996,0,1249.34,-2905.84,2,4,9,0,8,
23425815,-0.02,-0.96888,1.46996,0,1249.34,-2901.72,2,4,9,0,8,
23425855,-0.02,-0.96888,1.46996,0,1249.34,-2901.72,2,4,9,0,8,
23425895,-0.02,-0.96888,1.46996,0,1249.34,-2901.72,2,4,9,0,8,
23425935,-0.02,-0.96888,1.47004,0,1249.34,-2898.5,2,4,9,0,8,
23425975,-0.02,-0.96888,1.47754,0,1249.34,-2906.83,2,4,9,0,8,
23426015,-0.02,-0.96888,1.48129,0,1249.34,-2919.21,2,4,9,0,8,
23426054,-0.02,-0.96888,1.48504,0,1249.34,-2928.28,2,4,9,0,8,
23426095,-0.02,-0.96888,1.48504,0,1249.34,-2934.88,2,4,9,0,8,
23426135,-0.02,-0.96888,1.48504,0,1249.34,-2934.88,2,4,9,0,8,
23426175,-0.02,-0.96888,1.48504,0,1249.34,-2934.88,2,4,9,0,8,
23426215,-0.02,-0.96888,1.48504,0,1249.34,-2934.88,2,4,9,0,8,
23426255,-0.02,-0.96888,1.48504,0,1249.34,-2934.88,2,4,9,0,8,
23426295,-0.02,-0.96888,1.48504,0,1249.34,-2934.88,2,4,9,0,8,
23426335,-0.02,-0.96888,1.48504,0,1249.34,-2934.88,2,4,9,0,8,
23426375,-0.02,-0.96888,1.48504,0,1249.34,-2934.88,2,4,9,0,8,
23426415,-0.02,-0.96888,1.48504,0,1249.34,-2934.88,2,4,9,0,8,
23426455,-0.02,-0.96888,1.48504,0,1249.34,-2934.88,2,4,9,0,8,
23426495,-0.02,-0.96888,1.48504,0,1249.34,-2934.88,2,4,9,0,8,
23426535,-0.02,-0.96888,1.48504,0,1249.34,-2934.88,2,4,9,0,8,
23426575,-0.02,-0.96888,1.48504,0,1249.34,-2934.88,2,4,9,0,8,
23426615,-0.02,-0.96888,1.48504,0,1249.34,-2934.88,2,4,9,0,8,
23426654,-0.02,-0.96888,1.48504,0,1249.34,-2934.88,2,4,9,0,8,
23426695,-0.02,-0.96888,1.48504,0,1249.34,-2934.88,2,4,9,0,8,
23426735,-0.02,-0.96888,1.48504,0,1249.34,-2934.88,2,4,9,0,8,
23426775,-0.02,-0.96888,1.48504,0,1249.34,-2934.88,2,4,9,0,8,
23426815,-0.02,-0.96888,1.48504,0,1249.34,-2934.88,2,4,9,0,8,
23426855,-0.02,-0.96888,1.48504,0,1249.34,-2934.88,2,4,9,0,8,
23426895,-0.02,-0.96888,1.48504,0,1249.34,-2934.88,2,4,9,0,8,
23426935,-0.02,-0.96888,1.48504,0,1249.34,-2934.88,2,4,9,0,8,
23426974,-0.02,-0.96888,1.48504,0,1249.34,-2934.88,2,4,9,0,8,
23427015,-0.02,-0.96888,1.48504,0,1249.34,-2934.88,2,4,9,0,8,
23427055,-0.02,-0.96888,1.48504,0,1249.34,-2934.88,2,4,9,0,8,
23427095,-0.02,-0.96888,1.48504,0,1249.34,-2934.88,2,4,9,0,8,
23427136,-0.02,-0.96888,1.48504,0,1249.34,-2934.88,2,4,10,0,8,
23427175,-0.02,-0.96888,1.48504,0,1249.34,-2934.88,2,4,10,0,8,
23427215,-0.02,-0.96888,1.48504,0,1249.34,-2934.88,2,4,10,0,8,
23427255,-0.02,-0.96888,1.48504,0,1249.34,-2934.88,2,4,10,0,8,
23427294,-0.02,-0.96888,1.48504,0,1249.34,-2934.88,2,4,10,0,8,
23427336,-0.02,-0.96888,1.48504,0,1249.34,-2934.88,2,4,10,0,8,
23427375,-0.02,-0.96888,1.48504,0,1249.34,-2934.88,2,4,10,0,8,
23427416,-0.02,-0.96888,1.48504,0,1249.34,-2934.88,2,4,10,0,8,
23427455,-0.02,-0.96888,1.48504,0,1249.34,-2934.88,2,4,10,0,8,
23427495,-0.02,-0.96888,1.48504,0,1249.34,-2934.88,2,4,10,0,8,
23427535,-0.02,-0.96888,1.48504,0,1249.34,-2934.88,2,4,10,0,8,
23427575,-0.02,-0.96888,1.48504,0,1249.34,-2934.88,2,4,10,0,8,
23427615,-0.02,-0.96888,1.48504,0,1249.34,-2934.88,2,4,10,0,8,
23427656,-0.02,-0.96888,1.48504,0,1249.34,-2934.88,2,4,10,0,8,
23427696,-0.02,-0.96888,1.48504,0,1249.34,-2934.88,2,4,10,0,8,
23427735,-0.02,-0.96888,1.48504,0,1249.34,-2934.88,2,4,10,0,8,
23427775,-0.02,-0.96888,1.48504,0,1249.34,-2934.88,2,4,10,0,8,
23427816,-0.02,-0.96888,1.48504,0,1249.34,-2934.88,2,4,10,0,8,
23427855,-0.02,-0.96888,1.48504,0,1249.34,-2934.88,2,4,10,0,8,
23427896,-0.02,-0.96888,1.48504,0,1249.34,-2934.88,2,4,10,0,8,
23427935,-0.02,-0.96888,1.48504,0,1249.34,-2934.88,2,4,10,0,8,
23427976,-0.02,-0.96888,1.48504,0,1249.34,-2934.88,2,4,10,0,8,
23428016,-0.02,-0.96888,1.48504,0,1249.34,-2934.88,2,4,10,0,8,
23428055,-0.02,-0.96888,1.48504,0,1249.34,-2934.88,2,4,10,0,8,
23428095,-0.02,-0.96888,1.48504,0,1249.34,-2934.88,2,4,10,0,8,
23428136,-0.02,-0.96888,1.48504,0,1249.34,-2934.88,2,4,10,0,8,
23428175,-0.02,-0.96888,1.48504,0,1249.34,-2934.88,2,4,10,0,8,
23428216,-0.02,-0.96888,1.48504,0,1249.34,-2934.88,2,4,10,0,8,
23428255,-0.02,-0.96888,1.48504,0,1249.34,-2934.88,2,4,10,0,8,
23428296,-0.02,-0.96888,1.48504,0,1249.34,-2934.88,2,4,10,0,8,
23428335,-0.02,-0.96888,1.48504,0,1249.34,-2934.88,2,4,10,0,8,
23428375,-0.02,-0.96888,1.48504,0,1249.34,-2934.88,2,4,10,0,8,
23428416,-0.02,-0.96888,1.49629,0,1249.34,-2938.19,2,4,10,0,8,
23428456,-0.02,-0.96888,1.49629,0,1249.34,-2959.63,2,4,10,0,8,
23428496,-0.02,-0.96888,1.49629,0,1249.34,-2959.63,2,4,10,0,8,
23428535,-0.02,-0.96888,1.49629,0,1249.34,-2959.63,2,4,10,0,8,
23428575,-0.02,-0.96888,1.49629,0,1249.34,-2959.63,2,4,10,0,8,
23428616,-0.02,-0.96888,1.49629,0,1249.34,-2959.63,2,4,10,0,8,
23428656,-0.02,-0.96888,1.49629,0,1249.34,-2959.63,2,4,10,0,8,
23428695,-0.02,-0.96888,1.49629,0,1249.34,-2959.63,2,4,10,0,8,
23428735,-0.02,-0.96888,1.49629,0,1249.34,-2959.63,2,4,10,0,8,
23428775,-0.02,-0.96888,1.49629,0,1249.34,-2959.63,2,4,10,0,8,
23428816,-0.02,-0.96888,1.49629,0,1249.34,-2959.63,2,4,10,0,8,
23428854,-0.02,-0.96888,1.49629,0,1249.34,-2959.63,2,4,10,0,8,
23428895,-0.02,-0.96888,1.49629,0,1249.34,-2959.63,2,4,10,0,8,
23428935,-0.02,-0.96888,1.49629,0,1249.34,-2959.63,2,4,10,0,8,
23428975,-0.02,-0.96888,1.49629,0,1249.34,-2959.63,2,4,10,0,8,
23429015,-0.02,-0.96888,1.49629,0,1249.34,-2959.63,2,4,10,0,8,
23429055,-0.02,-0.96888,1.49629,0,1249.34,-2959.63,2,4,10,0,8,
23429095,-0.02,-0.96888,1.49629,0,1249.34,-2959.63,2,4,10,0,8,
23429135,-0.02,-0.96888,1.49629,0,1249.34,-2959.63,2,4,10,0,8,
23429174,-0.02,-0.96888,1.49629,0,1249.34,-2959.63,2,4,10,0,8,
23429215,-0.02,-0.96888,1.49629,0,1249.34,-2959.63,2,4,10,0,8,
23429255,-0.02,-0.96888,1.49629,0,1249.34,-2959.63,2,4,10,0,8,
23429296,-0.02,-0.96888,1.49629,0,1249.34,-2959.63,2,5,10,0,8,
23429335,-0.02,-0.96888,1.49629,0,1249.34,-2959.63,2,5,10,0,8,
23429375,-0.02,-0.96888,1.49629,0,1249.34,-2959.63,2,5,10,0,8,
23429416,-0.02,-0.96888,1.49629,0,1249.34,-2959.63,2,5,10,0,8,
23429456,-0.02,-0.96888,1.49629,0,1249.34,-2959.63,2,5,10,0,8,
23429494,-0.02,-0.96888,1.49629,0,1249.34,-2959.63,2,5,10,0,8,
23429535,-0.02,-0.96888,1.49629,0,1249.34,-2959.63,2,5,10,0,8,
23429575,-0.02,-0.96888,1.49629,0,1249.34,-2959.63,2,5,10,0,8,
23429615,-0.02,-0.96888,1.49629,0,1249.34,-2959.63,2,5,10,0,8,
23429655,-0.02,-0.96888,1.49629,0,1249.34,-2959.63,2,5,10,0,8,
23429695,-0.02,-0.96888,1.49629,0,1249.34,-2959.63,2,5,10,0,8,
23429735,-0.02,-0.96888,1.49629,0,1249.34,-2959.63,2,5,10,0,9,
23429776,-0.02,-0.96888,1.49629,0,1249.34,-2959.63,2,5,10,0,9,
23429815,-0.02,-0.96888,1.49629,0,1249.34,-2959.63,2,5,10,0,9,
23429856,-0.02,-0.96888,1.49629,0,1249.34,-2959.63,2,5,10,0,9,
23429896,-0.02,-0.96888,1.49629,0,1249.34,-2959.63,2,5,10,0,9,
23429936,-0.02,-0.96888,1.49629,0,1249.34,-2959.63,2,5,10,0,9,
23429976,-0.02,-0.96888,1.49629,0,1249.34,-2959.63,2,5,10,0,9,
23430016,-0.02,-0.96888,1.49629,0,1249.34,-2959.63,2,5,10,0,9,
23430056,-0.02,-0.96888,1.49629,0,1249.34,-2959.63,2,5,10,0,9,
23430096,-0.02,-0.96888,1.49629,0,1249.34,-2959.63,2,5,10,0,9,
23430141,-0.02,-0.96888,1.49629,0,1374.27,-3255.6,2.2,5,10,0,9,
23430177,-0.02,-0.96888,1.49629,0,1124.4,-2663.67,1.8,5,10,0,9,
23430217,-0.02,-0.96888,1.49629,0,1249.34,-2959.63,2,5,10,0,9,
23430256,-0.02,-0.96888,1.49629,0,1249.34,-2959.63,2,5,10,0,9,
23430296,-0.02,-0.96888,1.49629,0,1249.34,-2959.63,2,5,10,0,9,
23430337,-0.02,-0.96888,1.49629,0,1249.34,-2959.63,2,5,10,0,9,
23430381,-0.02,-0.96888,1.49629,0,1374.27,-3255.6,2.2,5,10,0,9,
23430420,-0.0199501,-0.96888,1.5,0,1249.34,-2966.17,2,5,10,0,9,
23430461,-0.0199501,-0.96888,1.5,0,1249.34,-2967.8,2,5,10,0,9,
23430501,-0.0199501,-0.96888,1.5,0,1249.34,-2967.8,2,5,10,0,9,
23430544,-0.015,-0.96888,1.49996,0,1374.27,-3264.51,2.2,5,10,0,9,
23430584,-0.015,-0.96888,1.49621,0,1249.34,-2960.29,2,5,10,0,9,
23430625,-0.015,-0.96888,1.49621,0,1249.34,-2959.47,2,6,10,0,9,
23430672,-0.015,-0.96888,1.49621,0,1499.2,-3551.36,2.4,6,10,0,9,
23430721,-0.015,-0.96888,1.49621,0,1499.2,-3551.36,2.4,6,10,0,9,
23430772,-0.015,-0.96888,1.49621,0,1624.14,-3847.31,2.6,6,10,0,9,
23430824,-0.015,-0.96888,1.49246,0,1624.14,-3837.41,2.6,6,10,0,9,
23430876,-0.015,-0.96888,1.49246,0,1624.14,-3826.68,2.6,6,10,0,9,
23430925,-0.015,-0.96888,1.48871,0,1499.2,-3531.56,2.4,6,10,0,9,
23430969,-0.015,-0.96888,1.48871,0,1374.27,-3237.26,2.2,6,10,0,9,
23431017,-0.015,-0.96888,1.48871,0,1499.2,-3531.56,2.4,6,10,0,9,
23431080,-0.015,-0.96888,1.48871,0,1998.94,-4708.75,3.2,6,10,0,9,
23431121,-0.015,-0.96888,1.48871,0,1249.34,-2935.69,2,6,10,0,9,
23431169,-0.015,-0.96888,1.48504,0,1499.2,-3530.11,2.4,6,10,0,9,
23431220,-0.015,-0.96888,1.48879,0,1624.14,-3835.24,2.6,6,10,0,9,
23431257,-0.015,-0.96888,1.49257,0,1124.4,-2656.32,1.8,7,10,0,9,
23431297,-0.015,-0.96888,1.49257,0,1249.34,-2951.46,2,7,10,0,9,
23431345,-0.015,-0.96888,1.49257,0,1499.2,-3541.76,2.4,7,10,0,9,
23431401,-0.015,-0.96888,1.49257,0,1749.07,-4132.05,2.8,7,10,0,9,
23431449,-0.015,-0.96888,1.49257,0,1499.2,-3541.76,2.4,7,10,0,9,
23431500,-0.015,-0.96888,1.49257,0,1624.14,-3836.9,2.6,7,10,0,9,
23431548,-0.015,-0.96888,1.49257,0,1499.2,-3541.76,2.4,7,10,0,9,
23431596,-0.015,-0.96888,1.49257,0,1499.2,-3541.76,2.4,7,10,0,9,
23431645,-0.015,-0.96888,1.49257,0,1499.2,-3541.76,2.4,7,10,0,9,
23431691,-0.015,-0.96888,1.49257,0,1499.2,-3541.76,2.4,7,10,0,9,
23431739,-0.015,-0.96888,1.49257,0,1499.2,-3541.76,2.4,7,10,0,9,
23431784,-0.015,-0.96888,1.49257,0,1374.27,-3246.61,2.2,7,10,0,9,
23431829,-0.015,-0.96888,1.49257,0,1374.27,-3246.61,2.2,7,10,0,9,
23431872,-0.015,-0.96888,1.49257,0,1374.27,-3246.61,2.2,7,10,0,9,
23431917,-0.015,-0.96888,1.49257,0,1374.27,-3246.61,2.2,7,10,0,9,
23431961,-0.015,-0.96888,1.49257,0,1374.27,-3246.61,2.2,7,10,0,9,
23432003,-0.015,-0.96888,1.49257,0,1374.27,-3246.61,2.2,7,10,0,9,
23432052,-0.015,-0.96888,1.49257,0,1499.2,-3541.76,2.4,7,10,0,9,
23432097,-0.015,-0.96888,1.49257,0,1374.27,-3246.61,2.2,7,10,0,9,
23432144,-0.015,-0.96888,1.49257,0,1499.2,-3541.76,2.4,7,10,0,9,
23432189,-0.015,-0.96888,1.49257,0,1374.27,-3246.61,2.2,7,10,0,9,
23432237,-0.015,-0.96888,1.49257,0,1499.2,-3541.76,2.4,7,10,0,9,
23432281,-0.015,-0.96888,1.49257,0,1374.27,-3246.61,2.2,7,10,0,9,
23432333,-0.015,-0.96888,1.49257,0,1624.14,-3836.9,2.6,7,10,0,9,
23432380,-0.015,-0.96888,1.49257,0,1499.2,-3541.76,2.4,7,10,0,9,
23432425,-0.015,-0.96888,1.49257,0,1374.27,-3246.61,2.2,7,10,0,9,
23432477,-0.015,-0.96888,1.49257,0,1624.14,-3836.9,2.6,7,10,0,9,
23432524,-0.015,-0.96888,1.49257,0,1499.2,-3541.76,2.4,7,10,0,9,
23432569,-0.015,-0.96888,1.49257,0,1374.27,-3246.61,2.2,7,10,0,9,
23432619,-0.015,-0.96888,1.49257,0,1624.14,-3836.9,2.6,7,10,0,9,
23432664,-0.015,-0.96888,1.49257,0,1374.27,-3246.61,2.2,7,10,0,9,
23432712,-0.015,-0.96888,1.49257,0,1374.27,-3246.61,2.2,7,10,0,9,
23432756,-0.015,-0.96888,1.49257,0,1499.2,-3541.76,2.4,7,10,0,9,
23432804,-0.015,-0.96888,1.49257,0,1374.27,-3246.61,2.2,7,10,0,9,
23432849,-0.015,-0.96888,1.49257,0,1499.2,-3541.76,2.4,7,10,0,9,
23432894,-0.015,-0.96888,1.49257,0,1374.27,-3246.61,2.2,7,10,0,9,
23432940,-0.015,-0.96888,1.49257,0,1499.2,-3541.76,2.4,7,10,0,9,
23432985,-0.015,-0.96888,1.49257,0,1374.27,-3246.61,2.2,7,10,0,9,
23433032,-0.015,-0.96888,1.49257,0,1499.2,-3541.76,2.4,7,10,0,9,
23433081,-0.015,-0.96888,1.49257,0,1499.2,-3541.76,2.4,7,10,0,9,
23433125,-0.015,-0.96888,1.49257,0,1374.27,-3246.61,2.2,7,10,0,9,
23433172,-0.015,-0.96888,1.49257,0,1499.2,-3541.76,2.4,7,10,0,9,
23433217,-0.015,-0.96888,1.49257,0,1374.27,-3246.61,2.2,7,10,0,9,
23433269,-0.015,-0.96888,1.49257,0,1624.14,-3836.9,2.6,7,10,0,9,
23433316,-0.015,-0.96888,1.49257,0,1499.2,-3541.76,2.4,7,10,0,9,
23433361,-0.015,-0.96888,1.49257,0,1374.27,-3246.61,2.2,7,10,0,9,
23433409,-0.015,-0.96888,1.49257,0,1499.2,-3541.76,2.4,7,10,0,9,
23433456,-0.015,-0.96888,1.49257,0,1499.2,-3541.76,2.4,7,10,0,9,
23433501,-0.015,-0.96888,1.49257,0,1374.27,-3246.61,2.2,7,10,0,9,
23433549,-0.015,-0.96888,1.49257,0,1499.2,-3541.76,2.4,7,10,0,9,
23433597,-0.015,-0.96888,1.49257,0,1499.2,-3541.76,2.4,7,10,0,9,
23433649,-0.015,-0.96888,1.49257,0,1624.14,-3836.9,2.6,7,10,0,9,
23433692,-0.015,-0.96888,1.49257,0,1374.27,-3246.61,2.2,7,10,0,9,
23433740,-0.015,-0.96888,1.49257,0,1499.2,-3541.76,2.4,7,10,0,9,
23433788,-0.015,-0.96888,1.49257,0,1499.2,-3541.76,2.4,7,10,0,9,
23433824,-0.015,-0.96888,1.49257,0,1124.4,-2656.32,1.8,7,10,0,9,
23433857,-0.015,-0.96888,1.49257,0,999.469,-2361.17,1.6,7,10,0,9,
23433901,-0.015,-0.96888,1.49257,0,1374.27,-3246.61,2.2,7,10,0,9,
23433940,-0.015,-0.96888,1.49257,0,1249.34,-2951.46,2,7,10,0,9,
23433977,-0.015,-0.96888,1.49257,0,1124.4,-2656.32,1.8,7,10,0,9,
23434016,-0.015,-0.96888,1.49257,0,1249.34,-2951.46,2,7,10,0,9,
23434057,-0.015,-0.96888,1.49257,0,1249.34,-2951.46,2,7,10,0,9,
23434093,.149257,-0.96888,1.49257,0,1124.4,-2656.32,1.8,7,10,0,9,
23434137,-0.015,-0.96888,1.49257,0,1374.27,-3246.61,2.2,7,10,0,9,
23434176,-0.015,-0.96888,1.49257,0,1249.34,-2951.46,2,7,10,0,9,
23434217,-0.015,-0.96888,1.49257,0,1249.34,-2951.46,2,7,10,0,9,
23434256,-0.015,-0.96888,1.49257,0,1249.34,-2951.46,2,7,10,0,9,
23434293,-0.015,-0.96888,1.49257,0,1124.4,-2656.32,1.8,7,10,0,9,
23434332,-0.015,-0.96888,1.49257,0,1249.34,-2951.46,2,7,10,0,9,
23434372,-0.015,-0.96888,1.49257,0,1249.34,-2951.46,2,7,10,0,9,
23434409,-0.015,-0.96888,1.49257,0,1124.4,-2656.32,1.8,7,10,0,9,
23434452,-0.015,-0.96888,1.49257,0,1374.27,-3246.61,2.2,7,10,0,9,
23434489,-0.015,-0.96888,1.49257,0,1124.4,-2656.32,1.8,7,10,0,9,
23434529,-0.015,-0.96888,1.49257,0,1249.34,-2951.46,2,7,10,0,9,
23434569,-0.015,-0.96888,1.49257,0,1249.34,-2951.46,2,7,10,0,9,
23434605,-0.015,-0.96888,1.49257,0,1124.4,-2656.32,1.8,7,10,0,9,
23434645,-0.015,-0.96888,1.49257,0,1249.34,-2951.46,2,7,10,0,9,
23434681,-0.015,-0.96888,1.49257,0,1124.4,-2656.32,1.8,7,10,0,9,
23434721,-0.015,-0.96888,1.49257,0,1249.34,-2951.46,2,7,10,0,9,
23434760,-0.015,-0.96888,1.49257,0,1249.34,-2951.46,2,7,10,0,9,
23434800,-0.015,-0.96888,1.49257,0,1249.34,-2951.46,2,7,10,0,9,
23434836,-0.015,-0.96888,1.49257,0,1124.4,-2656.32,1.8,7,10,0,9,
23434873,-0.015,-0.96888,1.49257,0,1124.4,-2656.32,1.8,7,10,0,9,
23434912,-0.015,-0.96888,1.49257,0,1249.34,-2951.46,2,7,10,0,9,
23434952,-0.015,-0.96888,1.49257,0,1249.34,-2951.46,2,7,10,0,9,
23434989,-0.015,-0.96888,1.49257,0,1124.4,-2656.32,1.8,7,10,0,9,
23435033,-0.015,-0.96888,1.49257,0,1374.27,-3246.61,2.2,7,10,0,9,
23435072,-0.015,-0.96888,1.49257,0,1249.34,-2951.46,2,7,10,0,9,
23435107,-0.015,-0.96888,1.49257,0,1124.4,-2656.32,1.8,7,10,0,9,
23435146,-0.015,-0.96888,1.49257,0,1249.34,-2951.46,2,7,10,0,9,
23435187,-0.015,-0.96888,1.49257,0,1249.34,-2951.46,2,7,10,0,9,
23435227,-0.015,-0.96888,1.49257,0,1249.34,-2951.46,2,7,10,0,9,
23435267,-0.015,-0.96888,1.49257,0,1249.34,-2951.46,2,7,10,0,9,
23435307,-0.015,-0.96888,1.49257,0,1249.34,-2951.46,2,7,10,0,9,
23435347,-0.015,-0.96888,1.49257,0,1249.34,-2951.46,2,7,10,0,9,
23435388,-0.015,-0.96888,1.49257,0,1249.34,-2951.46,2,7,10,0,9,
23435427,-0.015,-0.96888,1.49257,0,1249.34,-2951.46,2,7,10,0,9,
23435467,-0.015,-0.96888,1.49257,0,1249.34,-2951.46,2,7,10,0,9,
23435507,-0.015,-0.96888,1.49257,0,1249.34,-2951.46,2,7,10,0,9,
23435548,-0.015,-0.96888,1.49257,0,1249.34,-2951.46,2,7,10,0,9,
23435587,-0.015,-0.96888,1.49257,0,1249.34,-2951.46,2,7,10,0,9,
23435628,-0.015,-0.96888,1.49257,0,1249.34,-2951.46,2,7,10,0,9,
23435667,-0.015,-0.96888,1.49257,0,1249.34,-2951.46,2,7,10,0,9,
23435708,-0.015,-0.96888,1.49257,0,1249.34,-2951.46,2,7,10,0,9,
23435746,-0.015,-0.96888,1.49257,0,1249.34,-2951.46,2,7,10,0,9,
23435787,-0.015,-0.96888,1.49257,0,1249.34,-2951.46,2,7,10,0,9,
23435827,-0.015,-0.96888,1.49257,0,1249.34,-2951.46,2,7,10,0,9,
23435868,-0.015,-0.96888,1.49257,0,1249.34,-2951.46,2,7,10,0,9,
23435907,-0.015,-0.96888,1.49257,0,1249.34,-2951.46,2,7,10,0,9,
23435947,-0.015,-0.96888,1.49257,0,1249.34,-2951.46,2,7,10,0,9,
23435987,-0.015,-0.96888,1.49257,0,1249.34,-2951.46,2,7,10,0,9,
23436027,-0.015,-0.96888,1.49257,0,1249.34,-2951.46,2,7,10,0,9,
23436066,-0.015,-0.96888,1.49257,0,1249.34,-2951.46,2,7,10,0,9,
23436107,-0.015,-0.96888,1.49257,0,1249.34,-2951.46,2,7,10,0,9,
23436148,-0.015,-0.96888,1.49257,0,1249.34,-2951.46,2,7,10,0,9,
23436188,-0.015,-0.96888,1.49257,0,1249.34,-2951.46,2,7,10,0,9,
23436227,-0.015,-0.96888,1.49257,0,1249.34,-2951.46,2,7,10,0,9,
23436267,-0.015,-0.96888,1.49257,0,1249.34,-2951.46,2,7,10,0,9,
23436307,-0.015,-0.96888,1.49257,0,1249.34,-2951.46,2,7,10,0,9,
23436347,-0.015,-0.96888,1.49257,0,1249.34,-2951.46,2,7,10,0,9,
23436386,-0.015,-0.96888,1.49257,0,1249.34,-2951.46,2,7,10,0,9,
23436427,-0.015,-0.96888,1.49257,0,1249.34,-2951.46,2,7,10,0,9,
23436467,-0.015,-0.96888,1.49257,0,1249.34,-2951.46,2,7,10,0,9,
23436507,-0.015,-0.96888,1.49257,0,1249.34,-2951.46,2,7,10,0,9,
23436547,-0.015,-0.96888,1.49257,0,1249.34,-2951.46,2,7,10,0,9,
23436587,-0.015,-0.96888,1.49257,0,1249.34,-2951.46,2,7,10,0,9,
23436627,-0.015,-0.96888,1.49257,0,1249.34,-2951.46,2,7,10,0,9,
23436667,-0.015,-0.96888,1.49257,0,1249.34,-2951.46,2,7,10,0,9,
23436706,-0.015,-0.96888,1.49257,0,1249.34,-2951.46,2,7,10,0,9,
23436748,-0.015,-0.96888,1.49257,0,1249.34,-2951.46,2,7,10,0,9,
23436787,-0.015,-0.96888,1.49257,0,1249.34,-2951.46,2,7,10,0,9,
23436828,-0.015,-0.96888,1.49257,0,1249.34,-2951.46,2,7,10,0,9,
23436867,-0.015,-0.96888,1.49257,0,1249.34,-2951.46,2,7,10,0,9,
23436907,-0.015,-0.96888,1.49257,0,1249.34,-2951.46,2,7,10,0,9,
23436947,-0.015,-0.96888,1.49257,0,1249.34,-2951.46,2,7,10,0,9,
23436988,-0.015,-0.96888,1.49257,0,1249.34,-2951.46,2,7,10,0,9,
23437027,-0.015,-0.96888,1.49257,0,1249.34,-2951.46,2,7,10,0,9,
23437067,-0.015,-0.96888,1.49257,0,1249.34,-2951.46,2,7,10,0,9,
23437107,-0.015,-0.96888,1.49257,0,1249.34,-2951.46,2,7,10,0,9,
23437147,-0.015,-0.96888,1.49257,0,1249.34,-2951.46,2,7,10,0,9,
23437187,-0.015,-0.96888,1.49257,0,1249.34,-2951.46,2,7,10,0,9,
23437228,-0.015,-0.96888,1.49257,0,1249.34,-2951.46,2,7,10,0,9,
23437267,-0.015,-0.96888,1.49257,0,1249.34,-2951.46,2,7,10,0,9,
23437307,-0.015,-0.96888,1.49257,0,1249.34,-2951.46,2,7,10,0,9,
23437347,-0.015,-0.96888,1.49257,0,1249.34,-2951.46,2,7,10,0,9,
23437387,-0.015,-0.96888,1.49257,0,1249.34,-2951.46,2,7,10,0,9,
23437427,-0.015,-0.96888,1.49257,0,1249.34,-2951.46,2,7,10,0,9,
23437468,-0.015,-0.96888,1.49257,0,1249.34,-2951.46,2,7,10,0,9,
23437507,-0.015,-0.96888,1.49257,0,1249.34,-2951.46,2,7,10,0,9,
23437547,-0.015,-0.96888,1.49257,0,1249.34,-2951.46,2,7,10,0,9,
23437587,-0.015,-0.96888,1.49257,0,1249.34,-2951.46,2,7,10,0,9,
23437627,-0.015,-0.96888,1.49257,0,1249.34,-2951.46,2,7,10,0,9,
23437667,-0.015,-0.96888,1.49257,0,1249.34,-2951.46,2,7,10,0,9,
23437707,-0.015,-0.96888,1.49257,0,1249.34,-2951.46,2,7,10,0,9,
23437747,-0.015,-0.96888,1.49257,0,1249.34,-2951.46,2,7,10,0,9,
23437788,-0.015,-0.96888,1.49257,0,1249.34,-2951.46,2,7,10,0,9,
23437827,-0.015,-0.96888,1.49257,0,1249.34,-2951.46,2,7,10,0,9,
23437867,-0.015,-0.96888,1.49257,0,1249.34,-2951.46,2,7,10,0,9,
23437907,-0.015,-0.96888,1.49257,0,1249.34,-2951.46,2,7,10,0,9,
23437946,-0.0147501,-0.96888,1.5,0,1249.34,-2959.63,2,7,10,0,9,
23437988,0.0100499,-0.96888,1.49625,0,1249.34,-2966.94,2,7,10,0,9,
23438028,0.0100499,-0.96888,1.49625,0,1249.34,-2959.55,2,7,10,0,9,
23438068,0.0100499,-0.96888,1.49625,0,1249.34,-2959.55,2,7,10,0,9,
23438107,0.015,-0.96888,1.49621,0,1249.34,-2959.48,2,7,10,0,9,
23438147,0.015,-0.96888,1.49621,0,1249.34,-2959.47,2,7,10,0,9,
23438187,0.015,-0.96888,1.49621,0,1249.34,-2959.47,2,7,10,0,9,
23438227,0.015,-0.96888,1.49621,0,1249.34,-2959.47,2,7,10,0,9,
23438266,0.015,-0.96888,1.49621,0,1249.34,-2959.47,2,7,10,0,9,
23438307,0.015,-0.96888,1.49621,0,1249.34,-2959.47,2,7,10,0,9,
23438347,0.015,-0.96888,1.49621,0,1249.34,-2959.47,2,7,10,0,9,
23438387,0.015,-0.96888,1.49621,0,1249.34,-2959.47,2,7,10,0,9,
23438427,0.015,-0.96888,1.49621,0,1249.34,-2959.47,2,7,10,0,9,
23438467,0.015,-0.96888,1.49621,0,1249.34,-2959.47,2,7,10,0,9,
23438507,0.015,-0.96888,1.49621,0,1249.34,-2959.47,2,7,10,0,9,
23438547,0.015,-0.96888,1.49246,0,1249.34,-2956.17,2,7,10,0,9,
23438586,0.015,-0.96888,1.49246,0,1249.34,-2951.22,2,7,10,0,9,
23438627,0.015,-0.96888,1.49246,0,1249.34,-2951.22,2,7,10,0,9,
23438668,0.015,-0.96888,1.49246,0,1249.34,-2951.22,2,7,10,0,9,
23438707,0.015,-0.96888,1.49246,0,1249.34,-2951.22,2,7,10,0,9,
23438747,0.015,-0.96888,1.49246,0,1249.34,-2951.22,2,7,10,0,9,
23438787,0.01495,-0.96888,1.485,0,1249.34,-2945.46,2,7,10,0,9,
23438827,0.01495,-0.96888,1.485,0,1249.34,-2934.8,2,7,10,0,9,
23438867,0.01495,-0.96888,1.485,0,1249.34,-2934.8,2,7,10,0,9,
23438906,0.01495,-0.96888,1.485,0,1249.34,-2934.8,2,7,10,0,9,
23438947,0.01495,-0.96888,1.485,0,1249.34,-2934.8,2,7,10,0,9,
23438987,0.00994995,-0.96888,1.485,0,1249.34,-2934.8,2,7,10,0,9,
23439028,0.00994995,-0.96888,1.485,0,1249.34,-2934.8,2,7,10,0,9,
23439068,0.005,-0.96888,1.48504,0,1249.34,-2934.83,2,7,10,0,9,
23439107,0.005,-0.96888,1.48504,0,1249.34,-2934.88,2,7,10,0,9,
23439147,0.005,-0.96888,1.48504,0,1249.34,-2934.88,2,7,10,0,9,
23439187,0.005,-0.96888,1.48504,0,1249.34,-2934.88,2,7,10,0,9,
23439227,0.005,-0.96888,1.48504,0,1249.34,-2934.88,2,7,10,0,9,
23439267,0.005,-0.96888,1.48504,0,1249.34,-2934.88,2,7,10,0,9,
23439307,0.005,-0.96888,1.48504,0,1249.34,-2934.88,2,7,10,0,9,
23439347,0.005,-0.96888,1.48504,0,1249.34,-2934.88,2,7,10,0,9,
23439387,0.005,-0.96888,1.48504,0,1249.34,-2934.88,2,7,10,0,9,
23439428,0.005,-0.96888,1.48504,0,1249.34,-2934.88,2,7,10,0,9,
23439468,0.005,-0.96888,1.48504,0,1249.34,-2934.88,2,7,10,0,9,
23439507,0.005,-0.96888,1.48504,0,1249.34,-2934.88,2,7,10,0,9,
23439547,0.005,-0.96888,1.48504,0,1249.34,-2934.88,2,7,10,0,9,
23439587,0.005,-0.96888,1.48504,0,1249.34,-2934.88,2,7,10,0,9,
23439627,0.005,-0.96888,1.48504,0,1249.34,-2934.88,2,7,10,0,9,
23439667,0.005,-0.96888,1.48504,0,1249.34,-2934.88,2,7,10,0,9,
23439707,0.005,-0.96888,1.48504,0,1249.34,-2934.88,2,7,10,0,9,
23439747,0.005,-0.96888,1.48504,0,1249.34,-2934.88,2,7,10,0,9,
23439787,0.005,-0.96888,1.48504,0,1249.34,-2934.88,2,7,10,0,9,
23439826,0.005,-0.96888,1.48504,0,1249.34,-2934.88,2,7,10,0,9,
23439868,0.005,-0.96888,1.48504,0,1249.34,-2934.88,2,7,10,0,9,
23439907,0.005,-0.96888,1.48504,0,1249.34,-2934.88,2,7,10,0,9,
23439947,0.005,-0.96888,1.48504,0,1249.34,-2934.88,2,7,10,0,9,
23439987,0.005,-0.96888,1.48504,0,1249.34,-2934.88,2,7,10,0,9,
23440028,0.005,-0.96888,1.48504,0,1249.34,-2934.88,2,7,10,0,9,
23440068,0.005,-0.96888,1.48504,0,1249.34,-2934.88,2,8,10,0,9,
23440108,0.005,-0.96888,1.48504,0,1249.34,-2934.88,2,8,10,0,9,
23440146,0.005,-0.96888,1.48504,0,1249.34,-2934.88,2,8,10,0,9,
23440188,0.005,-0.96888,1.48504,0,1249.34,-2934.88,2,8,10,0,9,
23440227,0.005,-0.96888,1.48504,0,1249.34,-2934.88,2,8,10,0,9,
23440267,0.005,-0.96888,1.48504,0,1249.34,-2934.88,2,8,10,0,9,
23440307,0.005,-0.96888,1.48504,0,1249.34,-2934.88,2,8,10,0,9,
23440348,0.005,-0.96888,1.48504,0,1249.34,-2934.88,2,8,10,0,9,
23440387,0.005,-0.96888,1.48504,0,1249.34,-2934.88,2,8,10,0,9,
23440428,0.005,-0.96888,1.48504,0,1249.34,-2934.88,2,8,10,0,9,
23440470,0.005,-0.96888,1.48504,0,1374.27,-3228.37,2.2,8,10,0,9,
23440508,0.005,-0.96888,1.48504,0,1124.4,-2641.39,1.8,8,10,0,9,
23440548,0.005,-0.96888,1.48504,0,1249.34,-2934.88,2,8,10,0,9,
23440587,0.005,-0.96888,1.48504,0,1249.34,-2934.88,2,8,10,0,9,
23440627,0.005,-0.96888,1.48504,0,1249.34,-2934.88,2,8,10,0,9,
23440668,0.005,-0.96888,1.48504,0,1249.34,-2934.88,2,8,10,0,9,
23440707,0.005,-0.96888,1.48504,0,1249.34,-2934.88,2,8,10,0,9,
23440747,0.005,-0.96888,1.48504,0,1249.34,-2934.88,2,8,10,0,9,
23440787,0.005,-0.96888,1.48504,0,1249.34,-2934.88,2,8,10,0,9,
23440828,0.005,-0.96888,1.48504,0,1249.34,-2934.88,2,8,10,0,9,
23440867,0.005,-0.96888,1.48504,0,1249.34,-2934.88,2,8,10,0,9,
23440907,0.005,-0.96888,1.48504,0,1249.34,-2934.88,2,8,10,0,9,
23440947,0.005,-0.96888,1.48504,0,1249.34,-2934.88,2,8,10,0,9,
23440987,0.005,-0.96888,1.48504,0,1249.34,-2934.88,2,8,10,0,9,
23441027,0.005,-0.96888,1.48504,0,1249.34,-2934.88,2,8,10,0,9,
23441067,0.005,-0.96888,1.48504,0,1249.34,-2934.88,2,8,10,0,9,
23441107,0.005,-0.96888,1.48504,0,1249.34,-2934.88,2,8,10,0,9,
23441147,0.005,-0.96888,1.48504,0,1249.34,-2934.88,2,8,10,0,9,
23441187,0.005,-0.96888,1.48504,0,1249.34,-2934.88,2,8,10,0,9,
23441227,0.005,-0.96888,1.48504,0,1249.34,-2934.88,2,8,10,0,9,
23441267,0.005,-0.96888,1.48504,0,1249.34,-2934.88,2,8,10,0,9,
23441307,0.005,-0.96888,1.48504,0,1249.34,-2934.88,2,8,10,0,9,
23441347,0.005,-0.96888,1.48504,0,1249.34,-2934.88,2,8,10,0,9,
23441388,0.005,-0.96888,1.48504,0,1249.34,-2934.88,2,8,10,0,9,
23441427,0.005,-0.96888,1.48504,0,1249.34,-2934.88,2,8,10,0,9,
23441468,0.005,-0.96888,1.48504,0,1249.34,-2934.88,2,8,10,0,9,
23441507,0.005,-0.96888,1.48504,0,1249.34,-2934.88,2,8,10,0,9,
23441547,0.005,-0.96888,1.48504,0,1249.34,-2934.88,2,8,10,0,9,
23441587,0.005,-0.96888,1.48504,0,1249.34,-2934.88,2,8,10,0,9,
23441628,0.005,-0.96888,1.48504,0,1249.34,-2934.88,2,8,10,0,9,
23441667,0.005,-0.96888,1.48504,0,1249.34,-2934.88,2,8,10,0,9,
23441706,0.005,-0.96888,1.48504,0,1249.34,-2934.88,2,8,10,0,9,
23441747,0.005,-0.96888,1.48504,0,1249.34,-2934.88,2,8,10,0,9,
23441788,0.005,-0.96888,1.48504,0,1249.34,-2934.88,2,8,10,0,9,
23441828,0.005,-0.96888,1.48879,0,1249.34,-2942.31,2,8,10,0,9,
23441867,0.005,-0.96888,1.48879,0,1249.34,-2943.13,2,8,10,0,9,
23441907,0.005,-0.96888,1.48879,0,1249.34,-2943.13,2,8,10,0,9,
23441947,0.005,-0.96888,1.48879,0,1249.34,-2943.13,2,8,10,0,9,
23441988,0.005,-0.96888,1.48879,0,1249.34,-2943.13,2,8,11,0,9,
23442026,0.005,-0.96888,1.48879,0,1249.34,-2943.13,2,8,11,0,9,
23442068,0.005,-0.96888,1.48879,0,1249.34,-2943.13,2,8,11,0,9,
23442108,0.005,-0.96888,1.48879,0,1249.34,-2943.13,2,8,11,0,9,
23442148,0.005,-0.96888,1.48879,0,1249.34,-2943.13,2,8,11,0,9,
23442188,0.005,-0.96888,1.48879,0,1249.34,-2943.13,2,8,11,0,9,
23442229,0.005,-0.96888,1.48879,0,1249.34,-2943.13,2,8,11,0,9,
23442269,0.005,-0.96888,1.48879,0,1249.34,-2943.13,2,8,11,0,9,
23442309,0.005,-0.96888,1.48879,0,1249.34,-2943.13,2,8,11,0,9,
23442355,0.005,-0.96888,1.48879,0,1499.2,-3531.76,2.4,8,11,0,9,
23442399,0.005,-0.96888,1.48879,0,1374.27,-3237.45,2.2,8,11,0,9,
23442436,0.005,-0.96888,1.48879,0,1124.4,-2648.82,1.8,8,11,0,9,
23442477,0.005,-0.96888,1.48879,0,1249.34,-2943.13,2,8,11,0,9,
23442521,0.005,-0.96888,1.48879,0,1374.27,-3237.45,2.2,9,11,0,9,
23442567,0.005,-0.96888,1.48879,0,1499.2,-3531.76,2.4,9,11,0,9,
23442612,0.005,-0.96888,1.48879,0,1374.27,-3237.45,2.2,9,11,0,9,
23442656,0.005,-0.96888,1.48879,0,1374.27,1.48845,2.2,9,11,0,9,
23442708,0.005,-0.96888,1.48879,0,1624.14,-3826.07,2.6,9,11,0,9,
23442756,0.005,-0.96888,1.48879,0,1499.2,-3531.76,2.4,9,11,0,9,
23442803,0.005,-0.96888,1.48879,0,1499.2,-3531.76,2.4,9,11,0,9,
23442846,0.005,-0.96888,1.48879,0,1249.34,-2943.13,2,9,11,0,9,
23442893,0.005,-0.96888,1.48879,0,1499.2,-3531.76,2.4,9,11,0,9,
23442937,0.005,-0.96888,1.48879,0,1374.27,-3237.45,2.2,9,11,0,9,
23442983,0.005,-0.96888,1.48879,0,1499.2,-3531.76,2.4,9,11,0,9,
23443029,0.005,-0.96888,1.48879,0,1374.27,-3237.45,2.2,9,11,0,9,
23443077,0.005,-0.96888,1.48879,0,1499.2,-3531.76,2.4,9,11,0,9,
23443124,0.005,-0.96888,1.48879,0,1499.2,-3531.76,2.4,9,11,0,9,
23443168,0.005,-0.96888,1.48879,0,1374.27,-3237.45,2.2,9,11,0,9,
23443213,0.005,-0.96888,1.48879,0,1374.27,-3237.45,2.2,9,11,0,9,
23443264,0.005,-0.96888,1.48879,0,1624.14,-3826.07,2.6,9,11,0,9,
23443308,0.005,-0.96888,1.48879,0,1374.27,-3237.45,2.2,9,11,0,9,
23443353,0.005,-0.96888,1.48879,0,1374.27,-3237.45,2.2,9,11,0,9,
23443405,0.005,-0.96888,1.48879,0,1624.14,-3826.07,2.6,10,11,0,9,
23443457,0.005,-0.96888,1.48879,0,1624.14,-3826.07,2.6,10,11,0,9,
23443511,0.005,-0.96888,1.48879,0,1749.07,-4120.39,2.8,10,11,0,9,
23443553,0.005,-0.96888,1.48879,0,1249.34,-2943.13,2,10,11,0,9,
23443604,0.005,-0.96888,1.48879,0,1624.14,-3826.07,2.6,10,11,0,9,
23443661,0.005,-0.96888,1.48879,0,1749.07,-4120.39,2.8,10,11,0,9,
23443713,0.005,-0.96888,1.48879,0,1624.14,-3826.07,2.6,10,11,0,9,
23443769,0.005,-0.96888,1.48879,0,1749.07,-4120.39,2.8,10,11,0,9,
23443821,0.005,-0.96888,1.48879,0,1624.14,-3826.07,2.6,10,11,0,9,
23443876,0.005,-0.96888,1.48879,0,1749.07,-4120.39,2.8,10,11,0,9,
23443929,0.005,-0.96888,1.48879,0,1624.14,-3826.07,2.6,10,11,0,9,
23443980,0.005,-0.96888,1.48879,0,1624.14,-3826.07,2.6,10,11,0,9,
23444037,0.005,-0.96888,1.48879,0,1749.07,-4120.39,2.8,10,11,0,9,
23444085,0.005,-0.96888,1.48879,0,1499.2,-3531.76,2.4,10,11,0,9,
23444133,0.005,-0.96888,1.48879,0,1499.2,-3531.76,2.4,10,11,0,9,
23444188,0.005,-0.96888,1.48879,0,1749.07,-4120.39,2.8,10,11,0,9,
23444236,0.005,-0.96888,1.48879,0,1499.2,-3531.76,2.4,10,11,0,9,
23444281,0.005,-0.96888,1.48879,0,1374.27,-3237.45,2.2,10,11,0,9,
23444332,0.005,-0.96888,1.48879,0,1624.14,-3826.07,2.6,10,11,0,9,
23444385,0.005,-0.96888,1.48879,0,1624.14,-3826.07,2.6,10,11,0,9,
23444432,0.005,-0.96888,1.48879,0,1499.2,-3531.76,2.4,10,11,0,9,
23444480,0.005,-0.96888,1.48879,0,1499.2,-3531.76,2.4,10,11,0,9,
23444524,0.005,-0.96888,1.48879,0,1374.27,-3237.45,2.2,10,11,0,9,
23444568,0.005,-0.96888,1.48879,0,1374.27,-3237.45,2.2,10,11,0,9,
23444612,0.005,-0.96888,1.48879,0,1374.27,-3237.45,2.2,10,11,0,9,
23444657,0.005,-0.96888,1.48879,0,1374.27,-3237.45,2.2,10,11,0,9,
23444704,0.005,-0.96888,1.48879,0,1499.2,-3531.76,2.4,10,11,0,9,
23444749,0.005,-0.96888,1.48879,0,1374.27,-3237.45,2.2,10,11,0,9,
23444797,0.005,-0.96888,1.48879,0,1499.2,-3531.76,2.4,10,11,0,9,
23444844,0.005,-0.96888,1.48879,0,1499.2,-3531.76,2.4,10,11,0,9,
23444893,0.005,-0.96888,1.48879,0,1499.2,-3531.76,2.4,10,11,0,9,
23444940,0.005,-0.96888,1.48879,0,1499.2,-3531.76,2.4,10,11,0,9,
23444984,0.005,-0.96888,1.48879,0,1374.27,-3237.45,2.2,10,11,0,9,
23445029,0.005,-0.96888,1.48879,0,1374.27,-3237.45,2.2,10,11,0,9,
23445077,0.005,-0.96888,1.48879,0,1499.2,-3531.76,2.4,10,11,0,9,
23445124,0.005,-0.96888,1.48879,0,1499.2,-3531.76,2.4,10,11,0,9,
23445167,0.005,-0.96888,1.48879,0,1374.27,-3237.45,2.2,10,11,0,9,
23445213,0.005,-0.96888,1.48879,0,1374.27,-3237.45,2.2,10,11,0,9,
23445260,0.005,-0.96888,1.48879,0,1499.2,-3531.76,2.4,10,11,0,9,
23445305,0.005,-0.96888,1.48879,0,1374.27,-3237.45,2.2,10,11,0,9,
23445345,0.005,-0.96888,1.48879,0,1249.34,-2943.13,2,10,11,0,9,
23445389,0.005,-0.96888,1.48879,0,1374.27,-3237.45,2.2,10,11,0,9,
23445437,0.005,-0.96888,1.48879,0,1499.2,-3531.76,2.4,10,11,0,9,
23445480,0.005,-0.96888,1.48879,0,1374.27,-3237.45,2.2,10,11,0,9,
23445528,0.005,-0.96888,1.48879,0,1499.2,-3531.76,2.4,10,11,0,9,
23445573,0.005,-0.96888,1.48879,0,1374.27,-3237.45,2.2,10,11,0,9,
23445620,0.005,-0.96888,1.48879,0,1499.2,-3531.76,2.4,10,11,0,9,
23445665,0.005,-0.96888,1.48879,0,1374.27,-3237.45,2.2,10,11,0,9,
23445712,0.005,-0.96888,1.48879,0,1499.2,-3531.76,2.4,10,11,0,9,
23445756,0.005,-0.96888,1.48879,0,1374.27,-3237.45,2.2,10,11,0,9,
23445802,0.005,-0.96888,1.48879,0,1499.2,-3531.76,2.4,10,11,0,9,
23445844,0.005,-0.96888,1.48879,0,1249.34,-2943.13,2,10,11,0,9,
23445889,0.005,-0.96888,1.48879,0,1374.27,-3237.45,2.2,10,11,0,9,
23445936,0.005,-0.96888,1.48879,0,1499.2,-3531.76,2.4,10,11,0,9,
23445981,0.005,-0.96888,1.48879,0,1374.27,-3237.45,2.2,10,11,0,9,
23446028,0.005,-0.96888,1.48879,0,1499.2,-3531.76,2.4,10,11,0,9,
23446073,0.005,-0.96888,1.48879,0,1374.27,-3237.45,2.2,10,11,0,9,
23446125,0.005,-0.96888,1.48879,0,1624.14,-3826.07,2.6,10,11,0,9,
23446169,0.005,-0.96888,1.48879,0,1374.27,-3237.45,2.2,10,11,0,9,
23446216,0.005,-0.96888,1.48879,0,1499.2,-3531.76,2.4,10,11,0,9,
23446261,0.005,-0.96888,1.48879,0,1374.27,-3237.45,2.2,10,11,0,9,
23446304,0.005,-0.96888,1.48879,0,1374.27,-3237.45,2.2,10,11,0,9,
23446349,0.005,-0.96888,1.48879,0,1374.27,-3237.45,2.2,10,11,0,9,
23446393,0.005,-0.96888,1.48879,0,1374.27,-3237.45,2.2,10,11,0,9,
23446445,0.005,-0.96888,1.48879,0,1624.14,-3826.07,2.6,10,11,0,9,
23446492,0.005,-0.96888,1.48879,0,1499.2,-3531.76,2.4,10,11,0,9,
23446536,0.005,-0.96888,1.48879,0,1374.27,-3237.45,2.2,10,11,0,9,
23446581,0.005,-0.96888,1.48879,0,1374.27,-3237.45,2.2,10,11,0,9,
23446625,0.005,-0.96888,1.48879,0,1374.27,-3237.45,2.2,10,11,0,9,
23446664,0.005,-0.96888,1.48879,0,1249.34,-2943.13,2,10,11,0,9,
23446701,0.005,-0.96888,1.48879,0,1124.4,-2648.82,1.8,10,11,0,9,
23446736,0.005,-0.96888,1.48879,0,1124.4,-2648.82,1.8,10,11,0,9,
23446777,0.005,-0.96888,1.48879,0,1249.34,-2943.13,2,10,11,0,9,
23446816,0.005,-0.96888,1.48879,0,1249.34,-2943.13,2,10,11,0,9,
23446856,0.005,-0.96888,1.48879,0,1249.34,-2943.13,2,10,11,0,9,
23446889,0.005,-0.96888,1.48879,0,999.469,-2354.51,1.6,10,11,0,9,
23446928,0.005,-0.96888,1.48879,0,1249.34,-2943.13,2,10,11,0,9,
23446965,0.005,-0.96888,1.48879,0,1124.4,-2648.82,1.8,10,11,0,9,
23447004,0.005,-0.96888,1.48879,0,1249.34,-2943.13,2,10,11,0,9,
23447044,0.005,-0.96888,1.48879,0,1249.34,-2943.13,2,10,11,0,9,
23447084,0.005,-0.96888,1.48879,0,1249.34,-2943.13,2,10,11,0,9,
23447120,0.005,-0.96888,1.48879,0,1124.4,-2648.82,1.8,10,11,0,9,
23447152,0.005,-0.96888,1.48879,0,999.469,-2354.51,1.6,10,11,0,9,
23447187,0.005,-0.96888,1.48879,0,1124.4,-2648.82,1.8,10,11,0,9,
23447227,0.005,-0.96888,1.48879,0,1249.34,-2943.13,2,10,11,0,9,
23447267,0.005,-0.96888,1.48879,0,1249.34,-2943.13,2,10,11,0,9,
23447307,0.005,-0.96888,1.48879,0,1249.34,-2943.13,2,10,11,0,9,
23447346,0.005,-0.96888,1.48879,0,1249.34,-2943.13,2,10,11,0,9,
23447387,0.005,-0.96888,1.48879,0,1249.34,-2943.13,2,10,11,0,9,
23447428,0.005,-0.96888,1.48879,0,1249.34,-2943.13,2,10,11,0,9,
23447467,0.005,-0.96888,1.48879,0,1249.34,-2943.13,2,10,11,0,9,
23447507,0.005,-0.96888,1.48879,0,1249.34,-2943.13,2,10,11,0,9,
23447547,0.005,-0.96888,1.48879,0,1249.34,-2943.13,2,10,11,0,9,
23447587,0.005,-0.96888,1.48879,0,1249.34,-2943.13,2,10,11,0,9,
23447627,0.005,-0.96888,1.48879,0,1249.34,-2943.13,2,10,11,0,9,
23447666,0.005,-0.96888,1.48879,0,1249.34,-2943.13,2,10,11,0,9,
23447707,0.005,-0.96888,1.48879,0,1249.34,-2943.13,2,10,11,0,9,
23447747,0.005,-0.96888,1.48879,0,1249.34,-2943.13,2,10,11,0,9,
23447787,0.005,-0.96888,1.48879,0,1249.34,-2943.13,2,10,11,0,9,
23447827,0.005,-0.96888,1.48879,0,1249.34,-2943.13,2,10,11,0,9,
23447867,0.005,-0.96888,1.48879,0,1249.34,-2943.13,2,10,11,0,9,
23447907,0.005,-0.96888,1.48879,0,1249.34,-2943.13,2,10,11,0,9,
23447947,0.005,-0.96888,1.48879,0,1249.34,-2943.13,2,10,11,0,9,
23447986,0.005,-0.96888,1.48879,0,1249.34,-2943.13,2,10,11,0,9,
23448027,0.005,-0.96888,1.48879,0,1249.34,-2943.13,2,10,11,0,9,
23448067,0.005,-0.96888,1.48879,0,1249.34,-2943.13,2,10,11,0,9,
23448107,0.005,-0.96888,1.48879,0,1249.34,-2943.13,2,10,11,0,9,
23448147,0.005,-0.96888,1.48879,0,1249.34,-2943.13,2,10,11,0,9,
23448187,0.005,-0.96888,1.48879,0,1249.34,-2943.13,2,10,11,0,9,
23448227,0.005,-0.96888,1.48879,0,1249.34,-2943.13,2,10,11,0,9,
23448267,0.005,-0.96888,1.48879,0,1249.34,-2943.13,2,10,11,0,9,
23448306,0.005,-0.96888,1.48879,0,1249.34,-2943.13,2,10,11,0,9,
23448347,0.005,-0.96888,1.48879,0,1249.34,-2943.13,2,10,11,0,9,
23448387,0.005,-0.96888,1.48879,0,1249.34,-2943.13,2,10,11,0,9,
23448428,0.005,-0.96888,1.48879,0,1249.34,-2943.13,2,10,11,0,9,
23448467,0.005,-0.96888,1.48879,0,1249.34,-2943.13,2,10,11,0,9,
23448507,0.005,-0.96888,1.48879,0,1249.34,-2943.13,2,10,11,0,9,
23448547,0.005,-0.96888,1.48879,0,1249.34,-2943.13,2,10,11,0,9,
23448587,0.005,-0.96888,1.48879,0,1249.34,-2943.13,2,10,11,0,9,
23448626,0.005,-0.96888,1.48879,0,1249.34,-2943.13,2,10,11,0,9,
23448667,0.005,-0.96888,1.48879,0,1249.34,-2943.13,2,10,11,0,9,
23448707,0.005,-0.96888,1.48879,0,1249.34,-2943.13,2,10,11,0,9,
23448747,0.005,-0.96888,1.48879,0,1249.34,-2943.13,2,10,11,0,9,
23448787,0.005,-0.96888,1.48879,0,1249.34,-2943.13,2,10,11,0,9,
23448827,0.005,-0.96888,1.48879,0,1249.34,-2943.13,2,10,11,0,9,
23448867,0.005,-0.96888,1.48879,0,1249.34,-2943.13,2,10,11,0,9,
23448907,0.005,-0.96888,1.48879,0,1249.34,-2943.13,2,10,11,0,9,
23448947,0.005,-0.96888,1.48879,0,1249.34,-2943.13,2,10,11,0,9,
23448987,0.005,-0.96888,1.48879,0,1249.34,-2943.13,2,10,11,0,9,
23449027,0.005,-0.96888,1.48879,0,1249.34,-2943.13,2,10,11,0,9,
23449067,0.005,-0.96888,1.48879,0,1249.34,-2943.13,2,10,11,0,9,
23449107,0.005,-0.96888,1.48879,0,1249.34,-2943.13,2,10,11,0,9,
23449148,0.005,-0.96888,1.48879,0,1249.34,-2943.13,2,10,11,0,9,
23449187,0.005,-0.96888,1.48879,0,1249.34,-2943.13,2,10,11,0,9,
23449227,0.005,-0.96888,1.48879,0,1249.34,-2943.13,2,10,11,0,9,
23449267,0.005,-0.96888,1.48879,0,1249.34,-2943.13,2,10,11,0,9,
23449307,0.005,-0.96888,1.48879,0,1249.34,-2943.13,2,10,11,0,9,
23449347,0.005,-0.96888,1.48879,0,1249.34,-2943.13,2,10,11,0,9,
23449387,0.005,-0.96888,1.48879,0,1249.34,-2943.13,2,10,11,0,9,
23449427,0.005,-0.96888,1.48879,0,1249.34,-2943.13,2,10,11,0,9,
23449467,0.005,-0.96888,1.48879,0,1249.34,-2943.13,2,10,11,0,9,
23449507,0.005,-0.96888,1.48879,0,1249.34,-2943.13,2,10,11,0,9,
23449546,0.005,-0.96888,1.48879,0,1249.34,-2943.13,2,10,11,0,9,
23449587,0.005,-0.96888,1.48879,0,1249.34,-2943.13,2,10,11,0,9,
23449627,0.005,-0.96888,1.48879,0,1249.34,-2943.13,2,10,11,0,9,
23449667,0.005,-0.96888,1.48879,0,1249.34,-2943.13,2,10,11,0,9,
23449707,0.005,-0.96888,1.48879,0,1249.34,-2943.13,2,10,11,0,9,
23449747,0.005,-0.96888,1.48879,0,1249.34,-2943.13,2,10,11,0,9,
23449787,0.005,-0.96888,1.48879,0,1249.34,-2943.13,2,10,11,0,9,
23449827,0.005,-0.96888,1.48879,0,1249.34,-2943.13,2,10,11,0,9,
23449866,0.005,-0.96888,1.48879,0,1249.34,-2943.13,2,10,11,0,9,
23449907,0.005,-0.96888,1.48879,0,1249.34,-2943.13,2,10,11,0,9,
23449948,0.005,-0.96888,1.48879,0,1249.34,-2943.13,2,10,11,0,9,
23449987,0.005,-0.96888,1.48879,0,1249.34,-2943.13,2,10,11,0,9,
23450027,0.005,-0.96888,1.48879,0,1249.34,-2943.13,2,10,11,0,9,
23450067,0.005,-0.96888,1.48879,0,1249.34,-2943.13,2,10,11,0,9,
23450107,0.005,-0.96888,1.48879,0,1249.34,-2943.13,2,10,11,0,9,
23450147,0.005,-0.96888,1.48879,0,1249.34,-2943.13,2,10,11,0,9,
23450186,0.005,-0.96888,1.48879,0,1249.34,-2943.13,2,10,11,0,9,
23450227,0.005,-0.96888,1.48879,0,1249.34,-2943.13,2,10,11,0,9,
23450268,0.005,-0.96888,1.48879,0,1249.34,-2943.13,2,10,11,0,9,
23450307,0.005,-0.96888,1.48879,0,1249.34,-2943.13,2,10,11,0,9,
23450347,0.005,-0.96888,1.48879,0,1249.34,-2943.13,2,10,11,0,9,
23450387,0.005,-0.96888,1.48879,0,1249.34,-2943.13,2,10,11,0,9,
23450427,0.005,-0.96888,1.48879,0,1249.34,-2943.13,2,10,11,0,9,
23450467,0.005,-0.96888,1.48879,0,1249.34,-2943.13,2,10,11,0,9,
23450506,0.005,-0.96888,1.48879,0,1249.34,-2943.13,2,10,11,0,9,
23450547,0.005,-0.96888,1.48879,0,1249.34,-2943.13,2,10,11,0,9,
23450587,0.005,-0.96888,1.48879,0,1249.34,-2943.13,2,10,11,0,9,
23450627,0.005,-0.96888,1.48879,0,1249.34,-2943.13,2,10,11,0,9,
23450667,0.005,-0.96888,1.48879,0,1249.34,-2943.13,2,10,11,0,9,
23450707,0.005,-0.96888,1.48879,0,1249.34,-2943.13,2,10,11,0,9,
23450748,0.005,-0.96888,1.48879,0,1249.34,-2943.13,2,10,11,0,9,
23450787,0.005,-0.96888,1.48879,0,1249.34,-2943.13,2,10,11,0,9,
23450827,0.005,-0.96888,1.48879,0,1249.34,-2943.13,2,10,11,0,9,
23450867,0.005,-0.96888,1.48879,0,1249.34,-2943.13,2,10,11,0,9,
23450907,0.005,-0.96888,1.48879,0,1249.34,-2943.13,2,10,11,0,9,
23450947,0.005,-0.96888,1.48879,0,1249.34,-2943.13,2,10,11,0,9,
23450987,0.005,-0.96888,1.48879,0,1249.34,-2943.13,2,10,11,0,9,
23451027,0.005,-0.96888,1.48879,0,1249.34,-2943.13,2,10,11,0,9,
23451067,0.005,-0.96888,1.48879,0,1249.34,-2943.13,2,10,11,0,9,
23451107,0.005,-0.96888,1.48879,0,1249.34,-2943.13,2,10,11,0,9,
23451147,0.005,-0.96888,1.48879,0,1249.34,-2943.13,2,10,11,0,9,
23451187,0.005,-0.96888,1.48879,0,1249.34,-2943.13,2,10,11,0,9,
23451227,0.005,-0.96888,1.48879,0,1249.34,-2943.13,2,10,11,0,9,
23451267,0.005,-0.96888,1.48879,0,1249.34,-2943.13,2,10,11,0,9,
23451307,0.005,-0.96888,1.48879,0,1249.34,-2943.13,2,10,11,0,9,
23451348,0.005,-0.96888,1.48879,0,1249.34,-2943.13,2,10,11,0,9,
23451387,0.005,-0.96888,1.48879,0,1249.34,-2943.13,2,10,11,0,9,
23451426,0.005,-0.96888,1.48879,0,1249.34,-2943.13,2,10,11,0,9,
23451468,0.005,-0.96888,1.48879,0,1249.34,-2943.13,2,10,11,0,9,
23451507,0.005,-0.96888,1.48879,0,1249.34,-2943.13,2,10,11,0,9,
23451548,0.005,-0.96888,1.48879,0,1249.34,-2943.13,2,10,11,0,9,
23451587,0.005,-0.96888,1.48879,0,1249.34,-2943.13,2,10,11,0,9,
23451627,0.005,-0.96888,1.48879,0,1249.34,-2943.13,2,10,11,0,9,
23451667,0.005,-0.96888,1.48879,0,1249.34,-2943.13,2,10,11,0,9,
23451708,0.005,-0.96888,1.48879,0,1249.34,-2943.13,2,10,11,0,9,
23451746,0.005,-0.96888,1.48879,0,1249.34,-2943.13,2,10,11,0,9,
23451787,0.005,-0.96888,1.48879,0,1249.34,-2943.13,2,10,11,0,9,
23451827,0.005,-0.96888,1.48879,0,1249.34,-2943.13,2,10,11,0,9,
23451867,0.005,-0.96888,1.48879,0,1249.34,-2943.13,2,10,11,0,9,
23451907,0.005,-0.96888,1.48879,0,1249.34,-2943.13,2,10,11,0,9,
23451948,0.005,-0.96888,1.48879,0,1249.34,-2943.13,2,10,11,0,9,
23451987,0.005,-0.96888,1.48879,0,1249.34,-2943.13,2,10,11,0,9,
23452027,0.005,-0.96888,1.48879,0,1249.34,-2943.13,2,10,11,0,9,
23452066,0.005,-0.96888,1.48879,0,1249.34,-2943.13,2,10,11,0,9,
23452107,0.005,-0.96888,1.48879,0,1249.34,-2943.13,2,10,11,0,9,
23452148,0.005,-0.96888,1.48879,0,1249.34,-2943.13,2,10,11,0,9,
23452187,0.005,-0.96888,1.48879,0,1249.34,-2943.13,2,10,11,0,9,
23452227,0.005,-0.96888,1.48879,0,1249.34,-2943.13,2,10,11,0,9,
23452267,0.005,-0.96888,1.48879,0,1249.34,-2943.13,2,10,11,0,9,
23452307,0.005,-0.96888,1.48879,0,1249.34,-2943.13,2,10,11,0,9,
23452348,0.005,-0.96888,1.48879,0,1249.34,-2943.13,2,10,11,0,9,
23452386,0.005,-0.96888,1.48879,0,1249.34,-2943.13,2,10,11,0,9,
23452427,0.005,-0.96888,1.48879,0,1249.34,-2943.13,2,10,11,0,9,
23452467,0.005,-0.96888,1.48879,0,1249.34,-2943.13,2,10,11,0,9,
23452508,0.005,-0.96888,1.48879,0,1249.34,-2943.13,2,10,11,0,9,
23452547,0.005,-0.96888,1.48879,0,1249.34,-2943.13,2,10,11,0,9,
23452587,0.005,-0.96888,1.48879,0,1249.34,-2943.13,2,10,11,0,9,
23452627,0.005,-0.96888,1.48879,0,1249.34,-2943.13,2,10,11,0,9,
23452667,0.005,-0.96888,1.48879,0,1249.34,-2943.13,2,10,11,0,9,
23452707,0.005,-0.96888,1.48879,0,1249.34,-2943.13,2,10,11,0,9,
23452747,0.005,-0.96888,1.48879,0,1249.34,-2943.13,2,10,11,0,9,
23452787,0.005,-0.96888,1.48879,0,1249.34,-2943.13,2,10,11,0,9,
23452827,0.005,-0.96888,1.48879,0,1249.34,-2943.13,2,10,11,0,9,
23452867,0.005,-0.96888,1.48879,0,1249.34,-2943.13,2,10,11,0,9,
23452907,0.005,-0.96888,1.48879,0,1249.34,-2943.13,2,10,11,0,9,
23452947,0.005,-0.96888,1.48879,0,1249.34,-2943.13,2,10,11,0,9,
23452987,0.005,-0.96888,1.48879,0,1249.34,-2943.13,2,10,11,0,9,
23453027,0.005,-0.96888,1.48879,0,1249.34,-2943.13,2,10,11,0,9,
23453067,0.005,-0.96888,1.48879,0,1249.34,-2943.13,2,10,11,0,9,
23453107,0.005,-0.96888,1.48879,0,1249.34,-2943.13,2,10,11,0,9,
23453148,0.005,-0.96888,1.48879,0,1249.34,-2943.13,2,10,11,0,9,
23453187,0.005,-0.96888,1.48879,0,1249.34,-2943.13,2,10,11,0,9,
23453227,0.005,-0.96888,1.48879,0,1249.34,-2943.13,2,10,11,0,9,
23453267,0.005,-0.96888,1.48879,0,1249.34,-2943.13,2,10,11,0,9,
23453307,0.005,-0.96888,1.48879,0,1249.34,-2943.13,2,10,11,0,9,
23453347,0.005,-0.96888,1.48879,0,1249.34,-2943.13,2,10,11,0,9,
23453387,0.005,-0.96888,1.48879,0,1249.34,-2943.13,2,10,11,0,9,
23453427,0.005,-0.96888,1.48879,0,1249.34,-2943.13,2,10,11,0,9,
23453467,0.005,-0.96888,1.48879,0,1249.34,-2943.13,2,10,11,0,9,
23453507,0.005,-0.96888,1.48879,0,1249.34,-2943.13,2,10,11,0,9,
23453547,0.005,-0.96888,1.48879,0,1249.34,-2943.13,2,10,11,0,9,
23453587,0.005,-0.96888,1.48879,0,1249.34,-2943.13,2,10,11,0,9,
23453626,0.005,-0.96888,1.48879,0,1249.34,-2943.13,2,10,11,0,9,
23453667,0.005,-0.96888,1.48879,0,1249.34,-2943.13,2,10,11,0,9,
23453707,0.005,-0.96888,1.48879,0,1249.34,-2943.13,2,10,11,0,9,
23453748,0.005,-0.96888,1.48879,0,1249.34,-2943.13,2,10,11,0,9,
23453787,0.005,-0.96888,1.48879,0,1249.34,-2943.13,2,10,11,0,9,
23453827,0.005,-0.96888,1.48879,0,1249.34,-2943.13,2,10,11,0,9,
23453867,0.005,-0.96888,1.48879,0,1249.34,-2943.13,2,10,11,0,9,
23453908,0.005,-0.96888,1.48879,0,1249.34,-2943.13,2,10,11,0,9,
23453947,0.005,-0.96888,1.48879,0,1249.34,-2943.13,2,10,11,0,9,
23453988,0.005,-0.96888,1.48879,0,1249.34,-2943.13,2,10,11,0,9,
23454027,0.005,-0.96888,1.48879,0,1249.34,-2943.13,2,10,11,0,9,
23454067,0.005,-0.96888,1.48879,0,1249.34,-2943.13,2,10,11,0,9,
23454108,0.005,-0.96888,1.48879,0,1249.34,-2943.13,2,10,11,0,9,
23454147,0.005,-0.96888,1.48879,0,1249.34,-2943.13,2,10,11,0,9,
23454187,0.005,-0.96888,1.48879,0,1249.34,-2943.13,2,10,11,0,9,
23454228,0.005,-0.96888,1.48879,0,1249.34,-2943.13,2,10,11,0,9,
23454267,0.005,-0.96888,1.48879,0,1249.34,-2943.13,2,10,11,0,9,
23454308,0.005,-0.96888,1.48879,0,1249.34,-2943.13,2,10,11,0,9,
23454348,0.005,-0.96888,1.48879,0,1249.34,-2943.13,2,10,11,0,9,
23454388,0.005,-0.96888,1.48879,0,1249.34,-2943.13,2,10,11,0,9,
23454428,0.005,-0.96888,1.48879,0,1249.34,-2943.13,2,10,11,0,9,
23454467,0.005,-0.96888,1.48879,0,1249.34,-2943.13,2,10,11,0,9,
23454508,0.005,-0.96888,1.48879,0,1249.34,-2943.13,2,10,11,0,9,
23454548,0.005,-0.96888,1.48879,0,1249.34,-2943.13,2,10,11,0,9,
23454588,0.005,-0.96888,1.48879,0,1249.34,-2943.13,2,10,11,0,9,
23454628,0.005,-0.96888,1.48879,0,1249.34,-2943.13,2,10,11,0,9,
23454668,0.005,-0.96888,1.48879,0,1249.34,-2943.13,2,10,11,0,9,
23454708,0.005,-0.96888,1.48879,0,1249.34,-2943.13,2,10,11,0,9,
23454748,0.005,-0.96888,1.48879,0,1249.34,-2943.13,2,10,11,0,9,
23454787,0.005,-0.96888,1.48879,0,1249.34,-2943.13,2,10,11,0,9,
23454827,0.005,-0.96888,1.48879,0,1249.34,-2943.13,2,10,11,0,9,
23454868,0.005,-0.96888,1.48879,0,1249.34,-2943.13,2,10,11,0,9,
23454908,0.005,-0.96888,1.48879,0,1249.34,-2943.13,2,10,11,0,9,
23454947,0.005,-0.96888,1.48879,0,1249.34,-2943.13,2,10,11,0,9,
23454987,0.005,-0.96888,1.48879,0,1249.34,-2943.13,2,10,11,0,9,
23455028,0.005,-0.96888,1.48879,0,1249.34,-2943.13,2,10,11,0,9,
23455068,0.005,-0.96888,1.48879,0,1249.34,-2943.13,2,10,11,0,9,
23455108,0.005,-0.96888,1.48879,0,1249.34,-2943.13,2,10,11,0,9,
23455148,0.005,-0.96888,1.48879,0,1249.34,-2943.13,2,11,11,0,9,
23455186,0.005,-0.96888,1.48879,0,1249.34,-2943.13,2,11,11,0,9,
23455228,0.005,-0.96888,1.48879,0,1249.34,-2943.13,2,11,11,0,9,
23455267,0.005,-0.96888,1.48879,0,1249.34,-2943.13,2,11,11,0,9,
23455307,0.005,-0.96888,1.48879,0,1249.34,-2943.13,2,11,11,0,9,
23455347,0.005,-0.96888,1.48879,0,1249.34,-2943.13,2,11,11,0,9,
23455388,0.005,-0.96888,1.48879,0,1249.34,-2943.13,2,11,11,0,9,
23455427,0.005,-0.96888,1.48879,0,1249.34,-2943.13,2,11,11,0,9,
23455467,0.005,-0.96888,1.48879,0,1249.34,-2943.13,2,11,11,0,9,
23455506,0.005,-0.96888,1.48879,0,1249.34,-2943.13,2,11,11,0,9,
23455548,0.005,-0.96888,1.48879,0,1249.34,-2943.13,2,11,11,0,9,
23455587,0.005,-0.96888,1.48879,0,1249.34,-2943.13,2,11,11,0,9,
23455627,0.005,-0.96888,1.48879,0,1249.34,-2943.13,2,11,11,0,9,
23455667,0.005,-0.96888,1.48879,0,1249.34,-2943.13,2,11,11,0,9,
23455707,0.005,-0.96888,1.48879,0,1249.34,-2943.13,2,11,11,0,9,
23455747,0.005,-0.96888,1.48879,0,1249.34,-2943.13,2,11,11,0,9,
23455787,0.005,-0.96888,1.48879,0,1249.34,-2943.13,2,11,11,0,9,
23455826,0.005,-0.96888,1.48879,0,1249.34,-2943.13,2,11,11,0,9,
23455867,0.005,-0.96888,1.48879,0,1249.34,-2943.13,2,11,11,0,9,
23455907,0.005,-0.96888,1.48879,0,1249.34,-2943.13,2,11,11,0,9,
23455947,0.005,-0.96888,1.48879,0,1249.34,-2943.13,2,11,11,0,9,
23455987,0.005,-0.96888,1.48879,0,1249.34,-2943.13,2,11,11,0,9,
23456027,0.005,-0.96888,1.48879,0,1249.34,-2943.13,2,11,11,0,9,
23456067,0.005,-0.96888,1.48879,0,1249.34,-2943.13,2,11,11,0,9,
23456107,0.005,-0.96888,1.48879,0,1249.34,-2943.13,2,11,11,0,9,
23456146,0.005,-0.96888,1.48879,0,1249.34,-2943.13,2,11,11,0,9,
23456187,0.005,-0.96888,1.48879,0,1249.34,-2943.13,2,11,11,0,9,
23456227,0.005,-0.96888,1.48879,0,1249.34,-2943.13,2,11,11,0,9,
23456267,0.005,-0.96888,1.48879,0,1249.34,-2943.13,2,11,11,0,9,
23456307,0.005,-0.96888,1.48879,0,1249.34,-2943.13,2,11,11,0,9,
23456347,0.005,-0.96888,1.48879,0,1249.34,-2943.13,2,11,11,0,9,
23456387,0.005,-0.96888,1.48879,0,1249.34,-2943.13,2,11,11,0,9,
23456427,0.005,-0.96888,1.48879,0,1249.34,-2943.13,2,11,11,0,9,
23456467,0.005,-0.96888,1.48879,0,1249.34,-2943.13,2,11,11,0,9,
23456507,0.005,-0.96888,1.48879,0,1249.34,-2943.13,2,11,11,0,9,
23456547,0.005,-0.96888,1.48879,0,1249.34,-2943.13,2,11,11,0,9,
23456587,0.005,-0.96888,1.48879,0,1249.34,-2943.13,2,11,11,0,9,
23456627,0.005,-0.96888,1.48879,0,1249.34,-2943.13,2,11,11,0,9,
23456667,0.005,-0.96888,1.48879,0,1249.34,-2943.13,2,11,11,0,9,
23456707,0.005,-0.96888,1.48879,0,1249.34,-2943.13,2,11,11,0,9,
23456747,0.005,-0.96888,1.48879,0,1249.34,-2943.13,2,11,11,0,9,
23456787,0.005,-0.96888,1.48879,0,1249.34,-2943.13,2,11,11,0,9,
23456827,0.005,-0.96888,1.48879,0,1249.34,-2943.13,2,11,11,0,9,
23456867,0.005,-0.96888,1.48879,0,1249.34,-2943.13,2,11,11,0,9,
23456907,0.005,-0.96888,1.48879,0,1249.34,-2943.13,2,11,11,0,9,
23456947,0.005,-0.96888,1.48879,0,1249.34,-2943.13,2,11,11,0,9,
23456987,0.005,-0.96888,1.48879,0,1249.34,-2943.13,2,11,11,0,9,
23457027,0.005,-0.96888,1.48879,0,1249.34,-2943.13,2,11,11,0,9,
23457066,0.005,-0.96888,1.48879,0,1249.34,-2943.13,2,11,11,0,9,
23457108,0.005,-0.96888,1.48879,0,1249.34,-2943.13,2,12,11,0,9,
23457148,0.005,-0.96888,1.48879,0,1249.34,-2943.13,2,12,11,0,9,
23457187,0.005,-0.96888,1.48879,0,1249.34,-2943.13,2,12,11,0,9,
23457229,0.005,-0.96888,1.48879,0,1249.34,-2943.13,2,12,11,0,9,
23457269,0.005,-0.96888,1.48879,0,1249.34,-2943.13,2,12,11,0,9,
23457309,1.48879,-0.96888,1.48879,0,1249.34,-2943.13,2,12,11,0,9,
23457352,0.005,-0.96888,1.48879,0,1374.27,-3237.45,2.2,12,11,0,9,
23457387,0.005,-0.96888,1.48879,0,1124.4,-2648.82,1.8,12,11,0,9,
23457429,0.005,-0.96888,1.48879,0,1249.34,-2943.13,2,12,11,0,9,
23457469,0.005,-0.96888,1.48879,0,1249.34,-2943.13,2,12,11,0,9,
23457508,0.005,-0.96888,1.48879,0,1249.34,-2943.13,2,12,11,0,9,
23457549,0.005,-0.96888,1.48879,0,1249.34,-2943.13,2,12,11,0,9,
23457589,0.005,-0.96888,1.48879,0,1249.34,-2943.13,2,12,11,0,9,
23457633,0.005,-0.96888,1.48879,0,1374.27,-3237.45,2.2,12,11,0,9,
23457669,0.005,-0.96888,1.48879,0,1124.4,1.64882,1.8,12,11,0,9,
23457712,0.005,-0.96888,1.48879,0,1374.27,-3237.45,2.2,12,11,0,9,
23457749,0.005,-0.96888,1.48879,0,1124.4,-2648.82,1.8,12,11,0,9,
23457789,0.005,-0.96888,1.48879,0,1249.34,-2943.13,2,12,11,0,9,
23457828,0.005,-0.96888,1.48879,0,1249.34,-2943.13,2,12,11,0,9,
23457868,0.005,-0.96888,1.48879,0,1249.34,-2943.13,2,12,11,0,9,
23457912,0.005,-0.96888,1.48879,0,1374.27,-3237.45,2.2,12,11,0,9,
23457948,0.005,-0.96888,1.48879,0,1124.4,-2648.82,1.8,12,11,0,9,
23457988,0.005,-0.96888,1.48879,0,1249.34,-2943.13,2,12,11,0,9,
23458028,0.005,-0.96888,1.48879,0,1249.34,-2943.13,2,12,11,0,9,
23458069,0.005,-0.96888,1.48879,0,1249.34,-2943.13,2,12,11,0,9,
23458109,0.005,-0.96888,1.48879,0,1249.34,-2943.13,2,12,11,0,9,
23458148,0.005,-0.96888,1.48879,0,1249.34,-2943.13,2,12,11,0,9,
23458188,0.005,-0.96888,1.48879,0,1249.34,-2943.13,2,12,11,0,9,
23458228,0.005,-0.96888,1.48879,0,1249.34,-2943.13,2,12,11,0,9,
23458268,0.005,-0.96888,1.48879,0,1249.34,-2943.13,2,12,11,0,9,
23458308,0.005,-0.96888,1.48879,0,1249.34,-2943.13,2,12,11,0,9,
23458352,0.005,-0.96888,1.48879,0,1374.27,-3237.45,2.2,12,11,0,9,
23458389,0.005,-0.96888,1.48879,0,1124.4,-2648.82,1.8,12,11,0,9,
23458432,0.005,-0.96888,1.48879,0,1374.27,-3237.45,2.2,12,11,0,9,
23458472,0.005,-0.96888,1.48879,0,1249.34,-2943.13,2,12,11,0,9,
23458513,0.005,-0.96888,1.48879,0,1249.34,-2943.13,2,12,11,0,9,
23458548,0.005,-0.96888,1.48879,0,1124.4,-2648.82,1.8,12,11,0,9,
23458588,0.005,-0.96888,1.48879,0,1249.34,-2943.13,2,12,11,0,9,
23458627,0.005,-0.96888,1.48879,0,1249.34,-2943.13,2,12,11,0,9,
23458668,0.005,-0.96888,1.48879,0,1249.34,-2943.13,2,12,11,0,9,
23458708,0.005,-0.96888,1.48879,0,1249.34,-2943.13,2,12,11,0,9,
23458748,0.005,-0.96888,1.48879,0,1249.34,-2943.13,2,12,11,0,9,
23458788,0.005,-0.96888,1.48879,0,1249.34,-2943.13,2,12,11,0,9,
23458828,0.005,-0.96888,1.48879,0,1249.34,-2943.13,2,12,11,0,9,
23458868,0.005,-0.96888,1.48879,0,1249.34,-2943.13,2,12,11,0,9,
23458908,0.005,-0.96888,1.48879,0,1249.34,-2943.13,2,12,11,0,9,
23458948,0.005,-0.96888,1.48879,0,1249.34,-2943.13,2,12,11,0,9,
23458988,0.005,-0.96888,1.48879,0,1249.34,-2943.13,2,12,11,0,9,
23459027,0.005,-0.96888,1.48879,0,1249.34,-2943.13,2,12,11,0,9,
23459067,0.005,-0.96888,1.48879,0,1249.34,-2943.13,2,12,11,0,9,
23459107,0.005,-0.96888,1.48879,0,1249.34,-2943.13,2,12,11,0,9,
23459147,0.005,-0.96888,1.48879,0,1249.34,-2943.13,2,12,11,0,9,
23459187,0.005,-0.96888,1.48879,0,1249.34,-2943.13,2,12,11,0,9,
23459227,0.005,-0.96888,1.48879,0,1249.34,-2943.13,2,12,11,0,9,
23459266,0.005,-0.96888,1.48879,0,1249.34,-2943.13,2,12,11,0,9,
23459307,0.005,-0.96888,1.48879,0,1249.34,-2943.13,2,12,11,0,9,
23459347,0.005,-0.96888,1.48879,0,1249.34,-2943.13,2,12,11,0,9,
23459387,0.005,-0.96888,1.48879,0,1249.34,-2943.13,2,12,11,0,9,
23459427,0.005,-0.96888,1.48879,0,1249.34,-2943.13,2,12,11,0,9,
23459467,0.005,-0.96888,1.48879,0,1249.34,-2943.13,2,12,11,0,9,
23459507,0.005,-0.96888,1.48879,0,1249.34,-2943.13,2,12,11,0,9,
23459547,0.005,-0.96888,1.48879,0,1249.34,-2943.13,2,12,11,0,9,
23459586,0.005,-0.96888,1.48879,0,1249.34,-2943.13,2,12,11,0,9,
23459627,0.005,-0.96888,1.48879,0,1249.34,-2943.13,2,12,11,0,9,
23459667,0.005,-0.96888,1.48879,0,1249.34,-2943.13,2,12,11,0,9,
23459707,0.005,-0.96888,1.48879,0,1249.34,-2943.13,2,12,11,0,9,
23459747,0.005,-0.96888,1.48879,0,1249.34,-2943.13,2,12,11,0,9,
23459787,0.005,-0.96888,1.48879,0,1249.34,-2943.13,2,12,11,0,9,
23459827,0.005,-0.96888,1.48879,0,1249.34,-2943.13,2,12,11,0,9,
23459867,0.005,-0.96888,1.48879,0,1249.34,-2943.13,2,12,11,0,9,
23459906,0.005,-0.96888,1.48879,0,1249.34,-2943.13,2,12,11,0,9,
23459947,0.005,-0.96888,1.48879,0,1249.34,-2943.13,2,12,11,0,9,
23459987,0.005,-0.96888,1.48879,0,1249.34,-2943.13,2,12,11,0,9,
23460027,0.005,-0.96888,1.48879,0,1249.34,-2943.13,2,12,11,0,9,
23460067,0.005,-0.96888,1.48879,0,1249.34,-2943.13,2,12,11,0,9,
23460107,0.005,-0.96888,1.48879,0,1249.34,-2943.13,2,12,11,0,9,
23460147,0.005,-0.96888,1.48879,0,1249.34,-2943.13,2,12,11,0,9,
23460187,0.005,-0.96888,1.48879,0,1249.34,-2943.13,2,12,11,0,9,
23460226,0.005,-0.96888,1.48879,0,1249.34,-2943.13,2,12,11,0,9,
23460267,0.005,-0.96888,1.48879,0,1249.34,-2943.13,2,12,11,0,9,
23460307,0.005,-0.96888,1.48879,0,1249.34,-2943.13,2,12,11,0,9,
23460347,0.005,-0.96888,1.48879,0,1249.34,-2943.13,2,12,11,0,9,
23460387,0.005,-0.96888,1.48879,0,1249.34,-2943.13,2,12,11,0,9,
23460427,0.005,-0.96888,1.48879,0,1249.34,-2943.13,2,12,11,0,9,
23460468,0.005,-0.96888,1.48879,0,1249.34,-2943.13,2,12,11,0,9,
23460508,0.005,-0.96888,1.48879,0,1249.34,-2943.13,2,12,11,0,9,
23460547,0.005,-0.96888,1.48879,0,1249.34,-2943.13,2,12,11,0,9,
23460587,0.005,-0.96888,1.48879,0,1249.34,-2943.13,2,12,11,0,9,
23460627,0.005,-0.96888,1.48879,0,1249.34,-2943.13,2,12,11,0,9,
23460667,0.005,-0.96888,1.48879,0,1249.34,-2943.13,2,12,11,0,9,
23460707,0.005,-0.96888,1.48879,0,1249.34,-2943.13,2,12,11,0,9,
23460747,0.005,-0.96888,1.48879,0,1249.34,-2943.13,2,12,11,0,9,
23460787,0.005,-0.96888,1.48879,0,1249.34,-2943.13,2,12,11,0,9,
23460826,0.005,-0.96888,1.48879,0,1249.34,-2943.13,2,12,11,0,9,
23460867,0.005,-0.96888,1.48879,0,1249.34,-2943.13,2,12,11,0,9,
23460907,0.005,-0.96888,1.48879,0,1249.34,-2943.13,2,12,11,0,9,
23460947,0.005,-0.96888,1.48879,0,1249.34,-2943.13,2,12,11,0,9,
23460987,0.005,-0.96888,1.48879,0,1249.34,-2943.13,2,12,11,0,9,
23461027,0.005,-0.96888,1.48879,0,1249.34,-2943.13,2,12,11,0,9,
23461067,0.005,-0.96888,1.48879,0,1249.34,-2943.13,2,12,11,0,9,
23461107,0.005,-0.96888,1.48879,0,1249.34,-2943.13,2,12,11,0,9,
23461146,0.005,-0.96888,1.48879,0,1249.34,-2943.13,2,12,11,0,9,
23461187,0.005,-0.96888,1.48879,0,1249.34,-2943.13,2,12,11,0,9,
23461227,0.005,-0.96888,1.48879,0,1249.34,-2943.13,2,12,11,0,9,
23461267,0.005,-0.96888,1.48879,0,1249.34,-2943.13,2,12,11,0,9,
