milisec,RacketX,RacketY,RacketZ,forceX,forceX,forceX,ForceRatio,FriendPoint,EnemyPoint,haptics,scene
9286022,0,0,0,0,0,0,5.4,0,0,0,0,
9286037,-0.000737549,-0.183939,-0.598351,0,0,0,0.8,0,0,0,0,
9286064,-0.00069205,-0.183279,-0.598353,0,0,0,1.4,0,0,0,0,
9286104,-0.000612475,-0.182797,-0.59841,0,0,0,2,0,0,0,0,
9286144,-0.000623802,-0.182777,-0.598399,0,0,0,2,0,0,0,0,
9286184,-0.000612448,-0.182758,-0.59841,0,0,0,2,0,0,0,0,
9286225,-0.000623774,-0.182739,-0.598399,0,0,0,2,0,0,0,0,
9286264,-0.000635146,-0.182719,-0.598387,0,0,0,2,0,0,0,0,
9286304,-0.000635146,-0.182719,-0.598387,0,0,0,2,0,0,0,0,
9286344,-0.000635146,-0.182719,-0.598387,0,0,0,2,0,0,0,0,
9286384,-0.000646472,-0.1827,-0.598376,0,0,0,2,0,0,0,0,
9286424,-0.000646472,-0.1827,-0.598376,0,0,0,2,0,0,0,0,
9286464,-0.000657578,-0.182719,-0.598387,0,0,0,2,0,0,0,0,
9286504,-0.000668904,-0.1827,-0.598376,0,0,0,2,0,0,0,0,
9286545,-0.000657814,-0.182718,-0.598365,0,0,0,2,0,0,0,0,
9286584,-0.000657814,-0.182718,-0.598365,0,0,0,2,0,0,0,0,
9286624,-0.000669139,-0.182699,-0.598353,0,0,0,2,0,0,0,0,
9286664,-0.000669139,-0.182699,-0.598353,0,0,0,2,0,0,0,0,
9286704,-0.000669139,-0.182699,-0.598353,0,0,0,2,0,0,0,0,
9286744,-0.000669139,-0.182699,-0.598353,0,0,0,2,0,0,0,0,
9286784,-0.00068051,-0.18268,-0.598342,0,0,0,2,0,0,0,0,
9286824,-0.00068051,-0.18268,-0.598342,0,0,0,2,0,0,0,0,
9286864,-0.00068051,-0.18268,-0.598342,0,0,0,2,0,0,0,0,
9286904,-0.00068051,-0.18268,-0.598342,0,0,0,2,0,0,0,0,
9286944,-0.00068051,-0.18268,-0.598342,0,0,0,2,0,0,0,0,
9286984,-0.00068051,-0.18268,-0.598342,0,0,0,2,0,0,0,0,
9287024,-0.000691834,-0.18266,-0.59833,0,0,0,2,0,0,0,0,
9287064,-0.000691834,-0.18266,-0.59833,0,0,0,2,0,0,0,0,
9287104,-0.000691834,-0.18266,-0.59833,0,0,0,2,0,0,0,0,
9287144,-0.000691834,-0.18266,-0.59833,0,0,0,2,0,0,0,0,
9287184,-0.000691834,-0.18266,-0.59833,0,0,0,2,0,0,0,0,
9287224,-0.000691834,-0.18266,-0.59833,0,0,0,2,0,0,0,0,
9287264,-0.000703159,-0.182641,-0.598319,0,0,0,2,0,0,0,0,
9287304,-0.000703159,-0.182641,-0.598319,0,0,0,2,0,0,0,0,
9287344,-0.000703159,-0.182641,-0.598319,0,0,0,2,0,0,0,0,
9287384,-0.000703159,-0.182641,-0.598319,0,0,0,2,0,0,0,0,
9287424,-0.000703159,-0.182641,-0.598319,0,0,0,2,0,0,0,0,
9287464,-0.000703159,-0.182641,-0.598319,0,0,0,2,0,0,0,0,
9287504,-0.000703159,-0.182641,-0.598319,0,0,0,2,0,0,0,0,
9287544,-0.000714529,-0.182622,-0.598308,0,0,0,2,0,0,0,0,
9287584,-0.000714529,-0.182622,-0.598308,0,0,0,2,0,0,0,0,
9287624,-0.000714529,-0.182622,-0.598308,0,0,0,2,0,0,0,0,
9287664,-0.000714529,-0.182622,-0.598308,0,0,0,2,0,0,0,0,
9287704,-0.000714529,-0.182622,-0.598308,0,0,0,2,0,0,0,0,
9287744,-0.000714529,-0.182622,-0.598308,0,0,0,2,0,0,0,0,
9287784,-0.000714529,-0.182622,-0.598308,0,0,0,2,0,0,0,0,
9287824,-0.000714529,-0.182622,-0.598308,0,0,0,2,0,0,0,0,
9287864,-0.000725853,-0.182602,-0.598297,0,0,0,2,0,0,0,0,
9287904,-0.000725853,-0.182602,-0.598297,0,0,0,2,0,0,0,0,
9287944,-0.000725853,-0.182602,-0.598297,0,0,0,2,0,0,0,0,
9287984,-0.000725853,-0.182602,-0.598297,0,0,0,2,0,0,0,0,
9288024,-0.000725853,-0.182602,-0.598297,0,0,0,2,0,0,0,0,
9288064,-0.000725853,-0.182602,-0.598297,0,0,0,2,0,0,0,0,
9288105,-0.000725853,-0.182602,-0.598297,0,0,0,2,0,0,0,0,
9288144,-0.000725853,-0.182602,-0.598297,0,0,0,2,0,0,0,0,
9288185,-0.000725853,-0.182602,-0.598297,0,0,0,2,0,0,0,0,
9288238,-0.000737176,-0.182583,-0.598285,0,0,0,2.6,0,0,0,0,
9288264,-0.000737176,-0.182583,-0.598285,0,0,0,1.4,0,0,0,0,
9288304,-0.000737176,-0.182583,-0.598285,0,0,0,2,0,0,0,0,
9288344,-0.000737176,-0.182583,-0.598285,0,0,0,2,0,0,0,0,
9288385,-0.000737176,-0.182583,-0.598285,0,0,0,2,0,0,0,0,
9288425,-0.000737176,-0.182583,-0.598285,0,0,0,2,0,0,0,0,
9288464,-0.000737176,-0.182583,-0.598285,0,0,0,2,0,0,0,0,
9288504,-0.000737176,-0.182583,-0.598285,0,0,0,2,0,0,0,0,
9288544,-0.000737176,-0.182583,-0.598285,0,0,0,2,0,0,0,0,
9288584,-0.000737176,-0.182583,-0.598285,0,0,0,2,0,0,0,8,
9288624,-0.000737176,-0.182583,-0.598285,0,0,0,2,0,0,0,8,
9288664,-0.000737176,-0.182583,-0.598285,0,0,0,2,0,0,0,8,
9288704,-0.000748499,-0.182564,-0.598274,0,0,0,2,0,0,0,8,
9288745,-0.000748499,-0.182564,-0.598274,0,0,0,2,0,0,0,8,
9288784,-0.000748499,-0.182564,-0.598274,0,0,0,2,0,0,0,8,
9288824,-0.000748499,-0.182564,-0.598274,0,0,0,2,0,0,0,8,
9288865,-0.000748499,-0.182564,-0.598274,2.04886,-9.51858,4.26875,2,0,0,0,8,
9288904,-0.000748499,-0.182564,-0.598274,1.58246,-19.8235,11.6988,2,0,0,0,8,
9288945,-0.000748499,-0.182564,-0.598274,0.410705,-14.6403,13.518,2,0,0,0,8,
9288984,-0.000748499,-0.182564,-0.598274,-0.913285,-3.73131,7.23997,2,0,0,0,8,
9289025,-0.000748499,-0.182564,-0.598274,-0.161354,-0.0110825,0.101058,2,0,0,0,8,
9289064,-0.000748499,-0.182564,-0.598274,0,0,0,2,0,0,0,8,
9289104,-0.000748499,-0.182564,-0.598274,0,0,0,2,0,0,0,8,
9289144,-0.000748499,-0.182564,-0.598274,0,0,0,2,0,0,0,8,
9289184,-0.000759868,-0.182544,-0.598262,0,0,0,2,0,0,0,8,
9289224,-0.000759868,-0.182544,-0.598262,0,0,0,2,0,0,0,8,
9289264,-0.000759868,-0.182544,-0.598262,0,0,0,2,0,0,0,8,
9289304,-0.000759868,-0.182544,-0.598262,0,0,0,2,0,0,0,8,
9289345,-0.000759868,-0.182544,-0.598262,0,0,0,2,0,0,0,8,
9289385,-0.000759868,-0.182544,-0.598262,0,0,0,2,0,0,0,8,
9289425,-0.000759868,-0.182544,-0.598262,0,0,0,2,0,0,0,8,
9289465,-0.000759868,-0.182544,-0.598262,0,0,0,2,0,0,0,8,
9289505,-0.000759868,-0.182544,-0.598262,0,0,0,2,0,0,0,8,
9289544,-0.000759868,-0.182544,-0.598262,0,0,0,2,0,0,0,8,
9289584,-0.000759868,-0.182544,-0.598262,0,0,0,2,0,0,0,9,
9289624,-0.000759868,-0.182544,-0.598262,0,0,0,2,0,0,0,9,
9289664,-0.000759868,-0.182544,-0.598262,0,0,0,2,0,0,0,9,
9289705,-0.000759868,-0.182544,-0.598262,0,0,0,2,0,0,0,9,
9289745,-0.000759868,-0.182544,-0.598262,0,0,0,2,0,0,0,9,
9289784,-0.000771191,-0.182525,-0.598251,0,0,0,2,0,0,0,9,
9289824,-0.000771191,-0.182525,-0.598251,0,0,0,2,0,0,0,9,
9289864,-0.000771191,-0.182525,-0.598251,0,0,0,2,0,0,0,9,
9289904,-0.000771191,-0.182525,-0.598251,0,0,0,2,0,0,0,9,
9289944,-0.000771191,-0.182525,-0.598251,0,0,0,2,0,0,0,9,
9289985,-0.000771191,-0.182525,-0.598251,0,0,0,2,0,0,0,9,
9290024,-0.000771191,-0.182525,-0.598251,0,0,0,2,0,0,0,9,
9290064,-0.000771191,-0.182525,-0.598251,0,0,0,2,0,0,0,9,
9290104,-0.000771191,-0.182525,-0.598251,0,0,0,2,0,0,0,9,
9290144,-0.000771191,-0.182525,-0.598251,0,0,0,2,0,0,0,9,
9290185,-0.000771191,-0.182525,-0.598251,0,0,0,2,0,0,0,9,
9290225,-0.000771191,-0.182525,-0.598251,0,0,0,2,0,0,0,9,
9290265,-0.000771191,-0.182525,-0.598251,0,0,0,2,0,0,0,9,
9290306,-0.000771191,-0.182525,-0.598251,0,0,0,2,0,0,0,9,
9290344,-0.000771191,-0.182525,-0.598251,0,0,0,2,0,0,0,9,
9290384,-0.000771191,-0.182525,-0.598251,0,0,0,2,0,0,0,9,
9290424,-0.000771191,-0.182525,-0.598251,0,0,0,2,0,0,0,9,
9290464,-0.000771191,-0.182525,-0.598251,0,0,0,2,0,0,0,9,
9290504,-0.000771191,-0.182525,-0.598251,0,0,0,2,0,0,0,9,
9290544,-0.000771191,-0.182525,-0.598251,0,0,0,2,0,0,0,9,
9290584,-0.000771191,-0.182525,-0.598251,0,0,0,2,0,0,0,9,
9290625,-0.000771191,-0.182525,-0.598251,0,0,0,2,0,0,0,9,
9290664,-0.000771191,-0.182525,-0.598251,0,0,0,2,0,0,0,9,
9290704,-0.000771191,-0.182525,-0.598251,0,0,0,2,0,0,0,9,
9290745,-0.000771191,-0.182525,-0.598251,0,0,0,2,0,0,0,9,
9290785,-0.000771191,-0.182525,-0.598251,0,0,0,2,0,0,0,9,
9290824,-0.000771191,-0.182525,-0.598251,0,0,0,2,0,0,0,9,
9290864,-0.000771191,-0.182525,-0.598251,0,0,0,2,0,0,0,9,
9290904,-0.000771191,-0.182525,-0.598251,0,0,0,2,0,0,0,9,
9290945,-0.000782513,-0.182506,-0.59824,0,0,0,2,0,0,0,9,
9290984,-0.000782513,-0.182506,-0.59824,0,0,0,2,0,0,0,9,
9291024,-0.000782513,-0.182506,-0.59824,0,0,0,2,0,0,0,9,
9291064,-0.000782513,-0.182506,-0.59824,0,0,0,2,0,0,0,9,
9291104,-0.000782513,-0.182506,-0.59824,0,0,0,2,0,0,0,9,
9291144,-0.000782513,-0.182506,-0.59824,0,0,0,2,0,0,0,9,
9291184,-0.000782513,-0.182506,-0.59824,0,0,0,2,0,0,0,9,
9291224,-0.000782513,-0.182506,-0.59824,0,0,0,2,0,0,0,9,
9291264,-0.000782513,-0.182506,-0.59824,0,0,0,2,0,0,0,9,
9291304,-0.000782513,-0.182506,-0.59824,0,0,0,2,0,0,0,9,
9291344,-0.000782513,-0.182506,-0.59824,0,0,0,2,0,0,0,9,
9291384,-0.000782513,-0.182506,-0.59824,0,0,0,2,0,0,0,9,
9291425,-0.000782513,-0.182506,-0.59824,0,0,0,2,0,0,0,9,
9291464,-0.000782513,-0.182506,-0.59824,0,0,0,2,0,0,0,9,
9291504,-0.000782513,-0.182506,-0.59824,0,0,0,2,0,0,0,9,
9291545,-0.000782513,-0.182506,-0.59824,0,0,0,2,0,0,0,9,
9291585,-0.000782513,-0.182506,-0.59824,0,0,0,2,0,0,0,9,
9291625,-0.000782513,-0.182506,-0.59824,0,0,0,2,0,0,0,9,
9291664,-0.000782513,-0.182506,-0.59824,0,0,0,2,0,0,0,9,
9291704,-0.000782513,-0.182506,-0.59824,0,0,0,2,0,0,0,9,
9291744,-0.000782513,-0.182506,-0.59824,0,0,0,2,0,0,0,9,
9291784,-0.000782513,-0.182506,-0.59824,0,0,0,2,0,0,0,9,
9291824,-0.000782513,-0.182506,-0.59824,0,0,0,2,0,0,0,9,
9291865,-0.000782513,-0.182506,-0.59824,0,0,0,2,0,0,0,9,
9291904,-0.000782513,-0.182506,-0.59824,0,0,0,2,0,0,0,9,
9291944,-0.000782513,-0.182506,-0.59824,0,0,0,2,0,0,0,9,
9291984,-0.000782513,-0.182506,-0.59824,0,0,0,2,0,0,0,9,
9292024,-0.000782513,-0.182506,-0.59824,0,0,0,2,0,0,0,9,
9292064,-0.000782513,-0.182506,-0.59824,0,0,0,2,0,0,0,9,
9292105,-0.000782513,-0.182506,-0.59824,0,0,0,2,0,0,0,9,
9292145,-0.000782513,-0.182506,-0.59824,0,0,0,2,0,0,0,9,
9292186,-0.000782513,-0.182506,-0.59824,0,0,0,2,0,0,0,9,
9292224,-0.000782513,-0.182506,-0.59824,0,0,0,2,0,0,0,9,
9292264,-0.000883569,-0.182678,-0.59825,0,0,0,2,0,0,0,9,
9292304,-0.00205278,-0.185324,-0.597392,0,0,0,2,0,0,0,9,
9292344,-0.00274311,-0.186501,-0.597101,0,0,0,2,0,0,0,9,
9292384,-0.000301891,-0.186761,-0.60012,0,0,0,2,0,0,0,9,
9292424,0.00766499,-0.187205,-0.608331,0,0,0,2,0,0,0,9,
9292464,0.016503,-0.186855,-0.618058,0,0,0,2,0,0,0,9,
9292505,0.0228613,-0.18373,-0.629308,0,0,0,2,0,0,0,9,
9292544,0.0261645,-0.178259,-0.642398,0,0,0,2,0,0,0,9,
9292584,0.0260778,-0.169221,-0.656791,0,0,0,2,0,0,0,9,
9292624,0.0225676,-0.15797,-0.671489,0,0,0,2,0,0,0,9,
9292664,0.0164298,-0.144817,-0.687601,0,0,0,2,0,0,0,9,
9292705,0.0083835,-0.132193,-0.703352,0,0,0,2,0,0,0,9,
9292744,-9.83079e-005,-0.121224,-0.7171,0,0,0,2,0,0,0,9,
9292784,-0.00871087,-0.113071,-0.727833,0,0,0,2,0,0,0,9,
9292824,-0.0172847,-0.108033,-0.735555,0,0,0,2,0,0,0,9,
9292864,-0.0258785,-0.104695,-0.741009,0,0,0,2,0,0,0,9,
9292904,-0.035033,-0.10112,-0.743603,0,0,0,2,0,0,0,9,
9292944,-0.0424084,-0.100957,-0.741164,0,0,0,2,0,0,0,9,
9292984,-0.0508439,-0.101973,-0.735482,0,0,0,2,0,0,0,9,
9293024,-0.0612385,-0.105285,-0.727867,0,0,0,2,0,0,0,9,
9293064,-0.0748879,-0.1117,-0.720569,0,0,0,2,0,0,0,9,
9293104,-0.0920216,-0.119079,-0.712066,0,0,0,2,0,0,0,9,
9293145,-0.110347,-0.12647,-0.700329,0,0,0,2,0,0,0,9,
9293184,-0.129033,-0.133497,-0.687452,0,0,0,2,0,0,0,9,
9293224,-0.146454,-0.140774,-0.674288,0,0,0,2,0,0,0,9,
9293264,-0.163,-0.147396,-0.661331,0,0,0,2,0,0,0,9,
9293304,-0.176519,-0.153076,-0.649485,0,0,0,2,0,0,0,9,
9293344,-0.187076,-0.158537,-0.638869,0,0,0,2,0,0,0,9,
9293384,-0.195591,-0.164434,-0.630472,0,0,0,2,0,0,0,9,
9293425,-0.201606,-0.169526,-0.624359,0,0,0,2,0,0,0,9,
9293464,-0.205469,-0.173456,-0.62042,0,0,0,2,0,0,0,9,
9293505,-0.207884,-0.176372,-0.617019,0,0,0,2,0,0,0,9,
9293544,-0.206258,-0.179019,-0.612639,0,0,0,2,0,0,0,9,
9293584,-0.202683,-0.182259,-0.607994,0,0,0,2,0,0,0,9,
9293624,-0.198752,-0.184996,-0.604368,0,0,0,2,0,0,0,9,
9293664,-0.194961,-0.187023,-0.601429,0,0,0,2,0,0,0,9,
9293704,-0.191923,-0.18849,-0.598922,0,0,0,2,0,0,0,9,
9293745,-0.190354,-0.189414,-0.596815,0,0,0,2,0,0,0,9,
9293784,-0.189731,-0.190383,-0.5953,0,0,0,2,0,0,0,9,
9293824,-0.189664,-0.19154,-0.594138,0,0,0,2,0,0,0,9,
9293864,-0.189338,-0.192153,-0.593722,0,0,0,2,0,0,0,9,
9293904,-0.18832,-0.192969,-0.594238,0,0,0,2,0,0,0,9,
9293944,-0.184775,-0.193326,-0.595989,0,0,0,2,0,0,0,9,
9293984,-0.176506,-0.193984,-0.599185,0,0,0,2,0,0,0,9,
9294024,-0.163318,-0.195304,-0.603775,0,0,0,2,0,0,0,9,
9294065,-0.145044,-0.197419,-0.608951,0,0,0,2,0,0,0,9,
9294104,-0.121804,-0.200147,-0.614743,0,0,0,2,0,0,0,9,
9294144,-0.0935793,-0.203834,-0.620785,0,0,0,2,0,0,0,9,
9294184,-0.063526,-0.20738,-0.625576,0,0,0,2,0,0,0,9,
9294224,-0.0355317,-0.20986,-0.628355,0,0,0,2,0,0,0,9,
9294264,-0.0118187,-0.213131,-0.629134,0,0,0,2,0,0,0,9,
9294304,0.0035002,-0.214453,-0.629911,-0.269966,2.52454,0.373617,2,0,0,0,9,
9294344,0.0097735,-0.21424,-0.630737,-0.358358,6.53493,0.792505,2,0,0,0,9,
9294386,0.00923587,-0.213641,-0.631307,-0.145121,4.05256,0.360358,2,0,0,0,9,
9294425,0.00380977,-0.213261,-0.632351,-0.0522219,1.10554,0.0667419,2,0,0,0,9,
9294465,-0.00479561,-0.213456,-0.633008,0,0,0,2,0,0,0,9,
9294504,-0.0147461,-0.21373,-0.633919,-0.00595965,0.0346544,-9.70627e-005,2,0,0,0,9,
9294544,-0.0264427,-0.214506,-0.634696,-0.000498225,0.00253756,-2.9239e-005,2,0,0,0,9,
9294584,-0.041671,-0.216265,-0.635026,0,0,0,2,0,0,0,9,
9294624,-0.0634531,-0.218821,-0.635489,0,0,0,2,0,0,0,9,
9294664,-0.0928254,-0.220368,-0.636453,0,0,0,2,0,0,0,9,
9294704,-0.129157,-0.221341,-0.637483,0,0,0,2,0,0,0,9,
9294744,-0.169192,-0.220605,-0.636827,0,0,0,2,0,0,0,9,
9294784,-0.2119,-0.2163,-0.634495,0,0,0,2,0,0,0,9,
9294824,-0.25433,-0.21136,-0.630628,0,0,0,2,0,0,0,9,
9294864,-0.293771,-0.205109,-0.625637,0,0,0,2,0,0,0,9,
9294905,-0.328296,-0.199114,-0.619619,0,0,0,2,0,0,0,9,
9294944,-0.357644,-0.194075,-0.613436,0,0,0,2,0,0,0,9,
9294985,-0.382515,-0.189502,-0.60783,0,0,0,2,0,0,0,9,
9295024,-0.402354,-0.185606,-0.603729,0,0,0,2,0,0,0,9,
9295065,-0.417972,-0.182046,-0.600349,0,0,0,2,0,0,0,9,
9295105,-0.429605,-0.178556,-0.597582,0,0,0,2,0,0,0,9,
9295144,-0.437928,-0.175521,-0.595487,0,0,0,2,0,0,0,9,
9295184,-0.442779,-0.174384,-0.594334,0,0,0,2,0,0,0,9,
9295224,-0.444623,-0.174343,-0.594261,0,0,0,2,0,0,0,9,
9295264,-0.444748,-0.174765,-0.594711,0,0,0,2,0,0,0,9,
9295304,-0.443817,-0.175677,-0.595283,0,0,0,2,0,0,0,9,
9295344,-0.440924,-0.176783,-0.59689,0,0,0,2,0,0,0,9,
9295384,-0.435711,-0.178182,-0.599816,0,0,0,2,0,0,0,9,
9295425,-0.42784,-0.180529,-0.603884,0,0,0,2,0,0,0,9,
9295464,-0.416071,-0.183793,-0.608635,0,0,0,2,0,0,0,9,
9295504,-0.397994,-0.185404,-0.61533,0,0,0,2,0,0,0,9,
9295544,-0.372156,-0.186511,-0.62371,0,0,0,2,0,0,0,9,
9295584,-0.339754,-0.18835,-0.631713,0,0,0,2,0,0,0,9,
9295625,-0.300864,-0.193081,-0.638908,-3.18746,-0.229923,-6.97696,2,0,0,0,9,
9295665,-0.260192,-0.200728,-0.644512,-5.47698,-1.74776,-24.3823,2,0,0,0,9,
9295704,-0.216259,-0.21147,-0.64834,0.85886,-2.96218,-22.4058,2,0,0,0,9,
9295744,-0.173081,-0.220204,-0.652705,0.561352,-0.426709,-2.38235,2,0,0,0,9,
9295784,-0.130415,-0.227832,-0.65814,0,0,0,2,0,0,0,9,
9295824,-0.0886227,-0.23223,-0.661302,0,0,0,2,0,0,0,9,
9295864,-0.048925,-0.235486,-0.663892,0,0,0,2,0,0,0,9,
9295905,-0.0101852,-0.237405,-0.666563,-2.71311,4.49241,0.214202,2,0,0,0,9,
9295945,0.0259665,-0.237046,-0.668616,-12.771,32.776,1.20744,2,0,0,0,9,
9295984,0.0585577,-0.237335,-0.669971,-5.99274,40.9472,1.31543,2,0,0,0,9,
9296024,0.0887003,-0.234816,-0.670871,1.06655,22.217,0.657248,2,0,0,0,9,
9296064,0.114288,-0.231857,-0.67227,0.187551,1.09832,0.0333292,2,0,0,0,9,
9296104,0.138696,-0.228453,-0.675165,0,0,0,2,0,0,0,9,
9296144,0.163376,-0.223556,-0.678394,0,0,0,2,0,0,0,9,
9296184,0.187245,-0.2192,-0.68059,0,0,0,2,0,0,0,9,
9296224,0.209893,-0.215043,-0.683289,0,0,0,2,0,0,0,9,
9296265,0.230058,-0.209628,-0.686922,0,0,0,2,0,0,0,9,
9296304,0.247561,-0.20459,-0.690309,0,0,0,2,0,0,0,9,
9296344,0.264047,-0.200075,-0.692587,0,0,0,2,0,0,0,9,
9296384,0.277103,-0.196584,-0.695202,0,0,0,2,0,0,0,9,
9296424,0.286061,-0.193428,-0.698482,0,0,0,2,0,0,0,9,
9296464,0.291337,-0.191032,-0.700811,0,0,0,2,0,0,0,9,
9296504,0.293756,-0.189579,-0.701973,0,0,0,2,0,0,0,9,
9296544,0.293843,-0.189145,-0.702317,0,0,0,2,0,0,0,9,
9296584,0.293409,-0.189268,-0.702652,0,0,0,2,0,0,0,9,
9296624,0.292221,-0.190194,-0.703193,0,0,0,2,0,0,0,9,
9296664,0.289013,-0.191955,-0.704205,0,0,0,2,0,0,0,9,
9296704,0.281067,-0.194484,-0.705153,0,0,0,2,0,0,0,9,
9296744,0.267558,-0.199123,-0.706079,0,0,0,2,0,0,0,9,
9296784,0.24788,-0.206901,-0.707033,0,0,0,2,0,0,0,9,
9296824,0.223126,-0.216204,-0.706764,0,0,0,2,0,0,0,9,
9296864,0.192291,-0.227606,-0.705606,0,0,0,2,0,0,0,9,
9296904,0.155893,-0.239398,-0.702886,3.66092,12.6579,-4.94177,2,0,0,0,9,
9296944,0.113471,-0.251347,-0.69733,0.627233,38.9031,-14.9413,2,0,0,0,9,
9296984,0.0657869,-0.26277,-0.690119,-10.1273,29.5519,-11.0535,2,0,0,0,9,
9297024,0.0149699,-0.26973,-0.683907,-0.803675,1.25188,-0.454484,2,0,0,0,9,
9297064,-0.0363559,-0.273013,-0.679935,-0.255438,3.087,0.866516,2,0,0,0,9,
9297104,-0.0876388,-0.270721,-0.677165,6.57964,11.9188,-18.8667,2,0,0,0,9,
9297144,-0.135759,-0.26388,-0.675491,1.84312,24.5017,-37.1698,2,0,0,0,9,
9297185,-0.181552,-0.254065,-0.673359,-4.88582,13.928,-19.4093,2,0,0,0,9,
9297224,-0.22437,-0.240482,-0.669304,-0.00580976,0.00925663,-0.0119917,2,0,0,0,9,
9297264,-0.264099,-0.225556,-0.663678,0,0,0,2,0,0,0,9,
9297304,-0.299414,-0.212351,-0.65778,0,0,0,2,0,0,0,9,
9297344,-0.328874,-0.20083,-0.652104,0,0,0,2,0,0,0,9,
9297384,-0.351438,-0.190645,-0.648369,0,0,0,2,0,0,0,9,
9297424,-0.366849,-0.182552,-0.647204,0,0,0,2,0,0,0,9,
9297464,-0.374248,-0.178211,-0.648194,0,0,0,2,0,0,0,9,
9297506,-0.374105,-0.177516,-0.650602,0,0,0,2,0,0,0,9,
9297544,-0.366236,-0.179549,-0.655014,0,0,0,2,0,0,0,9,
9297584,-0.349406,-0.185443,-0.661197,0,0,0,2,0,0,0,9,
9297624,-0.325145,-0.193592,-0.66841,0,0,0,2,0,0,0,9,
9297664,-0.292882,-0.204339,-0.675132,0,0,0,2,0,0,0,9,
9297704,-0.252151,-0.217319,-0.681466,0,0,0,2,0,0,0,9,
9297744,-0.203745,-0.232831,-0.687364,0,0,0,2,0,0,0,9,
9297784,-0.14844,-0.24743,-0.69266,0,0,0,2,0,0,0,9,
9297826,-0.0900193,-0.259101,-0.695898,0,0,0,2,0,0,0,9,
9297864,-0.0297986,-0.266578,-0.697513,0,0,0,2,0,0,0,9,
9297904,0.032964,-0.269468,-0.698059,0,0,0,2,0,0,0,9,
9297944,0.0929807,-0.269824,-0.695843,0,0,0,2,0,0,0,9,
9297984,0.146567,-0.26643,-0.689855,0,0,0,2,0,0,0,9,
9298025,0.189593,-0.261346,-0.682421,0,0,0,2,0,0,0,9,
9298064,0.219896,-0.257267,-0.674661,0,0,0,2,0,0,0,9,
9298104,0.237054,-0.255032,-0.667359,0,0,0,2,0,0,0,9,
9298145,0.241706,-0.255813,-0.662339,0,0,0,2,0,0,0,9,
9298185,0.236155,-0.25932,-0.658915,0,0,0,2,0,0,0,9,
9298225,0.221626,-0.266219,-0.656082,0,0,0,2,0,0,0,9,
9298265,0.199036,-0.270476,-0.657374,0.418918,2.70866,-0.463725,2,0,0,0,9,
9298305,0.167076,-0.268777,-0.664076,0.087953,5.22153,-1.00571,2,0,0,0,9,
9298344,0.125488,-0.257062,-0.678252,0,0,0,2,0,0,0,9,
9298384,0.0788545,-0.234862,-0.70036,0,0,0,2,0,0,0,9,
9298424,0.0320109,-0.199964,-0.726262,0,0,0,2,0,0,0,9,
9298464,-0.0133403,-0.157059,-0.752242,0,0,0,2,0,0,0,9,
9298504,-0.0558726,-0.108197,-0.775017,0,0,0,2,0,0,0,9,
9298544,-0.0950639,-0.0534918,-0.79447,0,0,0,2,0,0,0,9,
9298584,-0.127418,1.46031e-006,-0.808828,0,0,0,2,0,0,0,9,
9298624,-0.154232,0.0495328,-0.81925,0,0,0,2,0,0,0,9,
9298664,-0.17396,0.09106,-0.827046,0,0,0,2,0,0,0,9,
9298704,-0.187713,0.124244,-0.833751,0,0,0,2,0,0,0,9,
9298744,-0.196131,0.14737,-0.83818,0,0,0,2,0,0,0,9,
9298785,-0.200193,0.15806,-0.840774,0,0,0,2,0,0,0,9,
9298824,-0.201529,0.155831,-0.842399,0,0,0,2,0,0,0,9,
9298864,-0.200682,0.135831,-0.842644,0,0,0,2,0,0,0,9,
9298904,-0.198536,0.0982112,-0.83995,0,0,0,2,0,0,0,9,
9298944,-0.194063,0.0439698,-0.834649,0,0,0,2,0,0,0,9,
9298984,-0.185629,-0.0204865,-0.824311,0,0,0,2,0,0,0,9,
9299024,-0.172856,-0.0917846,-0.806385,0,0,0,2,0,0,0,9,
9299065,-0.158214,-0.157959,-0.782221,-0.0127632,0.00522287,0.0171066,2,0,0,0,9,
9299104,-0.143523,-0.212177,-0.756488,-0.00818658,0.00280091,0.0113793,2,0,0,0,9,
9299145,-0.128747,-0.259914,-0.72913,0,0,0,2,0,0,0,9,
9299185,-0.115547,-0.298054,-0.702759,0,0,0,2,0,0,0,9,
9299225,-0.105575,-0.328751,-0.679229,0,0,0,2,0,0,0,9,
9299265,-0.0990513,-0.350934,-0.660416,0,0,0,2,0,0,0,9,
9299304,-0.0953714,-0.368045,-0.645793,0,0,0,2,0,0,0,9,
9299344,-0.0945798,-0.38197,-0.634927,0,0,0,2,0,0,0,9,
9299385,-0.0957932,-0.393305,-0.626367,0,0,0,2,0,0,0,9,
9299425,-0.0980142,-0.40246,-0.619423,0,0.146788,0,2,0,0,0,9,
9299464,-0.0991975,-0.407575,-0.616121,0,9.82332,0,2,0,0,0,9,
9299504,-0.100077,-0.410156,-0.615545,0,17.0145,0,2,0,0,0,9,
9299545,-0.100004,-0.411934,-0.616396,0,21.901,0,2,0,0,0,9,
9299585,-0.0999382,-0.412522,-0.616924,0,25.062,0,2,0,0,0,9,
9299624,-0.10017,-0.412536,-0.616692,0,25.353,0,2,0,0,0,9,
9299665,-0.100405,-0.412682,-0.616457,0,25.4876,0,2,0,0,0,9,
9299705,-0.100277,-0.412785,-0.616355,0,25.8331,0,2,0,0,0,9,
9299744,-0.099216,-0.412076,-0.616592,0,25.4719,0,2,0,0,0,9,
9299784,-0.0971264,-0.408712,-0.618766,0,21.4289,0,2,0,0,0,9,
9299825,-0.0948537,-0.402195,-0.622758,0,11.229,0,2,0,0,0,9,
9299864,-0.094066,-0.390554,-0.629731,0,0.324582,0,2,0,0,0,9,
9299904,-0.0966555,-0.372688,-0.64286,0,0,0,2,0,0,0,9,
9299944,-0.101901,-0.346744,-0.664947,0,0,0,2,0,0,0,9,
9299984,-0.109942,-0.310213,-0.692783,0,0,0,2,0,0,0,9,
9300025,-0.12083,-0.264582,-0.724882,0,0,0,2,0,0,0,9,
9300064,-0.131017,-0.211616,-0.756947,0,0,0,2,0,0,0,9,
9300104,-0.138875,-0.149025,-0.790285,0,0,0,2,0,0,0,9,
9300144,-0.14491,-0.0805061,-0.823159,0,0,0,2,0,0,0,9,
9300185,-0.149825,-0.010081,-0.85204,0,0,0,2,0,0,0,9,
9300224,-0.153574,0.0581153,-0.874634,0,0,0,2,0,0,0,9,
9300264,-0.157703,0.125495,-0.889773,0,0,0,2,0,0,0,9,
9300304,-0.163173,0.189657,-0.896685,0,0,0,2,0,0,0,9,
9300344,-0.16898,0.24897,-0.897304,0,0,0,2,0,0,0,9,
9300384,-0.172704,0.303155,-0.892882,0,0,0,2,0,0,0,9,
9300424,-0.174769,0.352812,-0.886306,0,0,0,2,0,0,0,9,
9300464,-0.174333,0.394303,-0.877231,0,0,0,2,0,0,0,9,
9300504,-0.172448,0.42789,-0.86667,0,0,0,2,0,0,0,9,
9300544,-0.171607,0.452061,-0.857871,0,0,0,2,0,0,0,9,
9300584,-0.172327,0.464574,-0.852423,0,0,0,2,0,0,0,9,
9300624,-0.17395,0.466688,-0.850009,0,0,0,2,0,0,0,9,
9300664,-0.175687,0.460111,-0.85082,0,0,0,2,0,0,0,9,
9300704,-0.178565,0.442824,-0.853713,0,0,0,2,0,0,0,9,
9300744,-0.182829,0.41577,-0.858323,0,0,0,2,0,0,0,9,
9300784,-0.187421,0.380533,-0.863587,0,0,0,2,0,0,0,9,
9300824,-0.190891,0.337185,-0.869122,0,0,0,2,0,0,0,9,
9300864,-0.191329,0.284235,-0.872764,0,0,0,2,0,0,0,9,
9300904,-0.191448,0.221845,-0.87332,0,0,0,2,0,0,0,9,
9300944,-0.189111,0.148467,-0.871564,0,0,0,2,0,0,0,9,
9300985,-0.184589,0.0741591,-0.86407,0,0,0,2,0,0,0,9,
9301024,-0.178249,-0.000791624,-0.850477,0,0,0,2,0,0,0,9,
9301064,-0.171446,-0.0708814,-0.833352,0,0,0,2,0,0,0,9,
9301104,-0.166299,-0.134561,-0.813652,0,0,0,2,0,0,0,9,
9301144,-0.161218,-0.193495,-0.791025,0,0,0,2,0,0,0,9,
9301184,-0.15514,-0.247883,-0.764525,0,0,0,2,0,0,0,9,
9301224,-0.150025,-0.299955,-0.739437,0,0,0,2,0,0,0,9,
9301264,-0.146843,-0.347761,-0.716173,0,0,0,2,0,0,0,9,
9301304,-0.142596,-0.38456,-0.690296,0,0,0,2,0,0,0,9,
9301344,-0.135125,-0.409936,-0.666859,0,6.12462,0,2,0,0,0,9,
9301384,-0.136725,-0.406249,-0.668373,0,15.9243,0,2,0,0,0,9,
9301424,-0.140873,-0.40902,-0.666164,0,14.4583,0,2,0,0,0,9,
9301464,-0.143917,-0.411241,-0.6659,0,20.1599,0,2,0,0,0,9,
9301504,-0.14476,-0.411369,-0.666817,0,22.9593,0,2,0,0,0,9,
9301544,-0.143881,-0.41026,-0.6688,0,21.8089,0,2,0,0,0,9,
9301585,-0.142722,-0.408841,-0.670124,0,19.173,0,2,0,0,0,9,
9301625,-0.145087,-0.396796,-0.677477,0,9.34026,0,2,0,0,0,9,
9301665,-0.14842,-0.37219,-0.694491,0,0,0,2,0,0,0,9,
9301704,-0.147346,-0.36177,-0.701728,0,0,0,2,0,0,0,9,
9301744,-0.139506,-0.378274,-0.696447,0,0,0,2,0,0,0,9,
9301784,-0.12438,-0.405732,-0.679458,0,0.684259,0,2,0,0,0,9,
9301824,-0.119863,-0.408692,-0.677449,0,19.9122,0,2,0,0,0,9,
9301864,-0.119842,-0.405755,-0.677786,0,17.4949,0,2,0,0,0,9,
9301905,-0.123979,-0.399458,-0.674581,0,2.72707,0,2,0,0,0,9,
9301944,-0.117759,-0.410618,-0.663296,0,6.40245,0,2,0,0,0,9,
9301985,-0.116556,-0.407366,-0.665687,0,17.3535,0,2,0,0,0,9,
9302024,-0.116233,-0.407391,-0.66406,0,14.2527,0,2,0,0,0,9,
9302064,-0.119394,-0.405496,-0.661386,0,11.7775,0,2,0,0,0,9,
9302104,-0.121519,-0.40689,-0.658512,0,10.9613,0,2,0,0,0,9,
9302144,-0.120765,-0.407418,-0.656452,0,14.2854,0,2,0,0,0,9,
9302184,-0.119783,-0.404865,-0.655051,0,12.5714,0,2,0,0,0,9,
9302225,-0.120167,-0.397317,-0.656643,0,2.87846,0,2,0,0,0,9,
9302264,-0.124239,-0.384471,-0.663464,0,0,0,2,0,0,0,9,
9302304,-0.131856,-0.360633,-0.67907,0,0,0,2,0,0,0,9,
9302344,-0.1418,-0.326644,-0.70285,0,0,0,2,0,0,0,9,
9302384,-0.150983,-0.28554,-0.727906,0,0,0,2,0,0,0,9,
9302424,-0.159461,-0.236262,-0.752683,0,0,0,2,0,0,0,9,
9302464,-0.168388,-0.18298,-0.773761,0,0,0,2,0,0,0,9,
9302504,-0.178372,-0.129291,-0.790034,0,0,0,2,0,0,0,9,
9302544,-0.190007,-0.0786098,-0.80184,0,0,0,2,0,0,0,9,
9302584,-0.201196,-0.029099,-0.810578,0,0,0,2,0,0,0,9,
9302624,-0.20995,0.0202546,-0.819684,0,0,0,2,0,0,0,9,
9302664,-0.218076,0.0700398,-0.827633,0,0,0,2,0,0,0,9,
9302704,-0.223278,0.119581,-0.835169,0,0,0,2,0,0,0,9,
9302744,-0.225689,0.171394,-0.842013,0,0,0,2,0,0,0,9,
9302784,-0.225779,0.223135,-0.845974,0,0,0,2,0,0,0,9,
9302824,-0.225295,0.271486,-0.84761,0,0,0,2,0,0,0,9,
9302864,-0.223541,0.316713,-0.845234,0,0,0,2,0,0,0,9,
9302904,-0.222242,0.356316,-0.840592,0,0,0,2,0,0,0,9,
9302944,-0.21973,0.387386,-0.835741,0,0,0,2,0,0,0,9,
9302985,-0.217608,0.406242,-0.832453,0,0,0,2,0,0,0,9,
9303024,-0.21572,0.41324,-0.830231,0,0,0,2,0,0,0,9,
9303064,-0.215733,0.410706,-0.830244,0,0,0,2,0,0,0,9,
9303104,-0.215763,0.397199,-0.830458,0,0,0,2,0,0,0,9,
9303144,-0.215598,0.375973,-0.830702,0,0,0,2,0,0,0,9,
9303184,-0.21517,0.347299,-0.830481,0,0,0,2,0,0,0,9,
9303224,-0.215781,0.313424,-0.832489,0,0,0,2,0,0,0,9,
9303264,-0.213988,0.275462,-0.831714,0,0,0,2,0,0,0,9,
9303305,-0.21145,0.23253,-0.827595,0,0,0,2,0,0,0,9,
9303344,-0.207322,0.188039,-0.8209,0,0,0,2,0,0,0,9,
9303384,-0.201583,0.14304,-0.814743,0,0,0,2,0,0,0,9,
9303424,-0.193198,0.0989737,-0.805756,0,0,0,2,0,0,0,9,
9303465,-0.182851,0.0577772,-0.794932,0,0,0,2,0,0,0,9,
9303504,-0.172568,0.0213925,-0.784038,0,0,0,2,0,0,0,9,
9303544,-0.162571,-0.010949,-0.771732,0,0,0,2,0,0,0,9,
9303584,-0.153042,-0.0386248,-0.76033,0,0,0,2,0,0,0,9,
9303624,-0.144168,-0.064021,-0.751839,0,0,0,2,0,0,0,9,
9303664,-0.138055,-0.0856463,-0.744614,0,0,0,2,0,0,0,9,
9303704,-0.134744,-0.105198,-0.736723,0,0,0,2,0,0,0,9,
9303745,-0.134116,-0.120387,-0.729486,0,0,0,2,0,0,0,9,
9303785,-0.135492,-0.129549,-0.724175,0,0,0,2,0,0,0,9,
9303825,-0.135984,-0.135659,-0.720591,0,0,0,2,0,0,0,9,
9303864,-0.136206,-0.136827,-0.719905,0,0,0,2,0,0,0,9,
9303904,-0.136184,-0.136789,-0.719928,0,0,0,2,0,0,0,9,
9303944,-0.136195,-0.13677,-0.719917,0,0,0,2,0,0,0,9,
9303984,-0.136206,-0.136789,-0.719905,0,0,0,2,0,0,0,9,
9304024,-0.136206,-0.136789,-0.719905,0,0,0,2,0,0,0,9,
9304064,-0.136206,-0.136789,-0.719905,0,0,0,2,0,0,0,9,
9304105,-0.136206,-0.136789,-0.719905,0,0,0,2,0,0,0,9,
9304144,-0.136206,-0.136789,-0.719905,0,0,0,2,0,0,0,9,
9304184,-0.136206,-0.136789,-0.719905,0,0,0,2,0,0,0,9,
9304224,-0.136206,-0.136789,-0.719905,0,0,0,2,0,0,0,9,
9304264,-0.136206,-0.136789,-0.719905,0,0,0,2,0,0,0,9,
9304304,-0.136206,-0.136789,-0.719905,0,0,0,2,0,0,0,9,
9304344,-0.136206,-0.136789,-0.719905,0,0,0,2,0,0,0,9,
9304384,-0.136206,-0.136789,-0.719905,0,0,0,2,0,0,0,9,
9304424,-0.136206,-0.136789,-0.719905,0,0,0,2,0,0,0,9,
9304464,-0.137485,-0.131176,-0.722536,0,0,0,2,0,0,0,9,
9304504,-0.137754,-0.116907,-0.728503,0,0,0,2,0,0,0,9,
9304544,-0.135932,-0.105016,-0.733554,0,0,0,2,0,0,0,9,
9304584,-0.134305,-0.0946691,-0.735235,0,0,0,2,0,0,0,9,
9304624,-0.133144,-0.0858389,-0.735965,0,0,0,2,0,0,0,9,
9304664,-0.131743,-0.0810173,-0.736935,0,0,0,2,0,0,0,9,
9304704,-0.130347,-0.0786375,-0.737379,0,0,0,2,0,0,0,9,
9304744,-0.130132,-0.0783983,-0.737405,0,0,0,2,0,0,0,9,
9304784,-0.130141,-0.0784578,-0.73737,0,0,0,2,0,0,0,9,
9304824,-0.130143,-0.0786778,-0.737263,0,0,0,2,0,0,0,9,
9304864,-0.13013,-0.0787,-0.73725,0,0,0,2,0,0,0,9,
9304904,-0.13013,-0.0787,-0.73725,0,0,0,2,0,0,0,9,
