milisec,RacketX,RacketY,RacketZ,forceX,forceX,forceX,ForceRatio,FriendPoint,EnemyPoint,haptics,scene
285387982,0,0,0,17800.2,9484.19,-19780.2,18.2,0,0,0,0,
285388018,-1.5,-0.88,1.5,1780.02,948.42,-1978.02,1.8,0,0,0,0,
285388026,-1.5,-0.88,1.5,395.56,210.76,-439.56,0.4,0,0,0,0,
285388064,-1.5,-0.88,1.5,1977.8,1053.8,-2197.8,2,0,0,0,0,
285388104,-1.5,-0.88,1.5,1977.8,1053.8,-2197.8,2,0,0,0,0,
285388144,-1.5,-0.88,1.5,1977.8,1053.8,-2197.8,2,0,0,0,0,
285388184,-1.5,-0.88,1.5,1977.8,1053.8,-2197.8,2,0,0,0,0,
285388247,-1.5,-0.88,1.5,2966.7,1580.7,-3296.7,3,0,0,0,0,
285388264,-1.5,-0.88,1.5,988.9,526.9,-1098.9,1,0,0,0,0,
285388316,-1.5,-0.88,1.5,2571.14,1369.94,-2857.14,2.6,0,0,0,0,
285388344,-1.5,-0.88,1.5,1384.46,737.66,-1538.46,1.4,0,0,0,0,
285388384,-1.5,-0.88,1.5,1977.8,1053.8,-2197.8,2,0,0,0,0,
285388424,-1.5,-0.88,1.5,1977.8,1053.8,-2197.8,2,0,0,0,0,
285388464,-1.5,-0.88,1.5,1977.8,1053.8,-2197.8,2,0,0,0,0,
285388504,-1.5,-0.88,1.5,1977.8,1053.8,-2197.8,2,0,0,0,0,
285388544,-1.5,-0.88,1.5,1977.8,1053.8,-2197.8,2,0,0,0,0,
285388584,-1.5,-0.88,1.5,1977.8,1053.8,-2197.8,2,0,0,0,0,
285388624,-1.5,-0.88,1.5,1977.8,1053.8,-2197.8,2,0,0,0,0,
285388664,-1.5,-0.88,1.5,1977.8,1053.8,-2197.8,2,0,0,0,0,
285388704,-1.5,-0.88,1.5,1977.8,1053.8,-2197.8,2,0,0,0,0,
285388744,-1.5,-0.88,1.5,1977.8,1053.8,-2197.8,2,0,0,0,0,
285388784,-1.5,-0.88,1.5,1977.8,1053.8,-2197.8,2,0,0,0,0,
285388824,-1.5,-0.88,1.5,1977.8,1053.8,-2197.8,2,0,0,0,0,
285388865,-1.5,-0.88,1.5,1977.8,1053.8,-2197.8,2,0,0,0,0,
285388904,-1.5,-0.88,1.5,1977.8,1053.8,-2197.8,2,0,0,0,0,
285388944,-1.5,-0.88,1.5,1977.8,1053.8,-2197.8,2,0,0,0,0,
285388984,-1.5,-0.88,1.5,1977.8,1053.8,-2197.8,2,0,0,0,0,
285389024,-1.5,-0.88,1.5,1977.8,1053.8,-2197.8,2,0,0,0,0,
285389064,-1.5,-0.88,1.5,1977.8,1053.8,-2197.8,2,0,0,0,0,
285389104,-1.5,-0.88,1.5,1977.8,1053.8,-2197.8,2,0,0,0,0,
285389144,-1.5,-0.88,1.5,1977.8,1053.8,-2197.8,2,0,0,0,0,
285389185,-1.5,-0.88,1.5,1977.8,1053.8,-2197.8,2,0,0,0,0,
285389224,-1.5,-0.88,1.5,1977.8,1053.8,-2197.8,2,0,0,0,0,
285389264,-1.5,-0.88,1.5,1977.8,1053.8,-2197.8,2,0,0,0,0,
285389304,-1.5,-0.88,1.5,1977.8,1053.8,-2197.8,2,0,0,0,0,
285389344,-1.5,-0.88,1.5,1977.8,1053.8,-2197.8,2,0,0,0,0,
285389384,-1.5,-0.88,1.5,1977.8,1053.8,-2197.8,2,0,0,0,0,
285389424,-1.5,-0.88,1.5,1977.8,1053.8,-2197.8,2,0,0,0,0,
285389464,-1.5,-0.88,1.5,1977.8,1053.8,-2197.8,2,0,0,0,0,
285389505,-1.5,-0.88,1.5,1977.8,1053.8,-2197.8,2,0,0,0,0,
285389544,-1.5,-0.88,1.5,1977.8,1053.8,-2197.8,2,0,0,0,0,
285389584,-1.5,-0.88,1.5,1977.8,1053.8,-2197.8,2,0,0,0,0,
285389624,-1.5,-0.88,1.5,1977.8,1053.8,-2197.8,2,0,0,0,0,
285389664,-1.5,-0.88,1.5,1977.8,1053.8,-2197.8,2,0,0,0,0,
285389704,-1.5,-0.88,1.5,1977.8,1053.8,-2197.8,2,0,0,0,0,
285389744,-1.5,-0.88,1.5,1977.8,1053.8,-2197.8,2,0,0,0,0,
285389784,-1.5,-0.88,1.5,1977.8,1053.8,-2197.8,2,0,0,0,0,
285389824,-1.5,-0.88,1.5,1977.8,1053.8,-2197.8,2,0,0,0,0,
285389864,-1.5,-0.88,1.5,1977.8,1053.8,-2197.8,2,0,0,0,0,
285389904,-1.5,-0.88,1.5,1977.8,1053.8,-2197.8,2,0,0,0,0,
285389944,-1.5,-0.88,1.5,1977.8,1053.8,-2197.8,2,0,0,0,0,
285389984,-1.5,-0.88,1.5,1977.8,1053.8,-2197.8,2,0,0,0,0,
285390024,-1.5,-0.88,1.5,1977.8,1053.8,-2197.8,2,0,0,0,0,
285390064,-1.5,-0.88,1.5,1977.8,1053.8,-2197.8,2,0,0,0,0,
285390104,-1.5,-0.88,1.5,1977.8,1053.8,-2197.8,2,0,0,0,0,
285390144,-1.5,-0.88,1.5,1977.8,1053.8,-2197.8,2,0,0,0,0,
285390184,-1.5,-0.88,1.5,1977.8,1053.8,-2197.8,2,0,0,0,0,
285390224,-1.5,-0.88,1.5,1977.8,1053.8,-2197.8,2,0,0,0,0,
285390264,-1.5,-0.88,1.5,1977.8,1053.8,-2197.8,2,0,0,0,0,
285390304,-1.5,-0.88,1.5,1977.8,1053.8,-2197.8,2,0,0,0,0,
285390344,-1.5,-0.88,1.5,1977.8,1053.8,-2197.8,2,0,0,0,0,
285390384,-1.5,-0.88,1.5,1977.8,1053.8,-2197.8,2,0,0,0,0,
285390424,-1.5,-0.88,1.5,1977.8,1053.8,-2197.8,2,0,0,0,0,
285390464,-1.5,-0.88,1.5,1977.8,1053.8,-2197.8,2,0,0,0,0,
285390504,-1.5,-0.88,1.5,1977.8,1053.8,-2197.8,2,0,0,0,0,
285390544,-1.5,-0.88,1.5,1977.8,1053.8,-2197.8,2,0,0,0,0,
285390584,-1.5,-0.88,1.5,1977.8,1053.8,-2197.8,2,0,0,0,0,
285390624,-1.5,-0.88,1.5,1977.8,1053.8,-2197.8,2,0,0,0,0,
285390664,-1.5,-0.88,1.5,1977.8,1053.8,-2197.8,2,0,0,0,0,
285390704,-1.5,-0.88,1.5,1977.8,1053.8,-2197.8,2,0,0,0,0,
285390745,-1.5,-0.88,1.5,1977.8,1053.8,-2197.8,2,0,0,0,0,
285390784,-1.5,-0.88,1.5,1977.8,1053.8,-2197.8,2,0,0,0,0,
285390824,-1.5,-0.88,1.5,1977.8,1053.8,-2197.8,2,0,0,0,0,
285390864,-1.5,-0.88,1.5,1977.8,1053.8,-2197.8,2,0,0,0,0,
285390904,-1.5,-0.88,1.5,1977.8,1053.8,-2197.8,2,0,0,0,0,
285390944,-1.5,-0.88,1.5,1977.8,1053.8,-2197.8,2,0,0,0,0,
285390984,-1.5,-0.88,1.5,1977.8,1053.8,-2197.8,2,0,0,0,0,
285391024,-1.5,-0.88,1.5,1977.8,1053.8,-2197.8,2,0,0,0,0,
285391065,-1.5,-0.88,1.5,1977.8,1053.8,-2197.8,2,0,0,0,0,
285391104,-1.5,-0.88,1.5,1977.8,1053.8,-2197.8,2,0,0,0,0,
285391144,-1.5,-0.88,1.5,1977.8,1053.8,-2197.8,2,0,0,0,0,
285391184,-1.5,-0.88,1.5,1977.8,1053.8,-2197.8,2,0,0,0,0,
285391224,-1.5,-0.88,1.5,1977.8,1053.8,-2197.8,2,0,0,0,0,
285391264,-1.5,-0.88,1.5,1977.8,1053.8,-2197.8,2,0,0,0,0,
285391304,-1.5,-0.88,1.5,1977.8,1053.8,-2197.8,2,0,0,0,0,
285391344,-1.5,-0.88,1.5,1977.8,1053.8,-2197.8,2,0,0,0,0,
285391385,-1.5,-0.88,1.5,1977.8,1053.8,-2197.8,2,0,0,0,0,
285391424,-1.5,-0.88,1.5,1977.8,1053.8,-2197.8,2,0,0,0,0,
285391464,-1.5,-0.88,1.5,1977.8,1053.8,-2197.8,2,0,0,0,0,
285391504,-1.5,-0.88,1.5,1977.8,1053.8,-2197.8,2,0,0,0,0,
285391544,-1.5,-0.88,1.5,1977.8,1053.8,-2197.8,2,0,0,0,0,
285391584,-1.5,-0.88,1.5,1977.8,1053.8,-2197.8,2,0,0,0,0,
285391624,-1.5,-0.88,1.5,1977.8,1053.8,-2197.8,2,0,0,0,0,
285391664,-1.5,-0.88,1.5,1977.8,1053.8,-2197.8,2,0,0,0,0,
285391704,-1.5,-0.88,1.5,1977.8,1053.8,-2197.8,2,0,0,0,0,
285391744,-1.5,-0.88,1.5,1977.8,1053.8,-2197.8,2,0,0,0,0,
285391784,-1.5,-0.88,1.5,1977.8,1053.8,-2197.8,2,0,0,0,0,
285391824,-1.5,-0.88,1.5,1977.8,1053.8,-2197.8,2,0,0,0,0,
285391864,-1.5,-0.88,1.5,1977.8,1053.8,-2197.8,2,0,0,0,0,
285391904,-1.5,-0.88,1.5,1977.8,1053.8,-2197.8,2,0,0,0,0,
285391944,-1.5,-0.88,1.5,1977.8,1053.8,-2197.8,2,0,0,0,0,
285391984,-1.5,-0.88,1.5,1977.8,1053.8,-2197.8,2,0,0,0,0,
285392024,-1.5,-0.88,1.5,1977.8,1053.8,-2197.8,2,0,0,0,0,
285392064,-1.5,-0.88,1.5,1977.8,1053.8,-2197.8,2,0,0,0,0,
285392104,-1.5,-0.88,1.5,1977.8,1053.8,-2197.8,2,0,0,0,0,
285392144,-1.5,-0.88,1.5,1977.8,1053.8,-2197.8,2,0,0,0,0,
285392184,-1.5,-0.88,1.5,1977.8,1053.8,-2197.8,2,0,0,0,0,
285392224,-1.5,-0.88,1.5,1977.8,1053.8,-2197.8,2,0,0,0,0,
285392264,-1.5,-0.88,1.5,1977.8,1053.8,-2197.8,2,0,0,0,0,
285392304,-1.5,-0.88,1.5,1977.8,1053.8,-2197.8,2,0,0,0,0,
285392344,-1.5,-0.88,1.5,1977.8,1053.8,-2197.8,2,0,0,0,0,
285392384,-1.5,-0.88,1.5,1977.8,1053.8,-2197.8,2,0,0,0,0,
285392424,-1.5,-0.88,1.5,1977.8,1053.8,-2197.8,2,0,0,0,0,
285392464,-1.5,-0.88,1.5,1977.8,1053.8,-2197.8,2,0,0,0,0,
285392504,-1.5,-0.88,1.5,1977.8,1053.8,-2197.8,2,0,0,0,0,
285392544,-1.5,-0.88,1.5,1977.8,1053.8,-2197.8,2,0,0,0,0,
285392584,-1.5,-0.88,1.5,1977.8,1053.8,-2197.8,2,0,0,0,0,
285392625,-1.5,-0.88,1.5,1977.8,1053.8,-2197.8,2,0,0,0,0,
285392664,-1.5,-0.88,1.5,1977.8,1053.8,-2197.8,2,0,0,0,0,
285392704,-1.5,-0.88,1.5,1977.8,1053.8,-2197.8,2,0,0,0,0,
285392744,-1.5,-0.88,1.5,1977.8,1053.8,-2197.8,2,0,0,0,0,
285392784,-1.5,-0.88,1.5,1977.8,1053.8,-2197.8,2,0,0,0,0,
285392824,-1.5,-0.88,1.5,1977.8,1053.8,-2197.8,2,0,0,0,0,
285392864,-1.5,-0.88,1.5,1977.8,1053.8,-2197.8,2,0,0,0,0,
285392904,-1.5,-0.88,1.5,1977.8,1053.8,-2197.8,2,0,0,0,0,
285392945,-1.5,-0.88,1.5,1977.8,1053.8,-2197.8,2,0,0,0,0,
285392984,-1.5,-0.88,1.5,1977.8,1053.8,-2197.8,2,0,0,0,0,
285393024,-1.5,-0.88,1.5,1977.8,1053.8,-2197.8,2,0,0,0,0,
285393064,-1.5,-0.88,1.5,1977.8,1053.8,-2197.8,2,0,0,0,0,
285393104,-1.5,-0.88,1.5,1977.8,1053.8,-2197.8,2,0,0,0,0,
285393144,-1.5,-0.88,1.5,1977.8,1053.8,-2197.8,2,0,0,0,0,
285393184,-1.5,-0.88,1.5,1977.8,1053.8,-2197.8,2,0,0,0,0,
285393224,-1.5,-0.88,1.5,1977.8,1053.8,-2197.8,2,0,0,0,0,
285393265,-1.5,-0.88,1.5,1977.8,1053.8,-2197.8,2,0,0,0,0,
285393304,-1.5,-0.88,1.5,1977.8,1053.8,-2197.8,2,0,0,0,0,
285393344,-1.5,-0.88,1.5,1977.8,1053.8,-2197.8,2,0,0,0,0,
285393384,-1.5,-0.88,1.5,1977.8,1053.8,-2197.8,2,0,0,0,0,
285393424,-1.5,-0.88,1.5,1977.8,1053.8,-2197.8,2,0,0,0,0,
285393464,-1.5,-0.88,1.5,1977.8,1053.8,-2197.8,2,0,0,0,0,
285393504,-1.5,-0.88,1.5,1977.8,1053.8,-2197.8,2,0,0,0,0,
285393544,-1.5,-0.88,1.5,1977.8,1053.8,-2197.8,2,0,0,0,0,
285393584,-1.5,-0.88,1.5,1977.8,1053.8,-2197.8,2,0,0,0,0,
285393624,-1.5,-0.88,1.5,1977.8,1053.8,-2197.8,2,0,0,0,0,
285393664,-1.5,-0.88,1.5,1977.8,1053.8,-2197.8,2,0,0,0,0,
285393704,-1.5,-0.88,1.5,1977.8,1053.8,-2197.8,2,0,0,0,0,
285393744,-1.5,-0.88,1.5,1977.8,1053.8,-2197.8,2,0,0,0,0,
285393784,-1.5,-0.88,1.5,1977.8,1053.8,-2197.8,2,0,0,0,0,
285393824,-1.5,-0.88,1.5,1977.8,1053.8,-2197.8,2,0,0,0,0,
285393864,-1.5,-0.88,1.5,1977.8,1053.8,-2197.8,2,0,0,0,0,
285393904,-1.5,-0.88,1.5,1977.8,1053.8,-2197.8,2,0,0,0,0,
285393944,-1.5,-0.88,1.5,1977.8,1053.8,-2197.8,2,0,0,0,0,
285393984,-1.5,-0.88,1.5,1977.8,1053.8,-2197.8,2,0,0,0,0,
285394024,-1.5,-0.88,1.5,1977.8,1053.8,-2197.8,2,0,0,0,0,
285394064,-1.5,-0.88,1.5,1977.8,1053.8,-2197.8,2,0,0,0,0,
285394104,-1.5,-0.88,1.5,1977.8,1053.8,-2197.8,2,0,0,0,0,
285394144,-1.5,-0.88,1.5,1977.8,1053.8,-2197.8,2,0,0,0,0,
285394184,-1.5,-0.88,1.5,1977.8,1053.8,-2197.8,2,0,0,0,0,
285394224,-1.5,-0.88,1.5,1977.8,1053.8,-2197.8,2,0,0,0,0,
285394264,-1.5,-0.88,1.5,1977.8,1053.8,-2197.8,2,0,0,0,0,
285394304,-1.5,-0.88,1.5,1977.8,1053.8,-2197.8,2,0,0,0,0,
285394344,-1.5,-0.88,1.5,1977.8,1053.8,-2197.8,2,0,0,0,0,
285394384,-1.5,-0.88,1.5,1977.8,1053.8,-2197.8,2,0,0,0,0,
285394424,-1.5,-0.88,1.5,1977.8,1053.8,-2197.8,2,0,0,0,0,
285394464,-1.5,-0.88,1.5,1977.8,1053.8,-2197.8,2,0,0,0,0,
285394505,-1.5,-0.88,1.5,1977.8,1053.8,-2197.8,2,0,0,0,0,
285394544,-1.5,-0.88,1.5,1977.8,1053.8,-2197.8,2,0,0,0,0,
285394584,-1.5,-0.88,1.5,1977.8,1053.8,-2197.8,2,0,0,0,0,
285394624,-1.5,-0.88,1.5,1977.8,1053.8,-2197.8,2,0,0,0,0,
285394664,-1.5,-0.88,1.5,1977.8,1053.8,-2197.8,2,0,0,0,0,
285394704,-1.5,-0.88,1.5,1977.8,1053.8,-2197.8,2,0,0,0,0,
285394744,-1.5,-0.88,1.5,1977.8,1053.8,-2197.8,2,0,0,0,0,
285394784,-1.5,-0.88,1.5,1977.8,1053.8,-2197.8,2,0,0,0,0,
285394825,-1.5,-0.88,1.5,1977.8,1053.8,-2197.8,2,0,0,0,0,
285394864,-1.5,-0.88,1.5,1977.8,1053.8,-2197.8,2,0,0,0,0,
285394904,-1.5,-0.88,1.5,1977.8,1053.8,-2197.8,2,0,0,0,0,
285394944,-1.5,-0.88,1.5,1977.8,1053.8,-2197.8,2,0,0,0,0,
285394984,-1.5,-0.88,1.5,1977.8,1053.8,-2197.8,2,0,0,0,0,
285395024,-1.5,-0.88,1.5,1977.8,1053.8,-2197.8,2,0,0,0,0,
285395064,-1.5,-0.88,1.5,1977.8,1053.8,-2197.8,2,0,0,0,0,
285395104,-1.5,-0.88,1.5,1977.8,1053.8,-2197.8,2,0,0,0,0,
285395145,-1.5,-0.88,1.5,1977.8,1053.8,-2197.8,2,0,0,0,0,
285395184,-1.5,-0.88,1.5,1977.8,1053.8,-2197.8,2,0,0,0,0,
285395224,-1.5,-0.88,1.5,1977.8,1053.8,-2197.8,2,0,0,0,0,
285395264,-1.5,-0.88,1.5,1977.8,1053.8,-2197.8,2,0,0,0,0,
285395304,-1.5,-0.88,1.5,1977.8,1053.8,-2197.8,2,0,0,0,0,
285395344,-1.5,-0.88,1.5,1977.8,1053.8,-2197.8,2,0,0,0,0,
285395384,-1.5,-0.88,1.5,1977.8,1053.8,-2197.8,2,0,0,0,0,
285395424,-1.5,-0.88,1.5,1977.8,1053.8,-2197.8,2,0,0,0,0,
285395465,-1.5,-0.88,1.5,1977.8,1053.8,-2197.8,2,0,0,0,0,
285395504,-1.5,-0.88,1.5,1977.8,1053.8,-2197.8,2,0,0,0,0,
285395544,-1.5,-0.88,1.5,1977.8,1053.8,-2197.8,2,0,0,0,0,
285395584,-1.5,-0.88,1.5,1977.8,1053.8,-2197.8,2,0,0,0,0,
285395624,-1.5,-0.88,1.5,1977.8,1053.8,-2197.8,2,0,0,0,0,
285395664,-1.5,-0.88,1.5,1977.8,1053.8,-2197.8,2,0,0,0,0,
285395704,-1.5,-0.88,1.5,1977.8,1053.8,-2197.8,2,0,0,0,0,
285395744,-1.5,-0.88,1.5,1977.8,1053.8,-2197.8,2,0,0,0,0,
285395784,-1.5,-0.88,1.5,1977.8,1053.8,-2197.8,2,0,0,0,0,
285395824,-1.5,-0.88,1.5,1977.8,1053.8,-2197.8,2,0,0,0,0,
285395864,-1.5,-0.88,1.5,1977.8,1053.8,-2197.8,2,0,0,0,0,
285395904,-1.5,-0.88,1.5,1977.8,1053.8,-2197.8,2,0,0,0,0,
285395944,-1.5,-0.88,1.5,1977.8,1053.8,-2197.8,2,0,0,0,0,
285395984,-1.5,-0.88,1.5,1977.8,1053.8,-2197.8,2,0,0,0,0,
285396024,-1.5,-0.88,1.5,1977.8,1053.8,-2197.8,2,0,0,0,0,
285396064,-1.5,-0.88,1.5,1977.8,1053.8,-2197.8,2,0,0,0,0,
285396104,-1.5,-0.88,1.5,1977.8,1053.8,-2197.8,2,0,0,0,0,
285396144,-1.5,-0.88,1.5,1977.8,1053.8,-2197.8,2,0,0,0,0,
285396184,-1.5,-0.88,1.5,1977.8,1053.8,-2197.8,2,0,0,0,0,
285396224,-1.5,-0.88,1.5,1977.8,1053.8,-2197.8,2,0,0,0,0,
285396264,-1.5,-0.88,1.5,1977.8,1053.8,-2197.8,2,0,0,0,0,
285396304,-1.5,-0.88,1.5,1977.8,1053.8,-2197.8,2,0,0,0,0,
285396344,-1.5,-0.88,1.5,1977.8,1053.8,-2197.8,2,0,0,0,0,
285396385,-1.5,-0.88,1.5,1977.8,1053.8,-2197.8,2,0,0,0,0,
285396424,-1.5,-0.88,1.5,1977.8,1053.8,-2197.8,2,0,0,0,0,
285396464,-1.5,-0.88,1.5,1977.8,1053.8,-2197.8,2,0,0,0,0,
285396504,-1.5,-0.88,1.5,1977.8,1053.8,-2197.8,2,0,0,0,0,
285396544,-1.5,-0.88,1.5,1977.8,1053.8,-2197.8,2,0,0,0,0,
285396584,-1.5,-0.88,1.5,1977.8,1053.8,-2197.8,2,0,0,0,0,
285396624,-1.5,-0.88,1.5,1977.8,1053.8,-2197.8,2,0,0,0,0,
285396664,-1.5,-0.88,1.5,1977.8,1053.8,-2197.8,2,0,0,0,0,
285396705,-1.5,-0.88,1.5,1977.8,1053.8,-2197.8,2,0,0,0,0,
285396744,-1.5,-0.88,1.5,1977.8,1053.8,-2197.8,2,0,0,0,0,
285396784,-1.5,-0.88,1.5,1977.8,1053.8,-2197.8,2,0,0,0,0,
285396824,-1.5,-0.88,1.5,1977.8,1053.8,-2197.8,2,0,0,0,0,
285396864,-1.5,-0.88,1.5,1977.8,1053.8,-2197.8,2,0,0,0,0,
285396904,-1.5,-0.88,1.5,1977.8,1053.8,-2197.8,2,0,0,0,8,
285396944,-1.5,-0.88,1.5,1977.8,1053.8,-2197.8,2,0,0,0,8,
285396984,-1.5,-0.88,1.5,1977.8,1053.8,-2197.8,2,0,0,0,8,
285397025,-1.5,-0.88,1.5,1977.8,1053.8,-2197.8,2,0,0,0,8,
285397064,-1.5,-0.88,1.5,1977.8,1053.8,-2197.8,2,0,0,0,8,
285397104,-1.5,-0.88,1.5,1977.8,1053.8,-2197.8,2,0,0,0,8,
285397144,-1.5,-0.88,1.5,1977.8,1053.8,-2197.8,2,0,0,0,8,
285397184,-1.5,-0.88,1.5,1977.8,1053.8,-2197.8,2,0,0,0,8,
285397224,-1.5,-0.88,1.5,1977.8,1053.8,-2197.8,2,0,0,0,8,
285397264,-1.5,-0.88,1.5,1977.8,1053.8,-2197.8,2,0,0,0,8,
285397304,-1.5,-0.88,1.5,1977.8,1053.8,-2197.8,2,0,0,0,8,
285397345,-1.5,-0.88,1.5,1977.8,1053.8,-2197.8,2,0,0,0,8,
285397384,-1.5,-0.88,1.5,1977.8,1053.8,-2197.8,2,0,0,0,8,
285397424,-1.5,-0.88,1.5,1977.8,1053.8,-2197.8,2,0,0,0,8,
285397464,-1.5,-0.88,1.5,1977.8,1053.8,-2197.8,2,0,0,0,8,
285397504,-1.5,-0.88,1.5,1977.8,1053.8,-2197.8,2,0,0,0,8,
285397544,-1.5,-0.88,1.5,1977.8,1053.8,-2197.8,2,0,0,0,8,
285397584,-1.5,-0.88,1.5,1977.8,1053.8,-2197.8,2,0,0,0,8,
285397624,-1.5,-0.88,1.5,1977.8,1053.8,-2197.8,2,0,0,0,8,
285397664,-1.5,-0.88,1.5,1977.8,1053.8,-2197.8,2,0,0,0,8,
285397704,-1.5,-0.88,1.5,1977.8,1053.8,-2197.8,2,0,0,0,8,
285397744,-1.5,-0.88,1.5,1977.8,1053.8,-2197.8,2,0,0,0,8,
285397784,-1.5,-0.88,1.5,1977.8,1053.8,-2197.8,2,0,0,0,8,
285397824,-1.5,-0.88,1.5,1977.8,1053.8,-2197.8,2,0,0,0,8,
285397864,-1.5,-0.88,1.5,1977.8,1053.8,-2197.8,2,0,0,0,8,
285397904,-1.5,-0.88,1.5,1977.8,1053.8,-2197.8,2,0,0,0,8,
285397944,-1.5,-0.88,1.5,1977.8,1053.8,-2197.8,2,0,0,0,8,
285397984,-1.5,-0.88,1.5,1977.8,1053.8,-2197.8,2,0,0,0,8,
285398024,-1.5,-0.88,1.5,1977.8,1053.8,-2197.8,2,0,0,0,8,
285398064,-1.5,-0.88,1.5,1977.8,1053.8,-2197.8,2,0,0,0,8,
285398104,-1.5,-0.88,1.5,1977.8,1053.8,-2197.8,2,0,0,0,8,
285398144,-1.5,-0.88,1.5,1977.8,1053.8,-2197.8,2,0,0,0,8,
285398184,-1.5,-0.88,1.5,1977.8,1053.8,-2197.8,2,0,0,0,8,
285398224,-1.5,-0.88,1.5,1977.8,1053.8,-2197.8,2,0,0,0,8,
285398265,-1.5,-0.88,1.5,1977.8,1053.8,-2197.8,2,0,0,0,8,
285398304,-1.5,-0.88,1.5,1977.8,1053.8,-2197.8,2,0,0,0,8,
285398344,-1.5,-0.88,1.5,1977.8,1053.8,-2197.8,2,0,0,0,8,
285398384,-1.5,-0.88,1.5,1977.8,1053.8,-2197.8,2,0,0,0,8,
285398424,-1.5,-0.88,1.5,1977.8,1053.8,-2197.8,2,0,0,0,8,
285398464,-1.5,-0.88,1.5,1977.8,1053.8,-2197.8,2,0,0,0,8,
285398504,-1.5,-0.88,1.5,1977.8,1053.8,-2197.8,2,0,0,0,8,
285398544,-1.5,-0.88,1.5,1977.8,1053.8,-2197.8,2,0,0,0,9,
285398585,-1.5,-0.88,1.5,1977.8,1053.8,-2197.8,2,0,0,0,9,
285398624,-1.5,-0.88,1.5,1977.8,1053.8,-2197.8,2,0,0,0,9,
285398664,-1.5,-0.88,1.5,1977.8,1053.8,-2197.8,2,0,0,0,9,
285398704,-1.5,-0.88,1.5,1977.8,1053.8,-2197.8,2,0,0,0,9,
285398744,-1.5,-0.88,1.5,1977.8,1053.8,-2197.8,2,0,0,0,9,
285398784,-1.5,-0.88,1.5,1977.8,1053.8,-2197.8,2,0,0,0,9,
285398824,-1.5,-0.88,1.5,1977.8,1053.8,-2197.8,2,0,0,0,9,
285398864,-1.5,-0.88,1.5,1977.8,1053.8,-2197.8,2,0,0,0,9,
285398905,-1.5,-0.88,1.5,1977.8,1053.8,-2197.8,2,0,0,0,9,
285398944,-1.5,-0.88,1.5,1977.8,1053.8,-2197.8,2,0,0,0,9,
285398984,-1.5,-0.88,1.5,1977.8,1053.8,-2197.8,2,0,0,0,9,
285399024,-1.5,-0.88,1.5,1977.8,1053.8,-2197.8,2,0,0,0,9,
285399064,-1.5,-0.88,1.5,1977.8,1053.8,-2197.8,2,0,0,0,9,
285399104,-1.5,-0.88,1.5,1977.8,1053.8,-2197.8,2,0,0,0,9,
285399144,-1.5,-0.88,1.5,1977.8,1053.8,-2197.8,2,0,0,0,9,
285399184,-1.5,-0.88,1.5,1977.8,1053.8,-2197.8,2,0,0,0,9,
285399225,-1.5,-0.88,1.5,1977.8,1053.8,-2197.8,2,0,0,0,9,
285399264,-1.5,-0.88,1.5,1977.8,1053.8,-2197.8,2,0,0,0,9,
285399304,-1.5,-0.88,1.5,1977.8,1053.8,-2197.8,2,0,0,0,9,
285399344,-1.5,-0.88,1.5,1977.8,1053.8,-2197.8,2,0,0,0,9,
285399384,-1.5,-0.88,1.5,1977.8,1053.8,-2197.8,2,0,0,0,9,
285399424,-1.5,-0.88,1.5,1977.8,1053.8,-2197.8,2,0,0,0,9,
285399464,-1.5,-0.88,1.5,1977.8,1053.8,-2197.8,2,0,0,0,9,
285399504,-1.5,-0.88,1.5,1977.8,1053.8,-2197.8,2,0,0,0,9,
285399544,-1.5,-0.88,1.5,1977.8,1053.8,-2197.8,2,0,0,0,9,
285399584,-1.5,-0.88,1.5,1977.8,1053.8,-2197.8,2,0,0,0,9,
285399624,-1.5,-0.88,1.5,1977.8,1053.8,-2197.8,2,0,0,0,9,
285399664,-1.5,-0.88,1.5,1977.8,1053.8,-2197.8,2,0,0,0,9,
285399704,-1.5,-0.88,1.5,1977.8,1053.8,-2197.8,2,0,0,0,9,
285399744,-1.5,-0.88,1.5,1977.8,1053.8,-2197.8,2,0,0,0,9,
285399784,-1.5,-0.88,1.5,1977.8,1053.8,-2197.8,2,0,0,0,9,
285399824,-1.5,-0.88,1.5,1977.8,1053.8,-2197.8,2,0,0,0,9,
285399864,-1.5,-0.88,1.5,1977.8,1053.8,-2197.8,2,0,0,0,9,
285399904,-1.5,-0.88,1.5,1977.8,1053.8,-2197.8,2,0,0,0,9,
285399944,-1.5,-0.88,1.5,1977.8,1053.8,-2197.8,2,0,0,0,9,
285399984,-1.5,-0.88,1.5,1977.8,1053.8,-2197.8,2,0,0,0,9,
285400024,-1.5,-0.88,1.5,1977.8,1053.8,-2197.8,2,0,0,0,9,
285400064,-1.5,-0.88,1.5,1977.8,1053.8,-2197.8,2,0,0,0,9,
285400104,-1.5,-0.88,1.5,1977.8,1053.8,-2197.8,2,0,0,0,9,
285400145,-1.5,-0.88,1.5,1977.8,1053.8,-2197.8,2,0,0,0,9,
285400184,-1.5,-0.88,1.5,1977.8,1053.8,-2197.8,2,0,0,0,9,
285400224,-1.5,-0.88,1.5,1977.8,1053.8,-2197.8,2,0,0,0,9,
285400264,-1.5,-0.88,1.5,1977.8,1053.8,-2197.8,2,0,0,0,9,
285400310,-1.5,-0.88,1.5,2175.58,1159.18,-2417.58,2.2,0,0,0,9,
285400370,-1.5,-0.88,1.5,2966.7,1580.7,-3296.7,3,0,0,0,9,
285400390,-1.5,-0.88,1.5,988.9,526.9,-1098.9,1,0,0,0,9,
285400424,-1.5,-0.88,1.5,1780.02,948.42,-1978.02,1.8,0,0,0,9,
285400465,-1.5,-0.88,1.5,1977.8,1053.8,-2197.8,2,0,0,0,9,
285400504,-1.5,-0.88,1.5,1977.8,1053.8,-2197.8,2,0,0,0,9,
285400544,-1.5,-0.88,1.5,1977.8,1053.8,-2197.8,2,0,0,0,9,
285400584,-1.5,-0.88,1.5,1977.8,1053.8,-2197.8,2,0,0,0,9,
285400624,-1.5,-0.88,1.5,1977.8,1053.8,-2197.8,2,0,0,0,9,
285400664,-1.5,-0.88,1.5,1977.8,1053.8,-2197.8,2,0,0,0,9,
285400704,-1.5,-0.88,1.5,1977.8,1053.8,-2197.8,2,0,0,0,9,
285400744,-1.5,-0.88,1.5,1977.8,1053.8,-2197.8,2,0,0,0,9,
285400785,-1.5,-0.88,1.5,1977.8,1053.8,-2197.8,2,0,0,0,9,
285400824,-1.5,-0.88,1.5,1977.8,1053.8,-2197.8,2,0,0,0,9,
285400864,-1.5,-0.88,1.5,1977.8,1053.8,-2197.8,2,0,0,0,9,
285400904,-1.5,-0.88,1.5,1977.8,1053.8,-2197.8,2,0,0,0,9,
285400944,-1.5,-0.88,1.5,1977.8,1053.8,-2197.8,2,0,0,0,9,
285400984,-1.5,-0.88,1.5,1977.8,1053.8,-2197.8,2,0,0,0,9,
285401024,-1.5,-0.88,1.5,1977.8,1053.8,-2197.8,2,0,0,0,9,
285401064,-1.5,-0.88,1.5,1977.8,1053.8,-2197.8,2,0,0,0,9,
285401105,-1.5,-0.88,1.5,1977.8,1053.8,-2197.8,2,0,0,0,9,
285401144,-1.5,-0.88,1.5,1977.8,1053.8,-2197.8,2,0,0,0,9,
285401184,-1.5,-0.88,1.5,1977.8,1053.8,-2197.8,2,0,0,0,9,
285401224,-1.5,-0.88,1.5,1977.8,1053.8,-2197.8,2,0,0,0,9,
285401264,-1.5,-0.88,1.5,1977.8,1053.8,-2197.8,2,0,0,0,9,
285401304,-1.5,-0.88,1.5,1977.8,1053.8,-2197.8,2,0,0,0,9,
285401344,-1.5,-0.88,1.5,1977.8,1053.8,-2197.8,2,0,0,0,9,
285401384,-1.5,-0.88,1.5,1977.8,1053.8,-2197.8,2,0,0,0,9,
285401424,-1.5,-0.88,1.5,1977.8,1053.8,-2197.8,2,0,0,0,9,
285401464,-1.5,-0.88,1.5,1977.8,1053.8,-2197.8,2,0,0,0,9,
285401504,-1.5,-0.88,1.5,1977.8,1053.8,-2197.8,2,0,0,0,9,
285401544,-1.5,-0.88,1.5,1977.8,1053.8,-2197.8,2,0,0,0,9,
285401584,-1.5,-0.88,1.5,1977.8,1053.8,-2197.8,2,0,0,0,9,
285401624,-1.5,-0.88,1.5,1977.8,1053.8,-2197.8,2,0,0,0,9,
285401664,-1.5,-0.88,1.5,1977.8,1053.8,-2197.8,2,0,0,0,9,
285401704,-1.5,-0.88,1.5,1977.8,1053.8,-2197.8,2,0,0,0,9,
285401744,-1.5,-0.88,1.5,1977.8,1053.8,-2197.8,2,0,0,0,9,
285401784,-1.5,-0.88,1.5,1977.8,1053.8,-2197.8,2,0,0,0,9,
285401824,-1.5,-0.88,1.5,1977.8,1053.8,-2197.8,2,0,0,0,9,
285401864,-1.5,-0.88,1.5,1977.8,1053.8,-2197.8,2,0,0,0,9,
285401904,-1.5,-0.88,1.5,1977.8,1053.8,-2197.8,2,0,0,0,9,
285401944,-1.5,-0.88,1.5,1977.8,1053.8,-2197.8,2,0,0,0,9,
285401984,-1.5,-0.88,1.5,1977.8,1053.8,-2197.8,2,0,0,0,9,
285402024,-1.5,-0.88,1.5,1977.8,1053.8,-2197.8,2,0,0,0,9,
285402064,-1.5,-0.88,1.5,1977.8,1053.8,-2197.8,2,0,0,0,9,
285402104,-1.5,-0.88,1.5,1977.8,1053.8,-2197.8,2,0,0,0,9,
285402144,-1.5,-0.88,1.5,1977.8,1053.8,-2197.8,2,0,0,0,9,
285402184,-1.5,-0.88,1.5,1977.8,1053.8,-2197.8,2,0,0,0,9,
285402224,-1.5,-0.88,1.5,1977.8,1053.8,-2197.8,2,0,0,0,9,
285402264,-1.5,-0.88,1.5,1977.8,1053.8,-2197.8,2,0,0,0,9,
285402304,-1.5,-0.88,1.5,1977.8,1053.8,-2197.8,2,0,0,0,9,
285402345,-1.5,-0.88,1.5,1977.8,1053.8,-2197.8,2,0,0,0,9,
285402384,-1.5,-0.88,1.5,1977.8,1053.8,-2197.8,2,0,0,0,9,
285402424,-1.5,-0.88,1.5,1977.8,1053.8,-2197.8,2,0,0,0,9,
285402464,-1.5,-0.88,1.5,1977.8,1053.8,-2197.8,2,0,0,0,9,
285402504,-1.5,-0.88,1.5,1977.8,1053.8,-2197.8,2,0,0,0,9,
285402544,-1.5,-0.88,1.5,1977.8,1053.8,-2197.8,2,0,0,0,9,
285402584,-1.5,-0.88,1.5,1977.8,1053.8,-2197.8,2,0,0,0,9,
285402624,-1.5,-0.88,1.5,1977.8,1053.8,-2197.8,2,0,0,0,9,
285402665,-1.5,-0.88,1.5,1977.8,1053.8,-2197.8,2,0,0,0,9,
285402704,-1.5,-0.88,1.5,1977.8,1053.8,-2197.8,2,0,0,0,9,
285402744,-1.5,-0.88,1.5,1977.8,1053.8,-2197.8,2,0,0,0,9,
285402784,-1.5,-0.88,1.5,1977.8,1053.8,-2197.8,2,0,0,0,9,
285402824,-1.5,-0.88,1.5,1977.8,1053.8,-2197.8,2,0,0,0,9,
285402864,-1.5,-0.88,1.5,1977.8,1053.8,-2197.8,2,0,0,0,9,
285402904,-1.5,-0.88,1.5,1977.8,1053.8,-2197.8,2,0,0,0,9,
285402944,-1.5,-0.88,1.5,1977.8,1053.8,-2197.8,2,0,0,0,9,
285402985,-1.5,-0.88,1.5,1977.8,1053.8,-2197.8,2,0,0,0,9,
285403024,-1.5,-0.88,1.5,1977.8,1053.8,-2197.8,2,0,0,0,9,
285403064,-1.5,-0.88,1.5,1977.8,1053.8,-2197.8,2,0,0,0,9,
285403104,-1.5,-0.88,1.5,1977.8,1053.8,-2197.8,2,0,0,0,9,
285403144,-1.5,-0.88,1.5,1977.8,1053.8,-2197.8,2,0,0,0,9,
285403184,-1.5,-0.88,1.5,1977.8,1053.8,-2197.8,2,0,0,0,9,
285403224,-1.5,-0.88,1.5,1977.8,1053.8,-2197.8,2,0,0,0,9,
285403264,-1.5,-0.88,1.5,1977.8,1053.8,-2197.8,2,0,0,0,9,
285403304,-1.5,-0.88,1.5,1977.8,1053.8,-2197.8,2,0,0,0,9,
285403344,-1.5,-0.88,1.5,1977.8,1053.8,-2197.8,2,0,0,0,9,
285403384,-1.5,-0.88,1.5,1977.8,1053.8,-2197.8,2,0,0,0,9,
285403424,-1.5,-0.88,1.5,1977.8,1053.8,-2197.8,2,0,0,0,9,
285403464,-1.5,-0.88,1.5,1977.8,1053.8,-2197.8,2,0,0,0,9,
285403504,-1.5,-0.88,1.5,1977.8,1053.8,-2197.8,2,0,0,0,9,
285403544,-1.5,-0.88,1.5,1977.8,1053.8,-2197.8,2,0,0,0,9,
285403584,-1.5,-0.88,1.5,1977.8,1053.8,-2197.8,2,0,0,0,9,
285403624,-1.5,-0.88,1.5,1977.8,1053.8,-2197.8,2,0,0,0,9,
285403664,-1.5,-0.88,1.5,1977.8,1053.8,-2197.8,2,0,0,0,9,
285403704,-1.5,-0.88,1.5,1977.8,1053.8,-2197.8,2,0,0,0,9,
285403744,-1.5,-0.88,1.5,1977.8,1053.8,-2197.8,2,0,0,0,9,
285403784,-1.5,-0.88,1.5,1977.8,1053.8,-2197.8,2,0,0,0,9,
285403824,-1.5,-0.88,1.5,1977.8,1053.8,-2197.8,2,0,0,0,9,
285403864,-1.5,-0.88,1.5,1977.8,1053.8,-2197.8,2,0,0,0,9,
285403904,-1.5,-0.88,1.5,1977.8,1053.8,-2197.8,2,0,0,0,9,
285403944,-1.5,-0.88,1.5,1977.8,1053.8,-2197.8,2,0,0,0,9,
285403984,-1.5,-0.88,1.5,1977.8,1053.8,-2197.8,2,0,0,0,9,
285404024,-1.5,-0.88,1.5,1977.8,1053.8,-2197.8,2,0,0,0,9,
285404064,-1.5,-0.88,1.5,1977.8,1053.8,-2197.8,2,0,0,0,9,
285404104,-1.5,-0.88,1.5,1977.8,1053.8,-2197.8,2,0,0,0,9,
285404144,-1.5,-0.88,1.5,1977.8,1053.8,-2197.8,2,0,0,0,9,
285404184,-1.5,-0.88,1.5,1977.8,1053.8,-2197.8,2,0,0,0,9,
285404225,-1.5,-0.88,1.5,1977.8,1053.8,-2197.8,2,0,0,0,9,
285404264,-1.5,-0.88,1.5,1977.8,1053.8,-2197.8,2,0,0,0,9,
285404304,-1.5,-0.88,1.5,1977.8,1053.8,-2197.8,2,0,0,0,9,
285404344,-1.5,-0.88,1.5,1977.8,1053.8,-2197.8,2,0,0,0,9,
285404384,-1.5,-0.88,1.5,1977.8,1053.8,-2197.8,2,0,0,0,9,
285404424,-1.5,-0.88,1.5,1977.8,1053.8,-2197.8,2,0,0,0,9,
285404464,-1.5,-0.88,1.5,1977.8,1053.8,-2197.8,2,0,0,0,9,
285404504,-1.5,-0.88,1.5,1977.8,1053.8,-2197.8,2,0,0,0,9,
285404545,-1.5,-0.88,1.5,1977.8,1053.8,-2197.8,2,0,0,0,9,
285404584,-1.5,-0.88,1.5,1977.8,1053.8,-2197.8,2,0,0,0,9,
285404624,-1.5,-0.88,1.5,1977.8,1053.8,-2197.8,2,0,0,0,9,
285404664,-1.5,-0.88,1.5,1977.8,1053.8,-2197.8,2,0,0,0,9,
285404704,-1.5,-0.88,1.5,1977.8,1053.8,-2197.8,2,0,0,0,9,
285404744,-1.5,-0.88,1.5,1977.8,1053.8,-2197.8,2,0,0,0,9,
285404784,-1.5,-0.88,1.5,1977.8,1053.8,-2197.8,2,0,0,0,9,
285404824,-1.5,-0.88,1.5,1977.8,1053.8,-2197.8,2,0,0,0,9,
285404865,-1.5,-0.88,1.5,1977.8,1053.8,-2197.8,2,0,0,0,9,
285404904,-1.5,-0.88,1.5,1977.8,1053.8,-2197.8,2,0,0,0,9,
285404944,-1.5,-0.88,1.5,1977.8,1053.8,-2197.8,2,0,0,0,9,
285404984,-1.5,-0.88,1.5,1977.8,1053.8,-2197.8,2,0,0,0,9,
285405024,-1.5,-0.88,1.5,1977.8,1053.8,-2197.8,2,0,0,0,9,
285405064,-1.5,-0.88,1.5,1977.8,1053.8,-2197.8,2,0,0,0,9,
285405104,-1.5,-0.88,1.5,1977.8,1053.8,-2197.8,2,0,0,0,9,
285405144,-1.5,-0.88,1.5,1977.8,1053.8,-2197.8,2,0,0,0,9,
285405185,-1.5,-0.88,1.5,1977.8,1053.8,-2197.8,2,0,0,0,9,
285405224,-1.5,-0.88,1.5,1977.8,1053.8,-2197.8,2,0,0,0,9,
285405264,-1.5,-0.88,1.5,1977.8,1053.8,-2197.8,2,0,0,0,9,
285405304,-1.5,-0.88,1.5,1977.8,1053.8,-2197.8,2,0,0,0,9,
285405344,-1.5,-0.88,1.5,1977.8,1053.8,-2197.8,2,0,0,0,9,
285405384,-1.5,-0.88,1.5,1977.8,1053.8,-2197.8,2,0,0,0,9,
285405424,-1.5,-0.88,1.5,1977.8,1053.8,-2197.8,2,0,0,0,9,
285405464,-1.5,-0.88,1.5,1977.8,1053.8,-2197.8,2,0,0,0,9,
285405504,-1.5,-0.88,1.5,1977.8,1053.8,-2197.8,2,0,0,0,9,
285405544,-1.5,-0.88,1.5,1977.8,1053.8,-2197.8,2,0,0,0,9,
285405584,-1.5,-0.88,1.5,1977.8,1053.8,-2197.8,2,0,0,0,9,
285405624,-1.5,-0.88,1.5,1977.8,1053.8,-2197.8,2,0,0,0,9,
285405664,-1.5,-0.88,1.5,1977.8,1053.8,-2197.8,2,0,0,0,9,
285405704,-1.5,-0.88,1.5,1977.8,1053.8,-2197.8,2,0,0,0,9,
285405744,-1.5,-0.88,1.5,1977.8,1053.8,-2197.8,2,0,0,0,9,
285405784,-1.5,-0.88,1.5,1977.8,1053.8,-2197.8,2,0,0,0,9,
285405824,-1.5,-0.88,1.5,1977.8,1053.8,-2197.8,2,0,0,0,9,
285405864,-1.5,-0.88,1.5,1977.8,1053.8,-2197.8,2,0,0,0,9,
285405904,-1.5,-0.88,1.5,1977.8,1053.8,-2197.8,2,0,0,0,9,
285405944,-1.5,-0.88,1.5,1977.8,1053.8,-2197.8,2,0,0,0,9,
285405984,-1.5,-0.88,1.5,1977.8,1053.8,-2197.8,2,0,0,0,9,
285406024,-1.5,-0.88,1.5,1977.8,1053.8,-2197.8,2,0,0,0,9,
285406064,-1.5,-0.88,1.5,1977.8,1053.8,-2197.8,2,0,0,0,9,
285406105,-1.5,-0.88,1.5,1977.8,1053.8,-2197.8,2,0,0,0,9,
285406144,-1.5,-0.88,1.5,1977.8,1053.8,-2197.8,2,0,0,0,9,
285406184,-1.5,-0.88,1.5,1977.8,1053.8,-2197.8,2,0,0,0,9,
285406224,-1.5,-0.88,1.5,1977.8,1053.8,-2197.8,2,0,0,0,9,
285406264,-1.5,-0.88,1.5,1977.8,1053.8,-2197.8,2,0,0,0,9,
285406304,-1.5,-0.88,1.5,1977.8,1053.8,-2197.8,2,0,0,0,9,
285406344,-1.5,-0.88,1.5,1977.8,1053.8,-2197.8,2,0,0,0,9,
285406384,-1.5,-0.88,1.5,1977.8,1053.8,-2197.8,2,0,0,0,9,
285406425,-1.5,-0.88,1.5,1977.8,1053.8,-2197.8,2,0,0,0,9,
285406464,-1.5,-0.88,1.5,1977.8,1053.8,-2197.8,2,0,0,0,9,
285406504,-1.5,-0.88,1.5,1977.8,1053.8,-2197.8,2,0,0,0,9,
285406544,-1.5,-0.88,1.5,1977.8,1053.8,-2197.8,2,0,0,0,9,
285406584,-1.5,-0.88,1.5,1977.8,1053.8,-2197.8,2,0,0,0,9,
285406624,-1.5,-0.88,1.5,1977.8,1053.8,-2197.8,2,0,0,0,9,
285406664,-1.5,-0.88,1.5,1977.8,1053.8,-2197.8,2,0,0,0,9,
285406704,-1.5,-0.88,1.5,1977.8,1053.8,-2197.8,2,0,0,0,9,
285406745,-1.5,-0.88,1.5,1977.8,1053.8,-2197.8,2,0,0,0,9,
285406784,-1.5,-0.88,1.5,1977.8,1053.8,-2197.8,2,0,0,0,9,
285406824,-1.5,-0.88,1.5,1977.8,1053.8,-2197.8,2,0,0,0,9,
285406864,-1.5,-0.88,1.5,1977.8,1053.8,-2197.8,2,0,0,0,9,
285406904,-1.5,-0.88,1.5,1977.8,1053.8,-2197.8,2,0,0,0,9,
285406944,-1.5,-0.88,1.5,1977.8,1053.8,-2197.8,2,0,0,0,9,
285406984,-1.5,-0.88,1.5,1977.8,1053.8,-2197.8,2,0,0,0,9,
285407024,-1.5,-0.88,1.5,1977.8,1053.8,-2197.8,2,0,0,0,9,
285407064,-1.5,-0.88,1.5,1977.8,1053.8,-2197.8,2,0,0,0,9,
285407104,-1.5,-0.88,1.5,1977.8,1053.8,-2197.8,2,0,0,0,9,
285407144,-1.5,-0.88,1.5,1977.8,1053.8,-2197.8,2,0,0,0,9,
285407184,-1.5,-0.88,1.5,1977.8,1053.8,-2197.8,2,0,0,0,9,
285407224,-1.5,-0.88,1.5,1977.8,1053.8,-2197.8,2,0,0,0,9,
285407264,-1.5,-0.88,1.5,1977.8,1053.8,-2197.8,2,0,0,0,9,
285407304,-1.5,-0.88,1.5,1977.8,1053.8,-2197.8,2,0,0,0,9,
285407344,-1.5,-0.88,1.5,1977.8,1053.8,-2197.8,2,0,0,0,9,
285407384,-1.5,-0.88,1.5,1977.8,1053.8,-2197.8,2,0,0,0,9,
285407424,-1.5,-0.88,1.5,1977.8,1053.8,-2197.8,2,0,0,0,9,
285407464,-1.5,-0.88,1.5,1977.8,1053.8,-2197.8,2,0,0,0,9,
285407504,-1.5,-0.88,1.5,1977.8,1053.8,-2197.8,2,0,0,0,9,
285407544,-1.5,-0.88,1.5,1977.8,1053.8,-2197.8,2,0,0,0,9,
285407584,-1.5,-0.88,1.5,1977.8,1053.8,-2197.8,2,0,0,0,9,
285407624,-1.5,-0.88,1.5,1977.8,1053.8,-2197.8,2,0,0,0,9,
285407664,-1.5,-0.88,1.5,1977.8,1053.8,-2197.8,2,0,0,0,9,
285407704,-1.5,-0.88,1.5,1977.8,1053.8,-2197.8,2,0,0,0,9,
285407744,-1.5,-0.88,1.5,1977.8,1053.8,-2197.8,2,0,0,0,9,
285407784,-1.5,-0.88,1.5,1977.8,1053.8,-2197.8,2,0,0,0,9,
285407824,-1.5,-0.88,1.5,1977.8,1053.8,-2197.8,2,0,0,0,9,
285407864,-1.5,-0.88,1.5,1977.8,1053.8,-2197.8,2,0,0,0,9,
285407904,-1.5,-0.88,1.5,1977.8,1053.8,-2197.8,2,0,0,0,9,
285407944,-1.5,-0.88,1.5,1977.8,1053.8,-2197.8,2,0,0,0,9,
285407985,-1.5,-0.88,1.5,1977.8,1053.8,-2197.8,2,0,0,0,9,
285408024,-1.5,-0.88,1.5,1977.8,1053.8,-2197.8,2,0,0,0,9,
285408064,-1.5,-0.88,1.5,1977.8,1053.8,-2197.8,2,0,0,0,9,
285408104,-1.5,-0.88,1.5,1977.8,1053.8,-2197.8,2,0,0,0,9,
285408144,-1.5,-0.88,1.5,1977.8,1053.8,-2197.8,2,0,0,0,9,
285408184,-1.5,-0.88,1.5,1977.8,1053.8,-2197.8,2,0,0,0,9,
285408224,-1.5,-0.88,1.5,1977.8,1053.8,-2197.8,2,0,0,0,9,
285408264,-1.5,-0.88,1.5,1977.8,1053.8,-2197.8,2,0,0,0,9,
285408305,-1.5,-0.88,1.5,1977.8,1053.8,-2197.8,2,0,0,0,9,
285408344,-1.5,-0.88,1.5,1977.8,1053.8,-2197.8,2,0,0,0,9,
285408384,-1.5,-0.88,1.5,1977.8,1053.8,-2197.8,2,0,0,0,9,
285408424,-1.5,-0.88,1.5,1977.8,1053.8,-2197.8,2,0,0,0,9,
285408464,-1.5,-0.88,1.5,1977.8,1053.8,-2197.8,2,0,0,0,2,
285408504,-1.5,-0.88,1.5,1977.8,1053.8,-2197.8,2,0,0,0,2,
285408544,-1.5,-0.88,1.5,1977.8,1053.8,-2197.8,2,0,0,0,2,
285408584,-1.5,-0.88,1.5,1977.8,1053.8,-2197.8,2,0,0,0,2,
285408625,-1.5,-0.88,1.5,1977.8,1053.8,-2197.8,2,0,0,0,2,
285408664,-1.5,-0.88,1.5,1977.8,1053.8,-2197.8,2,0,0,0,2,
285408704,-1.5,-0.88,1.5,1977.8,1053.8,-2197.8,2,0,0,0,2,
285408744,-1.5,-0.88,1.5,1977.8,1053.8,-2197.8,2,0,0,0,2,
285408784,-1.5,-0.88,1.5,1977.8,1053.8,-2197.8,2,0,0,0,2,
285408824,-1.5,-0.88,1.5,1977.8,1053.8,-2197.8,2,0,0,0,2,
285408864,-1.5,-0.88,1.5,1977.8,1053.8,-2197.8,2,0,0,0,2,
285408904,-1.5,-0.88,1.5,1977.8,1053.8,-2197.8,2,0,0,0,2,
285408945,-1.5,-0.88,1.5,1977.8,1053.8,-2197.8,2,0,0,0,2,
285408984,-1.5,-0.88,1.5,1977.8,1053.8,-2197.8,2,0,0,0,2,
285409024,-1.5,-0.88,1.5,1977.8,1053.8,-2197.8,2,0,0,0,2,
285409064,-1.5,-0.88,1.5,1977.8,1053.8,-2197.8,2,0,0,0,2,
285409104,-1.5,-0.88,1.5,1977.8,1053.8,-2197.8,2,0,0,0,2,
285409144,-1.5,-0.88,1.5,1977.8,1053.8,-2197.8,2,0,0,0,2,
285409184,-1.5,-0.88,1.5,1977.8,1053.8,-2197.8,2,0,0,0,2,
285409224,-1.5,-0.88,1.5,1977.8,1053.8,-2197.8,2,0,0,0,2,
285409264,-1.5,-0.88,1.5,1977.8,1053.8,-2197.8,2,0,0,0,2,
285409304,-1.5,-0.88,1.5,1977.8,1053.8,-2197.8,2,0,0,0,2,
285409344,-1.5,-0.88,1.5,1977.8,1053.8,-2197.8,2,0,0,0,2,
285409384,-1.5,-0.88,1.5,1977.8,1053.8,-2197.8,2,0,0,0,2,
285409424,-1.5,-0.88,1.5,1977.8,1053.8,-2197.8,2,0,0,0,2,
285409464,-1.5,-0.88,1.5,1977.8,1053.8,-2197.8,2,0,0,0,2,
285409504,-1.5,-0.88,1.5,1977.8,1053.8,-2197.8,2,0,0,0,2,
285409544,-1.5,-0.88,1.5,1977.8,1053.8,-2197.8,2,0,0,0,2,
285409584,-1.5,-0.88,1.5,1977.8,1053.8,-2197.8,2,0,0,0,2,
285409624,-1.5,-0.88,1.5,1977.8,1053.8,-2197.8,2,0,0,0,2,
285409664,-1.5,-0.88,1.5,1977.8,1053.8,-2197.8,2,0,0,0,2,
285409704,-1.5,-0.88,1.5,1977.8,1053.8,-2197.8,2,0,0,0,3,
285409745,-1.5,-0.88,1.5,1977.8,1053.8,-2197.8,2,0,0,0,3,
285409784,-1.5,-0.88,1.5,1977.8,1053.8,-2197.8,2,0,0,0,3,
285409824,-1.5,-0.88,1.5,1977.8,1053.8,-2197.8,2,0,0,0,3,
285409865,-1.5,-0.88,1.5,1977.8,1053.8,-2197.8,2,0,0,0,3,
285409904,-1.5,-0.88,1.5,1977.8,1053.8,-2197.8,2,0,0,0,3,
285409944,-1.5,-0.88,1.5,1977.8,1053.8,-2197.8,2,0,0,0,3,
285409984,-1.5,-0.88,1.5,1977.8,1053.8,-2197.8,2,0,0,0,3,
285410024,-1.5,-0.88,1.5,1977.8,1053.8,-2197.8,2,0,0,0,3,
285410064,-1.5,-0.88,1.5,1977.8,1053.8,-2197.8,2,0,0,0,3,
285410104,-1.5,-0.88,1.5,1977.8,1053.8,-2197.8,2,0,0,0,3,
285410144,-1.5,-0.88,1.5,1977.8,1053.8,-2197.8,2,0,0,0,3,
285410185,-1.5,-0.88,1.5,1977.8,1053.8,-2197.8,2,0,0,0,3,
285410224,-1.5,-0.88,1.5,1977.8,1053.8,-2197.8,2,0,0,0,3,
285410264,-1.5,-0.88,1.5,1977.8,1053.8,-2197.8,2,0,0,0,3,
285410304,-1.5,-0.88,1.5,1977.8,1053.8,-2197.8,2,0,0,0,3,
285410344,-1.5,-0.88,1.5,1977.8,1053.8,-2197.8,2,0,0,0,3,
285410384,-1.5,-0.88,1.5,1977.8,1053.8,-2197.8,2,0,0,0,3,
285410424,-1.5,-0.88,1.5,1977.8,1053.8,-2197.8,2,0,0,0,3,
285410464,-1.5,-0.88,1.5,1977.8,1053.8,-2197.8,2,0,0,0,3,
285410505,-1.5,-0.88,1.5,1977.8,1053.8,-2197.8,2,0,0,0,3,
285410544,-1.5,-0.88,1.5,1977.8,1053.8,-2197.8,2,0,0,0,3,
285410584,-1.5,-0.88,1.5,1977.8,1053.8,-2197.8,2,0,0,0,3,
285410624,-1.5,-0.88,1.5,1977.8,1053.8,-2197.8,2,0,0,0,3,
285410664,-1.5,-0.88,1.5,1977.8,1053.8,-2197.8,2,0,0,0,3,
285410704,-1.5,-0.88,1.5,1977.8,1053.8,-2197.8,2,0,0,0,3,
285410744,-1.5,-0.88,1.5,1977.8,1053.8,-2197.8,2,0,0,0,3,
285410784,-1.5,-0.88,1.5,1977.8,1053.8,-2197.8,2,0,0,0,3,
285410825,-1.5,-0.88,1.5,1977.8,1053.8,-2197.8,2,0,0,0,3,
285410864,-1.5,-0.88,1.5,1977.8,1053.8,-2197.8,2,0,0,0,3,
285410904,-1.5,-0.88,1.5,1977.8,1053.8,-2197.8,2,0,0,0,3,
285410944,-1.5,-0.88,1.5,1977.8,1053.8,-2197.8,2,0,0,0,3,
285410984,-1.5,-0.88,1.5,1977.8,1053.8,-2197.8,2,0,0,0,3,
285411024,-1.5,-0.88,1.5,1977.8,1053.8,-2197.8,2,0,0,0,3,
285411064,-1.5,-0.88,1.5,1977.8,1053.8,-2197.8,2,0,0,0,3,
285411104,-1.5,-0.88,1.5,1977.8,1053.8,-2197.8,2,0,0,0,3,
285411144,-1.5,-0.88,1.5,1977.8,1053.8,-2197.8,2,0,0,0,3,
285411184,-1.5,-0.88,1.5,1977.8,1053.8,-2197.8,2,0,0,0,3,
285411224,-1.5,-0.88,1.5,1977.8,1053.8,-2197.8,2,0,0,0,3,
285411264,-1.5,-0.88,1.5,1977.8,1053.8,-2197.8,2,0,0,0,3,
285411304,-1.5,-0.88,1.5,1977.8,1053.8,-2197.8,2,0,0,0,3,
285411344,-1.5,-0.88,1.5,1977.8,1053.8,-2197.8,2,0,0,0,3,
285411384,-1.5,-0.88,1.5,1977.8,1053.8,-2197.8,2,0,0,0,3,
285411424,-1.5,-0.88,1.5,1977.8,1053.8,-2197.8,2,0,0,0,3,
285411464,-1.5,-0.88,1.5,1977.8,1053.8,-2197.8,2,0,0,0,3,
285411504,-1.5,-0.88,1.5,1977.8,1053.8,-2197.8,2,0,0,0,3,
285411544,-1.5,-0.88,1.5,1977.8,1053.8,-2197.8,2,0,0,0,3,
285411584,-1.5,-0.88,1.5,1977.8,1053.8,-2197.8,2,0,0,0,3,
285411624,-1.5,-0.88,1.5,1977.8,1053.8,-2197.8,2,0,0,0,3,
285411664,-1.5,-0.88,1.5,1977.8,1053.8,-2197.8,2,0,0,0,3,
285411704,-1.5,-0.88,1.5,1977.8,1053.8,-2197.8,2,0,0,0,3,
285411745,-1.5,-0.88,1.5,1977.8,1053.8,-2197.8,2,0,0,0,3,
285411784,-1.5,-0.88,1.5,1977.8,1053.8,-2197.8,2,0,0,0,3,
285411824,-1.5,-0.88,1.5,1977.8,1053.8,-2197.8,2,0,0,0,3,
285411864,-1.5,-0.88,1.5,1977.8,1053.8,-2197.8,2,0,0,0,3,
285411904,-1.5,-0.88,1.5,1977.8,1053.8,-2197.8,2,0,0,0,3,
285411944,-1.5,-0.88,1.5,1977.8,1053.8,-2197.8,2,0,0,0,3,
285411984,-1.5,-0.88,1.5,1977.8,1053.8,-2197.8,2,0,0,0,3,
285412024,-1.5,-0.88,1.5,1977.8,1053.8,-2197.8,2,0,0,0,3,
285412065,-1.5,-0.88,1.5,1977.8,1053.8,-2197.8,2,0,0,0,3,
285412106,-1.5,-0.88,1.5,1977.8,1053.8,-2197.8,2,0,0,0,8,
285412144,-1.5,-0.88,1.5,1977.8,1053.8,-2197.8,2,0,0,0,8,
285412184,-1.5,-0.88,1.5,1977.8,1053.8,-2197.8,2,0,0,0,8,
285412224,-1.5,-0.88,1.5,1977.8,1053.8,-2197.8,2,0,0,0,8,
285412264,-1.5,-0.88,1.5,1977.8,1053.8,-2197.8,2,0,0,0,8,
285412304,-1.5,-0.88,1.5,1977.8,1053.8,-2197.8,2,0,0,0,8,
285412344,-1.5,-0.88,1.5,1977.8,1053.8,-2197.8,2,0,0,0,8,
285412385,-1.5,-0.88,1.5,1977.8,1053.8,-2197.8,2,0,0,0,8,
285412424,-1.5,-0.88,1.5,1977.8,1053.8,-2197.8,2,0,0,0,8,
285412464,-1.5,-0.88,1.5,1977.8,1053.8,-2197.8,2,0,0,0,8,
285412504,-1.5,-0.88,1.5,1977.8,1053.8,-2197.8,2,0,0,0,8,
285412544,-1.5,-0.88,1.5,1977.8,1053.8,-2197.8,2,0,0,0,8,
285412584,-1.5,-0.88,1.5,1977.8,1053.8,-2197.8,2,0,0,0,8,
285412624,-1.5,-0.88,1.5,1977.8,1053.8,-2197.8,2,0,0,0,8,
285412664,-1.5,-0.88,1.5,1977.8,1053.8,-2197.8,2,0,0,0,8,
285412705,-1.5,-0.88,1.5,1977.8,1053.8,-2197.8,2,0,0,0,8,
285412744,-1.5,-0.88,1.5,1977.8,1053.8,-2197.8,2,0,0,0,8,
285412784,-1.5,-0.88,1.5,1977.8,1053.8,-2197.8,2,0,0,0,8,
285412824,-1.5,-0.88,1.5,1977.8,1053.8,-2197.8,2,0,0,0,8,
285412864,-1.5,-0.88,1.5,1977.8,1053.8,-2197.8,2,0,0,0,8,
285412904,-1.5,-0.88,1.5,1977.8,1053.8,-2197.8,2,0,0,0,8,
285412944,-1.5,-0.88,1.5,1977.8,1053.8,-2197.8,2,0,0,0,8,
285412984,-1.5,-0.88,1.5,1977.8,1053.8,-2197.8,2,0,0,0,8,
285413024,-1.5,-0.88,1.5,1977.8,1053.8,-2197.8,2,0,0,0,8,
285413064,-1.5,-0.88,1.5,1977.8,1053.8,-2197.8,2,0,0,0,8,
285413104,-1.5,-0.88,1.5,1977.8,1053.8,-2197.8,2,0,0,0,8,
285413144,-1.5,-0.88,1.5,1977.8,1053.8,-2197.8,2,0,0,0,8,
285413184,-1.5,-0.88,1.5,1977.8,1053.8,-2197.8,2,0,0,0,8,
285413224,-1.5,-0.88,1.5,1977.8,1053.8,-2197.8,2,0,0,0,8,
285413264,-1.5,-0.88,1.5,1977.8,1053.8,-2197.8,2,0,0,0,8,
285413304,-1.5,-0.88,1.5,1977.8,1053.8,-2197.8,2,0,0,0,8,
285413344,-1.5,-0.88,1.5,1977.8,1053.8,-2197.8,2,0,0,0,8,
285413384,-1.5,-0.88,1.5,1977.8,1053.8,-2197.8,2,0,0,0,8,
285413424,-1.5,-0.88,1.5,1977.8,1053.8,-2197.8,2,0,0,0,8,
285413464,-1.5,-0.88,1.5,1977.8,1053.8,-2197.8,2,0,0,0,8,
285413504,-1.5,-0.88,1.5,1977.8,1053.8,-2197.8,2,0,0,0,8,
285413544,-1.5,-0.88,1.5,1977.8,1053.8,-2197.8,2,0,0,0,8,
285413584,-1.5,-0.88,1.5,1977.8,1053.8,-2197.8,2,0,0,0,8,
285413624,-1.5,-0.88,1.5,1977.8,1053.8,-2197.8,2,0,0,0,8,
285413664,-1.5,-0.88,1.5,1977.8,1053.8,-2197.8,2,0,0,0,8,
285413704,-1.5,-0.88,1.5,1977.8,1053.8,-2197.8,2,0,0,0,8,
285413744,-1.5,-0.88,1.5,1977.8,1053.8,-2197.8,2,0,0,0,8,
285413784,-1.5,-0.88,1.5,1977.8,1053.8,-2197.8,2,0,0,0,8,
285413824,-1.5,-0.88,1.5,1977.8,1053.8,-2197.8,2,0,0,0,8,
285413864,-1.5,-0.88,1.5,1977.8,1053.8,-2197.8,2,0,0,0,8,
285413904,-1.5,-0.88,1.5,1977.8,1053.8,-2197.8,2,0,0,0,8,
285413945,-1.5,-0.88,1.5,1977.8,1053.8,-2197.8,2,0,0,0,8,
285413984,-1.5,-0.88,1.5,1977.8,1053.8,-2197.8,2,0,0,0,8,
285414024,-1.5,-0.88,1.5,1977.8,1053.8,-2197.8,2,0,0,0,8,
285414064,-1.5,-0.88,1.5,1977.8,1053.8,-2197.8,2,0,0,0,8,
285414104,-1.5,-0.88,1.5,1977.8,1053.8,-2197.8,2,0,0,0,8,
285414144,-1.5,-0.88,1.5,1977.8,1053.8,-2197.8,2,0,0,0,8,
285414184,-1.5,-0.88,1.5,1977.8,1053.8,-2197.8,2,0,0,0,8,
285414224,-1.5,-0.88,1.5,1977.8,1053.8,-2197.8,2,0,0,0,8,
285414265,-1.5,-0.88,1.5,1977.8,1053.8,-2197.8,2,0,0,0,8,
285414304,-1.5,-0.88,1.5,1977.8,1053.8,-2197.8,2,0,0,0,8,
285414344,-1.5,-0.88,1.5,1977.8,1053.8,-2197.8,2,0,0,0,8,
285414384,-1.5,-0.88,1.5,1977.8,1053.8,-2197.8,2,0,0,0,8,
285414424,-1.5,-0.88,1.5,1977.8,1053.8,-2197.8,2,0,0,0,8,
285414464,-1.5,-0.88,1.5,1977.8,1053.8,-2197.8,2,0,0,0,8,
285414504,-1.5,-0.88,1.5,1977.8,1053.8,-2197.8,2,0,0,0,8,
285414544,-1.5,-0.88,1.5,1977.8,1053.8,-2197.8,2,0,0,0,8,
285414585,-1.5,-0.88,1.5,1977.8,1053.8,-2197.8,2,0,0,0,8,
285414624,-1.5,-0.88,1.5,1977.8,1053.8,-2197.8,2,0,0,0,8,
285414664,-1.5,-0.88,1.5,1977.8,1053.8,-2197.8,2,0,0,0,8,
285414704,-1.5,-0.88,1.5,1977.8,1053.8,-2197.8,2,0,0,0,8,
285414744,-1.5,-0.88,1.5,1977.8,1053.8,-2197.8,2,0,0,0,8,
285414784,-1.5,-0.88,1.5,1977.8,1053.8,-2197.8,2,0,0,0,8,
285414824,-1.5,-0.88,1.5,1977.8,1053.8,-2197.8,2,0,0,0,8,
285414864,-1.5,-0.88,1.5,1977.8,1053.8,-2197.8,2,0,0,0,8,
285414904,-1.5,-0.88,1.5,1977.8,1053.8,-2197.8,2,0,0,0,8,
285414944,-1.5,-0.88,1.5,1977.8,1053.8,-2197.8,2,0,0,0,8,
285414984,-1.5,-0.88,1.5,1977.8,1053.8,-2197.8,2,0,0,0,8,
285415024,-1.5,-0.88,1.5,1977.8,1053.8,-2197.8,2,0,0,0,8,
285415064,-1.5,-0.88,1.5,1977.8,1053.8,-2197.8,2,0,0,0,8,
285415104,-1.5,-0.88,1.5,1977.8,1053.8,-2197.8,2,0,0,0,8,
285415144,-1.5,-0.88,1.5,1977.8,1053.8,-2197.8,2,0,0,0,8,
285415184,-1.5,-0.88,1.5,1977.8,1053.8,-2197.8,2,0,0,0,8,
285415224,-1.5,-0.88,1.5,1977.8,1053.8,-2197.8,2,0,0,0,8,
285415264,-1.5,-0.88,1.5,1977.8,1053.8,-2197.8,2,0,0,0,8,
285415304,-1.5,-0.88,1.5,1977.8,1053.8,-2197.8,2,0,0,0,8,
285415344,-1.5,-0.88,1.5,1977.8,1053.8,-2197.8,2,0,0,0,8,
285415384,-1.5,-0.88,1.5,1977.8,1053.8,-2197.8,2,0,0,0,8,
285415424,-1.5,-0.88,1.5,1977.8,1053.8,-2197.8,2,0,0,0,8,
285415464,-1.5,-0.88,1.5,1977.8,1053.8,-2197.8,2,0,0,0,8,
285415504,-1.5,-0.88,1.5,1977.8,1053.8,-2197.8,2,0,0,0,8,
285415544,-1.5,-0.88,1.5,1977.8,1053.8,-2197.8,2,0,0,0,8,
285415584,-1.5,-0.88,1.5,1977.8,1053.8,-2197.8,2,0,0,0,8,
285415624,-1.5,-0.88,1.5,1977.8,1053.8,-2197.8,2,0,0,0,8,
285415664,-1.5,-0.88,1.5,1977.8,1053.8,-2197.8,2,0,0,0,8,
285415704,-1.5,-0.88,1.5,1977.8,1053.8,-2197.8,2,0,0,0,8,
285415744,-1.5,-0.88,1.5,1977.8,1053.8,-2197.8,2,0,0,0,8,
285415784,-1.5,-0.88,1.5,1977.8,1053.8,-2197.8,2,0,0,0,8,
285415825,-1.5,-0.88,1.5,1977.8,1053.8,-2197.8,2,0,0,0,8,
285415864,-1.5,-0.88,1.5,1977.8,1053.8,-2197.8,2,0,0,0,8,
285415904,-1.5,-0.88,1.5,1977.8,1053.8,-2197.8,2,0,0,0,8,
285415944,-1.5,-0.88,1.5,1977.8,1053.8,-2197.8,2,0,0,0,8,
285415984,-1.5,-0.88,1.5,1977.8,1053.8,-2197.8,2,0,0,0,8,
285416024,-1.5,-0.88,1.5,1977.8,1053.8,-2197.8,2,0,0,0,8,
285416064,-1.5,-0.88,1.5,1977.8,1053.8,-2197.8,2,0,0,0,8,
285416104,-1.5,-0.88,1.5,1977.8,1053.8,-2197.8,2,0,0,0,8,
285416145,-1.5,-0.88,1.5,1977.8,1053.8,-2197.8,2,0,0,0,8,
285416184,-1.5,-0.88,1.5,1977.8,1053.8,-2197.8,2,0,0,0,8,
285416224,-1.5,-0.88,1.5,1977.8,1053.8,-2197.8,2,0,0,0,8,
285416264,-1.5,-0.88,1.5,1977.8,1053.8,-2197.8,2,0,0,0,8,
285416304,-1.5,-0.88,1.5,1977.8,1053.8,-2197.8,2,0,0,0,8,
285416344,-1.5,-0.88,1.5,1977.8,1053.8,-2197.8,2,0,0,0,8,
285416384,-1.5,-0.88,1.5,1977.8,1053.8,-2197.8,2,0,0,0,8,
285416424,-1.5,-0.88,1.5,1977.8,1053.8,-2197.8,2,0,0,0,8,
285416465,-1.5,-0.88,1.5,1977.8,1053.8,-2197.8,2,0,0,0,8,
285416504,-1.5,-0.88,1.5,1977.8,1053.8,-2197.8,2,0,0,0,8,
285416544,-1.5,-0.88,1.5,1977.8,1053.8,-2197.8,2,0,0,0,8,
285416584,-1.5,-0.88,1.5,1977.8,1053.8,-2197.8,2,0,0,0,8,
285416624,-1.5,-0.88,1.5,1977.8,1053.8,-2197.8,2,0,0,0,8,
285416664,-1.5,-0.88,1.5,1977.8,1053.8,-2197.8,2,0,0,0,8,
285416704,-1.5,-0.88,1.5,1977.8,1053.8,-2197.8,2,0,0,0,8,
285416744,-1.5,-0.88,1.5,1977.8,1053.8,-2197.8,2,0,0,0,8,
285416784,-1.5,-0.88,1.5,1977.8,1053.8,-2197.8,2,0,0,0,8,
285416824,-1.5,-0.88,1.5,1977.8,1053.8,-2197.8,2,0,0,0,8,
285416864,-1.5,-0.88,1.5,1977.8,1053.8,-2197.8,2,0,0,0,8,
285416904,-1.5,-0.88,1.5,1977.8,1053.8,-2197.8,2,0,0,0,8,
285416944,-1.5,-0.88,1.5,1977.8,1053.8,-2197.8,2,0,0,0,8,
285416984,-1.5,-0.88,1.5,1977.8,1053.8,-2197.8,2,0,0,0,8,
285417024,-1.5,-0.88,1.5,1977.8,1053.8,-2197.8,2,0,0,0,8,
285417064,-1.5,-0.88,1.5,1977.8,1053.8,-2197.8,2,0,0,0,8,
285417104,-1.5,-0.88,1.5,1977.8,1053.8,-2197.8,2,0,0,0,8,
285417144,-1.5,-0.88,1.5,1977.8,1053.8,-2197.8,2,0,0,0,8,
285417184,-1.5,-0.88,1.5,1977.8,1053.8,-2197.8,2,0,0,0,8,
285417224,-1.5,-0.88,1.5,1977.8,1053.8,-2197.8,2,0,0,0,8,
285417264,-1.5,-0.88,1.5,1977.8,1053.8,-2197.8,2,0,0,0,8,
285417304,-1.5,-0.88,1.5,1977.8,1053.8,-2197.8,2,0,0,0,8,
285417344,-1.5,-0.88,1.5,1977.8,1053.8,-2197.8,2,0,0,0,8,
285417384,-1.5,-0.88,1.5,1977.8,1053.8,-2197.8,2,0,0,0,8,
285417424,-1.5,-0.88,1.5,1977.8,1053.8,-2197.8,2,0,0,0,8,
285417464,-1.5,-0.88,1.5,1977.8,1053.8,-2197.8,2,0,0,0,8,
285417504,-1.5,-0.88,1.5,1977.8,1053.8,-2197.8,2,0,0,0,8,
285417544,-1.5,-0.88,1.5,1977.8,1053.8,-2197.8,2,0,0,0,8,
285417584,-1.5,-0.88,1.5,1977.8,1053.8,-2197.8,2,0,0,0,8,
285417624,-1.5,-0.88,1.5,1977.8,1053.8,-2197.8,2,0,0,0,8,
285417664,-1.5,-0.88,1.5,1977.8,1053.8,-2197.8,2,0,0,0,8,
285417705,-1.5,-0.88,1.5,1977.8,1053.8,-2197.8,2,0,0,0,8,
285417744,-1.5,-0.88,1.5,1977.8,1053.8,-2197.8,2,0,0,0,8,
285417784,-1.5,-0.88,1.5,1977.8,1053.8,-2197.8,2,0,0,0,8,
285417824,-1.5,-0.88,1.5,1977.8,1053.8,-2197.8,2,0,0,0,8,
285417864,-1.5,-0.88,1.5,1977.8,1053.8,-2197.8,2,0,0,0,8,
285417904,-1.5,-0.88,1.5,1977.8,1053.8,-2197.8,2,0,0,0,8,
285417944,-1.5,-0.88,1.5,1977.8,1053.8,-2197.8,2,0,0,0,8,
285417984,-1.5,-0.88,1.5,1977.8,1053.8,-2197.8,2,0,0,0,8,
285418025,-1.5,-0.88,1.5,1977.8,1053.8,-2197.8,2,0,0,0,8,
285418064,-1.5,-0.88,1.5,1977.8,1053.8,-2197.8,2,0,0,0,8,
285418104,-1.5,-0.88,1.5,1977.8,1053.8,-2197.8,2,0,0,0,8,
285418144,-1.5,-0.88,1.5,1977.8,1053.8,-2197.8,2,0,0,0,8,
285418184,-1.5,-0.88,1.5,1977.8,1053.8,-2197.8,2,0,0,0,8,
285418224,-1.5,-0.88,1.5,1977.8,1053.8,-2197.8,2,0,0,0,8,
285418264,-1.5,-0.88,1.5,1977.8,1053.8,-2197.8,2,0,0,0,8,
285418304,-1.5,-0.88,1.5,1977.8,1053.8,-2197.8,2,0,0,0,8,
285418345,-1.5,-0.88,1.5,1977.8,1053.8,-2197.8,2,0,0,0,8,
285418384,-1.5,-0.88,1.5,1977.8,1053.8,-2197.8,2,0,0,0,8,
285418424,-1.5,-0.88,1.5,1977.8,1053.8,-2197.8,2,0,0,0,8,
285418464,-1.5,-0.88,1.5,1977.8,1053.8,-2197.8,2,0,0,0,8,
285418504,-1.5,-0.88,1.5,1977.8,1053.8,-2197.8,2,0,0,0,8,
285418544,-1.5,-0.88,1.5,1977.8,1053.8,-2197.8,2,0,0,0,8,
285418584,-1.5,-0.88,1.5,1977.8,1053.8,-2197.8,2,0,0,0,8,
285418624,-1.5,-0.88,1.5,1977.8,1053.8,-2197.8,2,0,0,0,8,
285418664,-1.5,-0.88,1.5,1977.8,1053.8,-2197.8,2,0,0,0,8,
285418704,-1.5,-0.88,1.5,1977.8,1053.8,-2197.8,2,0,0,0,8,
285418744,-1.5,-0.88,1.5,1977.8,1053.8,-2197.8,2,0,0,0,8,
285418784,-1.5,-0.88,1.5,1977.8,1053.8,-2197.8,2,0,0,0,8,
285418824,-1.5,-0.88,1.5,1977.8,1053.8,-2197.8,2,0,0,0,8,
