milisec,RacketX,RacketY,RacketZ,forceX,forceX,forceX,ForceRatio,FriendPoint,EnemyPoint,haptics,scene
279573279,0,0,0,7306.92,3899.06,-8066.93,7.6,0,0,0,0,
279573302,-1.49707,-0.88,1.48264,1182.82,632.28,-1295.76,1.2,0,0,0,0,
279573321,-1.49707,-0.88,1.48264,985.682,526.9,-1079.8,1,0,0,0,0,
279573361,-1.49707,-0.88,1.48264,1971.36,1053.8,-2159.6,2,0,0,0,0,
279573402,-1.49707,-0.88,1.48264,1971.36,1053.8,-2159.6,2,0,0,0,0,
279573442,-1.49707,-0.88,1.48264,1971.36,1053.8,-2159.6,2,0,0,0,0,
279573481,-1.49707,-0.88,1.48264,1971.36,1053.8,-2159.6,2,0,0,0,0,
279573521,-1.49707,-0.88,1.48264,1971.36,1053.8,-2159.6,2,0,0,0,0,
279573561,-1.49707,-0.88,1.48264,1971.36,1053.8,-2159.6,2,0,0,0,0,
279573619,-1.49707,-0.88,1.48264,2759.91,1475.32,-3023.44,2.8,0,0,0,0,
279573641,-1.49707,-0.88,1.48264,1182.82,632.28,-1295.76,1.2,0,0,0,0,
279573681,-1.49707,-0.88,1.48264,1971.36,1053.8,-2159.6,2,0,0,0,0,
279573722,-1.49707,-0.88,1.48264,1971.36,1053.8,-2159.6,2,0,0,0,0,
279573762,-1.49707,-0.88,1.48264,1971.36,1053.8,-2159.6,2,0,0,0,0,
279573801,-1.49707,-0.88,1.48264,1971.36,1053.8,-2159.6,2,0,0,0,0,
279573841,-1.49707,-0.88,1.48264,1971.36,1053.8,-2159.6,2,0,0,0,0,
279573881,-1.49707,-0.88,1.48264,1971.36,1053.8,-2159.6,2,0,0,0,0,
279573921,-1.49707,-0.88,1.48264,1971.36,1053.8,-2159.6,2,0,0,0,0,
279573961,-1.49707,-0.88,1.48264,1971.36,1053.8,-2159.6,2,0,0,0,0,
279574002,-1.49707,-0.88,1.48264,1971.36,1053.8,-2159.6,2,0,0,0,0,
279574042,-1.49707,-0.88,1.48264,1971.36,1053.8,-2159.6,2,0,0,0,0,
279574081,-1.49707,-0.88,1.48264,1971.36,1053.8,-2159.6,2,0,0,0,0,
279574121,-1.49707,-0.88,1.48264,1971.36,1053.8,-2159.6,2,0,0,0,0,
279574161,-1.49707,-0.88,1.48264,1971.36,1053.8,-2159.6,2,0,0,0,0,
279574201,-1.49707,-0.88,1.48264,1971.36,1053.8,-2159.6,2,0,0,0,0,
279574241,-1.49707,-0.88,1.48264,1971.36,1053.8,-2159.6,2,0,0,0,0,
279574281,-1.49707,-0.88,1.48264,1971.36,1053.8,-2159.6,2,0,0,0,0,
279574322,-1.49707,-0.88,1.48264,1971.36,1053.8,-2159.6,2,0,0,0,0,
279574362,-1.49707,-0.88,1.48264,1971.36,1053.8,-2159.6,2,0,0,0,0,
279574401,-1.49707,-0.88,1.48264,1971.36,1053.8,-2159.6,2,0,0,0,0,
279574441,-1.49707,-0.88,1.48264,1971.36,1053.8,-2159.6,2,0,0,0,0,
279574481,-1.49707,-0.88,1.48264,1971.36,1053.8,-2159.6,2,0,0,0,0,
279574521,-1.49707,-0.88,1.48264,1971.36,1053.8,-2159.6,2,0,0,0,0,
279574561,-1.49707,-0.88,1.48264,1971.36,1053.8,-2159.6,2,0,0,0,0,
279574601,-1.49707,-0.88,1.48264,1971.36,1053.8,-2159.6,2,0,0,0,0,
279574642,-1.49707,-0.88,1.48264,1971.36,1053.8,-2159.6,2,0,0,0,0,
279574682,-1.49707,-0.88,1.48264,1971.36,1053.8,-2159.6,2,0,0,0,0,
279574721,-1.49707,-0.88,1.48264,1971.36,1053.8,-2159.6,2,0,0,0,0,
279574761,-1.49707,-0.88,1.48264,1971.36,1053.8,-2159.6,2,0,0,0,0,
279574801,-1.49707,-0.88,1.48264,1971.36,1053.8,-2159.6,2,0,0,0,0,
279574841,-1.49707,-0.88,1.48264,1971.36,1053.8,-2159.6,2,0,0,0,0,
279574881,-1.49707,-0.88,1.48264,1971.36,1053.8,-2159.6,2,0,0,0,0,
279574921,-1.49707,-0.88,1.48264,1971.36,1053.8,-2159.6,2,0,0,0,0,
279574962,-1.49707,-0.88,1.48264,1971.36,1053.8,-2159.6,2,0,0,0,0,
279575002,-1.49707,-0.88,1.48264,1971.36,1053.8,-2159.6,2,0,0,0,0,
279575041,-1.49707,-0.88,1.48264,1971.36,1053.8,-2159.6,2,0,0,0,0,
279575081,-1.49707,-0.88,1.48264,1971.36,1053.8,-2159.6,2,0,0,0,0,
279575121,-1.49707,-0.88,1.48264,1971.36,1053.8,-2159.6,2,0,0,0,0,
279575161,-1.49707,-0.88,1.48264,1971.36,1053.8,-2159.6,2,0,0,0,0,
279575201,-1.49707,-0.88,1.48264,1971.36,1053.8,-2159.6,2,0,0,0,0,
279575241,-1.49707,-0.88,1.48264,1971.36,1053.8,-2159.6,2,0,0,0,0,
279575282,-1.49707,-0.88,1.48264,1971.36,1053.8,-2159.6,2,0,0,0,0,
279575324,-1.49707,-0.88,1.48264,1971.36,1053.8,-2159.6,2,0,0,0,0,
279575361,-1.49707,-0.88,1.48264,1971.36,1053.8,-2159.6,2,0,0,0,0,
279575401,-1.49707,-0.88,1.48264,1971.36,1053.8,-2159.6,2,0,0,0,0,
279575441,-1.49707,-0.88,1.48264,1971.36,1053.8,-2159.6,2,0,0,0,0,
279575481,-1.2075,-0.88,-0.236212,1971.36,1053.8,-2159.6,2,0,0,0,0,
279575521,-1.2075,-0.88,-0.236212,1334.3,1053.8,0,2,0,0,0,0,
279575561,-1.2075,-0.88,-0.236212,1334.3,1053.8,0,2,0,0,0,0,
279575602,-1.2075,-0.88,-0.236212,1334.3,1053.8,0,2,0,0,0,0,
279575642,-1.2075,-0.88,-0.236212,1334.3,1053.8,0,2,0,0,0,0,
279575681,-1.2075,-0.88,-0.236212,1334.3,1053.8,0,2,0,0,0,0,
279575721,-1.2075,-0.88,-0.236212,1334.3,1053.8,0,2,0,0,0,0,
279575761,-1.2075,-0.88,-0.236212,1334.3,1053.8,0,2,0,0,0,0,
279575801,-1.2075,-0.88,-0.236212,1334.3,1053.8,0,2,0,0,0,0,
279575841,-1.2075,-0.88,-0.236212,1334.3,1053.8,0,2,0,0,0,0,
279575882,-1.2075,-0.88,-0.236212,1334.3,1053.8,0,2,0,0,0,0,
279575922,-1.2075,-0.88,-0.236212,1334.3,1053.8,0,2,0,0,0,0,
279575961,-1.2075,-0.88,-0.236212,1334.3,1053.8,0,2,0,0,0,0,
279576001,-1.2075,-0.88,-0.236212,1334.3,1053.8,0,2,0,0,0,0,
279576041,-1.2075,-0.88,-0.236212,1334.3,1053.8,0,2,0,0,0,0,
279576081,-1.2075,-0.88,-0.236212,1334.3,1053.8,0,2,0,0,0,0,
279576121,-1.2075,-0.88,-0.236212,1334.3,1053.8,0,2,0,0,0,0,
279576161,-1.2075,-0.88,-0.236212,1334.3,1053.8,0,2,0,0,0,0,
279576202,-1.2075,-0.88,-0.236212,1334.3,1053.8,0,2,0,0,0,0,
279576242,-1.2075,-0.88,-0.236212,1334.3,1053.8,0,2,0,0,0,0,
279576281,-1.2075,-0.88,-0.236212,1334.3,1053.8,0,2,0,0,0,0,
279576321,-1.2075,-0.88,-0.236212,1334.3,1053.8,0,2,0,0,0,0,
279576361,-1.2075,-0.88,-0.236212,1334.3,1053.8,0,2,0,0,0,0,
279576401,-1.2075,-0.88,-0.236212,1334.3,1053.8,0,2,0,0,0,0,
279576441,-1.2075,-0.88,-0.236212,1334.3,1053.8,0,2,0,0,0,0,
279576481,-1.2075,-0.88,-0.236212,1334.3,1053.8,0,2,0,0,0,0,
279576522,-1.2075,-0.88,-0.236212,1334.3,1053.8,0,2,0,0,0,0,
279576562,-1.2075,-0.88,-0.236212,1334.3,1053.8,0,2,0,0,0,0,
279576601,-1.2075,-0.88,-0.236212,1334.3,1053.8,0,2,0,0,0,0,
279576641,-1.2075,-0.88,-0.236212,1334.3,1053.8,0,2,0,0,0,0,
279576681,-1.2075,-0.88,-0.236212,1334.3,1053.8,0,2,0,0,0,0,
279576721,-1.2075,-0.88,-0.236212,1334.3,1053.8,0,2,0,0,0,9,
279576761,-1.2075,-0.88,-0.236212,1334.3,1053.8,0,2,0,0,0,9,
279576801,-1.2075,-0.88,-0.236212,1334.3,1053.8,0,2,0,0,0,9,
279576842,-1.2075,-0.88,-0.236212,1334.3,1053.8,0,2,0,0,0,9,
279576882,-1.2075,-0.88,-0.236212,1334.3,1053.8,0,2,0,0,0,9,
279576921,-1.2075,-0.88,-0.236212,1334.3,1053.8,0,2,0,0,0,9,
279576961,-1.2075,-0.88,-0.236212,1334.3,1053.8,0,2,0,0,0,9,
279577001,-1.2075,-0.88,-0.236212,1334.3,1053.8,0,2,0,0,0,9,
279577041,-1.2075,-0.88,-0.236212,1334.3,1053.8,0,2,0,0,0,9,
279577081,-1.2075,-0.88,-0.236212,1334.3,1053.8,0,2,0,0,0,9,
279577121,-1.2075,-0.88,-0.236212,1334.3,1053.8,0,2,0,0,0,9,
279577162,-1.2075,-0.88,-0.236212,1334.3,1053.8,0,2,0,0,0,9,
279577202,-1.2075,-0.88,-0.236212,1334.3,1053.8,0,2,0,0,0,9,
279577241,-1.2075,-0.88,-0.236212,1334.3,1053.8,0,2,0,0,0,9,
279577281,-1.2075,-0.88,-0.236212,1334.3,1053.8,0,2,0,0,0,9,
279577321,-1.2075,-0.88,-0.236212,1334.3,1053.8,0,2,0,0,0,9,
279577361,-1.2075,-0.88,-0.236212,1334.3,1053.8,0,2,0,0,0,9,
279577401,-1.2075,-0.88,-0.236212,1334.3,1053.8,0,2,0,0,0,9,
279577441,-1.2075,-0.88,-0.236212,1334.3,1053.8,0,2,0,0,0,9,
279577482,-1.2075,-0.88,-0.236212,1334.3,1053.8,0,2,0,0,0,9,
279577522,-1.2075,-0.88,-0.236212,1334.3,1053.8,0,2,0,0,0,9,
279577561,-1.2075,-0.88,-0.236212,1334.3,1053.8,0,2,0,0,0,9,
279577601,-1.2075,-0.88,-0.236212,1334.3,1053.8,0,2,0,0,0,9,
279577641,-1.2075,-0.88,-0.236212,1334.3,1053.8,0,2,0,0,0,9,
279577681,-1.2075,-0.88,-0.236212,1334.3,1053.8,0,2,0,0,0,9,
279577721,-1.2075,-0.88,-0.236212,1334.3,1053.8,0,2,0,0,0,9,
279577762,-1.2075,-0.88,-0.236212,1334.3,1053.8,0,2,0,0,0,9,
279577802,-1.2075,-0.88,-0.236212,1334.3,1053.8,0,2,0,0,0,9,
279577841,-1.2075,-0.88,-0.236212,1334.3,1053.8,0,2,0,0,0,9,
279577881,-1.2075,-0.88,-0.236212,1334.3,1053.8,0,2,0,0,0,9,
279577921,-1.2075,-0.88,-0.236212,1334.3,1053.8,0,2,0,0,0,9,
279577961,-1.2075,-0.88,-0.236212,1334.3,1053.8,0,2,0,0,0,9,
279578001,-1.2075,-0.88,-0.236212,1334.3,1053.8,0,2,0,0,0,9,
279578041,-1.2075,-0.88,-0.236212,1334.3,1053.8,0,2,0,0,0,9,
279578082,-1.2075,-0.88,-0.236212,1334.3,1053.8,0,2,0,0,0,9,
279578122,-1.2075,-0.88,-0.236212,1334.3,1053.8,0,2,0,0,0,9,
279578161,-1.2075,-0.88,-0.236212,1334.3,1053.8,0,2,0,0,0,9,
279578201,-1.2075,-0.88,-0.236212,1334.3,1053.8,0,2,0,0,0,9,
279578241,-1.2075,-0.88,-0.236212,1334.3,1053.8,0,2,0,0,0,9,
279578281,-1.2075,-0.88,-0.236212,1334.3,1053.8,0,2,0,0,0,9,
279578321,-1.2075,-0.88,-0.236212,1334.3,1053.8,0,2,0,0,0,9,
279578361,-1.2075,-0.88,-0.236212,1334.3,1053.8,0,2,0,0,0,9,
279578402,-1.2075,-0.88,-0.236212,1334.3,1053.8,0,2,0,0,0,9,
279578442,-1.2075,-0.88,-0.236212,1334.3,1053.8,0,2,0,0,0,9,
279578481,-1.2075,-0.88,-0.236212,1334.3,1053.8,0,2,0,0,0,9,
279578521,-1.2075,-0.88,-0.236212,1334.3,1053.8,0,2,0,0,0,9,
279578561,-1.2075,-0.88,-0.236212,1334.3,1053.8,0,2,0,0,0,9,
279578601,-1.2075,-0.88,-0.236212,1334.3,1053.8,0,2,0,0,0,9,
279578641,-1.2075,-0.88,-0.236212,1334.3,1053.8,0,2,0,0,0,9,
279578681,-1.2075,-0.88,-0.236212,1334.3,1053.8,0,2,0,0,0,9,
279578722,-1.2075,-0.88,-0.236212,1334.3,1053.8,0,2,0,0,0,9,
279578762,-1.2075,-0.88,-0.236212,1334.3,1053.8,0,2,0,0,0,9,
279578801,-1.2075,-0.88,-0.236212,1334.3,1053.8,0,2,0,0,0,9,
279578841,-1.2075,-0.88,-0.236212,1334.3,1053.8,0,2,0,0,0,9,
279578881,-1.2075,-0.88,-0.236212,1334.3,1053.8,0,2,0,0,0,9,
279578921,-1.2075,-0.88,-0.236212,1334.3,1053.8,0,2,0,0,0,9,
279578961,-1.2075,-0.88,-0.236212,1334.3,1053.8,0,2,0,0,0,9,
279579001,-1.2075,-0.88,-0.236212,1334.3,1053.8,0,2,0,0,0,9,
279579042,-1.2075,-0.88,-0.236212,1334.3,1053.8,0,2,0,0,0,9,
279579082,-1.2075,-0.88,-0.236212,1334.3,1053.8,0,2,0,0,0,9,
279579121,-1.2075,-0.88,-0.236212,1334.3,1053.8,0,2,0,0,0,9,
279579161,-1.2075,-0.88,-0.236212,1334.3,1053.8,0,2,0,0,0,9,
279579201,-1.2075,-0.88,-0.236212,1334.3,1053.8,0,2,0,0,0,9,
279579241,-1.2075,-0.88,-0.236212,1334.3,1053.8,0,2,0,0,0,9,
279579281,-1.2075,-0.88,-0.236212,1334.3,1053.8,0,2,0,0,0,9,
