milisec,RacketX,RacketY,RacketZ,forceX,forceX,forceX,ForceRatio,FriendPoint,EnemyPoint,haptics,scene
285491687,0,0,0,19550.9,10432.6,-21743.2,20,0,0,0,0,
285491730,-1.4926,-0.88,1.49621,2157.67,1159.18,-2408.41,2.2,0,0,0,0,
285491735,-1.4926,-0.88,1.49621,196.152,105.38,-218.947,0.2,0,0,0,0,
285491773,-1.4926,-0.88,1.49621,1961.52,1053.8,-2189.47,2,0,0,0,0,
285491813,-1.4926,-0.88,1.49621,1961.52,1053.8,-2189.47,2,0,0,0,0,
285491853,-1.4926,-0.88,1.49621,1961.52,1053.8,-2189.47,2,0,0,0,0,
285491893,-1.4926,-0.88,1.49621,1961.52,1053.8,-2189.47,2,0,0,0,0,
285491958,-1.4926,-0.88,1.49621,3138.43,1686.08,-3503.15,3.2,0,0,0,0,
285491972,-1.4926,-0.88,1.49621,784.608,421.52,-875.787,0.8,0,0,0,0,
285492034,-1.4926,-0.88,1.49621,2942.28,1580.7,-3284.2,3,0,0,0,0,
285492053,-1.4926,-0.88,1.49621,980.76,526.9,-1094.73,1,0,0,0,0,
285492093,-1.4926,-0.88,1.49621,1961.52,1053.8,-2189.47,2,0,0,0,0,
285492133,-1.4926,-0.88,1.49621,1961.52,1053.8,-2189.47,2,0,0,0,0,
285492173,-1.4926,-0.88,1.49621,1961.52,1053.8,-2189.47,2,0,0,0,0,
285492213,-1.4926,-0.88,1.49621,1961.52,1053.8,-2189.47,2,0,0,0,0,
285492252,-1.4926,-0.88,1.49621,1961.52,1053.8,-2189.47,2,0,0,0,0,
285492292,-1.4926,-0.88,1.49621,1961.52,1053.8,-2189.47,2,0,0,0,0,
285492333,-1.4926,-0.88,1.49621,1961.52,1053.8,-2189.47,2,0,0,0,0,
285492373,-1.4926,-0.88,1.49621,1961.52,1053.8,-2189.47,2,0,0,0,0,
285492413,-1.4926,-0.88,1.49621,1961.52,1053.8,-2189.47,2,0,0,0,0,
285492453,-1.4926,-0.88,1.49621,1961.52,1053.8,-2189.47,2,0,0,0,0,
285492493,-1.4926,-0.88,1.49621,1961.52,1053.8,-2189.47,2,0,0,0,0,
285492533,-1.4926,-0.88,1.49621,1961.52,1053.8,-2189.47,2,0,0,0,0,
285492572,-1.4926,-0.88,1.49621,1961.52,1053.8,-2189.47,2,0,0,0,0,
285492612,-1.4926,-0.88,1.49621,1961.52,1053.8,-2189.47,2,0,0,0,0,
285492653,-1.4926,-0.88,1.49621,1961.52,1053.8,-2189.47,2,0,0,0,0,
285492693,-1.4926,-0.88,1.49621,1961.52,1053.8,-2189.47,2,0,0,0,0,
285492733,-1.4926,-0.88,1.49621,1961.52,1053.8,-2189.47,2,0,0,0,0,
285492773,-1.4926,-0.88,1.49621,1961.52,1053.8,-2189.47,2,0,0,0,0,
285492813,-1.4926,-0.88,1.49621,1961.52,1053.8,-2189.47,2,0,0,0,0,
285492853,-1.4926,-0.88,1.49621,1961.52,1053.8,-2189.47,2,0,0,0,0,
285492892,-1.4926,-0.88,1.49621,1961.52,1053.8,-2189.47,2,0,0,0,0,
285492933,-1.4926,-0.88,1.49621,1961.52,1053.8,-2189.47,2,0,0,0,0,
285492973,-1.4926,-0.88,1.49621,1961.52,1053.8,-2189.47,2,0,0,0,0,
285493013,-1.4926,-0.88,1.49621,1961.52,1053.8,-2189.47,2,0,0,0,0,
285493053,-1.4926,-0.88,1.49621,1961.52,1053.8,-2189.47,2,0,0,0,0,
285493093,-1.4926,-0.88,1.49621,1961.52,1053.8,-2189.47,2,0,0,0,0,
285493133,-1.4926,-0.88,1.49621,1961.52,1053.8,-2189.47,2,0,0,0,0,
285493173,-1.4926,-0.88,1.49621,1961.52,1053.8,-2189.47,2,0,0,0,0,
285493212,-1.4926,-0.88,1.49621,1961.52,1053.8,-2189.47,2,0,0,0,0,
285493253,-1.4926,-0.88,1.49621,1961.52,1053.8,-2189.47,2,0,0,0,0,
285493293,-1.4926,-0.88,1.49621,1961.52,1053.8,-2189.47,2,0,0,0,0,
285493333,-1.4926,-0.88,1.49621,1961.52,1053.8,-2189.47,2,0,0,0,0,
285493373,-1.4926,-0.88,1.49621,1961.52,1053.8,-2189.47,2,0,0,0,0,
285493413,-1.4926,-0.88,1.49621,1961.52,1053.8,-2189.47,2,0,0,0,0,
285493453,-1.4926,-0.88,1.49621,1961.52,1053.8,-2189.47,2,0,0,0,0,
285493492,-1.4926,-0.88,1.49621,1961.52,1053.8,-2189.47,2,0,0,0,0,
285493532,-1.4926,-0.88,1.49621,1961.52,1053.8,-2189.47,2,0,0,0,0,
285493573,-1.4926,-0.88,1.49621,1961.52,1053.8,-2189.47,2,0,0,0,0,
285493613,-1.4926,-0.88,1.49621,1961.52,1053.8,-2189.47,2,0,0,0,0,
285493653,-1.4926,-0.88,1.49621,1961.52,1053.8,-2189.47,2,0,0,0,0,
285493693,-1.4926,-0.88,1.49621,1961.52,1053.8,-2189.47,2,0,0,0,0,
285493733,-1.4926,-0.88,1.49621,1961.52,1053.8,-2189.47,2,0,0,0,0,
285493773,-1.4926,-0.88,1.49621,1961.52,1053.8,-2189.47,2,0,0,0,0,
285493812,-1.4926,-0.88,1.49621,1961.52,1053.8,-2189.47,2,0,0,0,0,
285493852,-1.4926,-0.88,1.49621,1961.52,1053.8,-2189.47,2,0,0,0,0,
285493893,-1.4926,-0.88,1.49621,1961.52,1053.8,-2189.47,2,0,0,0,0,
285493933,-1.4926,-0.88,1.49621,1961.52,1053.8,-2189.47,2,0,0,0,0,
285493973,-1.4926,-0.88,1.49621,1961.52,1053.8,-2189.47,2,0,0,0,0,
285494013,-1.4926,-0.88,1.49621,1961.52,1053.8,-2189.47,2,0,0,0,0,
285494053,-1.4926,-0.88,1.49621,1961.52,1053.8,-2189.47,2,0,0,0,0,
285494093,-1.4926,-0.88,1.49621,1961.52,1053.8,-2189.47,2,0,0,0,0,
285494132,-1.4926,-0.88,1.49621,1961.52,1053.8,-2189.47,2,0,0,0,0,
285494172,-1.4926,-0.88,1.49621,1961.52,1053.8,-2189.47,2,0,0,0,0,
285494213,-1.4926,-0.88,1.49621,1961.52,1053.8,-2189.47,2,0,0,0,0,
285494253,-1.4926,-0.88,1.49621,1961.52,1053.8,-2189.47,2,0,0,0,0,
285494293,-1.4926,-0.88,1.49621,1961.52,1053.8,-2189.47,2,0,0,0,0,
285494333,-1.4926,-0.88,1.49621,1961.52,1053.8,-2189.47,2,0,0,0,0,
285494373,-1.4926,-0.88,1.49621,1961.52,1053.8,-2189.47,2,0,0,0,0,
285494413,-1.4926,-0.88,1.49621,1961.52,1053.8,-2189.47,2,0,0,0,0,
285494452,-1.4926,-0.88,1.49621,1961.52,1053.8,-2189.47,2,0,0,0,0,
285494492,-1.4926,-0.88,1.49621,1961.52,1053.8,-2189.47,2,0,0,0,0,
285494533,-1.4926,-0.88,1.49621,1961.52,1053.8,-2189.47,2,0,0,0,0,
285494573,-1.4926,-0.88,1.49621,1961.52,1053.8,-2189.47,2,0,0,0,0,
285494613,-1.4926,-0.88,1.49621,1961.52,1053.8,-2189.47,2,0,0,0,0,
285494653,-1.4926,-0.88,1.49621,1961.52,1053.8,-2189.47,2,0,0,0,0,
285494693,-1.4926,-0.88,1.49621,1961.52,1053.8,-2189.47,2,0,0,0,0,
285494733,-1.4926,-0.88,1.49621,1961.52,1053.8,-2189.47,2,0,0,0,0,
285494772,-1.4926,-0.88,1.49621,1961.52,1053.8,-2189.47,2,0,0,0,0,
285494813,-1.4926,-0.88,1.49621,1961.52,1053.8,-2189.47,2,0,0,0,0,
285494853,-1.4926,-0.88,1.49621,1961.52,1053.8,-2189.47,2,0,0,0,0,
285494893,-1.4926,-0.88,1.49621,1961.52,1053.8,-2189.47,2,0,0,0,0,
285494933,-1.4926,-0.88,1.49621,1961.52,1053.8,-2189.47,2,0,0,0,0,
285494973,-1.4926,-0.88,1.49621,1961.52,1053.8,-2189.47,2,0,0,0,0,
285495013,-1.4926,-0.88,1.49621,1961.52,1053.8,-2189.47,2,0,0,0,0,
285495053,-1.4926,-0.88,1.49621,1961.52,1053.8,-2189.47,2,0,0,0,0,
285495092,-1.4926,-0.88,1.49621,1961.52,1053.8,-2189.47,2,0,0,0,0,
285495133,-1.4926,-0.88,1.49621,1961.52,1053.8,-2189.47,2,0,0,0,0,
285495173,-1.4926,-0.88,1.49621,1961.52,1053.8,-2189.47,2,0,0,0,0,
285495213,-1.4926,-0.88,1.49621,1961.52,1053.8,-2189.47,2,0,0,0,0,
285495253,-1.4926,-0.88,1.49621,1961.52,1053.8,-2189.47,2,0,0,0,0,
285495293,-1.4926,-0.88,1.49621,1961.52,1053.8,-2189.47,2,0,0,0,0,
285495333,-1.4926,-0.88,1.49621,1961.52,1053.8,-2189.47,2,0,0,0,0,
285495372,-1.4926,-0.88,1.49621,1961.52,1053.8,-2189.47,2,0,0,0,0,
285495412,-1.4926,-0.88,1.49621,1961.52,1053.8,-2189.47,2,0,0,0,0,
285495453,-1.4926,-0.88,1.49621,1961.52,1053.8,-2189.47,2,0,0,0,0,
285495493,-1.4926,-0.88,1.49621,1961.52,1053.8,-2189.47,2,0,0,0,0,
285495533,-1.4926,-0.88,1.49621,1961.52,1053.8,-2189.47,2,0,0,0,0,
285495573,-1.4926,-0.88,1.49621,1961.52,1053.8,-2189.47,2,0,0,0,0,
285495613,-1.4926,-0.88,1.49621,1961.52,1053.8,-2189.47,2,0,0,0,0,
285495653,-1.4926,-0.88,1.49621,1961.52,1053.8,-2189.47,2,0,0,0,0,
285495692,-1.4926,-0.88,1.49621,1961.52,1053.8,-2189.47,2,0,0,0,0,
285495732,-1.4926,-0.88,1.49621,1961.52,1053.8,-2189.47,2,0,0,0,0,
285495773,-1.4926,-0.88,1.49621,1961.52,1053.8,-2189.47,2,0,0,0,0,
285495813,-1.4926,-0.88,1.49621,1961.52,1053.8,-2189.47,2,0,0,0,0,
285495853,-1.4926,-0.88,1.49621,1961.52,1053.8,-2189.47,2,0,0,0,0,
285495893,-1.4926,-0.88,1.49621,1961.52,1053.8,-2189.47,2,0,0,0,0,
285495933,-1.4926,-0.88,1.49621,1961.52,1053.8,-2189.47,2,0,0,0,0,
285495973,-1.4926,-0.88,1.49621,1961.52,1053.8,-2189.47,2,0,0,0,0,
285496012,-1.4926,-0.88,1.49621,1961.52,1053.8,-2189.47,2,0,0,0,0,
285496052,-1.4926,-0.88,1.49621,1961.52,1053.8,-2189.47,2,0,0,0,0,
285496093,-1.4926,-0.88,1.49621,1961.52,1053.8,-2189.47,2,0,0,0,0,
285496133,-1.4926,-0.88,1.49621,1961.52,1053.8,-2189.47,2,0,0,0,0,
285496173,-1.4926,-0.88,1.49621,1961.52,1053.8,-2189.47,2,0,0,0,0,
285496213,-1.4926,-0.88,1.49621,1961.52,1053.8,-2189.47,2,0,0,0,0,
285496253,-1.4926,-0.88,1.49621,1961.52,1053.8,-2189.47,2,0,0,0,0,
285496293,-1.4926,-0.88,1.49621,1961.52,1053.8,-2189.47,2,0,0,0,0,
285496332,-1.4926,-0.88,1.49621,1961.52,1053.8,-2189.47,2,0,0,0,0,
285496372,-1.4926,-0.88,1.49621,1961.52,1053.8,-2189.47,2,0,0,0,0,
285496413,-1.4926,-0.88,1.49621,1961.52,1053.8,-2189.47,2,0,0,0,0,
285496453,-1.4926,-0.88,1.49621,1961.52,1053.8,-2189.47,2,0,0,0,0,
285496493,-1.4926,-0.88,1.49621,1961.52,1053.8,-2189.47,2,0,0,0,0,
285496533,-1.4926,-0.88,1.49621,1961.52,1053.8,-2189.47,2,0,0,0,0,
285496573,-1.4926,-0.88,1.49621,1961.52,1053.8,-2189.47,2,0,0,0,0,
285496613,-1.4926,-0.88,1.49621,1961.52,1053.8,-2189.47,2,0,0,0,0,
285496652,-1.4926,-0.88,1.49621,1961.52,1053.8,-2189.47,2,0,0,0,0,
285496693,-1.4926,-0.88,1.49621,1961.52,1053.8,-2189.47,2,0,0,0,0,
285496733,-1.4926,-0.88,1.49621,1961.52,1053.8,-2189.47,2,0,0,0,0,
285496773,-1.4926,-0.88,1.49621,1961.52,1053.8,-2189.47,2,0,0,0,0,
285496813,-1.4926,-0.88,1.49621,1961.52,1053.8,-2189.47,2,0,0,0,0,
285496853,-1.4926,-0.88,1.49621,1961.52,1053.8,-2189.47,2,0,0,0,0,
285496893,-1.4926,-0.88,1.49621,1961.52,1053.8,-2189.47,2,0,0,0,0,
285496933,-1.4926,-0.88,1.49621,1961.52,1053.8,-2189.47,2,0,0,0,0,
285496972,-1.4926,-0.88,1.49621,1961.52,1053.8,-2189.47,2,0,0,0,0,
285497013,-1.4926,-0.88,1.49621,1961.52,1053.8,-2189.47,2,0,0,0,0,
285497053,-1.4926,-0.88,1.49621,1961.52,1053.8,-2189.47,2,0,0,0,0,
285497093,-1.4926,-0.88,1.49621,1961.52,1053.8,-2189.47,2,0,0,0,0,
285497133,-1.4926,-0.88,1.49621,1961.52,1053.8,-2189.47,2,0,0,0,0,
285497173,-1.4926,-0.88,1.49621,1961.52,1053.8,-2189.47,2,0,0,0,0,
285497213,-1.4926,-0.88,1.49621,1961.52,1053.8,-2189.47,2,0,0,0,0,
285497252,-1.4926,-0.88,1.49621,1961.52,1053.8,-2189.47,2,0,0,0,0,
285497292,-1.4926,-0.88,1.49621,1961.52,1053.8,-2189.47,2,0,0,0,0,
285497333,-1.4926,-0.88,1.49621,1961.52,1053.8,-2189.47,2,0,0,0,0,
285497373,-1.4926,-0.88,1.49621,1961.52,1053.8,-2189.47,2,0,0,0,0,
285497413,-1.4926,-0.88,1.49621,1961.52,1053.8,-2189.47,2,0,0,0,0,
285497453,-1.4926,-0.88,1.49621,1961.52,1053.8,-2189.47,2,0,0,0,0,
285497493,-1.4926,-0.88,1.49621,1961.52,1053.8,-2189.47,2,0,0,0,0,
285497533,-1.4926,-0.88,1.49621,1961.52,1053.8,-2189.47,2,0,0,0,0,
285497572,-1.4926,-0.88,1.49621,1961.52,1053.8,-2189.47,2,0,0,0,0,
285497612,-1.4926,-0.88,1.49621,1961.52,1053.8,-2189.47,2,0,0,0,0,
285497653,-1.4926,-0.88,1.49621,1961.52,1053.8,-2189.47,2,0,0,0,0,
285497693,-1.4926,-0.88,1.49621,1961.52,1053.8,-2189.47,2,0,0,0,0,
285497733,-1.4926,-0.88,1.49621,1961.52,1053.8,-2189.47,2,0,0,0,0,
285497773,-1.4926,-0.88,1.49621,1961.52,1053.8,-2189.47,2,0,0,0,0,
285497813,-1.4926,-0.88,1.49621,1961.52,1053.8,-2189.47,2,0,0,0,0,
285497853,-1.4926,-0.88,1.49621,1961.52,1053.8,-2189.47,2,0,0,0,0,
285497892,-1.4926,-0.88,1.49621,1961.52,1053.8,-2189.47,2,0,0,0,0,
285497932,-1.4926,-0.88,1.49621,1961.52,1053.8,-2189.47,2,0,0,0,0,
285497973,-1.4926,-0.88,1.49621,1961.52,1053.8,-2189.47,2,0,0,0,0,
285498013,-1.4926,-0.88,1.49621,1961.52,1053.8,-2189.47,2,0,0,0,0,
285498055,-1.4926,-0.88,1.49621,1961.52,1053.8,-2189.47,2,0,0,0,8,
285498093,-1.4926,-0.88,1.49621,1961.52,1053.8,-2189.47,2,0,0,0,8,
285498133,-1.4926,-0.88,1.49621,1961.52,1053.8,-2189.47,2,0,0,0,8,
285498173,-1.4926,-0.88,1.49621,1961.52,1053.8,-2189.47,2,0,0,0,8,
285498212,-1.4926,-0.88,1.49621,1961.52,1053.8,-2189.47,2,0,0,0,8,
285498252,-1.4926,-0.88,1.49621,1961.52,1053.8,-2189.47,2,0,0,0,8,
285498293,-1.4926,-0.88,1.49621,1961.52,1053.8,-2189.47,2,0,0,0,8,
285498333,-1.4926,-0.88,1.49621,1961.52,1053.8,-2189.47,2,0,0,0,8,
285498373,-1.4926,-0.88,1.49621,1961.52,1053.8,-2189.47,2,0,0,0,8,
285498413,-1.4926,-0.88,1.49621,1961.52,1053.8,-2189.47,2,0,0,0,8,
285498453,-1.4926,-0.88,1.49621,1961.52,1053.8,-2189.47,2,0,0,0,8,
285498493,-1.4926,-0.88,1.49621,1961.52,1053.8,-2189.47,2,0,0,0,8,
285498532,-1.4926,-0.88,1.49621,1961.52,1053.8,-2189.47,2,0,0,0,8,
285498573,-1.4926,-0.88,1.49621,1961.52,1053.8,-2189.47,2,0,0,0,8,
285498613,-1.4926,-0.88,1.49621,1961.52,1053.8,-2189.47,2,0,0,0,8,
285498653,-1.4926,-0.88,1.49621,1961.52,1053.8,-2189.47,2,0,0,0,8,
285498693,-1.4926,-0.88,1.49621,1961.52,1053.8,-2189.47,2,0,0,0,8,
285498733,-1.4926,-0.88,1.49621,1961.52,1053.8,-2189.47,2,0,0,0,8,
285498773,-1.4926,-0.88,1.49621,1961.52,1053.8,-2189.47,2,0,0,0,8,
285498813,-1.4926,-0.88,1.49621,1961.52,1053.8,-2189.47,2,0,0,0,8,
285498852,-1.4926,-0.88,1.49621,1961.52,1053.8,-2189.47,2,0,0,0,8,
285498893,-1.4926,-0.88,1.49621,1961.52,1053.8,-2189.47,2,0,0,0,8,
285498933,-1.4926,-0.88,1.49621,1961.52,1053.8,-2189.47,2,0,0,0,8,
285498973,-1.4926,-0.88,1.49621,1961.52,1053.8,-2189.47,2,0,0,0,8,
285499013,-1.4926,-0.88,1.49621,1961.52,1053.8,-2189.47,2,0,0,0,8,
285499053,-1.4926,-0.88,1.49621,1961.52,1053.8,-2189.47,2,0,0,0,8,
285499093,-1.4926,-0.88,1.49621,1961.52,1053.8,-2189.47,2,0,0,0,8,
285499133,-1.4926,-0.88,1.49621,1961.52,1053.8,-2189.47,2,0,0,0,8,
285499172,-1.4926,-0.88,1.49621,1961.52,1053.8,-2189.47,2,0,0,0,8,
285499213,-1.4926,-0.88,1.49621,1961.52,1053.8,-2189.47,2,0,0,0,8,
285499253,-1.4926,-0.88,1.49621,1961.52,1053.8,-2189.47,2,0,0,0,8,
285499293,-1.4926,-0.88,1.49621,1961.52,1053.8,-2189.47,2,0,0,0,8,
285499333,-1.4926,-0.88,1.49621,1961.52,1053.8,-2189.47,2,0,0,0,8,
285499373,-1.4926,-0.88,1.49621,1961.52,1053.8,-2189.47,2,0,0,0,8,
285499413,-1.4926,-0.88,1.49621,1961.52,1053.8,-2189.47,2,0,0,0,8,
285499452,-1.4926,-0.88,1.49621,1961.52,1053.8,-2189.47,2,0,0,0,8,
285499492,-1.4926,-0.88,1.49621,1961.52,1053.8,-2189.47,2,0,0,0,8,
285499533,-1.4926,-0.88,1.49621,1961.52,1053.8,-2189.47,2,0,0,0,8,
285499573,-1.4926,-0.88,1.49621,1961.52,1053.8,-2189.47,2,0,0,0,8,
285499613,-1.4926,-0.88,1.49621,1961.52,1053.8,-2189.47,2,0,0,0,8,
285499653,-1.4926,-0.88,1.49621,1961.52,1053.8,-2189.47,2,0,0,0,8,
285499693,-1.4926,-0.88,1.49621,1961.52,1053.8,-2189.47,2,0,0,0,8,
285499733,-1.4926,-0.88,1.49621,1961.52,1053.8,-2189.47,2,0,0,0,8,
285499772,-1.4926,-0.88,1.49621,1961.52,1053.8,-2189.47,2,0,0,0,8,
285499812,-1.4926,-0.88,1.49621,1961.52,1053.8,-2189.47,2,0,0,0,8,
285499853,-1.4926,-0.88,1.49621,1961.52,1053.8,-2189.47,2,0,0,0,8,
285499893,-1.4926,-0.88,1.49621,1961.52,1053.8,-2189.47,2,0,0,0,8,
285499933,-1.4926,-0.88,1.49621,1961.52,1053.8,-2189.47,2,0,0,0,8,
285499973,-1.4926,-0.88,1.49621,1961.52,1053.8,-2189.47,2,0,0,0,8,
285500013,-1.4926,-0.88,1.49621,1961.52,1053.8,-2189.47,2,0,0,0,8,
285500053,-1.4926,-0.88,1.49621,1961.52,1053.8,-2189.47,2,0,0,0,8,
285500092,-1.4926,-0.88,1.49621,1961.52,1053.8,-2189.47,2,0,0,0,8,
285500132,-1.4926,-0.88,1.49621,1961.52,1053.8,-2189.47,2,0,0,0,8,
285500173,-1.4926,-0.88,1.49621,1961.52,1053.8,-2189.47,2,0,0,0,8,
285500213,-1.4926,-0.88,1.49621,1961.52,1053.8,-2189.47,2,0,0,0,8,
285500253,-1.4926,-0.88,1.49621,1961.52,1053.8,-2189.47,2,0,0,0,8,
285500293,-1.4926,-0.88,1.49621,1961.52,1053.8,-2189.47,2,0,0,0,8,
285500333,-1.4926,-0.88,1.49621,1961.52,1053.8,-2189.47,2,0,0,0,8,
285500373,-1.4926,-0.88,1.49621,1961.52,1053.8,-2189.47,2,0,0,0,8,
285500412,-1.4926,-0.88,1.49621,1961.52,1053.8,-2189.47,2,0,0,0,8,
285500453,-1.4926,-0.88,1.49621,1961.52,1053.8,-2189.47,2,0,0,0,8,
285500493,-1.4926,-0.88,1.49621,1961.52,1053.8,-2189.47,2,0,0,0,8,
285500533,-1.4926,-0.88,1.49621,1961.52,1053.8,-2189.47,2,0,0,0,8,
285500573,-1.4926,-0.88,1.49621,1961.52,1053.8,-2189.47,2,0,0,0,8,
285500613,-1.4926,-0.88,1.49621,1961.52,1053.8,-2189.47,2,0,0,0,8,
285500653,-1.4926,-0.88,1.49621,1961.52,1053.8,-2189.47,2,0,0,0,8,
285500693,-1.4926,-0.88,1.49621,1961.52,1053.8,-2189.47,2,0,0,0,8,
285500732,-1.4926,-0.88,1.49621,1961.52,1053.8,-2189.47,2,0,0,0,8,
285500773,-1.4926,-0.88,1.49621,1961.52,1053.8,-2189.47,2,0,0,0,8,
285500813,-1.4926,-0.88,1.49621,1961.52,1053.8,-2189.47,2,0,0,0,8,
285500853,-1.4926,-0.88,1.49621,1961.52,1053.8,-2189.47,2,0,0,0,8,
285500893,-1.4926,-0.88,1.49621,1961.52,1053.8,-2189.47,2,0,0,0,8,
285500933,-1.4926,-0.88,1.49621,1961.52,1053.8,-2189.47,2,0,0,0,8,
285500973,-1.4926,-0.88,1.49621,1961.52,1053.8,-2189.47,2,0,0,0,8,
285501013,-1.4926,-0.88,1.49621,1961.52,1053.8,-2189.47,2,0,0,0,8,
285501052,-1.4926,-0.88,1.49621,1961.52,1053.8,-2189.47,2,0,0,0,8,
285501093,-1.4926,-0.88,1.49621,1961.52,1053.8,-2189.47,2,0,0,0,8,
285501133,-1.4926,-0.88,1.49621,1961.52,1053.8,-2189.47,2,0,0,0,8,
285501173,-1.4926,-0.88,1.49621,1961.52,1053.8,-2189.47,2,0,0,0,8,
285501213,-1.4926,-0.88,1.49621,1961.52,1053.8,-2189.47,2,0,0,0,8,
285501253,-1.4926,-0.88,1.49621,1961.52,1053.8,-2189.47,2,0,0,0,8,
285501294,-1.4926,-0.88,1.49621,1961.52,1053.8,-2189.47,2,0,0,0,9,
285501332,-1.4926,-0.88,1.49621,1961.52,1053.8,-2189.47,2,0,0,0,9,
285501372,-1.4926,-0.88,1.49621,1961.52,1053.8,-2189.47,2,0,0,0,9,
285501413,-1.4926,-0.88,1.49621,1961.52,1053.8,-2189.47,2,0,0,0,9,
285501453,-1.4926,-0.88,1.49621,1961.52,1053.8,-2189.47,2,0,0,0,9,
285501493,-1.4926,-0.88,1.49621,1961.52,1053.8,-2189.47,2,0,0,0,9,
285501533,-1.4926,-0.88,1.49621,1961.52,1053.8,-2189.47,2,0,0,0,9,
285501573,-1.4926,-0.88,1.49621,1961.52,1053.8,-2189.47,2,0,0,0,9,
285501613,-1.4926,-0.88,1.49621,1961.52,1053.8,-2189.47,2,0,0,0,9,
285501652,-1.4926,-0.88,1.49621,1961.52,1053.8,-2189.47,2,0,0,0,9,
285501692,-1.4926,-0.88,1.49621,1961.52,1053.8,-2189.47,2,0,0,0,9,
285501733,-1.4926,-0.88,1.49621,1961.52,1053.8,-2189.47,2,0,0,0,9,
285501773,-1.4926,-0.88,1.49621,1961.52,1053.8,-2189.47,2,0,0,0,9,
285501813,-1.4926,-0.88,1.49621,1961.52,1053.8,-2189.47,2,0,0,0,9,
285501853,-1.4926,-0.88,1.49621,1961.52,1053.8,-2189.47,2,0,0,0,9,
285501893,-1.4926,-0.88,1.49621,1961.52,1053.8,-2189.47,2,0,0,0,9,
285501933,-1.4926,-0.88,1.49621,1961.52,1053.8,-2189.47,2,0,0,0,9,
285501972,-1.4926,-0.88,1.49621,1961.52,1053.8,-2189.47,2,0,0,0,9,
285502012,-1.4926,-0.88,1.49621,1961.52,1053.8,-2189.47,2,0,0,0,9,
285502053,-1.4926,-0.88,1.49621,1961.52,1053.8,-2189.47,2,0,0,0,9,
285502093,-1.4926,-0.88,1.49621,1961.52,1053.8,-2189.47,2,0,0,0,9,
285502133,-1.4926,-0.88,1.49621,1961.52,1053.8,-2189.47,2,0,0,0,9,
285502173,-1.4926,-0.88,1.49621,1961.52,1053.8,-2189.47,2,0,0,0,9,
285502213,-1.4926,-0.88,1.49621,1961.52,1053.8,-2189.47,2,0,0,0,9,
285502253,-1.4926,-0.88,1.49621,1961.52,1053.8,-2189.47,2,0,0,0,9,
285502292,-1.4926,-0.88,1.49621,1961.52,1053.8,-2189.47,2,0,0,0,9,
285502333,-1.4926,-0.88,1.49621,1961.52,1053.8,-2189.47,2,0,0,0,9,
285502373,-1.4926,-0.88,1.49621,1961.52,1053.8,-2189.47,2,0,0,0,9,
285502413,-1.4926,-0.88,1.49621,1961.52,1053.8,-2189.47,2,0,0,0,9,
285502453,-1.4926,-0.88,1.49621,1961.52,1053.8,-2189.47,2,0,0,0,9,
285502493,-1.4926,-0.88,1.49621,1961.52,1053.8,-2189.47,2,0,0,0,9,
285502533,-1.4926,-0.88,1.49621,1961.52,1053.8,-2189.47,2,0,0,0,9,
285502573,-1.4926,-0.88,1.49621,1961.52,1053.8,-2189.47,2,0,0,0,9,
285502612,-1.4926,-0.88,1.49621,1961.52,1053.8,-2189.47,2,0,0,0,9,
285502653,-1.4926,-0.88,1.49621,1961.52,1053.8,-2189.47,2,0,0,0,9,
285502693,-1.4926,-0.88,1.49621,1961.52,1053.8,-2189.47,2,0,0,0,9,
285502733,-1.4926,-0.88,1.49621,1961.52,1053.8,-2189.47,2,0,0,0,9,
285502773,-1.4926,-0.88,1.49621,1961.52,1053.8,-2189.47,2,0,0,0,9,
285502813,-1.4926,-0.88,1.49621,1961.52,1053.8,-2189.47,2,0,0,0,9,
285502853,-1.4926,-0.88,1.49621,1961.52,1053.8,-2189.47,2,0,0,0,9,
285502893,-1.4926,-0.88,1.49621,1961.52,1053.8,-2189.47,2,0,0,0,9,
285502932,-1.4926,-0.88,1.49621,1961.52,1053.8,-2189.47,2,0,0,0,9,
285502973,-1.4926,-0.88,1.49621,1961.52,1053.8,-2189.47,2,0,0,0,9,
285503013,-1.4926,-0.88,1.49621,1961.52,1053.8,-2189.47,2,0,0,0,9,
285503053,-1.4926,-0.88,1.49621,1961.52,1053.8,-2189.47,2,0,0,0,9,
285503093,-1.4926,-0.88,1.49621,1961.52,1053.8,-2189.47,2,0,0,0,9,
285503133,-1.4926,-0.88,1.49621,1961.52,1053.8,-2189.47,2,0,0,0,9,
285503173,-1.4926,-0.88,1.49621,1961.52,1053.8,-2189.47,2,0,0,0,9,
285503212,-1.4926,-0.88,1.49621,1961.52,1053.8,-2189.47,2,0,0,0,9,
285503252,-1.4926,-0.88,1.49621,1961.52,1053.8,-2189.47,2,0,0,0,9,
285503293,-1.4926,-0.88,1.49621,1961.52,1053.8,-2189.47,2,0,0,0,9,
285503333,-1.4926,-0.88,1.49621,1961.52,1053.8,-2189.47,2,0,0,0,9,
285503373,-1.4926,-0.88,1.49621,1961.52,1053.8,-2189.47,2,0,0,0,9,
285503413,-1.4926,-0.88,1.49621,1961.52,1053.8,-2189.47,2,0,0,0,9,
285503453,-1.4926,-0.88,1.49621,1961.52,1053.8,-2189.47,2,0,0,0,9,
285503493,-1.4926,-0.88,1.49621,1961.52,1053.8,-2189.47,2,0,0,0,9,
285503532,-1.4926,-0.88,1.49621,1961.52,1053.8,-2189.47,2,0,0,0,9,
285503572,-1.4926,-0.88,1.49621,1961.52,1053.8,-2189.47,2,0,0,0,9,
285503613,-1.4926,-0.88,1.49621,1961.52,1053.8,-2189.47,2,0,0,0,9,
285503653,-1.4926,-0.88,1.49621,1961.52,1053.8,-2189.47,2,0,0,0,9,
285503693,-1.4926,-0.88,1.49621,1961.52,1053.8,-2189.47,2,0,0,0,9,
285503733,-1.4926,-0.88,1.49621,1961.52,1053.8,-2189.47,2,0,0,0,9,
285503773,-1.4926,-0.88,1.49621,1961.52,1053.8,-2189.47,2,0,0,0,9,
285503813,-1.4926,-0.88,1.49621,1961.52,1053.8,-2189.47,2,0,0,0,9,
285503852,-1.4926,-0.88,1.49621,1961.52,1053.8,-2189.47,2,0,0,0,9,
285503892,-1.4926,-0.88,1.49621,1961.52,1053.8,-2189.47,2,0,0,0,9,
285503933,-1.4926,-0.88,1.49621,1961.52,1053.8,-2189.47,2,0,0,0,9,
285503973,-1.4926,-0.88,1.49621,1961.52,1053.8,-2189.47,2,0,0,0,9,
285504013,-1.4926,-0.88,1.49621,1961.52,1053.8,-2189.47,2,0,0,0,9,
285504053,-1.4926,-0.88,1.49621,1961.52,1053.8,-2189.47,2,0,0,0,9,
285504093,-1.4926,-0.88,1.49621,1961.52,1053.8,-2189.47,2,0,0,0,9,
285504133,-1.4926,-0.88,1.49621,1961.52,1053.8,-2189.47,2,0,0,0,9,
285504172,-1.4926,-0.88,1.49621,1961.52,1053.8,-2189.47,2,0,0,0,9,
285504213,-1.4926,-0.88,1.49621,1961.52,1053.8,-2189.47,2,0,0,0,9,
285504253,-1.4926,-0.88,1.49621,1961.52,1053.8,-2189.47,2,0,0,0,9,
285504293,-1.4926,-0.88,1.49621,1961.52,1053.8,-2189.47,2,0,0,0,9,
285504333,-1.4926,-0.88,1.49621,1961.52,1053.8,-2189.47,2,0,0,0,9,
285504373,-1.4926,-0.88,1.49621,1961.52,1053.8,-2189.47,2,0,0,0,9,
285504413,-1.4926,-0.88,1.49621,1961.52,1053.8,-2189.47,2,0,0,0,9,
285504453,-1.4926,-0.88,1.49621,1961.52,1053.8,-2189.47,2,0,0,0,9,
285504492,-1.4926,-0.88,1.49621,1961.52,1053.8,-2189.47,2,0,0,0,9,
285504533,-1.4926,-0.88,1.49621,1961.52,1053.8,-2189.47,2,0,0,0,9,
285504573,-1.4926,-0.88,1.49621,1961.52,1053.8,-2189.47,2,0,0,0,9,
285504613,-1.4926,-0.88,1.49621,1961.52,1053.8,-2189.47,2,0,0,0,9,
285504653,-1.4926,-0.88,1.49621,1961.52,1053.8,-2189.47,2,0,0,0,9,
285504693,-1.4926,-0.88,1.49621,1961.52,1053.8,-2189.47,2,0,0,0,9,
285504733,-1.4926,-0.88,1.49621,1961.52,1053.8,-2189.47,2,0,0,0,9,
285504773,-1.4926,-0.88,1.49621,1961.52,1053.8,-2189.47,2,0,0,0,9,
285504812,-1.4926,-0.88,1.49621,1961.52,1053.8,-2189.47,2,0,0,0,9,
285504853,-1.4926,-0.88,1.49621,1961.52,1053.8,-2189.47,2,0,0,0,9,
285504893,-1.4926,-0.88,1.49621,1961.52,1053.8,-2189.47,2,0,0,0,9,
285504933,-1.4926,-0.88,1.49621,1961.52,1053.8,-2189.47,2,0,0,0,9,
285504973,-1.4926,-0.88,1.49621,1961.52,1053.8,-2189.47,2,0,0,0,9,
285505013,-1.4926,-0.88,1.49621,1961.52,1053.8,-2189.47,2,0,0,0,9,
285505053,-1.4926,-0.88,1.49621,1961.52,1053.8,-2189.47,2,0,0,0,9,
285505092,-1.4926,-0.88,1.49621,1961.52,1053.8,-2189.47,2,0,0,0,9,
285505132,-1.4926,-0.88,1.49621,1961.52,1053.8,-2189.47,2,0,0,0,9,
285505173,-1.4926,-0.88,1.49621,1961.52,1053.8,-2189.47,2,0,0,0,9,
285505213,-1.4926,-0.88,1.49621,1961.52,1053.8,-2189.47,2,0,0,0,9,
285505253,-1.4926,-0.88,1.49621,1961.52,1053.8,-2189.47,2,0,0,0,9,
285505293,-1.4926,-0.88,1.49621,1961.52,1053.8,-2189.47,2,0,0,0,9,
285505333,-1.4926,-0.88,1.49621,1961.52,1053.8,-2189.47,2,0,0,0,9,
285505373,-1.4926,-0.88,1.49621,1961.52,1053.8,-2189.47,2,0,0,0,9,
285505412,-1.4926,-0.88,1.49621,1961.52,1053.8,-2189.47,2,0,0,0,9,
285505452,-1.4926,-0.88,1.49621,1961.52,1053.8,-2189.47,2,0,0,0,9,
285505493,-1.4926,-0.88,1.49621,1961.52,1053.8,-2189.47,2,0,0,0,9,
285505533,-1.4926,-0.88,1.49621,1961.52,1053.8,-2189.47,2,0,0,0,9,
285505573,-1.4926,-0.88,1.49621,1961.52,1053.8,-2189.47,2,0,0,0,9,
285505613,-1.4926,-0.88,1.49621,1961.52,1053.8,-2189.47,2,0,0,0,9,
285505653,-1.4926,-0.88,1.49621,1961.52,1053.8,-2189.47,2,0,0,0,9,
285505693,-1.4926,-0.88,1.49621,1961.52,1053.8,-2189.47,2,0,0,0,9,
285505732,-1.4926,-0.88,1.49621,1961.52,1053.8,-2189.47,2,0,0,0,9,
285505772,-1.4926,-0.88,1.49621,1961.52,1053.8,-2189.47,2,0,0,0,9,
285505813,-1.4926,-0.88,1.49621,1961.52,1053.8,-2189.47,2,0,0,0,9,
285505853,-1.4926,-0.88,1.49621,1961.52,1053.8,-2189.47,2,0,0,0,9,
285505893,-1.4926,-0.88,1.49621,1961.52,1053.8,-2189.47,2,0,0,0,9,
285505933,-1.4926,-0.88,1.49621,1961.52,1053.8,-2189.47,2,0,0,0,9,
285505973,-1.4926,-0.88,1.49621,1961.52,1053.8,-2189.47,2,0,0,0,9,
285506013,-1.4926,-0.88,1.49621,1961.52,1053.8,-2189.47,2,0,0,0,9,
285506052,-1.4926,-0.88,1.49621,1961.52,1053.8,-2189.47,2,0,0,0,9,
285506092,-1.4926,-0.88,1.49621,1961.52,1053.8,-2189.47,2,0,0,0,9,
285506133,-1.4926,-0.88,1.49621,1961.52,1053.8,-2189.47,2,0,0,0,9,
285506173,-1.4926,-0.88,1.49621,1961.52,1053.8,-2189.47,2,0,0,0,9,
285506213,-1.4926,-0.88,1.49621,1961.52,1053.8,-2189.47,2,0,0,0,9,
285506253,-1.4926,-0.88,1.49621,1961.52,1053.8,-2189.47,2,0,0,0,9,
285506293,-1.4926,-0.88,1.49621,1961.52,1053.8,-2189.47,2,0,0,0,9,
285506333,-1.4926,-0.88,1.49621,1961.52,1053.8,-2189.47,2,0,0,0,9,
285506372,-1.4926,-0.88,1.49621,1961.52,1053.8,-2189.47,2,0,0,0,9,
285506413,-1.4926,-0.88,1.49621,1961.52,1053.8,-2189.47,2,0,0,0,9,
285506453,-1.4926,-0.88,1.49621,1961.52,1053.8,-2189.47,2,0,0,0,9,
285506493,-1.4926,-0.88,1.49621,1961.52,1053.8,-2189.47,2,0,0,0,9,
285506533,-1.4926,-0.88,1.49621,1961.52,1053.8,-2189.47,2,0,0,0,9,
285506573,-1.4926,-0.88,1.49621,1961.52,1053.8,-2189.47,2,0,0,0,9,
285506613,-1.4926,-0.88,1.49621,1961.52,1053.8,-2189.47,2,0,0,0,9,
285506653,-1.4926,-0.88,1.49621,1961.52,1053.8,-2189.47,2,0,0,0,9,
285506692,-1.4926,-0.88,1.49621,1961.52,1053.8,-2189.47,2,0,0,0,9,
285506733,-1.4926,-0.88,1.49621,1961.52,1053.8,-2189.47,2,0,0,0,9,
285506773,-1.4926,-0.88,1.49621,1961.52,1053.8,-2189.47,2,0,0,0,9,
285506813,-1.4926,-0.88,1.49621,1961.52,1053.8,-2189.47,2,0,0,0,9,
285506853,-1.4926,-0.88,1.49621,1961.52,1053.8,-2189.47,2,0,0,0,9,
285506893,-1.4926,-0.88,1.49621,1961.52,1053.8,-2189.47,2,0,0,0,9,
285506933,-1.4926,-0.88,1.49621,1961.52,1053.8,-2189.47,2,0,0,0,9,
285506972,-1.4926,-0.88,1.49621,1961.52,1053.8,-2189.47,2,0,0,0,9,
285507012,-1.4926,-0.88,1.49621,1961.52,1053.8,-2189.47,2,0,0,0,9,
285507053,-1.4926,-0.88,1.49621,1961.52,1053.8,-2189.47,2,0,0,0,9,
285507093,-1.4926,-0.88,1.49621,1961.52,1053.8,-2189.47,2,0,0,0,9,
285507133,-1.4926,-0.88,1.49621,1961.52,1053.8,-2189.47,2,0,0,0,9,
285507173,-1.4926,-0.88,1.49621,1961.52,1053.8,-2189.47,2,0,0,0,9,
285507213,-1.4926,-0.88,1.49621,1961.52,1053.8,-2189.47,2,0,0,0,9,
285507253,-1.4926,-0.88,1.49621,1961.52,1053.8,-2189.47,2,0,0,0,9,
285507292,-1.4926,-0.88,1.49621,1961.52,1053.8,-2189.47,2,0,0,0,9,
