milisec,RacketX,RacketY,RacketZ,forceX,forceX,forceX,ForceRatio,FriendPoint,EnemyPoint,haptics,scene
238468596,0,0,0,0,0,0,5.2,0,0,0,0,
238468610,0,-0.15,-0.6,0,0,0,0.8,0,0,0,0,
238468637,0,-0.15,-0.6,0,0,0,1.4,0,0,0,0,
238468677,0,-0.15,-0.6,0,0,0,2,0,0,0,0,
238468717,0,-0.15,-0.6,0,0,0,2,0,0,0,0,
238468758,0,-0.15,-0.6,0,0,0,2,0,0,0,0,
238468798,0,-0.15,-0.6,0,0,0,2,0,0,0,0,
238468837,0,-0.15,-0.6,0,0,0,2,0,0,0,0,
238468878,0,-0.15,-0.6,0,0,0,2,0,0,0,0,
238468917,0,-0.15,-0.6,0,0,0,2,0,0,0,0,
238468957,0,-0.15,-0.6,0,0,0,2,0,0,0,0,
238468997,0,-0.15,-0.6,0,0,0,2,0,0,0,0,
238469037,0,-0.15,-0.6,0,0,0,2,0,0,0,0,
238469078,0,-0.15,-0.6,0,0,0,2,0,0,0,0,
238469118,0,-0.15,-0.6,0,0,0,2,0,0,0,0,
238469157,0,-0.15,-0.6,0,0,0,2,0,0,0,0,
238469197,0,-0.15,-0.6,0,0,0,2,0,0,0,0,
238469237,0,-0.15,-0.6,0,0,0,2,0,0,0,0,
238469277,0,-0.15,-0.6,0,0,0,2,0,0,0,0,
238469317,0,-0.15,-0.6,0,0,0,2,0,0,0,0,
238469357,0,-0.15,-0.6,0,0,0,2,0,0,0,0,
238469398,0,-0.15,-0.6,0,0,0,2,0,0,0,0,
238469438,0,-0.15,-0.6,0,0,0,2,0,0,0,0,
238469477,0,-0.15,-0.6,0,0,0,2,0,0,0,0,
238469517,0,-0.15,-0.6,0,0,0,2,0,0,0,0,
238469557,0,-0.15,-0.6,0,0,0,2,0,0,0,0,
238469597,0,-0.15,-0.6,0,0,0,2,0,0,0,0,
238469637,0,-0.15,-0.6,0,0,0,2,0,0,0,0,
238469678,0,-0.15,-0.6,0,0,0,2,0,0,0,0,
238469718,0,-0.15,-0.6,0,0,0,2,0,0,0,0,
238469757,0,-0.15,-0.6,0,0,0,2,0,0,0,0,
238469797,0,-0.15,-0.6,0,0,0,2,0,0,0,0,
238469837,0,-0.15,-0.6,0,0,0,2,0,0,0,0,
238469877,0,-0.15,-0.6,0,0,0,2,0,0,0,0,
238469917,0,-0.15,-0.6,0,0,0,2,0,0,0,0,
238469957,0,-0.15,-0.6,0,0,0,2,0,0,0,0,
238469998,0,-0.15,-0.6,0,0,0,2,0,0,0,0,
238470038,0,-0.15,-0.6,0,0,0,2,0,0,0,0,
238470077,0,-0.15,-0.6,0,0,0,2,0,0,0,0,
238470117,0,-0.15,-0.6,0,0,0,2,0,0,0,0,
238470157,0,-0.15,-0.6,0,0,0,2,0,0,0,0,
238470197,0,-0.15,-0.6,0,0,0,2,0,0,0,0,
238470237,0,-0.15,-0.6,0,0,0,2,0,0,0,0,
238470277,0,-0.15,-0.6,0,0,0,2,0,0,0,0,
238470318,0,-0.15,-0.6,0,0,0,2,0,0,0,0,
238470358,0,-0.15,-0.6,0,0,0,2,0,0,0,0,
238470397,0,-0.15,-0.6,0,0,0,2,0,0,0,0,
238470437,0,-0.15,-0.6,0,0,0,2,0,0,0,0,
238470477,0,-0.15,-0.6,0,0,0,2,0,0,0,0,
238470517,0,-0.15,-0.6,0,0,0,2,0,0,0,0,
238470557,0,-0.15,-0.6,0,0,0,2,0,0,0,0,
238470597,0,-0.15,-0.6,0,0,0,2,0,0,0,0,
238470638,0,-0.15,-0.6,0,0,0,2,0,0,0,0,
238470678,0,-0.15,-0.6,0,0,0,2,0,0,0,0,
238470717,0,-0.15,-0.6,0,0,0,2,0,0,0,0,
238470757,0,-0.15,-0.6,0,0,0,2,0,0,0,0,
238470797,0,-0.15,-0.6,0,0,0,2,0,0,0,0,
238470837,0,-0.15,-0.6,0,0,0,2,0,0,0,0,
238470877,0,-0.15,-0.6,0,0,0,2,0,0,0,0,
238470917,0,-0.15,-0.6,0,0,0,2,0,0,0,0,
238470958,0,-0.15,-0.6,0,0,0,2,0,0,0,0,
238470998,0,-0.15,-0.6,0,0,0,2,0,0,0,0,
238471037,0,-0.15,-0.6,0,0,0,2,0,0,0,0,
238471077,0,-0.15,-0.6,0,0,0,2,0,0,0,0,
238471117,0,-0.15,-0.6,0,0,0,2,0,0,0,0,
238471157,0,-0.15,-0.6,0,0,0,2,0,0,0,0,
238471197,0,-0.15,-0.6,0,0,0,2,0,0,0,0,
238471237,0,-0.15,-0.6,0,0,0,2,0,0,0,0,
238471278,0,-0.15,-0.6,0,0,0,2,0,0,0,0,
238471318,0,-0.15,-0.6,0,0,0,2,0,0,0,0,
238471357,0,-0.15,-0.6,0,0,0,2,0,0,0,0,
238471397,0,-0.15,-0.6,0,0,0,2,0,0,0,0,
238471437,0,-0.15,-0.6,0,0,0,2,0,0,0,0,
238471477,0,-0.15,-0.6,0,0,0,2,0,0,0,0,
238471517,0,-0.15,-0.6,0,0,0,2,0,0,0,0,
238471558,0,-0.15,-0.6,0,0,0,2,0,0,0,0,
238471598,0,-0.15,-0.6,0,0,0,2,0,0,0,0,
238471637,0,-0.15,-0.6,0,0,0,2,0,0,0,0,
238471677,0,-0.15,-0.6,0,0,0,2,0,0,0,0,
238471717,0,-0.15,-0.6,0,0,0,2,0,0,0,0,
238471757,0,-0.15,-0.6,0,0,0,2,0,0,0,0,
238471797,0,-0.15,-0.6,0,0,0,2,0,0,0,0,
238471837,0,-0.15,-0.6,0,0,0,2,0,0,0,0,
238471878,0,-0.15,-0.6,0,0,0,2,0,0,0,0,
238471918,0,-0.15,-0.6,0,0,0,2,0,0,0,0,
238471957,0,-0.15,-0.6,0,0,0,2,0,0,0,0,
238471997,0,-0.15,-0.6,0,0,0,2,0,0,0,0,
238472037,0,-0.15,-0.6,0,0,0,2,0,0,0,0,
238472077,0,-0.15,-0.6,0,0,0,2,0,0,0,0,
238472117,0,-0.15,-0.6,0,0,0,2,0,0,0,0,
238472157,0,-0.15,-0.6,0,0,0,2,0,0,0,0,
238472198,0,-0.15,-0.6,0,0,0,2,0,0,0,0,
238472238,0,-0.15,-0.6,0,0,0,2,0,0,0,0,
238472277,0,-0.15,-0.6,0,0,0,2,0,0,0,0,
238472317,0,-0.15,-0.6,0,0,0,2,0,0,0,0,
238472357,0,-0.15,-0.6,0,0,0,2,0,0,0,0,
238472397,0,-0.15,-0.6,0,0,0,2,0,0,0,0,
238472437,0,-0.15,-0.6,0,0,0,2,0,0,0,0,
238472477,0,-0.15,-0.6,0,0,0,2,0,0,0,0,
238472518,0,-0.15,-0.6,0,0,0,2,0,0,0,0,
238472558,0,-0.15,-0.6,0,0,0,2,0,0,0,0,
238472597,0,-0.15,-0.6,0,0,0,2,0,0,0,0,
238472637,0,-0.15,-0.6,0,0,0,2,0,0,0,0,
238472677,0,-0.15,-0.6,0,0,0,2,0,0,0,0,
238472717,0,-0.15,-0.6,0,0,0,2,0,0,0,0,
238472757,0,-0.15,-0.6,0,0,0,2,0,0,0,0,
238472797,0,-0.15,-0.6,0,0,0,2,0,0,0,0,
238472838,0,-0.15,-0.6,0,0,0,2,0,0,0,0,
238472878,0,-0.15,-0.6,0,0,0,2,0,0,0,0,
238472917,0,-0.15,-0.6,0,0,0,2,0,0,0,0,
238472957,0,-0.15,-0.6,0,0,0,2,0,0,0,0,
238472997,0,-0.15,-0.6,0,0,0,2,0,0,0,0,
238473037,0,-0.15,-0.6,0,0,0,2,0,0,0,0,
238473077,0,-0.15,-0.6,0,0,0,2,0,0,0,0,
238473117,0,-0.15,-0.6,0,0,0,2,0,0,0,0,
238473158,0,-0.15,-0.6,0,0,0,2,0,0,0,0,
238473198,0,-0.15,-0.6,0,0,0,2,0,0,0,0,
238473237,0,-0.15,-0.6,0,0,0,2,0,0,0,0,
238473277,0,-0.15,-0.6,0,0,0,2,0,0,0,0,
238473317,0,-0.15,-0.6,0,0,0,2,0,0,0,0,
238473357,0,-0.15,-0.6,0,0,0,2,0,0,0,0,
238473397,0,-0.15,-0.6,0,0,0,2,0,0,0,0,
238473438,0,-0.15,-0.6,0,0,0,2,0,0,0,0,
238473478,0,-0.15,-0.6,0,0,0,2,0,0,0,0,
238473517,0,-0.15,-0.6,0,0,0,2,0,0,0,0,
238473557,0,-0.15,-0.6,0,0,0,2,0,0,0,0,
238473597,0,-0.15,-0.6,0,0,0,2,0,0,0,0,
238473637,0,-0.15,-0.6,0,0,0,2,0,0,0,0,
238473677,0,-0.15,-0.6,0,0,0,2,0,0,0,0,
238473717,0,-0.15,-0.6,0,0,0,2,0,0,0,0,
238473758,0,-0.15,-0.6,0,0,0,2,0,0,0,0,
238473798,0,-0.15,-0.6,0,0,0,2,0,0,0,0,
238473837,0,-0.15,-0.6,0,0,0,2,0,0,0,0,
238473877,0,-0.15,-0.6,0,0,0,2,0,0,0,0,
238473917,0,-0.15,-0.6,0,0,0,2,0,0,0,0,
238473957,0,-0.15,-0.6,0,0,0,2,0,0,0,0,
238473997,0,-0.15,-0.6,0,0,0,2,0,0,0,0,
238474037,0,-0.15,-0.6,0,0,0,2,0,0,0,0,
238474078,0,-0.15,-0.6,0,0,0,2,0,0,0,0,
238474118,0,-0.15,-0.6,0,0,0,2,0,0,0,0,
238474157,0,-0.15,-0.6,0,0,0,2,0,0,0,0,
238474197,0,-0.15,-0.6,0,0,0,2,0,0,0,0,
238474237,0,-0.15,-0.6,0,0,0,2,0,0,0,0,
238474277,0,-0.15,-0.6,0,0,0,2,0,0,0,0,
238474317,0,-0.15,-0.6,0,0,0,2,0,0,0,0,
238474357,0,-0.15,-0.6,0,0,0,2,0,0,0,0,
238474398,0,-0.15,-0.6,0,0,0,2,0,0,0,0,
238474438,0,-0.15,-0.6,0,0,0,2,0,0,0,0,
238474477,0,-0.15,-0.6,0,0,0,2,0,0,0,0,
238474517,0,-0.15,-0.6,0,0,0,2,0,0,0,0,
238474557,0,-0.15,-0.6,0,0,0,2,0,0,0,0,
238474597,0,-0.15,-0.6,0,0,0,2,0,0,0,0,
238474637,0,-0.15,-0.6,0,0,0,2,0,0,0,0,
238474677,0,-0.15,-0.6,0,0,0,2,0,0,0,0,
238474718,0,-0.15,-0.6,0,0,0,2,0,0,0,0,
238474758,0,-0.15,-0.6,0,0,0,2,0,0,0,0,
238474797,0,-0.15,-0.6,0,0,0,2,0,0,0,0,
238474837,0,-0.15,-0.6,0,0,0,2,0,0,0,0,
238474877,0,-0.15,-0.6,0,0,0,2,0,0,0,0,
238474917,0,-0.15,-0.6,0,0,0,2,0,0,0,0,
238474957,0,-0.15,-0.6,0,0,0,2,0,0,0,0,
238474997,0,-0.15,-0.6,0,0,0,2,0,0,0,0,
238475038,0,-0.15,-0.6,0,0,0,2,0,0,0,0,
238475078,0,-0.15,-0.6,0,0,0,2,0,0,0,0,
238475117,0,-0.15,-0.6,0,0,0,2,0,0,0,0,
238475157,0,-0.15,-0.6,0,0,0,2,0,0,0,0,
238475197,0,-0.15,-0.6,0,0,0,2,0,0,0,0,
238475237,0,-0.15,-0.6,0,0,0,2,0,0,0,0,
238475277,0,-0.15,-0.6,0,0,0,2,0,0,0,0,
238475318,0,-0.15,-0.6,0,0,0,2,0,0,0,0,
238475358,0,-0.15,-0.6,0,0,0,2,0,0,0,0,
238475397,0,-0.15,-0.6,0,0,0,2,0,0,0,0,
238475437,0,-0.15,-0.6,0,0,0,2,0,0,0,0,
238475477,0,-0.15,-0.6,0,0,0,2,0,0,0,0,
238475517,0,-0.15,-0.6,0,0,0,2,0,0,0,0,
238475557,0,-0.15,-0.6,0,0,0,2,0,0,0,0,
238475597,0,-0.15,-0.6,0,0,0,2,0,0,0,0,
238475638,0,-0.15,-0.6,0,0,0,2,0,0,0,0,
238475678,0,-0.15,-0.6,0,0,0,2,0,0,0,0,
238475717,0,-0.15,-0.6,0,0,0,2,0,0,0,0,
238475757,0,-0.15,-0.6,0,0,0,2,0,0,0,0,
238475797,0,-0.15,-0.6,0,0,0,2,0,0,0,0,
238475837,0,-0.15,-0.6,0,0,0,2,0,0,0,0,
238475877,0,-0.15,-0.6,0,0,0,2,0,0,0,0,
238475917,0,-0.15,-0.6,0,0,0,2,0,0,0,0,
238475958,0,-0.15,-0.6,0,0,0,2,0,0,0,0,
238475998,0,-0.15,-0.6,0,0,0,2,0,0,0,0,
238476037,0,-0.15,-0.6,0,0,0,2,0,0,0,0,
238476077,0,-0.15,-0.6,0,0,0,2,0,0,0,0,
238476117,0,-0.15,-0.6,0,0,0,2,0,0,0,0,
238476157,0,-0.15,-0.6,0,0,0,2,0,0,0,0,
238476197,0,-0.15,-0.6,0,0,0,2,0,0,0,0,
238476237,0,-0.15,-0.6,0,0,0,2,0,0,0,0,
238476278,0,-0.15,-0.6,0,0,0,2,0,0,0,0,
238476318,0,-0.15,-0.6,0,0,0,2,0,0,0,0,
238476357,0,-0.15,-0.6,0,0,0,2,0,0,0,0,
238476397,0,-0.15,-0.6,0,0,0,2,0,0,0,0,
238476437,0,-0.15,-0.6,0,0,0,2,0,0,0,0,
238476477,0,-0.15,-0.6,0,0,0,2,0,0,0,0,
238476517,0,-0.15,-0.6,0,0,0,2,0,0,0,0,
238476557,0,-0.15,-0.6,0,0,0,2,0,0,0,0,
238476598,0,-0.15,-0.6,0,0,0,2,0,0,0,0,
238476638,0,-0.15,-0.6,0,0,0,2,0,0,0,0,
238476677,0,-0.15,-0.6,0,0,0,2,0,0,0,0,
238476717,0,-0.15,-0.6,0,0,0,2,0,0,0,0,
238476757,0,-0.15,-0.6,0,0,0,2,0,0,0,0,
238476797,0,-0.15,-0.6,0,0,0,2,0,0,0,0,
238476837,0,-0.15,-0.6,0,0,0,2,0,0,0,0,
238476877,0,-0.15,-0.6,0,0,0,2,0,0,0,0,
238476918,0,-0.15,-0.6,0,0,0,2,0,0,0,0,
238476958,0,-0.15,-0.6,0,0,0,2,0,0,0,0,
238476997,0,-0.15,-0.6,0,0,0,2,0,0,0,0,
238477037,0,-0.15,-0.6,0,0,0,2,0,0,0,0,
238477077,0,-0.15,-0.6,0,0,0,2,0,0,0,0,
238477117,0,-0.15,-0.6,0,0,0,2,0,0,0,0,
238477157,0,-0.15,-0.6,0,0,0,2,0,0,0,0,
238477198,0,-0.15,-0.6,0,0,0,2,0,0,0,0,
238477238,0,-0.15,-0.6,0,0,0,2,0,0,0,0,
238477278,0,-0.15,-0.6,0,0,0,2,0,0,0,0,
238477317,0,-0.15,-0.6,0,0,0,2,0,0,0,0,
238477357,0,-0.15,-0.6,0,0,0,2,0,0,0,0,
238477397,0,-0.15,-0.6,0,0,0,2,0,0,0,0,
238477437,0,-0.15,-0.6,0,0,0,2,0,0,0,0,
238477477,0,-0.15,-0.6,0,0,0,2,0,0,0,0,
238477518,0,-0.15,-0.6,0,0,0,2,0,0,0,0,
238477558,0,-0.15,-0.6,0,0,0,2,0,0,0,0,
238477597,0,-0.15,-0.6,0,0,0,2,0,0,0,0,
238477637,0,-0.15,-0.6,0,0,0,2,0,0,0,0,
238477677,0,-0.15,-0.6,0,0,0,2,0,0,0,0,
238477717,0,-0.15,-0.6,0,0,0,2,0,0,0,0,
238477757,0,-0.15,-0.6,0,0,0,2,0,0,0,0,
238477797,0,-0.15,-0.6,0,0,0,2,0,0,0,0,
238477838,0,-0.15,-0.6,0,0,0,2,0,0,0,0,
238477878,0,-0.15,-0.6,0,0,0,2,0,0,0,0,
238477917,0,-0.15,-0.6,0,0,0,2,0,0,0,0,
238477957,0,-0.15,-0.6,0,0,0,2,0,0,0,0,
238477997,0,-0.15,-0.6,0,0,0,2,0,0,0,0,
238478037,0,-0.15,-0.6,0,0,0,2,0,0,0,0,
238478077,0,-0.15,-0.6,0,0,0,2,0,0,0,0,
238478117,0,-0.15,-0.6,0,0,0,2,0,0,0,0,
238478158,0,-0.15,-0.6,0,0,0,2,0,0,0,0,
238478198,0,-0.15,-0.6,0,0,0,2,0,0,0,0,
238478237,0,-0.15,-0.6,0,0,0,2,0,0,0,0,
238478277,0,-0.15,-0.6,0,0,0,2,0,0,0,0,
238478317,0,-0.15,-0.6,0,0,0,2,0,0,0,0,
238478357,0,-0.15,-0.6,0,0,0,2,0,0,0,0,
238478397,0,-0.15,-0.6,0,0,0,2,0,0,0,0,
238478437,0,-0.15,-0.6,0,0,0,2,0,0,0,0,
238478478,0,-0.15,-0.6,0,0,0,2,0,0,0,0,
238478518,0,-0.15,-0.6,0,0,0,2,0,0,0,0,
238478557,0,-0.15,-0.6,0,0,0,2,0,0,0,0,
238478597,0,-0.15,-0.6,0,0,0,2,0,0,0,0,
238478637,0,-0.15,-0.6,0,0,0,2,0,0,0,0,
238478677,0,-0.15,-0.6,0,0,0,2,0,0,0,0,
238478717,0,-0.15,-0.6,0,0,0,2,0,0,0,0,
238478757,0,-0.15,-0.6,0,0,0,2,0,0,0,0,
238478798,0,-0.15,-0.6,0,0,0,2,0,0,0,0,
238478838,0,-0.15,-0.6,0,0,0,2,0,0,0,0,
238478877,0,-0.15,-0.6,0,0,0,2,0,0,0,0,
238478917,0,-0.15,-0.6,0,0,0,2,0,0,0,0,
238478957,0,-0.15,-0.6,0,0,0,2,0,0,0,0,
238478997,0,-0.15,-0.6,0,0,0,2,0,0,0,0,
238479037,0,-0.15,-0.6,0,0,0,2,0,0,0,0,
238479078,0,-0.15,-0.6,0,0,0,2,0,0,0,0,
238479118,0,-0.15,-0.6,0,0,0,2,0,0,0,0,
238479158,0,-0.15,-0.6,0,0,0,2,0,0,0,0,
238479197,0,-0.15,-0.6,0,0,0,2,0,0,0,0,
238479237,0,-0.15,-0.6,0,0,0,2,0,0,0,0,
238479277,0,-0.15,-0.6,0,0,0,2,0,0,0,0,
238479317,0,-0.15,-0.6,0,0,0,2,0,0,0,0,
238479357,0,-0.15,-0.6,0,0,0,2,0,0,0,0,
238479398,0,-0.15,-0.6,0,0,0,2,0,0,0,0,
238479438,0,-0.15,-0.6,0,0,0,2,0,0,0,0,
238479477,0,-0.15,-0.6,0,0,0,2,0,0,0,0,
238479517,0,-0.15,-0.6,0,0,0,2,0,0,0,0,
238479557,0,-0.15,-0.6,0,0,0,2,0,0,0,0,
238479597,0,-0.15,-0.6,0,0,0,2,0,0,0,0,
238479637,0,-0.15,-0.6,0,0,0,2,0,0,0,0,
238479677,0,-0.15,-0.6,0,0,0,2,0,0,0,0,
238479718,0,-0.15,-0.6,0,0,0,2,0,0,0,0,
238479758,0,-0.15,-0.6,0,0,0,2,0,0,0,0,
238479797,0,-0.15,-0.6,0,0,0,2,0,0,0,0,
238479837,0,-0.15,-0.6,0,0,0,2,0,0,0,0,
238479877,0,-0.15,-0.6,0,0,0,2,0,0,0,0,
238479917,0,-0.15,-0.6,0,0,0,2,0,0,0,0,
238479957,0,-0.15,-0.6,0,0,0,2,0,0,0,0,
238479997,0,-0.15,-0.6,0,0,0,2,0,0,0,0,
238480038,0,-0.15,-0.6,0,0,0,2,0,0,0,0,
238480078,0,-0.15,-0.6,0,0,0,2,0,0,0,0,
238480117,0,-0.15,-0.6,0,0,0,2,0,0,0,0,
238480157,0,-0.15,-0.6,0,0,0,2,0,0,0,0,
238480197,0,-0.15,-0.6,0,0,0,2,0,0,0,0,
238480237,0,-0.15,-0.6,0,0,0,2,0,0,0,0,
238480277,0,-0.15,-0.6,0,0,0,2,0,0,0,0,
238480317,0,-0.15,-0.6,0,0,0,2,0,0,0,0,
238480358,0,-0.15,-0.6,0,0,0,2,0,0,0,0,
238480398,0,-0.15,-0.6,0,0,0,2,0,0,0,0,
238480437,0,-0.15,-0.6,0,0,0,2,0,0,0,0,
238480477,0,-0.15,-0.6,0,0,0,2,0,0,0,0,
238480517,0,-0.15,-0.6,0,0,0,2,0,0,0,0,
238480557,0,-0.15,-0.6,0,0,0,2,0,0,0,0,
238480597,0,-0.15,-0.6,0,0,0,2,0,0,0,0,
238480637,0,-0.15,-0.6,0,0,0,2,0,0,0,0,
238480678,0,-0.15,-0.6,0,0,0,2,0,0,0,0,
238480718,0,-0.15,-0.6,0,0,0,2,0,0,0,0,
238480757,0,-0.15,-0.6,0,0,0,2,0,0,0,0,
238480797,0,-0.15,-0.6,0,0,0,2,0,0,0,0,
238480837,0,-0.15,-0.6,0,0,0,2,0,0,0,0,
238480877,0,-0.15,-0.6,0,0,0,2,0,0,0,0,
238480917,0,-0.15,-0.6,0,0,0,2,0,0,0,0,
238480957,0,-0.15,-0.6,0,0,0,2,0,0,0,0,
238480998,0,-0.15,-0.6,0,0,0,2,0,0,0,0,
238481038,0,-0.15,-0.6,0,0,0,2,0,0,0,0,
238481077,0,-0.15,-0.6,0,0,0,2,0,0,0,0,
238481117,0,-0.15,-0.6,0,0,0,2,0,0,0,0,
238481157,0,-0.15,-0.6,0,0,0,2,0,0,0,0,
238481197,0,-0.15,-0.6,0,0,0,2,0,0,0,0,
238481237,0,-0.15,-0.6,0,0,0,2,0,0,0,0,
238481278,0,-0.15,-0.6,0,0,0,2,0,0,0,0,
238481318,0,-0.15,-0.6,0,0,0,2,0,0,0,0,
238481357,0,-0.15,-0.6,0,0,0,2,0,0,0,0,
238481397,0,-0.15,-0.6,0,0,0,2,0,0,0,0,
238481437,0,-0.15,-0.6,0,0,0,2,0,0,0,0,
238481477,0,-0.15,-0.6,0,0,0,2,0,0,0,0,
238481517,0,-0.15,-0.6,0,0,0,2,0,0,0,0,
238481557,0,-0.15,-0.6,0,0,0,2,0,0,0,0,
238481598,0,-0.15,-0.6,0,0,0,2,0,0,0,0,
238481638,0,-0.15,-0.6,0,0,0,2,0,0,0,0,
238481677,0,-0.15,-0.6,0,0,0,2,0,0,0,0,
238481717,0,-0.15,-0.6,0,0,0,2,0,0,0,0,
238481757,0,-0.15,-0.6,0,0,0,2,0,0,0,0,
238481797,0,-0.15,-0.6,0,0,0,2,0,0,0,0,
238481837,0,-0.15,-0.6,0,0,0,2,0,0,0,0,
238481877,0,-0.15,-0.6,0,0,0,2,0,0,0,0,
238481918,0,-0.15,-0.6,0,0,0,2,0,0,0,0,
238481958,0,-0.15,-0.6,0,0,0,2,0,0,0,0,
238481997,0,-0.15,-0.6,0,0,0,2,0,0,0,0,
238482037,0,-0.15,-0.6,0,0,0,2,0,0,0,0,
238482077,0,-0.15,-0.6,0,0,0,2,0,0,0,0,
238482117,0,-0.15,-0.6,0,0,0,2,0,0,0,0,
238482157,0,-0.15,-0.6,0,0,0,2,0,0,0,0,
238482197,0,-0.15,-0.6,0,0,0,2,0,0,0,0,
238482238,0,-0.15,-0.6,0,0,0,2,0,0,0,0,
238482278,0,-0.15,-0.6,0,0,0,2,0,0,0,0,
238482317,0,-0.15,-0.6,0,0,0,2,0,0,0,0,
238482357,0,-0.15,-0.6,0,0,0,2,0,0,0,0,
238482397,0,-0.15,-0.6,0,0,0,2,0,0,0,0,
238482437,0,-0.15,-0.6,0,0,0,2,0,0,0,0,
238482477,0,-0.15,-0.6,0,0,0,2,0,0,0,0,
238482517,0,-0.15,-0.6,0,0,0,2,0,0,0,0,
238482558,0,-0.15,-0.6,0,0,0,2,0,0,0,0,
238482598,0,-0.15,-0.6,0,0,0,2,0,0,0,0,
238482637,0,-0.15,-0.6,0,0,0,2,0,0,0,0,
238482677,0,-0.15,-0.6,0,0,0,2,0,0,0,0,
238482717,0,-0.15,-0.6,0,0,0,2,0,0,0,0,
238482757,0,-0.15,-0.6,0,0,0,2,0,0,0,0,
238482797,0,-0.15,-0.6,0,0,0,2,0,0,0,0,
238482837,0,-0.15,-0.6,0,0,0,2,0,0,0,0,
238482878,0,-0.15,-0.6,0,0,0,2,0,0,0,0,
238482918,0,-0.15,-0.6,0,0,0,2,0,0,0,0,
238482957,0,-0.15,-0.6,0,0,0,2,0,0,0,0,
238482997,0,-0.15,-0.6,0,0,0,2,0,0,0,0,
238483037,0,-0.15,-0.6,0,0,0,2,0,0,0,0,
238483077,0,-0.15,-0.6,0,0,0,2,0,0,0,0,
238483117,0,-0.15,-0.6,0,0,0,2,0,0,0,0,
238483158,0,-0.15,-0.6,0,0,0,2,0,0,0,0,
238483198,0,-0.15,-0.6,0,0,0,2,0,0,0,0,
238483237,0,-0.15,-0.6,0,0,0,2,0,0,0,0,
238483277,0,-0.15,-0.6,0,0,0,2,0,0,0,0,
238483317,0,-0.15,-0.6,0,0,0,2,0,0,0,0,
238483357,0,-0.15,-0.6,0,0,0,2,0,0,0,0,
238483397,0,-0.15,-0.6,0,0,0,2,0,0,0,0,
238483437,0,-0.15,-0.6,0,0,0,2,0,0,0,0,
238483478,0,-0.15,-0.6,0,0,0,2,0,0,0,0,
238483518,0,-0.15,-0.6,0,0,0,2,0,0,0,0,
238483557,0,-0.15,-0.6,0,0,0,2,0,0,0,0,
238483597,0,-0.15,-0.6,0,0,0,2,0,0,0,0,
238483637,0,-0.15,-0.6,0,0,0,2,0,0,0,0,
238483677,0,-0.15,-0.6,0,0,0,2,0,0,0,0,
238483717,0,-0.15,-0.6,0,0,0,2,0,0,0,0,
238483757,0,-0.15,-0.6,0,0,0,2,0,0,0,0,
238483798,0,-0.15,-0.6,0,0,0,2,0,0,0,0,
238483838,0,-0.15,-0.6,0,0,0,2,0,0,0,0,
238483877,0,-0.15,-0.6,0,0,0,2,0,0,0,0,
238483917,0,-0.15,-0.6,0,0,0,2,0,0,0,0,
238483957,0,-0.15,-0.6,0,0,0,2,0,0,0,0,
238483997,0,-0.15,-0.6,0,0,0,2,0,0,0,0,
238484037,0,-0.15,-0.6,0,0,0,2,0,0,0,0,
238484077,0,-0.15,-0.6,0,0,0,2,0,0,0,0,
238484118,0,-0.15,-0.6,0,0,0,2,0,0,0,0,
238484158,0,-0.15,-0.6,0,0,0,2,0,0,0,0,
238484197,0,-0.15,-0.6,0,0,0,2,0,0,0,0,
238484237,0,-0.15,-0.6,0,0,0,2,0,0,0,0,
238484277,0,-0.15,-0.6,0,0,0,2,0,0,0,0,
238484317,0,-0.15,-0.6,0,0,0,2,0,0,0,0,
238484357,0,-0.15,-0.6,0,0,0,2,0,0,0,0,
238484397,0,-0.15,-0.6,0,0,0,2,0,0,0,0,
238484438,0,-0.15,-0.6,0,0,0,2,0,0,0,0,
238484478,0,-0.15,-0.6,0,0,0,2,0,0,0,0,
238484517,0,-0.15,-0.6,0,0,0,2,0,0,0,0,
238484557,0,-0.15,-0.6,0,0,0,2,0,0,0,0,
238484597,0,-0.15,-0.6,0,0,0,2,0,0,0,0,
238484637,0,-0.15,-0.6,0,0,0,2,0,0,0,0,
238484677,0,-0.15,-0.6,0,0,0,2,0,0,0,0,
238484717,0,-0.15,-0.6,0,0,0,2,0,0,0,0,
238484758,0,-0.15,-0.6,0,0,0,2,0,0,0,0,
238484798,0,-0.15,-0.6,0,0,0,2,0,0,0,0,
238484837,0,-0.15,-0.6,0,0,0,2,0,0,0,0,
238484877,0,-0.15,-0.6,0,0,0,2,0,0,0,0,
238484917,0,-0.15,-0.6,0,0,0,2,0,0,0,0,
238484957,0,-0.15,-0.6,0,0,0,2,0,0,0,0,
238484997,0,-0.15,-0.6,0,0,0,2,0,0,0,0,
238485038,0,-0.15,-0.6,0,0,0,2,0,0,0,0,
238485078,0,-0.15,-0.6,0,0,0,2,0,0,0,0,
238485117,0,-0.15,-0.6,0,0,0,2,0,0,0,0,
238485157,0,-0.15,-0.6,0,0,0,2,0,0,0,0,
238485197,0,-0.15,-0.6,0,0,0,2,0,0,0,0,
238485237,0,-0.15,-0.6,0,0,0,2,0,0,0,0,
238485277,0,-0.15,-0.6,0,0,0,2,0,0,0,0,
238485317,0,-0.15,-0.6,0,0,0,2,0,0,0,0,
238485358,0,-0.15,-0.6,0,0,0,2,0,0,0,0,
238485398,0,-0.15,-0.6,0,0,0,2,0,0,0,0,
238485437,0,-0.15,-0.6,0,0,0,2,0,0,0,0,
238485477,0,-0.15,-0.6,0,0,0,2,0,0,0,0,
238485517,0,-0.15,-0.6,0,0,0,2,0,0,0,0,
238485557,0,-0.15,-0.6,0,0,0,2,0,0,0,0,
238485597,0,-0.15,-0.6,0,0,0,2,0,0,0,0,
238485637,0,-0.15,-0.6,0,0,0,2,0,0,0,0,
238485678,0,-0.15,-0.6,0,0,0,2,0,0,0,0,
238485718,0,-0.15,-0.6,0,0,0,2,0,0,0,0,
238485757,0,-0.15,-0.6,0,0,0,2,0,0,0,0,
238485797,0,-0.15,-0.6,0,0,0,2,0,0,0,0,
238485837,0,-0.15,-0.6,0,0,0,2,0,0,0,0,
238485877,0,-0.15,-0.6,0,0,0,2,0,0,0,0,
238485917,0,-0.15,-0.6,0,0,0,2,0,0,0,0,
238485957,0,-0.15,-0.6,0,0,0,2,0,0,0,0,
238485998,0,-0.15,-0.6,0,0,0,2,0,0,0,0,
238486038,0,-0.15,-0.6,0,0,0,2,0,0,0,0,
238486077,0,-0.15,-0.6,0,0,0,2,0,0,0,0,
238486117,0,-0.15,-0.6,0,0,0,2,0,0,0,0,
238486157,0,-0.15,-0.6,0,0,0,2,0,0,0,0,
238486197,0,-0.15,-0.6,0,0,0,2,0,0,0,0,
238486237,0,-0.15,-0.6,0,0,0,2,0,0,0,0,
238486277,0,-0.15,-0.6,0,0,0,2,0,0,0,0,
238486318,0,-0.15,-0.6,0,0,0,2,0,0,0,0,
238486358,0,-0.15,-0.6,0,0,0,2,0,0,0,0,
238486397,0,-0.15,-0.6,0,0,0,2,0,0,0,0,
238486437,0,-0.15,-0.6,0,0,0,2,0,0,0,0,
238486477,0,-0.15,-0.6,0,0,0,2,0,0,0,0,
238486517,0,-0.15,-0.6,0,0,0,2,0,0,0,0,
238486557,0,-0.15,-0.6,0,0,0,2,0,0,0,0,
238486597,0,-0.15,-0.6,0,0,0,2,0,0,0,0,
238486638,0,-0.15,-0.6,0,0,0,2,0,0,0,0,
238486678,0,-0.15,-0.6,0,0,0,2,0,0,0,0,
238486717,0,-0.15,-0.6,0,0,0,2,0,0,0,0,
238486757,0,-0.15,-0.6,0,0,0,2,0,0,0,0,
238486797,0,-0.15,-0.6,0,0,0,2,0,0,0,0,
238486837,0,-0.15,-0.6,0,0,0,2,0,0,0,0,
238486877,0,-0.15,-0.6,0,0,0,2,0,0,0,0,
238486918,0,-0.15,-0.6,0,0,0,2,0,0,0,0,
238486958,0,-0.15,-0.6,0,0,0,2,0,0,0,0,
238486997,0,-0.15,-0.6,0,0,0,2,0,0,0,0,
238487037,0,-0.15,-0.6,0,0,0,2,0,0,0,0,
238487077,0,-0.15,-0.6,0,0,0,2,0,0,0,0,
238487117,0,-0.15,-0.6,0,0,0,2,0,0,0,0,
238487157,0,-0.15,-0.6,0,0,0,2,0,0,0,0,
238487197,0,-0.15,-0.6,0,0,0,2,0,0,0,0,
238487238,0,-0.15,-0.6,0,0,0,2,0,0,0,0,
238487278,0,-0.15,-0.6,0,0,0,2,0,0,0,0,
238487317,0,-0.15,-0.6,0,0,0,2,0,0,0,0,
238487357,0,-0.15,-0.6,0,0,0,2,0,0,0,0,
238487397,0,-0.15,-0.6,0,0,0,2,0,0,0,0,
238487437,0,-0.15,-0.6,0,0,0,2,0,0,0,0,
238487477,0,-0.15,-0.6,0,0,0,2,0,0,0,0,
238487517,0,-0.15,-0.6,0,0,0,2,0,0,0,0,
238487558,0,-0.15,-0.6,0,0,0,2,0,0,0,0,
238487598,0,-0.15,-0.6,0,0,0,2,0,0,0,0,
238487637,0,-0.15,-0.6,0,0,0,2,0,0,0,0,
238487677,0,-0.15,-0.6,0,0,0,2,0,0,0,0,
238487717,0,-0.15,-0.6,0,0,0,2,0,0,0,0,
238487757,0,-0.15,-0.6,0,0,0,2,0,0,0,0,
238487797,0,-0.15,-0.6,0,0,0,2,0,0,0,0,
238487837,0,-0.15,-0.6,0,0,0,2,0,0,0,0,
238487878,0,-0.15,-0.6,0,0,0,2,0,0,0,0,
238487918,0,-0.15,-0.6,0,0,0,2,0,0,0,0,
238487957,0,-0.15,-0.6,0,0,0,2,0,0,0,0,
238487997,0,-0.15,-0.6,0,0,0,2,0,0,0,0,
238488037,0,-0.15,-0.6,0,0,0,2,0,0,0,0,
238488077,0,-0.15,-0.6,0,0,0,2,0,0,0,0,
238488117,0,-0.15,-0.6,0,0,0,2,0,0,0,0,
238488157,0,-0.15,-0.6,0,0,0,2,0,0,0,0,
238488198,0,-0.15,-0.6,0,0,0,2,0,0,0,0,
238488238,0,-0.15,-0.6,0,0,0,2,0,0,0,0,
238488277,0,-0.15,-0.6,0,0,0,2,0,0,0,0,
238488317,0,-0.15,-0.6,0,0,0,2,0,0,0,0,
238488357,0,-0.15,-0.6,0,0,0,2,0,0,0,0,
238488397,0,-0.15,-0.6,0,0,0,2,0,0,0,0,
238488437,0,-0.15,-0.6,0,0,0,2,0,0,0,0,
238488477,0,-0.15,-0.6,0,0,0,2,0,0,0,0,
238488518,0,-0.15,-0.6,0,0,0,2,0,0,0,0,
238488558,0,-0.15,-0.6,0,0,0,2,0,0,0,0,
238488597,0,-0.15,-0.6,0,0,0,2,0,0,0,0,
238488637,0,-0.15,-0.6,0,0,0,2,0,0,0,0,
238488677,0,-0.15,-0.6,0,0,0,2,0,0,0,0,
238488717,0,-0.15,-0.6,0,0,0,2,0,0,0,0,
238488757,0,-0.15,-0.6,0,0,0,2,0,0,0,0,
238488798,0,-0.15,-0.6,0,0,0,2,0,0,0,0,
238488838,0,-0.15,-0.6,0,0,0,2,0,0,0,0,
238488878,0,-0.15,-0.6,0,0,0,2,0,0,0,0,
238488917,0,-0.15,-0.6,0,0,0,2,0,0,0,0,
238488957,0,-0.15,-0.6,0,0,0,2,0,0,0,0,
238488997,0,-0.15,-0.6,0,0,0,2,0,0,0,0,
238489037,0,-0.15,-0.6,0,0,0,2,0,0,0,0,
238489077,0,-0.15,-0.6,0,0,0,2,0,0,0,0,
238489118,0,-0.15,-0.6,0,0,0,2,0,0,0,0,
238489158,0,-0.15,-0.6,0,0,0,2,0,0,0,0,
238489197,0,-0.15,-0.6,0,0,0,2,0,0,0,0,
238489237,0,-0.15,-0.6,0,0,0,2,0,0,0,0,
238489277,0,-0.15,-0.6,0,0,0,2,0,0,0,0,
238489317,0,-0.15,-0.6,0,0,0,2,0,0,0,0,
238489357,0,-0.15,-0.6,0,0,0,2,0,0,0,0,
238489397,0,-0.15,-0.6,0,0,0,2,0,0,0,0,
238489438,0,-0.15,-0.6,0,0,0,2,0,0,0,0,
238489478,0,-0.15,-0.6,0,0,0,2,0,0,0,0,
238489517,0,-0.15,-0.6,0,0,0,2,0,0,0,0,
238489557,0,-0.15,-0.6,0,0,0,2,0,0,0,0,
238489597,0,-0.15,-0.6,0,0,0,2,0,0,0,0,
238489637,0,-0.15,-0.6,0,0,0,2,0,0,0,0,
238489677,0,-0.15,-0.6,0,0,0,2,0,0,0,0,
238489717,0,-0.15,-0.6,0,0,0,2,0,0,0,0,
238489758,0,-0.15,-0.6,0,0,0,2,0,0,0,0,
238489798,0,-0.15,-0.6,0,0,0,2,0,0,0,0,
238489837,0,-0.15,-0.6,0,0,0,2,0,0,0,0,
238489877,0,-0.15,-0.6,0,0,0,2,0,0,0,0,
238489917,0,-0.15,-0.6,0,0,0,2,0,0,0,0,
238489957,0,-0.15,-0.6,0,0,0,2,0,0,0,0,
238489997,0,-0.15,-0.6,0,0,0,2,0,0,0,0,
238490037,0,-0.15,-0.6,0,0,0,2,0,0,0,0,
238490078,0,-0.15,-0.6,0,0,0,2,0,0,0,0,
238490118,0,-0.15,-0.6,0,0,0,2,0,0,0,0,
238490157,0,-0.15,-0.6,0,0,0,2,0,0,0,0,
238490197,0,-0.15,-0.6,0,0,0,2,0,0,0,0,
238490237,0,-0.15,-0.6,0,0,0,2,0,0,0,0,
238490277,0,-0.15,-0.6,0,0,0,2,0,0,0,0,
238490317,0,-0.15,-0.6,0,0,0,2,0,0,0,0,
238490357,0,-0.15,-0.6,0,0,0,2,0,0,0,0,
238490398,0,-0.15,-0.6,0,0,0,2,0,0,0,0,
238490438,0,-0.15,-0.6,0,0,0,2,0,0,0,0,
238490477,0,-0.15,-0.6,0,0,0,2,0,0,0,0,
238490517,0,-0.15,-0.6,0,0,0,2,0,0,0,0,
238490557,0,-0.15,-0.6,0,0,0,2,0,0,0,0,
238490597,0,-0.15,-0.6,0,0,0,2,0,0,0,0,
238490637,0,-0.15,-0.6,0,0,0,2,0,0,0,0,
238490678,0,-0.15,-0.6,0,0,0,2,0,0,0,0,
238490718,0,-0.15,-0.6,0,0,0,2,0,0,0,0,
238490758,0,-0.15,-0.6,0,0,0,2,0,0,0,0,
238490797,0,-0.15,-0.6,0,0,0,2,0,0,0,0,
238490837,0,-0.15,-0.6,0,0,0,2,0,0,0,0,
238490877,0,-0.15,-0.6,0,0,0,2,0,0,0,0,
238490917,0,-0.15,-0.6,0,0,0,2,0,0,0,0,
238490957,0,-0.15,-0.6,0,0,0,2,0,0,0,0,
238490998,0,-0.15,-0.6,0,0,0,2,0,0,0,0,
238491038,0,-0.15,-0.6,0,0,0,2,0,0,0,0,
238491077,0,-0.15,-0.6,0,0,0,2,0,0,0,0,
238491117,0,-0.15,-0.6,0,0,0,2,0,0,0,0,
238491157,0,-0.15,-0.6,0,0,0,2,0,0,0,0,
238491197,0,-0.15,-0.6,0,0,0,2,0,0,0,0,
238491237,0,-0.15,-0.6,0,0,0,2,0,0,0,0,
238491277,0,-0.15,-0.6,0,0,0,2,0,0,0,0,
238491318,0,-0.15,-0.6,0,0,0,2,0,0,0,0,
238491358,0,-0.15,-0.6,0,0,0,2,0,0,0,0,
238491397,0,-0.15,-0.6,0,0,0,2,0,0,0,0,
238491437,0,-0.15,-0.6,0,0,0,2,0,0,0,0,
238491477,0,-0.15,-0.6,0,0,0,2,0,0,0,0,
238491517,0,-0.15,-0.6,0,0,0,2,0,0,0,0,
238491557,0,-0.15,-0.6,0,0,0,2,0,0,0,0,
238491597,0,-0.15,-0.6,0,0,0,2,0,0,0,0,
238491638,0,-0.15,-0.6,0,0,0,2,0,0,0,0,
238491678,0,-0.15,-0.6,0,0,0,2,0,0,0,0,
238491717,0,-0.15,-0.6,0,0,0,2,0,0,0,0,
238491757,0,-0.15,-0.6,0,0,0,2,0,0,0,0,
238491797,0,-0.15,-0.6,0,0,0,2,0,0,0,0,
238491837,0,-0.15,-0.6,0,0,0,2,0,0,0,0,
238491877,0,-0.15,-0.6,0,0,0,2,0,0,0,0,
238491917,0,-0.15,-0.6,0,0,0,2,0,0,0,0,
238491958,0,-0.15,-0.6,0,0,0,2,0,0,0,0,
238491998,0,-0.15,-0.6,0,0,0,2,0,0,0,0,
238492037,0,-0.15,-0.6,0,0,0,2,0,0,0,0,
238492077,0,-0.15,-0.6,0,0,0,2,0,0,0,0,
238492117,0,-0.15,-0.6,0,0,0,2,0,0,0,0,
238492157,0,-0.15,-0.6,0,0,0,2,0,0,0,0,
238492197,0,-0.15,-0.6,0,0,0,2,0,0,0,0,
238492237,0,-0.15,-0.6,0,0,0,2,0,0,0,0,
238492278,0,-0.15,-0.6,0,0,0,2,0,0,0,0,
238492318,0,-0.15,-0.6,0,0,0,2,0,0,0,0,
238492357,0,-0.15,-0.6,0,0,0,2,0,0,0,0,
238492397,0,-0.15,-0.6,0,0,0,2,0,0,0,0,
238492437,0,-0.15,-0.6,0,0,0,2,0,0,0,0,
238492477,0,-0.15,-0.6,0,0,0,2,0,0,0,0,
238492517,0,-0.15,-0.6,0,0,0,2,0,0,0,0,
238492558,0,-0.15,-0.6,0,0,0,2,0,0,0,0,
238492598,0,-0.15,-0.6,0,0,0,2,0,0,0,0,
238492638,0,-0.15,-0.6,0,0,0,2,0,0,0,0,
238492677,0,-0.15,-0.6,0,0,0,2,0,0,0,0,
238492717,0,-0.15,-0.6,0,0,0,2,0,0,0,0,
238492757,0,-0.15,-0.6,0,0,0,2,0,0,0,0,
238492797,0,-0.15,-0.6,0,0,0,2,0,0,0,1,
238492837,0,-0.15,-0.6,0,0,0,2,0,0,0,1,
238492878,0,-0.15,-0.6,0,0,0,2,0,0,0,1,
238492918,0,-0.15,-0.6,0,0,0,2,0,0,0,1,
238492957,0,-0.15,-0.6,0,0,0,2,0,0,0,1,
238492997,0,-0.15,-0.6,0,0,0,2,0,0,0,1,
238493037,0,-0.15,-0.6,0,0,0,2,0,0,0,1,
238493077,0,-0.15,-0.6,0,0,0,2,0,0,0,1,
238493117,0,-0.15,-0.6,0,0,0,2,0,0,0,1,
238493157,0,-0.15,-0.6,0,0,0,2,0,0,0,1,
238493198,0,-0.15,-0.6,0,0,0,2,0,0,0,1,
238493238,0,-0.15,-0.6,0,0,0,2,0,0,0,1,
238493277,0,-0.15,-0.6,0,0,0,2,0,0,0,1,
238493317,0,-0.15,-0.6,0,0,0,2,0,0,0,1,
238493357,0,-0.15,-0.6,0,0,0,2,0,0,0,1,
238493397,0,-0.15,-0.6,0,0,0,2,0,0,0,1,
238493437,0,-0.15,-0.6,0,0,0,2,0,0,0,1,
238493477,0,-0.15,-0.6,0,0,0,2,0,0,0,1,
238493518,0,-0.15,-0.6,0,0,0,2,0,0,0,1,
238493558,0,-0.15,-0.6,0,0,0,2,0,0,0,1,
238493597,0,-0.15,-0.6,0,0,0,2,0,0,0,1,
238493637,0,-0.15,-0.6,0,0,0,2,0,0,0,1,
238493677,0,-0.15,-0.6,0,0,0,2,0,0,0,1,
238493717,0,-0.15,-0.6,0,0,0,2,0,0,0,1,
238493757,0,-0.15,-0.6,0,0,0,2,0,0,0,1,
238493797,0,-0.15,-0.6,0,0,0,2,0,0,0,1,
238493838,0,-0.15,-0.6,0,0,0,2,0,0,0,1,
238493878,0,-0.15,-0.6,0,0,0,2,0,0,0,1,
238493917,0,-0.15,-0.6,0,0,0,2,0,0,0,1,
238493957,0,-0.15,-0.6,0,0,0,2,0,0,0,1,
238493997,0,-0.15,-0.6,0,0,0,2,0,0,0,1,
238494037,0,-0.15,-0.6,0,0,0,2,0,0,0,1,
238494077,0,-0.15,-0.6,0,0,0,2,0,0,0,1,
238494117,0,-0.15,-0.6,0,0,0,2,0,0,0,1,
238494158,0,-0.15,-0.6,0,0,0,2,0,0,0,1,
238494198,0,-0.15,-0.6,0,0,0,2,0,0,0,1,
238494237,0,-0.15,-0.6,0,0,0,2,0,0,0,1,
238494277,0,-0.15,-0.6,0,0,0,2,0,0,0,1,
238494317,0,-0.15,-0.6,0,0,0,2,0,0,0,1,
238494357,0,-0.15,-0.6,0,0,0,2,0,0,0,1,
238494397,0,-0.15,-0.6,0,0,0,2,0,0,0,1,
238494437,0,-0.15,-0.6,0,0,0,2,0,0,0,1,
238494478,0,-0.15,-0.6,0,0,0,2,0,0,0,1,
238494518,0,-0.15,-0.6,0,0,0,2,0,0,0,1,
238494557,0,-0.15,-0.6,0,0,0,2,0,0,0,1,
238494597,0,-0.15,-0.6,0,0,0,2,0,0,0,1,
238494637,0,-0.15,-0.6,0,0,0,2,0,0,0,1,
238494677,0,-0.15,-0.6,0,0,0,2,0,0,0,1,
238494717,0,-0.15,-0.6,0,0,0,2,0,0,0,1,
238494758,0,-0.15,-0.6,0,0,0,2,0,0,0,1,
238494798,0,-0.15,-0.6,0,0,0,2,0,0,0,1,
238494837,0,-0.15,-0.6,0,0,0,2,0,0,0,1,
238494877,0,-0.15,-0.6,0,0,0,2,0,0,0,1,
238494917,0,-0.15,-0.6,0,0,0,2,0,0,0,1,
238494957,0,-0.15,-0.6,0,0,0,2,0,0,0,1,
238494997,0,-0.15,-0.6,0,0,0,2,0,0,0,1,
238495037,0,-0.15,-0.6,0,0,0,2,0,0,0,1,
238495078,0,-0.15,-0.6,0,0,0,2,0,0,0,1,
238495118,0,-0.15,-0.6,0,0,0,2,0,0,0,1,
238495157,0,-0.15,-0.6,0,0,0,2,0,0,0,1,
238495197,0,-0.15,-0.6,0,0,0,2,0,0,0,1,
238495237,0,-0.15,-0.6,0,0,0,2,0,0,0,1,
238495277,0,-0.15,-0.6,0,0,0,2,0,0,0,1,
238495317,0,-0.15,-0.6,0,0,0,2,0,0,0,1,
238495357,0,-0.15,-0.6,0,0,0,2,0,0,0,1,
238495398,0,-0.15,-0.6,0,0,0,2,0,0,0,1,
238495438,0,-0.15,-0.6,0,0,0,2,0,0,0,1,
238495477,0,-0.15,-0.6,0,0,0,2,0,0,0,1,
238495517,0,-0.15,-0.6,0,0,0,2,0,0,0,1,
238495557,0,-0.15,-0.6,0,0,0,2,0,0,0,1,
238495597,0,-0.15,-0.6,0,0,0,2,0,0,0,1,
238495637,0,-0.15,-0.6,0,0,0,2,0,0,0,1,
238495677,0,-0.15,-0.6,0,0,0,2,0,0,0,1,
238495718,0,-0.15,-0.6,0,0,0,2,0,0,0,1,
238495758,0,-0.15,-0.6,0,0,0,2,0,0,0,1,
238495797,0,-0.15,-0.6,0,0,0,2,0,0,0,1,
238495837,0,-0.15,-0.6,0,0,0,2,0,0,0,1,
238495877,0,-0.15,-0.6,0,0,0,2,0,0,0,1,
238495917,0,-0.15,-0.6,0,0,0,2,0,0,0,1,
238495957,0,-0.15,-0.6,0,0,0,2,0,0,0,1,
238495997,0,-0.15,-0.6,0,0,0,2,0,0,0,1,
238496038,0,-0.15,-0.6,0,0,0,2,0,0,0,1,
238496078,0,-0.15,-0.6,0,0,0,2,0,0,0,1,
238496117,0,-0.15,-0.6,0,0,0,2,0,0,0,1,
238496157,0,-0.15,-0.6,0,0,0,2,0,0,0,1,
238496197,0,-0.15,-0.6,0,0,0,2,0,0,0,1,
238496237,0,-0.15,-0.6,0,0,0,2,0,0,0,1,
238496277,0,-0.15,-0.6,0,0,0,2,0,0,0,1,
238496317,0,-0.15,-0.6,0,0,0,2,0,0,0,1,
238496358,0,-0.15,-0.6,0,0,0,2,0,0,0,1,
238496398,0,-0.15,-0.6,0,0,0,2,0,0,0,1,
238496437,0,-0.15,-0.6,0,0,0,2,0,0,0,1,
238496477,0,-0.15,-0.6,0,0,0,2,0,0,0,1,
238496517,0,-0.15,-0.6,0,0,0,2,0,0,0,1,
238496557,0,-0.15,-0.6,0,0,0,2,0,0,0,1,
238496597,0,-0.15,-0.6,0,0,0,2,0,0,0,1,
238496638,0,-0.15,-0.6,0,0,0,2,0,0,0,1,
238496678,0,-0.15,-0.6,0,0,0,2,0,0,0,1,
238496717,0,-0.15,-0.6,0,0,0,2,0,0,0,1,
238496757,0,-0.15,-0.6,0,0,0,2,0,0,0,1,
238496797,0,-0.15,-0.6,0,0,0,2,0,0,0,1,
238496837,0,-0.15,-0.6,0,0,0,2,0,0,0,1,
238496877,0,-0.15,-0.6,0,0,0,2,0,0,0,1,
238496917,0,-0.15,-0.6,0,0,0,2,0,0,0,1,
238496958,0,-0.15,-0.6,0,0,0,2,0,0,0,1,
238496998,0,-0.15,-0.6,0,0,0,2,0,0,0,1,
238497037,0,-0.15,-0.6,0,0,0,2,0,0,0,1,
238497077,0,-0.15,-0.6,0,0,0,2,0,0,0,1,
238497117,0,-0.15,-0.6,0,0,0,2,0,0,0,1,
238497157,0,-0.15,-0.6,0,0,0,2,0,0,0,1,
238497197,0,-0.15,-0.6,0,0,0,2,0,0,0,1,
238497237,0,-0.15,-0.6,0,0,0,2,0,0,0,1,
238497278,0,-0.15,-0.6,0,0,0,2,0,0,0,1,
238497318,0,-0.15,-0.6,0,0,0,2,0,0,0,1,
238497357,0,-0.15,-0.6,0,0,0,2,0,0,0,1,
238497397,0,-0.15,-0.6,0,0,0,2,0,0,0,1,
238497438,0,-0.15,-0.6,0,0,0,2,0,0,0,1,
238497477,0,-0.15,-0.6,0,0,0,2,0,0,0,1,
238497517,0,-0.15,-0.6,0,0,0,2,0,0,0,1,
238497557,0,-0.15,-0.6,0,0,0,2,0,0,0,1,
238497598,0,-0.15,-0.6,0,0,0,2,0,0,0,1,
238497638,0,-0.15,-0.6,0,0,0,2,0,0,0,1,
238497677,0,-0.15,-0.6,0,0,0,2,0,0,0,1,
238497717,0,-0.15,-0.6,0,0,0,2,0,0,0,1,
238497757,0,-0.15,-0.6,0,0,0,2,0,0,0,1,
238497797,0,-0.15,-0.6,0,0,0,2,0,0,0,1,
238497837,0,-0.15,-0.6,0,0,0,2,0,0,0,1,
238497877,0,-0.15,-0.6,0,0,0,2,0,0,0,1,
238497918,0,-0.15,-0.6,0,0,0,2,0,0,0,1,
238497958,0,-0.15,-0.6,0,0,0,2,0,0,0,1,
238497997,0,-0.15,-0.6,0,0,0,2,0,0,0,1,
238498037,0,-0.15,-0.6,0,0,0,2,0,0,0,1,
238498077,0,-0.15,-0.6,0,0,0,2,0,0,0,1,
238498117,0,-0.15,-0.6,0,0,0,2,0,0,0,1,
238498157,0,-0.15,-0.6,0,0,0,2,0,0,0,1,
238498197,0,-0.15,-0.6,0,0,0,2,0,0,0,1,
238498238,0,-0.15,-0.6,0,0,0,2,0,0,0,1,
238498278,0,-0.15,-0.6,0,0,0,2,0,0,0,1,
238498317,0,-0.15,-0.6,0,0,0,2,0,0,0,1,
238498357,0,-0.15,-0.6,0,0,0,2,0,0,0,1,
238498397,0,-0.15,-0.6,0,0,0,2,0,0,0,1,
238498437,0,-0.15,-0.6,0,0,0,2,0,0,0,1,
238498477,0,-0.15,-0.6,0,0,0,2,0,0,0,1,
238498518,0,-0.15,-0.6,0,0,0,2,0,0,0,1,
238498558,0,-0.15,-0.6,0,0,0,2,0,0,0,1,
238498597,0,-0.15,-0.6,0,0,0,2,0,0,0,1,
238498637,0,-0.15,-0.6,0,0,0,2,0,0,0,1,
238498677,0,-0.15,-0.6,0,0,0,2,0,0,0,1,
238498717,0,-0.15,-0.6,0,0,0,2,0,0,0,1,
238498757,0,-0.15,-0.6,0,0,0,2,0,0,0,1,
238498797,0,-0.15,-0.6,0,0,0,2,0,0,0,1,
238498838,0,-0.15,-0.6,0,0,0,2,0,0,0,1,
238498878,0,-0.15,-0.6,0,0,0,2,0,0,0,1,
238498917,0,-0.15,-0.6,0,0,0,2,0,0,0,1,
238498957,0,-0.15,-0.6,0,0,0,2,0,0,0,1,
238498997,0,-0.15,-0.6,0,0,0,2,0,0,0,1,
238499037,0,-0.15,-0.6,0,0,0,2,0,0,0,1,
238499077,0,-0.15,-0.6,0,0,0,2,0,0,0,1,
238499117,0,-0.15,-0.6,0,0,0,2,0,0,0,1,
238499158,0,-0.15,-0.6,0,0,0,2,0,0,0,1,
238499198,0,-0.15,-0.6,0,0,0,2,0,0,0,1,
238499237,0,-0.15,-0.6,0,0,0,2,0,0,0,1,
238499277,0,-0.15,-0.6,0,0,0,2,0,0,0,1,
238499317,0,-0.15,-0.6,0,0,0,2,0,0,0,1,
238499357,0,-0.15,-0.6,0,0,0,2,0,0,0,1,
238499397,0,-0.15,-0.6,0,0,0,2,0,0,0,1,
238499437,0,-0.15,-0.6,0,0,0,2,0,0,0,1,
238499478,0,-0.15,-0.6,0,0,0,2,0,0,0,1,
238499518,0,-0.15,-0.6,0,0,0,2,0,0,0,1,
238499557,0,-0.15,-0.6,0,0,0,2,0,0,0,1,
238499597,0,-0.15,-0.6,0,0,0,2,0,0,0,1,
238499637,0,-0.15,-0.6,0,0,0,2,0,0,0,1,
238499677,0,-0.15,-0.6,0,0,0,2,0,0,0,1,
238499717,0,-0.15,-0.6,0,0,0,2,0,0,0,1,
238499757,0,-0.15,-0.6,0,0,0,2,0,0,0,1,
238499798,0,-0.15,-0.6,0,0,0,2,0,0,0,1,
238499838,0,-0.15,-0.6,0,0,0,2,0,0,0,1,
238499877,0,-0.15,-0.6,0,0,0,2,0,0,0,1,
238499917,0,-0.15,-0.6,0,0,0,2,0,0,0,1,
238499957,0,-0.15,-0.6,0,0,0,2,0,0,0,1,
238499997,0,-0.15,-0.6,0,0,0,2,0,0,0,1,
238500037,0,-0.15,-0.6,0,0,0,2,0,0,0,1,
238500077,0,-0.15,-0.6,0,0,0,2,0,0,0,1,
238500118,0,-0.15,-0.6,0,0,0,2,0,0,0,1,
238500158,0,-0.15,-0.6,0,0,0,2,0,0,0,1,
238500197,0,-0.15,-0.6,0,0,0,2,0,0,0,1,
238500237,0,-0.15,-0.6,0,0,0,2,0,0,0,1,
238500277,0,-0.15,-0.6,0,0,0,2,0,0,0,1,
238500317,0,-0.15,-0.6,0,0,0,2,0,0,0,1,
238500357,0,-0.15,-0.6,0,0,0,2,0,0,0,1,
238500398,0,-0.15,-0.6,0,0,0,2,0,0,0,1,
238500438,0,-0.15,-0.6,0,0,0,2,0,0,0,1,
238500477,0,-0.15,-0.6,0,0,0,2,0,0,0,1,
238500517,0,-0.15,-0.6,0,0,0,2,0,0,0,1,
238500557,0,-0.15,-0.6,0,0,0,2,0,0,0,1,
238500597,0,-0.15,-0.6,0,0,0,2,0,0,0,1,
238500637,0,-0.15,-0.6,0,0,0,2,0,0,0,1,
238500677,0,-0.15,-0.6,0,0,0,2,0,0,0,1,
238500718,0,-0.15,-0.6,0,0,0,2,0,0,0,1,
238500758,0,-0.15,-0.6,0,0,0,2,0,0,0,1,
238500797,0,-0.15,-0.6,0,0,0,2,0,0,0,1,
238500837,0,-0.15,-0.6,0,0,0,2,0,0,0,1,
238500877,0,-0.15,-0.6,0,0,0,2,0,0,0,1,
238500917,0,-0.15,-0.6,0,0,0,2,0,0,0,1,
238500957,0,-0.15,-0.6,0,0,0,2,0,0,0,1,
238500997,0,-0.15,-0.6,0,0,0,2,0,0,0,1,
238501038,0,-0.15,-0.6,0,0,0,2,0,0,0,1,
238501078,0,-0.15,-0.6,0,0,0,2,0,0,0,1,
238501117,0,-0.15,-0.6,0,0,0,2,0,0,0,1,
238501157,0,-0.15,-0.6,0,0,0,2,0,0,0,1,
238501197,0,-0.15,-0.6,0,0,0,2,0,0,0,1,
238501237,0,-0.15,-0.6,0,0,0,2,0,0,0,1,
238501277,0,-0.15,-0.6,0,0,0,2,0,0,0,1,
238501317,0,-0.15,-0.6,0,0,0,2,0,0,0,1,
238501358,0,-0.15,-0.6,0,0,0,2,0,0,0,2,
238501398,0,-0.15,-0.6,0,0,0,2,0,0,0,2,
238501437,0,-0.15,-0.6,0,0,0,2,0,0,0,2,
238501477,0,-0.15,-0.6,0,0,0,2,0,0,0,2,
238501517,0,-0.15,-0.6,0,0,0,2,0,0,0,2,
238501557,0,-0.15,-0.6,0,0,0,2,0,0,0,2,
238501597,0,-0.15,-0.6,0,0,0,2,0,0,0,2,
238501637,0,-0.15,-0.6,0,0,0,2,0,0,0,2,
238501678,0,-0.15,-0.6,0,0,0,2,0,0,0,2,
238501718,0,-0.15,-0.6,0,0,0,2,0,0,0,2,
238501757,0,-0.15,-0.6,0,0,0,2,0,0,0,2,
238501797,0,-0.15,-0.6,0,0,0,2,0,0,0,2,
238501837,0,-0.15,-0.6,0,0,0,2,0,0,0,2,
238501877,0,-0.15,-0.6,0,0,0,2,0,0,0,2,
238501917,0,-0.15,-0.6,0,0,0,2,0,0,0,2,
238501957,0,-0.15,-0.6,0,0,0,2,0,0,0,2,
238501998,0,-0.15,-0.6,0,0,0,2,0,0,0,2,
238502038,0,-0.15,-0.6,0,0,0,2,0,0,0,2,
238502077,0,-0.15,-0.6,0,0,0,2,0,0,0,2,
238502117,0,-0.15,-0.6,0,0,0,2,0,0,0,2,
238502157,0,-0.15,-0.6,0,0,0,2,0,0,0,2,
238502197,0,-0.15,-0.6,0,0,0,2,0,0,0,2,
238502237,0,-0.15,-0.6,0,0,0,2,0,0,0,2,
238502278,0,-0.15,-0.6,0,0,0,2,0,0,0,2,
238502318,0,-0.15,-0.6,0,0,0,2,0,0,0,2,
238502358,0,-0.15,-0.6,0,0,0,2,0,0,0,2,
238502397,0,-0.15,-0.6,0,0,0,2,0,0,0,2,
238502437,0,-0.15,-0.6,0,0,0,2,0,0,0,2,
238502477,0,-0.15,-0.6,0,0,0,2,0,0,0,2,
238502517,0,-0.15,-0.6,0,0,0,2,0,0,0,0,
238502557,0,-0.15,-0.6,0,0,0,2,0,0,0,0,
238502598,0,-0.15,-0.6,0,0,0,2,0,0,0,0,
238502638,0,-0.15,-0.6,0,0,0,2,0,0,0,0,
238502677,0,-0.15,-0.6,0,0,0,2,0,0,0,0,
238502717,0,-0.15,-0.6,0,0,0,2,0,0,0,0,
238502757,0,-0.15,-0.6,0,0,0,2,0,0,0,0,
238502797,0,-0.15,-0.6,0,0,0,2,0,0,0,0,
238502837,0,-0.15,-0.6,0,0,0,2,0,0,0,0,
238502877,0,-0.15,-0.6,0,0,0,2,0,0,0,0,
238502918,0,-0.15,-0.6,0,0,0,2,0,0,0,0,
238502958,0,-0.15,-0.6,0,0,0,2,0,0,0,0,
238502997,0,-0.15,-0.6,0,0,0,2,0,0,0,0,
238503037,0,-0.15,-0.6,0,0,0,2,0,0,0,0,
238503077,0,-0.15,-0.6,0,0,0,2,0,0,0,0,
238503117,0,-0.15,-0.6,0,0,0,2,0,0,0,0,
238503157,0,-0.15,-0.6,0,0,0,2,0,0,0,0,
238503197,0,-0.15,-0.6,0,0,0,2,0,0,0,0,
238503238,0,-0.15,-0.6,0,0,0,2,0,0,0,0,
238503278,0,-0.15,-0.6,0,0,0,2,0,0,0,0,
238503317,0,-0.15,-0.6,0,0,0,2,0,0,0,0,
238503357,0,-0.15,-0.6,0,0,0,2,0,0,0,0,
238503397,0,-0.15,-0.6,0,0,0,2,0,0,0,0,
238503437,0,-0.15,-0.6,0,0,0,2,0,0,0,0,
238503477,0,-0.15,-0.6,0,0,0,2,0,0,0,0,
238503517,0,-0.15,-0.6,0,0,0,2,0,0,0,0,
238503558,0,-0.15,-0.6,0,0,0,2,0,0,0,0,
238503598,0,-0.15,-0.6,0,0,0,2,0,0,0,0,
238503637,0,-0.15,-0.6,0,0,0,2,0,0,0,0,
238503677,0,-0.15,-0.6,0,0,0,2,0,0,0,0,
238503717,0,-0.15,-0.6,0,0,0,2,0,0,0,0,
238503757,0,-0.15,-0.6,0,0,0,2,0,0,0,0,
238503797,0,-0.15,-0.6,0,0,0,2,0,0,0,0,
238503837,0,-0.15,-0.6,0,0,0,2,0,0,0,0,
238503878,0,-0.15,-0.6,0,0,0,2,0,0,0,0,
238503918,0,-0.15,-0.6,0,0,0,2,0,0,0,0,
238503957,0,-0.15,-0.6,0,0,0,2,0,0,0,0,
238503997,0,-0.15,-0.6,0,0,0,2,0,0,0,0,
238504037,0,-0.15,-0.6,0,0,0,2,0,0,0,0,
238504077,0,-0.15,-0.6,0,0,0,2,0,0,0,1,
238504117,0,-0.15,-0.6,0,0,0,2,0,0,0,1,
238504158,0,-0.15,-0.6,0,0,0,2,0,0,0,1,
238504198,0,-0.15,-0.6,0,0,0,2,0,0,0,1,
238504238,0,-0.15,-0.6,0,0,0,2,0,0,0,1,
238504277,0,-0.15,-0.6,0,0,0,2,0,0,0,1,
238504317,0,-0.15,-0.6,0,0,0,2,0,0,0,1,
238504357,0,-0.15,-0.6,0,0,0,2,0,0,0,1,
238504397,0,-0.15,-0.6,0,0,0,2,0,0,0,1,
238504437,0,-0.15,-0.6,0,0,0,2,0,0,0,1,
238504478,0,-0.15,-0.6,0,0,0,2,0,0,0,1,
238504518,0,-0.15,-0.6,0,0,0,2,0,0,0,2,
238504557,0,-0.15,-0.6,0,0,0,2,0,0,0,2,
238504597,0,-0.15,-0.6,0,0,0,2,0,0,0,2,
238504637,0,-0.15,-0.6,0,0,0,2,0,0,0,2,
238504677,0,-0.15,-0.6,0,0,0,2,0,0,0,2,
238504717,0,-0.15,-0.6,0,0,0,2,0,0,0,2,
238504757,0,-0.15,-0.6,0,0,0,2,0,0,0,2,
238504798,0,-0.15,-0.6,0,0,0,2,0,0,0,2,
238504838,0,-0.15,-0.6,0,0,0,2,0,0,0,2,
238504877,0,-0.15,-0.6,0,0,0,2,0,0,0,2,
238504917,0,-0.15,-0.6,0,0,0,2,0,0,0,2,
238504957,0,-0.15,-0.6,0,0,0,2,0,0,0,2,
238504997,0,-0.15,-0.6,0,0,0,2,0,0,0,2,
238505037,0,-0.15,-0.6,0,0,0,2,0,0,0,2,
238505077,0,-0.15,-0.6,0,0,0,2,0,0,0,2,
238505118,0,-0.15,-0.6,0,0,0,2,0,0,0,2,
238505158,0,-0.15,-0.6,0,0,0,2,0,0,0,2,
238505197,0,-0.15,-0.6,0,0,0,2,0,0,0,2,
238505237,0,-0.15,-0.6,0,0,0,2,0,0,0,2,
238505277,0,-0.15,-0.6,0,0,0,2,0,0,0,2,
238505317,0,-0.15,-0.6,0,0,0,2,0,0,0,2,
238505357,0,-0.15,-0.6,0,0,0,2,0,0,0,2,
238505397,0,-0.15,-0.6,0,0,0,2,0,0,0,2,
238505438,0,-0.15,-0.6,0,0,0,2,0,0,0,2,
238505478,0,-0.15,-0.6,0,0,0,2,0,0,0,2,
238505517,0,-0.15,-0.6,0,0,0,2,0,0,0,2,
238505557,0,-0.15,-0.6,0,0,0,2,0,0,0,2,
238505597,0,-0.15,-0.6,0,0,0,2,0,0,0,2,
238505637,0,-0.15,-0.6,0,0,0,2,0,0,0,2,
238505677,0,-0.15,-0.6,0,0,0,2,0,0,0,2,
238505717,0,-0.15,-0.6,0,0,0,2,0,0,0,2,
238505758,0,-0.15,-0.6,0,0,0,2,0,0,0,3,
238505798,0,-0.15,-0.6,0,0,0,2,0,0,0,3,
238505837,0,-0.15,-0.6,0,0,0,2,0,0,0,3,
238505877,0,-0.15,-0.6,0,0,0,2,0,0,0,3,
238505917,0,-0.15,-0.6,0,0,0,2,0,0,0,3,
238505957,0,-0.15,-0.6,0,0,0,2,0,0,0,3,
238505997,0,-0.15,-0.6,0,0,0,2,0,0,0,3,
238506037,0,-0.15,-0.6,0,0,0,2,0,0,0,3,
238506078,0,-0.15,-0.6,0,0,0,2,0,0,0,3,
238506118,0,-0.15,-0.6,0,0,0,2,0,0,0,3,
238506157,0,-0.15,-0.6,0,0,0,2,0,0,0,3,
238506197,0,-0.15,-0.6,0,0,0,2,0,0,0,3,
238506237,0,-0.15,-0.6,0,0,0,2,0,0,0,3,
238506277,0,-0.15,-0.6,0,0,0,2,0,0,0,3,
238506317,0,-0.15,-0.6,0,0,0,2,0,0,0,3,
238506358,0,-0.15,-0.6,0,0,0,2,0,0,0,3,
238506398,0,-0.15,-0.6,0,0,0,2,0,0,0,3,
238506437,0,-0.15,-0.6,0,0,0,2,0,0,0,3,
238506477,0,-0.15,-0.6,0,0,0,2,0,0,0,3,
238506517,0,-0.15,-0.6,0,0,0,2,0,0,0,3,
238506557,0,-0.15,-0.6,0,0,0,2,0,0,0,3,
238506597,0,-0.15,-0.6,0,0,0,2,0,0,0,3,
238506637,0,-0.15,-0.6,0,0,0,2,0,0,0,3,
238506678,0,-0.15,-0.6,0,0,0,2,0,0,0,3,
238506718,0,-0.15,-0.6,0,0,0,2,0,0,0,3,
238506757,0,-0.15,-0.6,0,0,0,2,0,0,0,3,
238506797,0,-0.15,-0.6,0,0,0,2,0,0,0,3,
238506837,0,-0.15,-0.6,0,0,0,2,0,0,0,3,
238506877,0,-0.15,-0.6,0,0,0,2,0,0,0,3,
238506917,0,-0.15,-0.6,0,0,0,2,0,0,0,3,
238506957,0,-0.15,-0.6,0,0,0,2,0,0,0,3,
238506998,0,-0.15,-0.6,0,0,0,2,0,0,0,3,
238507038,0,-0.15,-0.6,0,0,0,2,0,0,0,3,
238507077,0,-0.15,-0.6,0,0,0,2,0,0,0,3,
238507117,0,-0.15,-0.6,0,0,0,2,0,0,0,3,
238507157,0,-0.15,-0.6,0,0,0,2,0,0,0,3,
238507197,0,-0.15,-0.6,0,0,0,2,0,0,0,3,
238507237,0,-0.15,-0.6,0,0,0,2,0,0,0,3,
238507277,0,-0.15,-0.6,0,0,0,2,0,0,0,3,
238507318,0,-0.15,-0.6,0,0,0,2,0,0,0,3,
238507358,0,-0.15,-0.6,0,0,0,2,0,0,0,3,
238507397,0,-0.15,-0.6,0,0,0,2,0,0,0,3,
238507437,0,-0.15,-0.6,0,0,0,2,0,0,0,3,
238507477,0,-0.15,-0.6,0,0,0,2,0,0,0,3,
238507517,0,-0.15,-0.6,0,0,0,2,0,0,0,3,
238507557,0,-0.15,-0.6,0,0,0,2,0,0,0,3,
238507597,0,-0.15,-0.6,0,0,0,2,0,0,0,3,
238507638,0,-0.15,-0.6,0,0,0,2,0,0,0,3,
238507678,0,-0.15,-0.6,0,0,0,2,0,0,0,3,
238507717,0,-0.15,-0.6,0,0,0,2,0,0,0,3,
238507757,0,-0.15,-0.6,0,0,0,2,0,0,0,3,
238507797,0,-0.15,-0.6,0,0,0,2,0,0,0,3,
238507837,0,-0.15,-0.6,0,0,0,2,0,0,0,3,
238507877,0,-0.15,-0.6,0,0,0,2,0,0,0,3,
238507917,0,-0.15,-0.6,0,0,0,2,0,0,0,3,
238507958,0,-0.15,-0.6,0,0,0,2,0,0,0,3,
238507998,0,-0.15,-0.6,0,0,0,2,0,0,0,3,
238508037,0,-0.15,-0.6,0,0,0,2,0,0,0,3,
238508077,0,-0.15,-0.6,0,0,0,2,0,0,0,3,
238508117,0,-0.15,-0.6,0,0,0,2,0,0,0,3,
238508157,0,-0.15,-0.6,0,0,0,2,0,0,0,3,
238508197,0,-0.15,-0.6,0,0,0,2,0,0,0,3,
238508238,0,-0.15,-0.6,0,0,0,2,0,0,0,3,
238508278,0,-0.15,-0.6,0,0,0,2,0,0,0,3,
238508317,0,-0.15,-0.6,0,0,0,2,0,0,0,3,
238508357,0,-0.15,-0.6,0,0,0,2,0,0,0,3,
238508397,0,-0.15,-0.6,0,0,0,2,0,0,0,3,
238508437,0,-0.15,-0.6,0,0,0,2,0,0,0,3,
238508477,0,-0.15,-0.6,0,0,0,2,0,0,0,3,
238508517,0,-0.15,-0.6,0,0,0,2,0,0,0,3,
238508558,0,-0.15,-0.6,0,0,0,2,0,0,0,3,
238508598,0,-0.15,-0.6,0,0,0,2,0,0,0,3,
238508637,0,-0.15,-0.6,0,0,0,2,0,0,0,3,
238508677,0,-0.15,-0.6,0,0,0,2,0,0,0,3,
238508717,0,-0.15,-0.6,0,0,0,2,0,0,0,3,
238508757,0,-0.15,-0.6,0,0,0,2,0,0,0,3,
238508797,0,-0.15,-0.6,0,0,0,2,0,0,0,3,
238508837,0,-0.15,-0.6,0,0,0,2,0,0,0,3,
238508878,0,-0.15,-0.6,0,0,0,2,0,0,0,3,
238508918,0,-0.15,-0.6,0,0,0,2,0,0,0,3,
238508957,0,-0.15,-0.6,0,0,0,2,0,0,0,3,
238508997,0,-0.15,-0.6,0,0,0,2,0,0,0,3,
238509037,0,-0.15,-0.6,0,0,0,2,0,0,0,3,
238509077,0,-0.15,-0.6,0,0,0,2,0,0,0,3,
238509117,0,-0.15,-0.6,0,0,0,2,0,0,0,3,
238509157,0,-0.15,-0.6,0,0,0,2,0,0,0,3,
238509198,0,-0.15,-0.6,0,0,0,2,0,0,0,3,
238509238,0,-0.15,-0.6,0,0,0,2,0,0,0,3,
238509277,0,-0.15,-0.6,0,0,0,2,0,0,0,3,
238509317,0,-0.15,-0.6,0,0,0,2,0,0,0,3,
238509357,0,-0.15,-0.6,0,0,0,2,0,0,0,3,
238509397,0,-0.15,-0.6,0,0,0,2,0,0,0,3,
238509437,0,-0.15,-0.6,0,0,0,2,0,0,0,3,
238509477,0,-0.15,-0.6,0,0,0,2,0,0,0,3,
238509518,0,-0.15,-0.6,0,0,0,2,0,0,0,3,
238509558,0,-0.15,-0.6,0,0,0,2,0,0,0,3,
238509597,0,-0.15,-0.6,0,0,0,2,0,0,0,3,
238509637,0,-0.15,-0.6,0,0,0,2,0,0,0,3,
238509677,0,-0.15,-0.6,0,0,0,2,0,0,0,3,
238509717,0,-0.15,-0.6,0,0,0,2,0,0,0,3,
238509757,0,-0.15,-0.6,0,0,0,2,0,0,0,3,
238509797,0,-0.15,-0.6,0,0,0,2,0,0,0,3,
238509838,0,-0.15,-0.6,0,0,0,2,0,0,0,3,
238509878,0,-0.15,-0.6,0,0,0,2,0,0,0,3,
238509917,0,-0.15,-0.6,0,0,0,2,0,0,0,3,
238509957,0,-0.15,-0.6,0,0,0,2,0,0,0,3,
238509997,0,-0.15,-0.6,0,0,0,2,0,0,0,3,
238510037,0,-0.15,-0.6,0,0,0,2,0,0,0,3,
238510077,0,-0.15,-0.6,0,0,0,2,0,0,0,3,
238510118,0,-0.15,-0.6,0,0,0,2,0,0,0,3,
238510158,0,-0.15,-0.6,0,0,0,2,0,0,0,3,
238510197,0,-0.15,-0.6,0,0,0,2,0,0,0,3,
238510237,0,-0.15,-0.6,0,0,0,2,0,0,0,3,
238510277,0,-0.15,-0.6,0,0,0,2,0,0,0,3,
238510317,0,-0.15,-0.6,0,0,0,2,0,0,0,3,
238510357,0,-0.15,-0.6,0,0,0,2,0,0,0,3,
238510397,0,-0.15,-0.6,0,0,0,2,0,0,0,3,
238510438,0,-0.15,-0.6,0,0,0,2,0,0,0,3,
238510478,0,-0.15,-0.6,0,0,0,2,0,0,0,3,
238510517,0,-0.15,-0.6,0,0,0,2,0,0,0,3,
238510557,0,-0.15,-0.6,0,0,0,2,0,0,0,3,
238510597,0,-0.15,-0.6,0,0,0,2,0,0,0,3,
238510637,0,-0.15,-0.6,0,0,0,2,0,0,0,3,
238510677,0,-0.15,-0.6,0,0,0,2,0,0,0,3,
238510717,0,-0.15,-0.6,0,0,0,2,0,0,0,3,
238510758,0,-0.15,-0.6,0,0,0,2,0,0,0,3,
238510798,0,-0.15,-0.6,0,0,0,2,0,0,0,3,
238510837,0,-0.15,-0.6,0,0,0,2,0,0,0,3,
238510877,0,-0.15,-0.6,0,0,0,2,0,0,0,3,
238510917,0,-0.15,-0.6,0,0,0,2,0,0,0,3,
238510957,0,-0.15,-0.6,0,0,0,2,0,0,0,3,
238510997,0,-0.15,-0.6,0,0,0,2,0,0,0,3,
238511037,0,-0.15,-0.6,0,0,0,2,0,0,0,3,
238511078,0,-0.15,-0.6,0,0,0,2,0,0,0,3,
238511118,0,-0.15,-0.6,0,0,0,2,0,0,0,3,
238511157,0,-0.15,-0.6,0,0,0,2,0,0,0,3,
238511197,0,-0.15,-0.6,0,0,0,2,0,0,0,3,
