milisec,RacketX,RacketY,RacketZ,forceX,forceX,forceX,ForceRatio,FriendPoint,EnemyPoint,haptics,scene
235018950,0,0,0,0,0,0,0,0,0,0,0,
235018963,0,0,0,0,0,0,0,0,0,0,0,
235018992,0,0,0,0,0,0,0,0,0,0,0,
235019032,0,0,0,0,0,0,0,0,0,0,0,
235019073,0,0,0,0,0,0,0,0,0,0,0,
235019113,0,0,0,0,0,0,0,0,0,0,0,
235019153,0,0,0,0,0,0,0,0,0,0,0,
235019192,0,0,0,0,0,0,0,0,0,0,0,
235019232,0,0,0,0,0,0,0,0,0,0,0,
235019277,0,0,0,0,0,0,0,0,0,0,0,
235019312,0,0,0,0,0,0,0,0,0,0,0,
235019352,0,0,0,0,0,0,0,0,0,0,0,
235019393,0,0,0,0,0,0,0,0,0,0,0,
235019433,0,0,0,0,0,0,0,0,0,0,0,
235019473,0,0,0,0,0,0,0,0,0,0,0,
235019512,0,0,0,0,0,0,0,0,0,0,0,
235019552,0,0,0,0,0,0,0,0,0,0,0,
235019592,0,0,0,0,0,0,0,0,0,0,0,
235019632,0,0,0,0,0,0,0,0,0,0,0,
235019672,0,0,0,0,0,0,0,0,0,0,0,
235019713,0,0,0,0,0,0,0,0,0,0,0,
235019753,0,0,0,0,0,0,0,0,0,0,0,
235019793,0,0,0,0,0,0,0,0,0,0,0,
235019832,0,0,0,0,0,0,0,0,0,0,0,
235019872,0,0,0,0,0,0,0,0,0,0,0,
235019912,0,0,0,0,0,0,0,0,0,0,0,
235019952,0,0,0,0,0,0,0,0,0,0,0,
235019992,0,0,0,0,0,0,0,0,0,0,0,
235020033,0,0,0,0,0,0,0,0,0,0,0,
235020073,0,0,0,0,0,0,0,0,0,0,0,
235020113,0,0,0,0,0,0,0,0,0,0,0,
235020152,0,0,0,0,0,0,0,0,0,0,0,
235020192,0,0,0,0,0,0,0,0,0,0,0,
235020232,0,0,0,0,0,0,0,0,0,0,0,
235020272,0,0,0,0,0,0,0,0,0,0,0,
235020312,0,0,0,0,0,0,0,0,0,0,0,
235020353,0,0,0,0,0,0,0,0,0,0,0,
235020393,0,0,0,0,0,0,0,0,0,0,0,
235020432,0,0,0,0,0,0,0,0,0,0,0,
235020472,0,0,0,0,0,0,0,0,0,0,0,
235020512,0,0,0,0,0,0,0,0,0,0,0,
235020552,0,0,0,0,0,0,0,0,0,0,0,
235020592,0,0,0,0,0,0,0,0,0,0,0,
235020633,0,0,0,0,0,0,0,0,0,0,0,
235020673,0,0,0,0,0,0,0,0,0,0,0,
235020713,0,0,0,0,0,0,0,0,0,0,0,
235020752,0,0,0,0,0,0,0,0,0,0,0,
235020792,0,0,0,0,0,0,0,0,0,0,0,
235020832,0,0,0,0,0,0,0,0,0,0,0,
235020872,0,0,0,0,0,0,0,0,0,0,0,
235020912,0,0,0,0,0,0,0,0,0,0,0,
235020956,0,0,0,0,0,0,0,0,0,0,0,
235020993,0,0,0,0,0,0,0,0,0,0,0,
235021033,0,0,0,0,0,0,0,0,0,0,0,
235021072,0,0,0,0,0,0,0,0,0,0,0,
235021112,0,0,0,0,0,0,0,0,0,0,0,
235021152,0,0,0,0,0,0,0,0,0,0,0,
235021192,0,0,0,0,0,0,0,0,0,0,0,
235021232,0,0,0,0,0,0,0,0,0,0,0,
235021273,0,0,0,0,0,0,0,0,0,0,0,
235021313,0,0,0,0,0,0,0,0,0,0,0,
235021353,0,0,0,0,0,0,0,0,0,0,0,
235021392,0,0,0,0,0,0,0,0,0,0,0,
235021432,0,0,0,0,0,0,0,0,0,0,0,
235021472,0,0,0,0,0,0,0,0,0,0,0,
235021512,0,0,0,0,0,0,0,0,0,0,0,
235021552,0,0,0,0,0,0,0,0,0,0,0,
235021593,0,0,0,0,0,0,0,0,0,0,0,
235021633,0,0,0,0,0,0,0,0,0,0,0,
235021673,0,0,0,0,0,0,0,0,0,0,0,
235021712,0,0,0,0,0,0,0,0,0,0,0,
235021752,0,0,0,0,0,0,0,0,0,0,0,
235021792,0,0,0,0,0,0,0,0,0,0,0,
235021832,0,0,0,0,0,0,0,0,0,0,0,
235021872,0,0,0,0,0,0,0,0,0,0,0,
235021913,0,0,0,0,0,0,0,0,0,0,0,
235021953,0,0,0,0,0,0,0,0,0,0,0,
235021993,0,0,0,0,0,0,0,0,0,0,0,
235022032,0,0,0,0,0,0,0,0,0,0,0,
235022072,0,0,0,0,0,0,0,0,0,0,0,
235022112,0,0,0,0,0,0,0,0,0,0,0,
235022152,0,0,0,0,0,0,0,0,0,0,0,
235022192,0,0,0,0,0,0,0,0,0,0,0,
235022233,0,0,0,0,0,0,0,0,0,0,0,
235022273,0,0,0,0,0,0,0,0,0,0,0,
235022312,0,0,0,0,0,0,0,0,0,0,0,
235022352,0,0,0,0,0,0,0,0,0,0,0,
235022392,0,0,0,0,0,0,0,0,0,0,0,
235022432,0,0,0,0,0,0,0,0,0,0,0,
235022472,0,0,0,0,0,0,0,0,0,0,0,
235022513,0,0,0,0,0,0,0,0,0,0,0,
235022553,0,0,0,0,0,0,0,0,0,0,0,
235022593,0,0,0,0,0,0,0,0,0,0,0,
235022632,0,0,0,0,0,0,0,0,0,0,0,
235022672,0,0,0,0,0,0,0,0,0,0,0,
235022712,0,0,0,0,0,0,0,0,0,0,0,
235022752,0,0,0,0,0,0,0,0,0,0,0,
235022792,0,0,0,0,0,0,0,0,0,0,0,
235022833,0,0,0,0,0,0,0,0,0,0,0,
235022873,0,0,0,0,0,0,0,0,0,0,0,
235022913,0,0,0,0,0,0,0,0,0,0,0,
235022952,0,0,0,0,0,0,0,0,0,0,0,
235022992,0,0,0,0,0,0,0,0,0,0,0,
235023032,0,0,0,0,0,0,0,0,0,0,0,
235023072,0,0,0,0,0,0,0,0,0,0,0,
235023112,0,0,0,0,0,0,0,0,0,0,0,
235023153,0,0,0,0,0,0,0,0,0,0,0,
235023193,0,0,0,0,0,0,0,0,0,0,0,
235023233,0,0,0,0,0,0,0,0,0,0,0,
235023272,0,0,0,0,0,0,0,0,0,0,0,
235023312,0,0,0,0,0,0,0,0,0,0,0,
235023352,0,0,0,0,0,0,0,0,0,0,0,
235023392,0,0,0,0,0,0,0,0,0,0,0,
235023432,0,0,0,0,0,0,0,0,0,0,0,
235023473,0,0,0,0,0,0,0,0,0,0,0,
235023513,0,0,0,0,0,0,0,0,0,0,0,
235023553,0,0,0,0,0,0,0,0,0,0,0,
235023592,0,0,0,0,0,0,0,0,0,0,0,
235023632,0,0,0,0,0,0,0,0,0,0,0,
235023672,0,0,0,0,0,0,0,0,0,0,0,
235023712,0,0,0,0,0,0,0,0,0,0,0,
235023752,0,0,0,0,0,0,0,0,0,0,0,
235023793,0,0,0,0,0,0,0,0,0,0,0,
235023833,0,0,0,0,0,0,0,0,0,0,0,
235023873,0,0,0,0,0,0,0,0,0,0,0,
235023912,0,0,0,0,0,0,0,0,0,0,0,
235023952,0,0,0,0,0,0,0,0,0,0,0,
235023992,0,0,0,0,0,0,0,0,0,0,0,
235024032,0,0,0,0,0,0,0,0,0,0,0,
235024072,0,0,0,0,0,0,0,0,0,0,0,
235024113,0,0,0,0,0,0,0,0,0,0,0,
235024153,0,0,0,0,0,0,0,0,0,0,0,
235024192,0,0,0,0,0,0,0,0,0,0,0,
235024232,0,0,0,0,0,0,0,0,0,0,0,
235024272,0,0,0,0,0,0,0,0,0,0,0,
235024312,0,0,0,0,0,0,0,0,0,0,0,
235024352,0,0,0,0,0,0,0,0,0,0,0,
235024393,0,0,0,0,0,0,0,0,0,0,0,
235024433,0,0,0,0,0,0,0,0,0,0,0,
235024473,0,0,0,0,0,0,0,0,0,0,0,
235024512,0,0,0,0,0,0,0,0,0,0,0,
235024552,0,0,0,0,0,0,0,0,0,0,0,
235024692,0,0,0,0,0,0,0,0,0,0,0,
235024696,0,0,0,0,0,0,0,0,0,0,0,
235024737,0,0,0,0,0,0,0,0,0,0,0,
235024777,0,0,0,0,0,0,0,0,0,0,0,
235024816,0,0,0,0,0,0,0,0,0,0,0,
235024856,0,0,0,0,0,0,0,0,0,0,0,
235024896,0,0,0,0,0,0,0,0,0,0,0,
235024936,0,0,0,0,0,0,0,0,0,0,0,
235024976,0,0,0,0,0,0,0,0,0,0,0,
235025017,0,0,0,0,0,0,0,0,0,0,0,
235025064,0,0,0,0,0,0,0,0,0,0,0,
235025097,0,0,0,0,0,0,0,0,0,0,0,
235025136,0,0,0,0,0,0,0,0,0,0,0,
235025176,0,0,0,0,0,0,0,0,0,0,0,
235025216,0,0,0,0,0,0,0,0,0,0,0,
235025256,0,0,0,0,0,0,0,0,0,0,0,
235025296,0,0,0,0,0,0,0,0,0,0,0,
235025337,0,0,0,0,0,0,0,0,0,0,0,
235025377,0,0,0,0,0,0,0,0,0,0,0,
235025417,0,0,0,0,0,0,0,0,0,0,0,
235025456,0,0,0,0,0,0,0,0,0,0,0,
235025496,0,0,0,0,0,0,0,0,0,0,0,
235025536,0,0,0,0,0,0,0,0,0,0,0,
235025576,0,0,0,0,0,0,0,0,0,0,0,
235025616,0,0,0,0,0,0,0,0,0,0,0,
235025657,0,0,0,0,0,0,0,0,0,0,0,
235025697,0,0,0,0,0,0,0,0,0,0,0,
235025737,0,0,0,0,0,0,0,0,0,0,0,
235025776,0,0,0,0,0,0,0,0,0,0,0,
235025816,0,0,0,0,0,0,0,0,0,0,0,
235025856,0,0,0,0,0,0,0,0,0,0,0,
235025896,0,0,0,0,0,0,0,0,0,0,0,
235025936,0,0,0,0,0,0,0,0,0,0,0,
235025977,0,0,0,0,0,0,0,0,0,0,0,
235026017,0,0,0,0,0,0,0,0,0,0,0,
235026057,0,0,0,0,0,0,0,0,0,0,1,
235026096,0,0,0,0,0,0,0,0,0,0,1,
235026136,0,0,0,0,0,0,0,0,0,0,1,
235026176,0,0,0,0,0,0,0,0,0,0,1,
235026216,0,0,0,0,0,0,0,0,0,0,1,
235026256,0,0,0,0,0,0,0,0,0,0,1,
235026297,0,0,0,0,0,0,0,0,0,0,1,
235026337,0,0,0,0,0,0,0,0,0,0,1,
235026377,0,0,0,0,0,0,0,0,0,0,1,
235026416,0,0,0,0,0,0,0,0,0,0,1,
235026456,0,0,0,0,0,0,0,0,0,0,1,
235026496,0,0,0,0,0,0,0,0,0,0,1,
235026536,0,0,0,0,0,0,0,0,0,0,1,
235026576,0,0,0,0,0,0,0,0,0,0,1,
235026617,0,0,0,0,0,0,0,0,0,0,1,
235026657,0,0,0,0,0,0,0,0,0,0,1,
235026697,0,0,0,0,0,0,0,0,0,0,1,
235026736,0,0,0,0,0,0,0,0,0,0,1,
235026776,0,0,0,0,0,0,0,0,0,0,1,
235026816,0,0,0,0,0,0,0,0,0,0,1,
235026856,0,0,0,0,0,0,0,0,0,0,1,
235026897,0,0,0,0,0,0,0,0,0,0,1,
235026937,0,0,0,0,0,0,0,0,0,0,1,
235026977,0,0,0,0,0,0,0,0,0,0,1,
235027016,0,0,0,0,0,0,0,0,0,0,1,
235027056,0,0,0,0,0,0,0,0,0,0,1,
235027096,0,0,0,0,0,0,0,0,0,0,1,
235027136,0,0,0,0,0,0,0,0,0,0,1,
235027176,0,0,0,0,0,0,0,0,0,0,1,
235027217,0,0,0,0,0,0,0,0,0,0,1,
235027257,0,0,0,0,0,0,0,0,0,0,1,
235027297,0,0,0,0,0,0,0,0,0,0,1,
235027336,0,0,0,0,0,0,0,0,0,0,1,
235027376,0,0,0,0,0,0,0,0,0,0,2,
235027416,0,0,0,0,0,0,0,0,0,0,2,
235027456,0,0,0,0,0,0,0,0,0,0,2,
235027496,0,0,0,0,0,0,0,0,0,0,2,
235027537,0,0,0,0,0,0,0,0,0,0,2,
235027577,0,0,0,0,0,0,0,0,0,0,2,
235027617,0,0,0,0,0,0,0,0,0,0,2,
235027656,0,0,0,0,0,0,0,0,0,0,2,
235027696,0,0,0,0,0,0,0,0,0,0,2,
235027736,0,0,0,0,0,0,0,0,0,0,2,
235027776,0,0,0,0,0,0,0,0,0,0,2,
235027816,0,0,0,0,0,0,0,0,0,0,2,
235027857,0,0,0,0,0,0,0,0,0,0,2,
235027897,0,0,0,0,0,0,0,0,0,0,2,
235027937,0,0,0,0,0,0,0,0,0,0,2,
235027976,0,0,0,0,0,0,0,0,0,0,2,
235028016,0,0,0,0,0,0,0,0,0,0,2,
235028056,0,0,0,0,0,0,0,0,0,0,2,
235028096,0,0,0,0,0,0,0,0,0,0,2,
235028136,0,0,0,0,0,0,0,0,0,0,2,
235028177,0,0,0,0,0,0,0,0,0,0,2,
235028217,0,0,0,0,0,0,0,0,0,0,2,
235028257,0,0,0,0,0,0,0,0,0,0,2,
235028296,0,0,0,0,0,0,0,0,0,0,2,
235028336,0,0,0,0,0,0,0,0,0,0,2,
235028376,0,0,0,0,0,0,0,0,0,0,2,
235028416,0,0,0,0,0,0,0,0,0,0,2,
235028456,0,0,0,0,0,0,0,0,0,0,2,
235028497,0,0,0,0,0,0,0,0,0,0,2,
235028537,0,0,0,0,0,0,0,0,0,0,2,
235028577,0,0,0,0,0,0,0,0,0,0,3,
235028616,0,0,0,0,0,0,0,0,0,0,3,
235028656,0,0,0,0,0,0,0,0,0,0,3,
235028696,0,0,0,0,0,0,0,0,0,0,3,
235028736,0,0,0,0,0,0,0,0,0,0,3,
235028776,0,0,0,0,0,0,0,0,0,0,3,
235028817,0,0,0,0,0,0,0,0,0,0,3,
235028857,0,0,0,0,0,0,0,0,0,0,3,
235028896,0,0,0,0,0,0,0,0,0,0,3,
235028936,0,0,0,0,0,0,0,0,0,0,3,
235028976,0,0,0,0,0,0,0,0,0,0,3,
235029016,0,0,0,0,0,0,0,0,0,0,3,
235029056,0,0,0,0,0,0,0,0,0,0,3,
235029097,0,0,0,0,0,0,0,0,0,0,3,
235029137,0,0,0,0,0,0,0,0,0,0,3,
235029177,0,0,0,0,0,0,0,0,0,0,3,
235029216,0,0,0,0,0,0,0,0,0,0,3,
235029256,0,0,0,0,0,0,0,0,0,0,3,
235029296,0,0,0,0,0,0,0,0,0,0,3,
235029336,0,0,0,0,0,0,0,0,0,0,3,
235029376,0,0,0,0,0,0,0,0,0,0,3,
235029417,0,0,0,0,0,0,0,0,0,0,3,
235029457,0,0,0,0,0,0,0,0,0,0,3,
235029497,0,0,0,0,0,0,0,0,0,0,3,
235029536,0,0,0,0,0,0,0,0,0,0,3,
235029576,0,0,0,0,0,0,0,0,0,0,3,
235029616,0,0,0,0,0,0,0,0,0,0,3,
235029656,0,0,0,0,0,0,0,0,0,0,3,
235029696,0,0,0,0,0,0,0,0,0,0,3,
235029737,0,0,0,0,0,0,0,0,0,0,3,
235029777,0,0,0,0,0,0,0,0,0,0,3,
235029817,0,0,0,0,0,0,0,0,0,0,3,
235029856,0,0,0,0,0,0,0,0,0,0,3,
235029896,0,0,0,0,0,0,0,0,0,0,3,
235029936,0,0,0,0,0,0,0,0,0,0,3,
235029976,0,0,0,0,0,0,0,0,0,0,3,
235030016,0,0,0,0,0,0,0,0,0,0,3,
235030057,0,0,0,0,0,0,0,0,0,0,3,
235030097,0,0,0,0,0,0,0,0,0,0,3,
235030137,0,0,0,0,0,0,0,0,0,0,3,
235030176,0,0,0,0,0,0,0,0,0,0,3,
235030216,0,0,0,0,0,0,0,0,0,0,3,
235030256,0,0,0,0,0,0,0,0,0,0,3,
235030296,0,0,0,0,0,0,0,0,0,0,3,
235030336,0,0,0,0,0,0,0,0,0,0,3,
235030377,0,0,0,0,0,0,0,0,0,0,3,
235030417,0,0,0,0,0,0,0,0,0,0,3,
235030457,0,0,0,0,0,0,0,0,0,0,3,
235030496,0,0,0,0,0,0,0,0,0,0,3,
235030536,0,0,0,0,0,0,0,0,0,0,3,
235030576,0,0,0,0,0,0,0,0,0,0,3,
235030616,0,0,0,0,0,0,0,0,0,0,3,
235030656,0,0,0,0,0,0,0,0,0,0,3,
235030697,0,0,0,0,0,0,0,0,0,0,3,
235030737,0,0,0,0,0,0,0,0,0,0,3,
235030776,0,0,0,0,0,0,0,0,0,0,3,
235030816,0,0,0,0,0,0,0,0,0,0,3,
235030856,0,0,0,0,0,0,0,0,0,0,3,
235030896,0,0,0,0,0,0,0,0,0,0,3,
235030936,0,0,0,0,0,0,0,0,0,0,3,
235030977,0,0,0,0,0,0,0,0,0,0,3,
235031017,0,0,0,0,0,0,0,0,0,0,3,
235031057,0,0,0,0,0,0,0,0,0,0,3,
235031096,0,0,0,0,0,0,0,0,0,0,3,
235031136,0,0,0,0,0,0,0,0,0,0,3,
235031176,0,0,0,0,0,0,0,0,0,0,3,
235031216,0,0,0,0,0,0,0,0,0,0,3,
235031256,0,0,0,0,0,0,0,0,0,0,3,
235031297,0,0,0,0,0,0,0,0,0,0,3,
235031337,0,0,0,0,0,0,0,0,0,0,3,
235031377,0,0,0,0,0,0,0,0,0,0,3,
235031416,0,0,0,0,0,0,0,0,0,0,3,
235031456,0,0,0,0,0,0,0,0,0,0,3,
235031496,0,0,0,0,0,0,0,0,0,0,3,
235031536,0,0,0,0,0,0,0,0,0,0,3,
235031576,0,0,0,0,0,0,0,0,0,0,3,
235031617,0,0,0,0,0,0,0,0,0,0,3,
235031657,0,0,0,0,0,0,0,0,0,0,3,
235031697,0,0,0,0,0,0,0,0,0,0,3,
235031736,0,0,0,0,0,0,0,0,0,0,3,
235031776,0,0,0,0,0,0,0,0,0,0,3,
235031816,0,0,0,0,0,0,0,0,0,0,3,
235031856,0,0,0,0,0,0,0,0,0,0,3,
235031896,0,0,0,0,0,0,0,0,0,0,3,
235031937,0,0,0,0,0,0,0,0,0,0,3,
235031977,0,0,0,0,0,0,0,0,0,0,3,
235032017,0,0,0,0,0,0,0,0,0,0,3,
235032056,0,0,0,0,0,0,0,0,0,0,3,
235032096,0,0,0,0,0,0,0,0,0,0,3,
235032136,0,0,0,0,0,0,0,0,0,0,3,
235032176,0,0,0,0,0,0,0,0,0,0,3,
235032216,0,0,0,0,0,0,0,0,0,0,3,
235032257,0,0,0,0,0,0,0,0,0,0,3,
235032297,0,0,0,0,0,0,0,0,0,0,3,
235032337,0,0,0,0,0,0,0,0,0,0,3,
235032376,0,0,0,0,0,0,0,0,0,0,3,
235032416,0,0,0,0,0,0,0,0,0,0,3,
235032456,0,0,0,0,0,0,0,0,0,0,3,
235032496,0,0,0,0,0,0,0,0,0,0,3,
235032536,0,0,0,0,0,0,0,0,0,0,3,
235032577,0,0,0,0,0,0,0,0,0,0,3,
235032617,0,0,0,0,0,0,0,0,0,0,3,
235032656,0,0,0,0,0,0,0,0,0,0,3,
235032696,0,0,0,0,0,0,0,0,0,0,3,
235032736,0,0,0,0,0,0,0,0,0,0,3,
235032776,0,0,0,0,0,0,0,0,0,0,3,
235032816,0,0,0,0,0,0,0,0,0,0,3,
235032857,0,0,0,0,0,0,0,0,0,0,3,
235032897,0,0,0,0,0,0,0,0,0,0,3,
235032937,0,0,0,0,0,0,0,0,0,0,3,
235032976,0,0,0,0,0,0,0,0,0,0,3,
235033016,0,0,0,0,0,0,0,0,0,0,3,
235033056,0,0,0,0,0,0,0,0,0,0,3,
235033096,0,0,0,0,0,0,0,0,0,0,3,
235033136,0,0,0,0,0,0,0,0,0,0,3,
235033177,0,0,0,0,0,0,0,0,0,0,3,
235033217,0,0,0,0,0,0,0,0,0,0,3,
235033257,0,0,0,0,0,0,0,0,0,0,3,
235033296,0,0,0,0,0,0,0,0,0,0,3,
235033336,0,0,0,0,0,0,0,0,0,0,3,
235033376,0,0,0,0,0,0,0,0,0,0,3,
235033416,0,0,0,0,0,0,0,0,0,0,3,
235033456,0,0,0,0,0,0,0,0,0,0,3,
235033497,0,0,0,0,0,0,0,0,0,0,3,
235033537,0,0,0,0,0,0,0,0,0,0,3,
235033577,0,0,0,0,0,0,0,0,0,0,3,
235033616,0,0,0,0,0,0,0,0,0,0,3,
235033656,0,0,0,0,0,0,0,0,0,0,3,
235033696,0,0,0,0,0,0,0,0,0,0,3,
235033736,0,0,0,0,0,0,0,0,0,0,3,
235033776,0,0,0,0,0,0,0,0,0,0,3,
235033817,0,0,0,0,0,0,0,0,0,0,3,
235033857,0,0,0,0,0,0,0,0,0,0,3,
235033897,0,0,0,0,0,0,0,0,0,0,3,
235033936,0,0,0,0,0,0,0,0,0,0,3,
235033976,0,0,0,0,0,0,0,0,0,0,3,
235034016,0,0,0,0,0,0,0,0,0,0,3,
235034056,0,0,0,0,0,0,0,0,0,0,3,
235034096,0,0,0,0,0,0,0,0,0,0,3,
235034137,0,0,0,0,0,0,0,0,0,0,3,
235034177,0,0,0,0,0,0,0,0,0,0,3,
235034217,0,0,0,0,0,0,0,0,0,0,3,
235034256,0,0,0,0,0,0,0,0,0,0,3,
235034296,0,0,0,0,0,0,0,0,0,0,3,
235034336,0,0,0,0,0,0,0,0,0,0,3,
235034376,0,0,0,0,0,0,0,0,0,0,3,
235034416,0,0,0,0,0,0,0,0,0,0,3,
235034457,0,0,0,0,0,0,0,0,0,0,3,
235034497,0,0,0,0,0,0,0,0,0,0,3,
235034536,0,0,0,0,0,0,0,0,0,0,3,
235034576,0,0,0,0,0,0,0,0,0,0,3,
235034616,0,0,0,0,0,0,0,0,0,0,3,
235034656,0,0,0,0,0,0,0,0,0,0,3,
235034696,0,0,0,0,0,0,0,0,0,0,3,
235034737,0,0,0,0,0,0,0,0,0,0,3,
235034777,0,0,0,0,0,0,0,0,0,0,3,
235034817,0,0,0,0,0,0,0,0,0,0,3,
235034856,0,0,0,0,0,0,0,0,0,0,3,
235034896,0,0,0,0,0,0,0,0,0,0,3,
235034936,0,0,0,0,0,0,0,0,0,0,3,
235034976,0,0,0,0,0,0,0,0,0,0,3,
235035016,0,0,0,0,0,0,0,0,0,0,3,
235035057,0,0,0,0,0,0,0,0,0,0,3,
235035097,0,0,0,0,0,0,0,0,0,0,3,
235035137,0,0,0,0,0,0,0,0,0,0,3,
235035176,0,0,0,0,0,0,0,0,0,0,3,
235035216,0,0,0,0,0,0,0,0,0,0,3,
235035256,0,0,0,0,0,0,0,0,0,0,3,
235035296,0,0,0,0,0,0,0,0,0,0,3,
235035336,0,0,0,0,0,0,0,0,0,0,3,
235035377,0,0,0,0,0,0,0,0,0,0,3,
235035417,0,0,0,0,0,0,0,0,0,0,3,
235035457,0,0,0,0,0,0,0,0,0,0,3,
235035496,0,0,0,0,0,0,0,0,0,0,3,
235035536,0,0,0,0,0,0,0,0,0,0,3,
235035576,0,0,0,0,0,0,0,0,0,0,3,
235035616,0,0,0,0,0,0,0,0,0,0,3,
235035656,0,0,0,0,0,0,0,0,0,0,3,
235035697,0,0,0,0,0,0,0,0,0,0,3,
235035737,0,0,0,0,0,0,0,0,0,0,3,
235035777,0,0,0,0,0,0,0,0,0,0,3,
235035816,0,0,0,0,0,0,0,0,0,0,3,
235035856,0,0,0,0,0,0,0,0,0,0,3,
235035896,0,0,0,0,0,0,0,0,0,0,3,
235035936,0,0,0,0,0,0,0,0,0,0,3,
235035976,0,0,0,0,0,0,0,0,0,0,3,
235036017,0,0,0,0,0,0,0,0,0,0,3,
235036057,0,0,0,0,0,0,0,0,0,0,3,
235036097,0,0,0,0,0,0,0,0,0,0,3,
235036136,0,0,0,0,0,0,0,0,0,0,3,
235036176,0,0,0,0,0,0,0,0,0,0,3,
235036216,0,0,0,0,0,0,0,0,0,0,3,
235036256,0,0,0,0,0,0,0,0,0,0,3,
235036296,0,0,0,0,0,0,0,0,0,0,3,
235036337,0,0,0,0,0,0,0,0,0,0,3,
235036377,0,0,0,0,0,0,0,0,0,0,3,
235036416,0,0,0,0,0,0,0,0,0,0,3,
235036456,0,0,0,0,0,0,0,0,0,0,3,
235036496,0,0,0,0,0,0,0,0,0,0,3,
235036536,0,0,0,0,0,0,0,0,0,0,3,
235036576,0,0,0,0,0,0,0,0,0,0,3,
235036617,0,0,0,0,0,0,0,0,0,0,3,
235036657,0,0,0,0,0,0,0,0,0,0,3,
235036697,0,0,0,0,0,0,0,0,0,0,3,
235036736,0,0,0,0,0,0,0,0,0,0,3,
235036776,0,0,0,0,0,0,0,0,0,0,3,
235036816,0,0,0,0,0,0,0,0,0,0,3,
235036856,0,0,0,0,0,0,0,0,0,0,3,
235036896,0,0,0,0,0,0,0,0,0,0,3,
235036937,0,0,0,0,0,0,0,0,0,0,3,
235036977,0,0,0,0,0,0,0,0,0,0,3,
235037017,0,0,0,0,0,0,0,0,0,0,3,
235037056,0,0,0,0,0,0,0,0,0,0,3,
235037096,0,0,0,0,0,0,0,0,0,0,3,
235037136,0,0,0,0,0,0,0,0,0,0,3,
235037176,0,0,0,0,0,0,0,0,0,0,3,
235037216,0,0,0,0,0,0,0,0,0,0,3,
235037257,0,0,0,0,0,0,0,0,0,0,3,
235037297,0,0,0,0,0,0,0,0,0,0,3,
235037337,0,0,0,0,0,0,0,0,0,0,3,
235037376,0,0,0,0,0,0,0,0,0,0,3,
235037416,0,0,0,0,0,0,0,0,0,0,3,
235037456,0,0,0,0,0,0,0,0,0,0,3,
235037496,0,0,0,0,0,0,0,0,0,0,3,
235037536,0,0,0,0,0,0,0,0,0,0,3,
235037577,0,0,0,0,0,0,0,0,0,0,3,
235037617,0,0,0,0,0,0,0,0,0,0,3,
235037657,0,0,0,0,0,0,0,0,0,0,3,
235037696,0,0,0,0,0,0,0,0,0,0,3,
235037736,0,0,0,0,0,0,0,0,0,0,3,
235037776,0,0,0,0,0,0,0,0,0,0,3,
235037816,0,0,0,0,0,0,0,0,0,0,3,
235037856,0,0,0,0,0,0,0,0,0,0,3,
235037897,0,0,0,0,0,0,0,0,0,0,3,
235037937,0,0,0,0,0,0,0,0,0,0,3,
235037977,0,0,0,0,0,0,0,0,0,0,3,
235038016,0,0,0,0,0,0,0,0,0,0,3,
235038056,0,0,0,0,0,0,0,0,0,0,3,
235038096,0,0,0,0,0,0,0,0,0,0,3,
235038136,0,0,0,0,0,0,0,0,0,0,3,
235038176,0,0,0,0,0,0,0,0,0,0,3,
235038217,0,0,0,0,0,0,0,0,0,0,3,
235038257,0,0,0,0,0,0,0,0,0,0,3,
235038296,0,0,0,0,0,0,0,0,0,0,3,
235038336,0,0,0,0,0,0,0,0,0,0,3,
235038376,0,0,0,0,0,0,0,0,0,0,3,
235038416,0,0,0,0,0,0,0,0,0,0,3,
235038456,0,0,0,0,0,0,0,0,0,0,3,
235038497,0,0,0,0,0,0,0,0,0,0,3,
235038537,0,0,0,0,0,0,0,0,0,0,3,
235038577,0,0,0,0,0,0,0,0,0,0,3,
235038616,0,0,0,0,0,0,0,0,0,0,3,
235038656,0,0,0,0,0,0,0,0,0,0,3,
235038696,0,0,0,0,0,0,0,0,0,0,3,
235038736,0,0,0,0,0,0,0,0,0,0,3,
235038776,0,0,0,0,0,0,0,0,0,0,3,
235038817,0,0,0,0,0,0,0,0,0,0,3,
235038857,0,0,0,0,0,0,0,0,0,0,3,
235038897,0,0,0,0,0,0,0,0,0,0,3,
235038936,0,0,0,0,0,0,0,0,0,0,3,
235038976,0,0,0,0,0,0,0,0,0,0,3,
235039016,0,0,0,0,0,0,0,0,0,0,3,
235039056,0,0,0,0,0,0,0,0,0,0,3,
235039096,0,0,0,0,0,0,0,0,0,0,3,
235039137,0,0,0,0,0,0,0,0,0,0,3,
235039177,0,0,0,0,0,0,0,0,0,0,3,
235039217,0,0,0,0,0,0,0,0,0,0,3,
235039256,0,0,0,0,0,0,0,0,0,0,3,
235039296,0,0,0,0,0,0,0,0,0,0,3,
235039336,0,0,0,0,0,0,0,0,0,0,3,
235039376,0,0,0,0,0,0,0,0,0,0,3,
235039416,0,0,0,0,0,0,0,0,0,0,3,
235039457,0,0,0,0,0,0,0,0,0,0,3,
235039497,0,0,0,0,0,0,0,0,0,0,3,
235039537,0,0,0,0,0,0,0,0,0,0,3,
235039576,0,0,0,0,0,0,0,0,0,0,3,
235039616,0,0,0,0,0,0,0,0,0,0,3,
235039656,0,0,0,0,0,0,0,0,0,0,3,
235039696,0,0,0,0,0,0,0,0,0,0,3,
235039736,0,0,0,0,0,0,0,0,0,0,3,
235039777,0,0,0,0,0,0,0,0,0,0,3,
235039817,0,0,0,0,0,0,0,0,0,0,3,
235039857,0,0,0,0,0,0,0,0,0,0,3,
235039896,0,0,0,0,0,0,0,0,0,0,3,
235039936,0,0,0,0,0,0,0,0,0,0,3,
235039976,0,0,0,0,0,0,0,0,0,0,3,
235040016,0,0,0,0,0,0,0,0,0,0,3,
235040056,0,0,0,0,0,0,0,0,0,0,3,
235040097,0,0,0,0,0,0,0,0,0,0,3,
235040137,0,0,0,0,0,0,0,0,0,0,3,
235040177,0,0,0,0,0,0,0,0,0,0,3,
235040216,0,0,0,0,0,0,0,0,0,0,3,
235040256,0,0,0,0,0,0,0,0,0,0,3,
235040296,0,0,0,0,0,0,0,0,0,0,3,
235040336,0,0,0,0,0,0,0,0,0,0,3,
235040376,0,0,0,0,0,0,0,0,0,0,3,
235040417,0,0,0,0,0,0,0,0,0,0,3,
235040457,0,0,0,0,0,0,0,0,0,0,3,
235040496,0,0,0,0,0,0,0,0,0,0,3,
235040536,0,0,0,0,0,0,0,0,0,0,3,
235040576,0,0,0,0,0,0,0,0,0,0,3,
235040616,0,0,0,0,0,0,0,0,0,0,3,
235040656,0,0,0,0,0,0,0,0,0,0,3,
235040697,0,0,0,0,0,0,0,0,0,0,3,
235040737,0,0,0,0,0,0,0,0,0,0,3,
235040777,0,0,0,0,0,0,0,0,0,0,3,
235040816,0,0,0,0,0,0,0,0,0,0,3,
235040856,0,0,0,0,0,0,0,0,0,0,3,
235040896,0,0,0,0,0,0,0,0,0,0,3,
235040936,0,0,0,0,0,0,0,0,0,0,3,
235040976,0,0,0,0,0,0,0,0,0,0,3,
235041017,0,0,0,0,0,0,0,0,0,0,3,
235041057,0,0,0,0,0,0,0,0,0,0,3,
235041097,0,0,0,0,0,0,0,0,0,0,3,
235041136,0,0,0,0,0,0,0,0,0,0,3,
235041176,0,0,0,0,0,0,0,0,0,0,3,
235041216,0,0,0,0,0,0,0,0,0,0,3,
235041256,0,0,0,0,0,0,0,0,0,0,3,
235041296,0,0,0,0,0,0,0,0,0,0,3,
235041337,0,0,0,0,0,0,0,0,0,0,3,
235041377,0,0,0,0,0,0,0,0,0,0,3,
235041417,0,0,0,0,0,0,0,0,0,0,3,
235041456,0,0,0,0,0,0,0,0,0,0,3,
235041496,0,0,0,0,0,0,0,0,0,0,3,
235041536,0,0,0,0,0,0,0,0,0,0,3,
235041576,0,0,0,0,0,0,0,0,0,0,3,
235041616,0,0,0,0,0,0,0,0,0,0,3,
235041657,0,0,0,0,0,0,0,0,0,0,3,
235041697,0,0,0,0,0,0,0,0,0,0,3,
235041737,0,0,0,0,0,0,0,0,0,0,3,
235041776,0,0,0,0,0,0,0,0,0,0,3,
235041816,0,0,0,0,0,0,0,0,0,0,3,
235041856,0,0,0,0,0,0,0,0,0,0,3,
235041896,0,0,0,0,0,0,0,0,0,0,3,
235041936,0,0,0,0,0,0,0,0,0,0,3,
235041977,0,0,0,0,0,0,0,0,0,0,3,
235042017,0,0,0,0,0,0,0,0,0,0,3,
235042057,0,0,0,0,0,0,0,0,0,0,3,
235042096,0,0,0,0,0,0,0,0,0,0,3,
235042136,0,0,0,0,0,0,0,0,0,0,3,
235042176,0,0,0,0,0,0,0,0,0,0,3,
235042216,0,0,0,0,0,0,0,0,0,0,3,
235042256,0,0,0,0,0,0,0,0,0,0,3,
235042297,0,0,0,0,0,0,0,0,0,0,3,
235042337,0,0,0,0,0,0,0,0,0,0,3,
235042376,0,0,0,0,0,0,0,0,0,0,3,
235042416,0,0,0,0,0,0,0,0,0,0,3,
235042456,0,0,0,0,0,0,0,0,0,0,3,
235042496,0,0,0,0,0,0,0,0,0,0,3,
235042536,0,0,0,0,0,0,0,0,0,0,3,
235042577,0,0,0,0,0,0,0,0,0,0,3,
235042617,0,0,0,0,0,0,0,0,0,0,3,
235042657,0,0,0,0,0,0,0,0,0,0,3,
235042696,0,0,0,0,0,0,0,0,0,0,3,
235042736,0,0,0,0,0,0,0,0,0,0,3,
235042776,0,0,0,0,0,0,0,0,0,0,3,
235042816,0,0,0,0,0,0,0,0,0,0,3,
235042856,0,0,0,0,0,0,0,0,0,0,3,
235042897,0,0,0,0,0,0,0,0,0,0,3,
235042937,0,0,0,0,0,0,0,0,0,0,3,
235042977,0,0,0,0,0,0,0,0,0,0,3,
235043016,0,0,0,0,0,0,0,0,0,0,3,
235043056,0,0,0,0,0,0,0,0,0,0,3,
235043096,0,0,0,0,0,0,0,0,0,0,3,
235043136,0,0,0,0,0,0,0,0,0,0,3,
235043176,0,0,0,0,0,0,0,0,0,0,3,
235043217,0,0,0,0,0,0,0,0,0,0,3,
235043257,0,0,0,0,0,0,0,0,0,0,3,
235043297,0,0,0,0,0,0,0,0,0,0,3,
235043336,0,0,0,0,0,0,0,0,0,0,3,
235043376,0,0,0,0,0,0,0,0,0,0,3,
235043416,0,0,0,0,0,0,0,0,0,0,3,
235043456,0,0,0,0,0,0,0,0,0,0,3,
235043496,0,0,0,0,0,0,0,0,0,0,3,
235043537,0,0,0,0,0,0,0,0,0,0,3,
235043577,0,0,0,0,0,0,0,0,0,0,3,
235043617,0,0,0,0,0,0,0,0,0,0,3,
235043656,0,0,0,0,0,0,0,0,0,0,3,
235043696,0,0,0,0,0,0,0,0,0,0,3,
235043736,0,0,0,0,0,0,0,0,0,0,3,
235043776,0,0,0,0,0,0,0,0,0,0,3,
235043816,0,0,0,0,0,0,0,0,0,0,3,
235043857,0,0,0,0,0,0,0,0,0,0,3,
235043897,0,0,0,0,0,0,0,0,0,0,3,
235043937,0,0,0,0,0,0,0,0,0,0,3,
235043976,0,0,0,0,0,0,0,0,0,0,3,
235044016,0,0,0,0,0,0,0,0,0,0,3,
235044056,0,0,0,0,0,0,0,0,0,0,3,
235044096,0,0,0,0,0,0,0,0,0,0,3,
235044136,0,0,0,0,0,0,0,0,0,0,3,
235044177,0,0,0,0,0,0,0,0,0,0,3,
235044217,0,0,0,0,0,0,0,0,0,0,3,
235044256,0,0,0,0,0,0,0,0,0,0,3,
235044296,0,0,0,0,0,0,0,0,0,0,3,
235044336,0,0,0,0,0,0,0,0,0,0,3,
235044376,0,0,0,0,0,0,0,0,0,0,3,
235044416,0,0,0,0,0,0,0,0,0,0,3,
235044457,0,0,0,0,0,0,0,0,0,0,3,
235044497,0,0,0,0,0,0,0,0,0,0,3,
235044537,0,0,0,0,0,0,0,0,0,0,3,
235044576,0,0,0,0,0,0,0,0,0,0,3,
235044616,0,0,0,0,0,0,0,0,0,0,3,
235044656,0,0,0,0,0,0,0,0,0,0,3,
235044696,0,0,0,0,0,0,0,0,0,0,3,
235044736,0,0,0,0,0,0,0,0,0,0,3,
235044777,0,0,0,0,0,0,0,0,0,0,3,
235044817,0,0,0,0,0,0,0,0,0,0,3,
235044857,0,0,0,0,0,0,0,0,0,0,3,
235044896,0,0,0,0,0,0,0,0,0,0,3,
235044936,0,0,0,0,0,0,0,0,0,0,3,
235044976,0,0,0,0,0,0,0,0,0,0,3,
235045016,0,0,0,0,0,0,0,0,0,0,3,
235045056,0,0,0,0,0,0,0,0,0,0,3,
235045097,0,0,0,0,0,0,0,0,0,0,3,
235045137,0,0,0,0,0,0,0,0,0,0,3,
235045177,0,0,0,0,0,0,0,0,0,0,3,
235045216,0,0,0,0,0,0,0,0,0,0,3,
235045256,0,0,0,0,0,0,0,0,0,0,3,
235045296,0,0,0,0,0,0,0,0,0,0,3,
235045336,0,0,0,0,0,0,0,0,0,0,3,
235045376,0,0,0,0,0,0,0,0,0,0,3,
235045417,0,0,0,0,0,0,0,0,0,0,3,
235045457,0,0,0,0,0,0,0,0,0,0,3,
235045497,0,0,0,0,0,0,0,0,0,0,3,
235045536,0,0,0,0,0,0,0,0,0,0,3,
235045576,0,0,0,0,0,0,0,0,0,0,3,
235045616,0,0,0,0,0,0,0,0,0,0,3,
235045656,0,0,0,0,0,0,0,0,0,0,3,
235045696,0,0,0,0,0,0,0,0,0,0,3,
235045737,0,0,0,0,0,0,0,0,0,0,3,
235045777,0,0,0,0,0,0,0,0,0,0,3,
235045817,0,0,0,0,0,0,0,0,0,0,3,
235045856,0,0,0,0,0,0,0,0,0,0,3,
235045896,0,0,0,0,0,0,0,0,0,0,3,
235045936,0,0,0,0,0,0,0,0,0,0,3,
235045976,0,0,0,0,0,0,0,0,0,0,3,
235046016,0,0,0,0,0,0,0,0,0,0,3,
235046057,0,0,0,0,0,0,0,0,0,0,3,
235046097,0,0,0,0,0,0,0,0,0,0,3,
235046136,0,0,0,0,0,0,0,0,0,0,3,
235046176,0,0,0,0,0,0,0,0,0,0,3,
235046216,0,0,0,0,0,0,0,0,0,0,3,
235046256,0,0,0,0,0,0,0,0,0,0,3,
235046296,0,0,0,0,0,0,0,0,0,0,3,
235046337,0,0,0,0,0,0,0,0,0,0,3,
235046377,0,0,0,0,0,0,0,0,0,0,3,
235046417,0,0,0,0,0,0,0,0,0,0,3,
235046456,0,0,0,0,0,0,0,0,0,0,3,
235046496,0,0,0,0,0,0,0,0,0,0,3,
235046536,0,0,0,0,0,0,0,0,0,0,3,
235046576,0,0,0,0,0,0,0,0,0,0,3,
235046616,0,0,0,0,0,0,0,0,0,0,3,
235046657,0,0,0,0,0,0,0,0,0,0,3,
235046697,0,0,0,0,0,0,0,0,0,0,3,
235046737,0,0,0,0,0,0,0,0,0,0,3,
235046776,0,0,0,0,0,0,0,0,0,0,3,
235046816,0,0,0,0,0,0,0,0,0,0,3,
235046856,0,0,0,0,0,0,0,0,0,0,3,
235046896,0,0,0,0,0,0,0,0,0,0,3,
235046936,0,0,0,0,0,0,0,0,0,0,3,
235046977,0,0,0,0,0,0,0,0,0,0,3,
235047017,0,0,0,0,0,0,0,0,0,0,3,
235047057,0,0,0,0,0,0,0,0,0,0,3,
235047096,0,0,0,0,0,0,0,0,0,0,3,
235047136,0,0,0,0,0,0,0,0,0,0,3,
235047176,0,0,0,0,0,0,0,0,0,0,3,
235047216,0,0,0,0,0,0,0,0,0,0,3,
235047256,0,0,0,0,0,0,0,0,0,0,3,
235047297,0,0,0,0,0,0,0,0,0,0,3,
235047337,0,0,0,0,0,0,0,0,0,0,3,
235047377,0,0,0,0,0,0,0,0,0,0,3,
235047416,0,0,0,0,0,0,0,0,0,0,3,
235047456,0,0,0,0,0,0,0,0,0,0,3,
235047496,0,0,0,0,0,0,0,0,0,0,3,
235047536,0,0,0,0,0,0,0,0,0,0,3,
235047576,0,0,0,0,0,0,0,0,0,0,3,
235047617,0,0,0,0,0,0,0,0,0,0,3,
235047657,0,0,0,0,0,0,0,0,0,0,3,
235047697,0,0,0,0,0,0,0,0,0,0,3,
235047736,0,0,0,0,0,0,0,0,0,0,3,
235047776,0,0,0,0,0,0,0,0,0,0,3,
235047816,0,0,0,0,0,0,0,0,0,0,3,
235047856,0,0,0,0,0,0,0,0,0,0,3,
235047896,0,0,0,0,0,0,0,0,0,0,3,
235047937,0,0,0,0,0,0,0,0,0,0,3,
235047977,0,0,0,0,0,0,0,0,0,0,3,
235048016,0,0,0,0,0,0,0,0,0,0,3,
235048056,0,0,0,0,0,0,0,0,0,0,3,
235048096,0,0,0,0,0,0,0,0,0,0,3,
235048136,0,0,0,0,0,0,0,0,0,0,3,
235048176,0,0,0,0,0,0,0,0,0,0,3,
235048217,0,0,0,0,0,0,0,0,0,0,3,
235048257,0,0,0,0,0,0,0,0,0,0,3,
235048297,0,0,0,0,0,0,0,0,0,0,3,
235048336,0,0,0,0,0,0,0,0,0,0,3,
235048376,0,0,0,0,0,0,0,0,0,0,3,
235048416,0,0,0,0,0,0,0,0,0,0,3,
235048456,0,0,0,0,0,0,0,0,0,0,3,
235048496,0,0,0,0,0,0,0,0,0,0,3,
235048537,0,0,0,0,0,0,0,0,0,0,3,
235048577,0,0,0,0,0,0,0,0,0,0,3,
235048617,0,0,0,0,0,0,0,0,0,0,3,
235048656,0,0,0,0,0,0,0,0,0,0,3,
235048696,0,0,0,0,0,0,0,0,0,0,3,
235048736,0,0,0,0,0,0,0,0,0,0,3,
235048776,0,0,0,0,0,0,0,0,0,0,3,
235048816,0,0,0,0,0,0,0,0,0,0,3,
235048857,0,0,0,0,0,0,0,0,0,0,3,
235048897,0,0,0,0,0,0,0,0,0,0,3,
235048937,0,0,0,0,0,0,0,0,0,0,3,
235048976,0,0,0,0,0,0,0,0,0,0,3,
235049016,0,0,0,0,0,0,0,0,0,0,3,
235049056,0,0,0,0,0,0,0,0,0,0,3,
235049096,0,0,0,0,0,0,0,0,0,0,3,
235049136,0,0,0,0,0,0,0,0,0,0,3,
235049177,0,0,0,0,0,0,0,0,0,0,3,
235049217,0,0,0,0,0,0,0,0,0,0,3,
235049257,0,0,0,0,0,0,0,0,0,0,3,
235049296,0,0,0,0,0,0,0,0,0,0,3,
235049336,0,0,0,0,0,0,0,0,0,0,3,
235049376,0,0,0,0,0,0,0,0,0,0,3,
235049416,0,0,0,0,0,0,0,0,0,0,3,
235049456,0,0,0,0,0,0,0,0,0,0,3,
235049497,0,0,0,0,0,0,0,0,0,0,3,
235049537,0,0,0,0,0,0,0,0,0,0,3,
235049577,0,0,0,0,0,0,0,0,0,0,3,
235049616,0,0,0,0,0,0,0,0,0,0,3,
235049656,0,0,0,0,0,0,0,0,0,0,3,
235049696,0,0,0,0,0,0,0,0,0,0,3,
235049736,0,0,0,0,0,0,0,0,0,0,3,
235049776,0,0,0,0,0,0,0,0,0,0,3,
235049817,0,0,0,0,0,0,0,0,0,0,3,
235049857,0,0,0,0,0,0,0,0,0,0,3,
235049896,0,0,0,0,0,0,0,0,0,0,3,
235049936,0,0,0,0,0,0,0,0,0,0,3,
235049976,0,0,0,0,0,0,0,0,0,0,3,
235050016,0,0,0,0,0,0,0,0,0,0,3,
235050056,0,0,0,0,0,0,0,0,0,0,3,
235050097,0,0,0,0,0,0,0,0,0,0,3,
235050137,0,0,0,0,0,0,0,0,0,0,3,
235050177,0,0,0,0,0,0,0,0,0,0,3,
235050216,0,0,0,0,0,0,0,0,0,0,3,
235050256,0,0,0,0,0,0,0,0,0,0,3,
235050296,0,0,0,0,0,0,0,0,0,0,3,
235050336,0,0,0,0,0,0,0,0,0,0,3,
235050376,0,0,0,0,0,0,0,0,0,0,3,
235050417,0,0,0,0,0,0,0,0,0,0,3,
235050457,0,0,0,0,0,0,0,0,0,0,3,
235050497,0,0,0,0,0,0,0,0,0,0,3,
235050536,0,0,0,0,0,0,0,0,0,0,3,
235050576,0,0,0,0,0,0,0,0,0,0,3,
235050616,0,0,0,0,0,0,0,0,0,0,3,
235050656,0,0,0,0,0,0,0,0,0,0,3,
235050696,0,0,0,0,0,0,0,0,0,0,3,
235050737,0,0,0,0,0,0,0,0,0,0,3,
235050777,0,0,0,0,0,0,0,0,0,0,3,
235050817,0,0,0,0,0,0,0,0,0,0,3,
235050856,0,0,0,0,0,0,0,0,0,0,3,
235050896,0,0,0,0,0,0,0,0,0,0,3,
235050936,0,0,0,0,0,0,0,0,0,0,3,
235050976,0,0,0,0,0,0,0,0,0,0,3,
235051016,0,0,0,0,0,0,0,0,0,0,3,
235051057,0,0,0,0,0,0,0,0,0,0,3,
235051097,0,0,0,0,0,0,0,0,0,0,3,
235051137,0,0,0,0,0,0,0,0,0,0,3,
235051176,0,0,0,0,0,0,0,0,0,0,3,
235051216,0,0,0,0,0,0,0,0,0,0,3,
235051256,0,0,0,0,0,0,0,0,0,0,3,
235051296,0,0,0,0,0,0,0,0,0,0,3,
235051336,0,0,0,0,0,0,0,0,0,0,3,
235051377,0,0,0,0,0,0,0,0,0,0,3,
235051417,0,0,0,0,0,0,0,0,0,0,3,
235051457,0,0,0,0,0,0,0,0,0,0,3,
235051496,0,0,0,0,0,0,0,0,0,0,3,
235051536,0,0,0,0,0,0,0,0,0,0,3,
235051576,0,0,0,0,0,0,0,0,0,0,3,
235051616,0,0,0,0,0,0,0,0,0,0,3,
235051656,0,0,0,0,0,0,0,0,0,0,3,
235051697,0,0,0,0,0,0,0,0,0,0,3,
235051737,0,0,0,0,0,0,0,0,0,0,3,
235051777,0,0,0,0,0,0,0,0,0,0,3,
235051816,0,0,0,0,0,0,0,0,0,0,3,
235051856,0,0,0,0,0,0,0,0,0,0,3,
235051896,0,0,0,0,0,0,0,0,0,0,3,
235051936,0,0,0,0,0,0,0,0,0,0,3,
235051977,0,0,0,0,0,0,0,0,0,0,3,
235052017,0,0,0,0,0,0,0,0,0,0,3,
235052057,0,0,0,0,0,0,0,0,0,0,3,
235052096,0,0,0,0,0,0,0,0,0,0,3,
235052136,0,0,0,0,0,0,0,0,0,0,3,
235052176,0,0,0,0,0,0,0,0,0,0,3,
235052216,0,0,0,0,0,0,0,0,0,0,3,
235052256,0,0,0,0,0,0,0,0,0,0,3,
235052297,0,0,0,0,0,0,0,0,0,0,3,
235052337,0,0,0,0,0,0,0,0,0,0,3,
235052377,0,0,0,0,0,0,0,0,0,0,3,
235052416,0,0,0,0,0,0,0,0,0,0,3,
235052456,0,0,0,0,0,0,0,0,0,0,3,
235052496,0,0,0,0,0,0,0,0,0,0,3,
235052536,0,0,0,0,0,0,0,0,0,0,3,
235052576,0,0,0,0,0,0,0,0,0,0,3,
235052617,0,0,0,0,0,0,0,0,0,0,3,
235052657,0,0,0,0,0,0,0,0,0,0,3,
235052697,0,0,0,0,0,0,0,0,0,0,3,
235052736,0,0,0,0,0,0,0,0,0,0,3,
235052776,0,0,0,0,0,0,0,0,0,0,3,
235052816,0,0,0,0,0,0,0,0,0,0,3,
235052856,0,0,0,0,0,0,0,0,0,0,3,
235052896,0,0,0,0,0,0,0,0,0,0,3,
235052937,0,0,0,0,0,0,0,0,0,0,3,
235052977,0,0,0,0,0,0,0,0,0,0,3,
235053017,0,0,0,0,0,0,0,0,0,0,3,
235053056,0,0,0,0,0,0,0,0,0,0,3,
235053096,0,0,0,0,0,0,0,0,0,0,3,
235053136,0,0,0,0,0,0,0,0,0,0,3,
235053176,0,0,0,0,0,0,0,0,0,0,3,
235053216,0,0,0,0,0,0,0,0,0,0,3,
235053257,0,0,0,0,0,0,0,0,0,0,3,
235053297,0,0,0,0,0,0,0,0,0,0,3,
235053337,0,0,0,0,0,0,0,0,0,0,3,
235053376,0,0,0,0,0,0,0,0,0,0,3,
235053416,0,0,0,0,0,0,0,0,0,0,3,
235053456,0,0,0,0,0,0,0,0,0,0,3,
235053496,0,0,0,0,0,0,0,0,0,0,3,
235053536,0,0,0,0,0,0,0,0,0,0,3,
235053577,0,0,0,0,0,0,0,0,0,0,3,
235053617,0,0,0,0,0,0,0,0,0,0,3,
235053657,0,0,0,0,0,0,0,0,0,0,3,
235053696,0,0,0,0,0,0,0,0,0,0,3,
235053736,0,0,0,0,0,0,0,0,0,0,3,
235053776,0,0,0,0,0,0,0,0,0,0,3,
235053816,0,0,0,0,0,0,0,0,0,0,3,
235053856,0,0,0,0,0,0,0,0,0,0,3,
235053897,0,0,0,0,0,0,0,0,0,0,3,
235053937,0,0,0,0,0,0,0,0,0,0,3,
235053976,0,0,0,0,0,0,0,0,0,0,3,
235054016,0,0,0,0,0,0,0,0,0,0,3,
235054056,0,0,0,0,0,0,0,0,0,0,3,
235054096,0,0,0,0,0,0,0,0,0,0,3,
235054136,0,0,0,0,0,0,0,0,0,0,3,
235054177,0,0,0,0,0,0,0,0,0,0,3,
235054217,0,0,0,0,0,0,0,0,0,0,3,
235054257,0,0,0,0,0,0,0,0,0,0,3,
235054296,0,0,0,0,0,0,0,0,0,0,3,
235054336,0,0,0,0,0,0,0,0,0,0,3,
235054376,0,0,0,0,0,0,0,0,0,0,3,
235054416,0,0,0,0,0,0,0,0,0,0,3,
235054456,0,0,0,0,0,0,0,0,0,0,3,
235054497,0,0,0,0,0,0,0,0,0,0,3,
235054537,0,0,0,0,0,0,0,0,0,0,3,
235054577,0,0,0,0,0,0,0,0,0,0,3,
235054616,0,0,0,0,0,0,0,0,0,0,3,
235054656,0,0,0,0,0,0,0,0,0,0,3,
235054696,0,0,0,0,0,0,0,0,0,0,3,
235054736,0,0,0,0,0,0,0,0,0,0,3,
235054776,0,0,0,0,0,0,0,0,0,0,3,
235054817,0,0,0,0,0,0,0,0,0,0,3,
235054857,0,0,0,0,0,0,0,0,0,0,3,
235054897,0,0,0,0,0,0,0,0,0,0,3,
235054936,0,0,0,0,0,0,0,0,0,0,3,
235054976,0,0,0,0,0,0,0,0,0,0,3,
235055016,0,0,0,0,0,0,0,0,0,0,3,
235055056,0,0,0,0,0,0,0,0,0,0,3,
235055096,0,0,0,0,0,0,0,0,0,0,3,
235055137,0,0,0,0,0,0,0,0,0,0,3,
235055177,0,0,0,0,0,0,0,0,0,0,3,
235055217,0,0,0,0,0,0,0,0,0,0,3,
235055256,0,0,0,0,0,0,0,0,0,0,3,
235055296,0,0,0,0,0,0,0,0,0,0,3,
235055336,0,0,0,0,0,0,0,0,0,0,3,
235055376,0,0,0,0,0,0,0,0,0,0,3,
235055416,0,0,0,0,0,0,0,0,0,0,3,
235055457,0,0,0,0,0,0,0,0,0,0,3,
235055497,0,0,0,0,0,0,0,0,0,0,3,
235055537,0,0,0,0,0,0,0,0,0,0,3,
235055576,0,0,0,0,0,0,0,0,0,0,3,
235055616,0,0,0,0,0,0,0,0,0,0,3,
235055656,0,0,0,0,0,0,0,0,0,0,3,
235055696,0,0,0,0,0,0,0,0,0,0,3,
235055736,0,0,0,0,0,0,0,0,0,0,3,
235055777,0,0,0,0,0,0,0,0,0,0,3,
235055817,0,0,0,0,0,0,0,0,0,0,3,
235055856,0,0,0,0,0,0,0,0,0,0,3,
235055896,0,0,0,0,0,0,0,0,0,0,3,
235055936,0,0,0,0,0,0,0,0,0,0,3,
235055976,0,0,0,0,0,0,0,0,0,0,3,
235056016,0,0,0,0,0,0,0,0,0,0,3,
235056057,0,0,0,0,0,0,0,0,0,0,3,
235056097,0,0,0,0,0,0,0,0,0,0,3,
235056137,0,0,0,0,0,0,0,0,0,0,3,
235056176,0,0,0,0,0,0,0,0,0,0,3,
235056216,0,0,0,0,0,0,0,0,0,0,3,
235056256,0,0,0,0,0,0,0,0,0,0,3,
235056296,0,0,0,0,0,0,0,0,0,0,3,
235056336,0,0,0,0,0,0,0,0,0,0,3,
235056377,0,0,0,0,0,0,0,0,0,0,3,
235056417,0,0,0,0,0,0,0,0,0,0,3,
235056457,0,0,0,0,0,0,0,0,0,0,3,
235056496,0,0,0,0,0,0,0,0,0,0,3,
235056536,0,0,0,0,0,0,0,0,0,0,3,
235056576,0,0,0,0,0,0,0,0,0,0,3,
235056616,0,0,0,0,0,0,0,0,0,0,3,
235056656,0,0,0,0,0,0,0,0,0,0,3,
235056697,0,0,0,0,0,0,0,0,0,0,3,
235056737,0,0,0,0,0,0,0,0,0,0,3,
235056777,0,0,0,0,0,0,0,0,0,0,3,
235056816,0,0,0,0,0,0,0,0,0,0,3,
235056856,0,0,0,0,0,0,0,0,0,0,3,
235056896,0,0,0,0,0,0,0,0,0,0,3,
235056936,0,0,0,0,0,0,0,0,0,0,3,
235056976,0,0,0,0,0,0,0,0,0,0,3,
235057017,0,0,0,0,0,0,0,0,0,0,3,
235057057,0,0,0,0,0,0,0,0,0,0,3,
235057097,0,0,0,0,0,0,0,0,0,0,3,
235057136,0,0,0,0,0,0,0,0,0,0,3,
235057176,0,0,0,0,0,0,0,0,0,0,3,
235057216,0,0,0,0,0,0,0,0,0,0,3,
235057256,0,0,0,0,0,0,0,0,0,0,3,
235057296,0,0,0,0,0,0,0,0,0,0,3,
235057337,0,0,0,0,0,0,0,0,0,0,3,
235057377,0,0,0,0,0,0,0,0,0,0,3,
235057417,0,0,0,0,0,0,0,0,0,0,3,
235057456,0,0,0,0,0,0,0,0,0,0,3,
235057496,0,0,0,0,0,0,0,0,0,0,3,
235057536,0,0,0,0,0,0,0,0,0,0,3,
235057576,0,0,0,0,0,0,0,0,0,0,3,
235057616,0,0,0,0,0,0,0,0,0,0,3,
235057657,0,0,0,0,0,0,0,0,0,0,3,
235057697,0,0,0,0,0,0,0,0,0,0,3,
235057736,0,0,0,0,0,0,0,0,0,0,3,
235057776,0,0,0,0,0,0,0,0,0,0,3,
235057816,0,0,0,0,0,0,0,0,0,0,3,
235057856,0,0,0,0,0,0,0,0,0,0,3,
235057896,0,0,0,0,0,0,0,0,0,0,3,
235057937,0,0,0,0,0,0,0,0,0,0,3,
235057977,0,0,0,0,0,0,0,0,0,0,3,
235058017,0,0,0,0,0,0,0,0,0,0,3,
235058056,0,0,0,0,0,0,0,0,0,0,3,
235058096,0,0,0,0,0,0,0,0,0,0,3,
235058136,0,0,0,0,0,0,0,0,0,0,3,
235058176,0,0,0,0,0,0,0,0,0,0,3,
235058216,0,0,0,0,0,0,0,0,0,0,3,
235058257,0,0,0,0,0,0,0,0,0,0,3,
235058297,0,0,0,0,0,0,0,0,0,0,3,
235058337,0,0,0,0,0,0,0,0,0,0,3,
235058376,0,0,0,0,0,0,0,0,0,0,3,
235058416,0,0,0,0,0,0,0,0,0,0,3,
235058456,0,0,0,0,0,0,0,0,0,0,3,
235058496,0,0,0,0,0,0,0,0,0,0,3,
235058536,0,0,0,0,0,0,0,0,0,0,3,
235058577,0,0,0,0,0,0,0,0,0,0,3,
235058617,0,0,0,0,0,0,0,0,0,0,3,
235058657,0,0,0,0,0,0,0,0,0,0,3,
235058696,0,0,0,0,0,0,0,0,0,0,3,
235058736,0,0,0,0,0,0,0,0,0,0,3,
235058776,0,0,0,0,0,0,0,0,0,0,3,
235058816,0,0,0,0,0,0,0,0,0,0,3,
235058856,0,0,0,0,0,0,0,0,0,0,3,
235058897,0,0,0,0,0,0,0,0,0,0,3,
235058937,0,0,0,0,0,0,0,0,0,0,3,
235058977,0,0,0,0,0,0,0,0,0,0,3,
235059016,0,0,0,0,0,0,0,0,0,0,3,
235059056,0,0,0,0,0,0,0,0,0,0,3,
235059096,0,0,0,0,0,0,0,0,0,0,3,
235059136,0,0,0,0,0,0,0,0,0,0,3,
235059176,0,0,0,0,0,0,0,0,0,0,3,
235059217,0,0,0,0,0,0,0,0,0,0,3,
235059257,0,0,0,0,0,0,0,0,0,0,3,
235059297,0,0,0,0,0,0,0,0,0,0,3,
235059336,0,0,0,0,0,0,0,0,0,0,3,
235059376,0,0,0,0,0,0,0,0,0,0,3,
235059416,0,0,0,0,0,0,0,0,0,0,3,
235059456,0,0,0,0,0,0,0,0,0,0,3,
235059496,0,0,0,0,0,0,0,0,0,0,3,
235059537,0,0,0,0,0,0,0,0,0,0,3,
235059577,0,0,0,0,0,0,0,0,0,0,3,
235059616,0,0,0,0,0,0,0,0,0,0,3,
235059656,0,0,0,0,0,0,0,0,0,0,3,
235059696,0,0,0,0,0,0,0,0,0,0,3,
235059736,0,0,0,0,0,0,0,0,0,0,3,
235059776,0,0,0,0,0,0,0,0,0,0,3,
235059817,0,0,0,0,0,0,0,0,0,0,3,
235059857,0,0,0,0,0,0,0,0,0,0,3,
235059897,0,0,0,0,0,0,0,0,0,0,3,
235059936,0,0,0,0,0,0,0,0,0,0,3,
235059976,0,0,0,0,0,0,0,0,0,0,3,
235060016,0,0,0,0,0,0,0,0,0,0,3,
235060056,0,0,0,0,0,0,0,0,0,0,3,
235060096,0,0,0,0,0,0,0,0,0,0,3,
235060137,0,0,0,0,0,0,0,0,0,0,3,
235060177,0,0,0,0,0,0,0,0,0,0,3,
235060217,0,0,0,0,0,0,0,0,0,0,3,
235060256,0,0,0,0,0,0,0,0,0,0,3,
235060296,0,0,0,0,0,0,0,0,0,0,3,
235060336,0,0,0,0,0,0,0,0,0,0,3,
235060376,0,0,0,0,0,0,0,0,0,0,3,
235060416,0,0,0,0,0,0,0,0,0,0,3,
235060457,0,0,0,0,0,0,0,0,0,0,3,
235060497,0,0,0,0,0,0,0,0,0,0,3,
235060537,0,0,0,0,0,0,0,0,0,0,3,
235060576,0,0,0,0,0,0,0,0,0,0,3,
235060616,0,0,0,0,0,0,0,0,0,0,3,
235060656,0,0,0,0,0,0,0,0,0,0,3,
235060696,0,0,0,0,0,0,0,0,0,0,3,
235060736,0,0,0,0,0,0,0,0,0,0,3,
235060777,0,0,0,0,0,0,0,0,0,0,3,
235060817,0,0,0,0,0,0,0,0,0,0,3,
235060857,0,0,0,0,0,0,0,0,0,0,3,
235060896,0,0,0,0,0,0,0,0,0,0,3,
235060936,0,0,0,0,0,0,0,0,0,0,3,
235060976,0,0,0,0,0,0,0,0,0,0,3,
235061016,0,0,0,0,0,0,0,0,0,0,3,
235061056,0,0,0,0,0,0,0,0,0,0,3,
235061097,0,0,0,0,0,0,0,0,0,0,3,
235061137,0,0,0,0,0,0,0,0,0,0,3,
235061177,0,0,0,0,0,0,0,0,0,0,3,
235061216,0,0,0,0,0,0,0,0,0,0,3,
235061256,0,0,0,0,0,0,0,0,0,0,3,
235061296,0,0,0,0,0,0,0,0,0,0,3,
235061336,0,0,0,0,0,0,0,0,0,0,3,
235061376,0,0,0,0,0,0,0,0,0,0,3,
235061417,0,0,0,0,0,0,0,0,0,0,3,
235061457,0,0,0,0,0,0,0,0,0,0,3,
235061496,0,0,0,0,0,0,0,0,0,0,3,
235061536,0,0,0,0,0,0,0,0,0,0,3,
235061576,0,0,0,0,0,0,0,0,0,0,3,
235061616,0,0,0,0,0,0,0,0,0,0,3,
235061656,0,0,0,0,0,0,0,0,0,0,3,
235061697,0,0,0,0,0,0,0,0,0,0,3,
235061737,0,0,0,0,0,0,0,0,0,0,3,
235061777,0,0,0,0,0,0,0,0,0,0,3,
235061816,0,0,0,0,0,0,0,0,0,0,3,
235061856,0,0,0,0,0,0,0,0,0,0,3,
235061896,0,0,0,0,0,0,0,0,0,0,3,
235061936,0,0,0,0,0,0,0,0,0,0,3,
235061976,0,0,0,0,0,0,0,0,0,0,3,
235062017,0,0,0,0,0,0,0,0,0,0,3,
235062057,0,0,0,0,0,0,0,0,0,0,3,
235062097,0,0,0,0,0,0,0,0,0,0,3,
235062136,0,0,0,0,0,0,0,0,0,0,3,
235062176,0,0,0,0,0,0,0,0,0,0,3,
235062216,0,0,0,0,0,0,0,0,0,0,3,
235062256,0,0,0,0,0,0,0,0,0,0,3,
235062296,0,0,0,0,0,0,0,0,0,0,3,
235062337,0,0,0,0,0,0,0,0,0,0,3,
235062377,0,0,0,0,0,0,0,0,0,0,3,
235062417,0,0,0,0,0,0,0,0,0,0,3,
235062456,0,0,0,0,0,0,0,0,0,0,3,
235062496,0,0,0,0,0,0,0,0,0,0,3,
235062536,0,0,0,0,0,0,0,0,0,0,3,
235062576,0,0,0,0,0,0,0,0,0,0,3,
235062616,0,0,0,0,0,0,0,0,0,0,3,
235062657,0,0,0,0,0,0,0,0,0,0,3,
235062697,0,0,0,0,0,0,0,0,0,0,3,
235062737,0,0,0,0,0,0,0,0,0,0,3,
235062776,0,0,0,0,0,0,0,0,0,0,3,
235062816,0,0,0,0,0,0,0,0,0,0,3,
235062856,0,0,0,0,0,0,0,0,0,0,3,
235062896,0,0,0,0,0,0,0,0,0,0,3,
235062936,0,0,0,0,0,0,0,0,0,0,3,
235062977,0,0,0,0,0,0,0,0,0,0,3,
235063017,0,0,0,0,0,0,0,0,0,0,3,
235063057,0,0,0,0,0,0,0,0,0,0,3,
235063096,0,0,0,0,0,0,0,0,0,0,3,
235063136,0,0,0,0,0,0,0,0,0,0,3,
235063176,0,0,0,0,0,0,0,0,0,0,3,
235063216,0,0,0,0,0,0,0,0,0,0,3,
235063256,0,0,0,0,0,0,0,0,0,0,3,
235063297,0,0,0,0,0,0,0,0,0,0,3,
235063337,0,0,0,0,0,0,0,0,0,0,3,
235063376,0,0,0,0,0,0,0,0,0,0,3,
235063416,0,0,0,0,0,0,0,0,0,0,3,
235063456,0,0,0,0,0,0,0,0,0,0,3,
235063496,0,0,0,0,0,0,0,0,0,0,3,
235063536,0,0,0,0,0,0,0,0,0,0,3,
235063577,0,0,0,0,0,0,0,0,0,0,3,
235063617,0,0,0,0,0,0,0,0,0,0,3,
235063657,0,0,0,0,0,0,0,0,0,0,3,
235063696,0,0,0,0,0,0,0,0,0,0,3,
235063736,0,0,0,0,0,0,0,0,0,0,3,
235063776,0,0,0,0,0,0,0,0,0,0,3,
235063816,0,0,0,0,0,0,0,0,0,0,3,
235063856,0,0,0,0,0,0,0,0,0,0,3,
235063897,0,0,0,0,0,0,0,0,0,0,3,
235063937,0,0,0,0,0,0,0,0,0,0,3,
235063977,0,0,0,0,0,0,0,0,0,0,3,
235064016,0,0,0,0,0,0,0,0,0,0,3,
235064056,0,0,0,0,0,0,0,0,0,0,3,
235064096,0,0,0,0,0,0,0,0,0,0,3,
235064136,0,0,0,0,0,0,0,0,0,0,3,
235064176,0,0,0,0,0,0,0,0,0,0,3,
235064217,0,0,0,0,0,0,0,0,0,0,3,
235064257,0,0,0,0,0,0,0,0,0,0,3,
235064297,0,0,0,0,0,0,0,0,0,0,3,
235064336,0,0,0,0,0,0,0,0,0,0,3,
235064376,0,0,0,0,0,0,0,0,0,0,3,
235064416,0,0,0,0,0,0,0,0,0,0,3,
235064456,0,0,0,0,0,0,0,0,0,0,3,
235064496,0,0,0,0,0,0,0,0,0,0,3,
235064537,0,0,0,0,0,0,0,0,0,0,3,
235064577,0,0,0,0,0,0,0,0,0,0,3,
235064617,0,0,0,0,0,0,0,0,0,0,3,
235064656,0,0,0,0,0,0,0,0,0,0,3,
235064696,0,0,0,0,0,0,0,0,0,0,3,
235064736,0,0,0,0,0,0,0,0,0,0,3,
235064776,0,0,0,0,0,0,0,0,0,0,3,
235064816,0,0,0,0,0,0,0,0,0,0,3,
235064857,0,0,0,0,0,0,0,0,0,0,3,
235064897,0,0,0,0,0,0,0,0,0,0,3,
235064937,0,0,0,0,0,0,0,0,0,0,3,
235064976,0,0,0,0,0,0,0,0,0,0,3,
235065016,0,0,0,0,0,0,0,0,0,0,3,
235065056,0,0,0,0,0,0,0,0,0,0,3,
235065096,0,0,0,0,0,0,0,0,0,0,3,
235065136,0,0,0,0,0,0,0,0,0,0,3,
235065177,0,0,0,0,0,0,0,0,0,0,3,
235065217,0,0,0,0,0,0,0,0,0,0,3,
235065257,0,0,0,0,0,0,0,0,0,0,3,
235065296,0,0,0,0,0,0,0,0,0,0,3,
235065336,0,0,0,0,0,0,0,0,0,0,3,
235065376,0,0,0,0,0,0,0,0,0,0,3,
235065416,0,0,0,0,0,0,0,0,0,0,3,
235065456,0,0,0,0,0,0,0,0,0,0,3,
235065497,0,0,0,0,0,0,0,0,0,0,3,
235065537,0,0,0,0,0,0,0,0,0,0,3,
235065576,0,0,0,0,0,0,0,0,0,0,3,
235065616,0,0,0,0,0,0,0,0,0,0,3,
235065656,0,0,0,0,0,0,0,0,0,0,3,
235065696,0,0,0,0,0,0,0,0,0,0,3,
235065736,0,0,0,0,0,0,0,0,0,0,3,
235065777,0,0,0,0,0,0,0,0,0,0,3,
235065817,0,0,0,0,0,0,0,0,0,0,3,
235065857,0,0,0,0,0,0,0,0,0,0,3,
235065896,0,0,0,0,0,0,0,0,0,0,3,
235065936,0,0,0,0,0,0,0,0,0,0,3,
235065976,0,0,0,0,0,0,0,0,0,0,3,
235066016,0,0,0,0,0,0,0,0,0,0,3,
235066056,0,0,0,0,0,0,0,0,0,0,3,
235066097,0,0,0,0,0,0,0,0,0,0,3,
235066137,0,0,0,0,0,0,0,0,0,0,3,
235066177,0,0,0,0,0,0,0,0,0,0,3,
235066216,0,0,0,0,0,0,0,0,0,0,3,
235066256,0,0,0,0,0,0,0,0,0,0,3,
235066296,0,0,0,0,0,0,0,0,0,0,3,
235066336,0,0,0,0,0,0,0,0,0,0,3,
235066376,0,0,0,0,0,0,0,0,0,0,3,
235066417,0,0,0,0,0,0,0,0,0,0,3,
235066457,0,0,0,0,0,0,0,0,0,0,3,
235066497,0,0,0,0,0,0,0,0,0,0,3,
235066536,0,0,0,0,0,0,0,0,0,0,3,
235066576,0,0,0,0,0,0,0,0,0,0,3,
235066616,0,0,0,0,0,0,0,0,0,0,3,
235066656,0,0,0,0,0,0,0,0,0,0,3,
235066696,0,0,0,0,0,0,0,0,0,0,3,
235066737,0,0,0,0,0,0,0,0,0,0,3,
235066777,0,0,0,0,0,0,0,0,0,0,3,
235066817,0,0,0,0,0,0,0,0,0,0,3,
235066856,0,0,0,0,0,0,0,0,0,0,3,
235066896,0,0,0,0,0,0,0,0,0,0,3,
235066936,0,0,0,0,0,0,0,0,0,0,3,
235066976,0,0,0,0,0,0,0,0,0,0,3,
235067016,0,0,0,0,0,0,0,0,0,0,3,
235067057,0,0,0,0,0,0,0,0,0,0,3,
235067097,0,0,0,0,0,0,0,0,0,0,3,
235067137,0,0,0,0,0,0,0,0,0,0,3,
235067176,0,0,0,0,0,0,0,0,0,0,3,
235067216,0,0,0,0,0,0,0,0,0,0,3,
235067256,0,0,0,0,0,0,0,0,0,0,3,
235067296,0,0,0,0,0,0,0,0,0,0,3,
235067336,0,0,0,0,0,0,0,0,0,0,3,
235067377,0,0,0,0,0,0,0,0,0,0,3,
235067417,0,0,0,0,0,0,0,0,0,0,3,
235067456,0,0,0,0,0,0,0,0,0,0,3,
235067496,0,0,0,0,0,0,0,0,0,0,3,
235067536,0,0,0,0,0,0,0,0,0,0,3,
235067576,0,0,0,0,0,0,0,0,0,0,3,
235067616,0,0,0,0,0,0,0,0,0,0,3,
235067657,0,0,0,0,0,0,0,0,0,0,3,
235067697,0,0,0,0,0,0,0,0,0,0,3,
235067737,0,0,0,0,0,0,0,0,0,0,3,
235067776,0,0,0,0,0,0,0,0,0,0,3,
235067816,0,0,0,0,0,0,0,0,0,0,3,
235067856,0,0,0,0,0,0,0,0,0,0,3,
235067896,0,0,0,0,0,0,0,0,0,0,3,
235067936,0,0,0,0,0,0,0,0,0,0,3,
235067977,0,0,0,0,0,0,0,0,0,0,3,
235068017,0,0,0,0,0,0,0,0,0,0,3,
235068057,0,0,0,0,0,0,0,0,0,0,3,
235068096,0,0,0,0,0,0,0,0,0,0,3,
235068136,0,0,0,0,0,0,0,0,0,0,3,
235068176,0,0,0,0,0,0,0,0,0,0,3,
235068216,0,0,0,0,0,0,0,0,0,0,3,
235068256,0,0,0,0,0,0,0,0,0,0,3,
235068297,0,0,0,0,0,0,0,0,0,0,3,
235068337,0,0,0,0,0,0,0,0,0,0,3,
235068377,0,0,0,0,0,0,0,0,0,0,3,
235068416,0,0,0,0,0,0,0,0,0,0,3,
235068456,0,0,0,0,0,0,0,0,0,0,3,
235068496,0,0,0,0,0,0,0,0,0,0,3,
235068536,0,0,0,0,0,0,0,0,0,0,3,
235068576,0,0,0,0,0,0,0,0,0,0,3,
235068617,0,0,0,0,0,0,0,0,0,0,3,
235068657,0,0,0,0,0,0,0,0,0,0,3,
235068697,0,0,0,0,0,0,0,0,0,0,3,
235068736,0,0,0,0,0,0,0,0,0,0,3,
235068776,0,0,0,0,0,0,0,0,0,0,3,
235068816,0,0,0,0,0,0,0,0,0,0,3,
235068856,0,0,0,0,0,0,0,0,0,0,3,
235068896,0,0,0,0,0,0,0,0,0,0,3,
235068937,0,0,0,0,0,0,0,0,0,0,3,
235068977,0,0,0,0,0,0,0,0,0,0,3,
235069017,0,0,0,0,0,0,0,0,0,0,3,
235069056,0,0,0,0,0,0,0,0,0,0,3,
235069096,0,0,0,0,0,0,0,0,0,0,3,
235069136,0,0,0,0,0,0,0,0,0,0,3,
235069176,0,0,0,0,0,0,0,0,0,0,3,
235069216,0,0,0,0,0,0,0,0,0,0,3,
235069257,0,0,0,0,0,0,0,0,0,0,3,
235069297,0,0,0,0,0,0,0,0,0,0,3,
235069336,0,0,0,0,0,0,0,0,0,0,3,
235069376,0,0,0,0,0,0,0,0,0,0,3,
235069416,0,0,0,0,0,0,0,0,0,0,3,
235069456,0,0,0,0,0,0,0,0,0,0,3,
235069496,0,0,0,0,0,0,0,0,0,0,3,
235069537,0,0,0,0,0,0,0,0,0,0,3,
235069577,0,0,0,0,0,0,0,0,0,0,3,
235069617,0,0,0,0,0,0,0,0,0,0,3,
235069656,0,0,0,0,0,0,0,0,0,0,3,
235069696,0,0,0,0,0,0,0,0,0,0,3,
235069736,0,0,0,0,0,0,0,0,0,0,3,
235069776,0,0,0,0,0,0,0,0,0,0,3,
235069816,0,0,0,0,0,0,0,0,0,0,3,
235069857,0,0,0,0,0,0,0,0,0,0,3,
235069897,0,0,0,0,0,0,0,0,0,0,3,
235069937,0,0,0,0,0,0,0,0,0,0,3,
235069976,0,0,0,0,0,0,0,0,0,0,3,
235070016,0,0,0,0,0,0,0,0,0,0,3,
235070056,0,0,0,0,0,0,0,0,0,0,3,
235070096,0,0,0,0,0,0,0,0,0,0,3,
235070136,0,0,0,0,0,0,0,0,0,0,3,
235070177,0,0,0,0,0,0,0,0,0,0,3,
235070217,0,0,0,0,0,0,0,0,0,0,3,
235070257,0,0,0,0,0,0,0,0,0,0,3,
235070296,0,0,0,0,0,0,0,0,0,0,3,
235070336,0,0,0,0,0,0,0,0,0,0,3,
235070376,0,0,0,0,0,0,0,0,0,0,3,
235070416,0,0,0,0,0,0,0,0,0,0,3,
235070456,0,0,0,0,0,0,0,0,0,0,3,
235070497,0,0,0,0,0,0,0,0,0,0,3,
235070537,0,0,0,0,0,0,0,0,0,0,3,
235070577,0,0,0,0,0,0,0,0,0,0,3,
235070616,0,0,0,0,0,0,0,0,0,0,3,
235070656,0,0,0,0,0,0,0,0,0,0,3,
235070696,0,0,0,0,0,0,0,0,0,0,3,
235070736,0,0,0,0,0,0,0,0,0,0,3,
235070776,0,0,0,0,0,0,0,0,0,0,3,
235070817,0,0,0,0,0,0,0,0,0,0,3,
235070857,0,0,0,0,0,0,0,0,0,0,3,
235070897,0,0,0,0,0,0,0,0,0,0,3,
235070936,0,0,0,0,0,0,0,0,0,0,3,
235070976,0,0,0,0,0,0,0,0,0,0,3,
235071016,0,0,0,0,0,0,0,0,0,0,3,
235071056,0,0,0,0,0,0,0,0,0,0,3,
235071096,0,0,0,0,0,0,0,0,0,0,3,
235071137,0,0,0,0,0,0,0,0,0,0,3,
235071177,0,0,0,0,0,0,0,0,0,0,3,
235071216,0,0,0,0,0,0,0,0,0,0,3,
235071256,0,0,0,0,0,0,0,0,0,0,3,
235071296,0,0,0,0,0,0,0,0,0,0,3,
235071336,0,0,0,0,0,0,0,0,0,0,3,
235071376,0,0,0,0,0,0,0,0,0,0,3,
235071417,0,0,0,0,0,0,0,0,0,0,3,
235071457,0,0,0,0,0,0,0,0,0,0,3,
235071497,0,0,0,0,0,0,0,0,0,0,3,
235071536,0,0,0,0,0,0,0,0,0,0,3,
235071576,0,0,0,0,0,0,0,0,0,0,3,
235071616,0,0,0,0,0,0,0,0,0,0,3,
235071656,0,0,0,0,0,0,0,0,0,0,3,
235071696,0,0,0,0,0,0,0,0,0,0,3,
235071737,0,0,0,0,0,0,0,0,0,0,3,
235071777,0,0,0,0,0,0,0,0,0,0,3,
235071817,0,0,0,0,0,0,0,0,0,0,3,
235071856,0,0,0,0,0,0,0,0,0,0,3,
235071896,0,0,0,0,0,0,0,0,0,0,3,
235071936,0,0,0,0,0,0,0,0,0,0,3,
235071976,0,0,0,0,0,0,0,0,0,0,3,
235072016,0,0,0,0,0,0,0,0,0,0,3,
235072057,0,0,0,0,0,0,0,0,0,0,3,
235072097,0,0,0,0,0,0,0,0,0,0,3,
235072137,0,0,0,0,0,0,0,0,0,0,3,
235072176,0,0,0,0,0,0,0,0,0,0,3,
235072216,0,0,0,0,0,0,0,0,0,0,3,
235072256,0,0,0,0,0,0,0,0,0,0,3,
235072296,0,0,0,0,0,0,0,0,0,0,3,
235072336,0,0,0,0,0,0,0,0,0,0,3,
235072377,0,0,0,0,0,0,0,0,0,0,3,
235072417,0,0,0,0,0,0,0,0,0,0,3,
