milisec,RacketX,RacketY,RacketZ,forceX,forceX,forceX,ForceRatio,FriendPoint,EnemyPoint,haptics,scene
277261752,0,0,0,7081.3,3793.68,-7873.72,7.4,0,0,0,0,
277261775,-1.48825,-0.88,1.48837,1171.17,632.28,-1303.33,1.2,0,0,0,0,
277261794,-1.48825,-0.88,1.48837,975.975,526.9,-1086.11,1,0,0,0,0,
277261834,-1.48825,-0.88,1.48837,1951.95,1053.8,-2172.23,2,0,0,0,0,
277261874,-1.48825,-0.88,1.48837,1951.95,1053.8,-2172.23,2,0,0,0,0,
277261915,-1.48825,-0.88,1.48837,1951.95,1053.8,-2172.23,2,0,0,0,0,
277261954,-1.48825,-0.88,1.48837,1951.95,1053.8,-2172.23,2,0,0,0,0,
277262012,-1.48825,-0.88,1.48837,2732.73,1475.32,-3041.11,2.8,0,0,0,0,
277262034,-1.48825,-0.88,1.48837,1171.17,632.28,-1303.33,1.2,0,0,0,0,
277262083,-1.48825,-0.88,1.48837,2342.34,1264.56,-2606.67,2.4,0,0,0,0,
277262114,-1.48825,-0.88,1.48837,1561.56,843.04,-1737.78,1.6,0,0,0,0,
277262154,-1.48825,-0.88,1.48837,1951.95,1053.8,-2172.23,2,0,0,0,0,
277262194,-1.48825,-0.88,1.48837,1951.95,1053.8,-2172.23,2,0,0,0,0,
277262235,-1.48825,-0.88,1.48837,1951.95,1053.8,-2172.23,2,0,0,0,0,
277262274,-1.48825,-0.88,1.48837,1951.95,1053.8,-2172.23,2,0,0,0,0,
277262314,-1.48825,-0.88,1.48837,1951.95,1053.8,-2172.23,2,0,0,0,0,
277262354,-1.48825,-0.88,1.48837,1951.95,1053.8,-2172.23,2,0,0,0,0,
277262394,-1.48825,-0.88,1.48837,1951.95,1053.8,-2172.23,2,0,0,0,0,
277262434,-1.48825,-0.88,1.48837,1951.95,1053.8,-2172.23,2,0,0,0,0,
277262474,-1.48825,-0.88,1.48837,1951.95,1053.8,-2172.23,2,0,0,0,0,
277262514,-1.48825,-0.88,1.48837,1951.95,1053.8,-2172.23,2,0,0,0,0,
277262554,-1.48825,-0.88,1.48837,1951.95,1053.8,-2172.23,2,0,0,0,0,
277262594,-1.48825,-0.88,1.48837,1951.95,1053.8,-2172.23,2,0,0,0,0,
277262634,-1.48825,-0.88,1.48837,1951.95,1053.8,-2172.23,2,0,0,0,9,
277262674,-1.48825,-0.88,1.48837,1951.95,1053.8,-2172.23,2,0,0,0,9,
277262714,-1.48825,-0.88,1.48837,1951.95,1053.8,-2172.23,2,0,0,0,9,
277262754,-1.48825,-0.88,1.48837,1951.95,1053.8,-2172.23,2,0,0,0,9,
277262794,-1.48825,-0.88,1.48837,1951.95,1053.8,-2172.23,2,0,0,0,9,
277262835,-1.48825,-0.88,1.48837,1951.95,1053.8,-2172.23,2,0,0,0,9,
277262874,-1.48825,-0.88,1.48837,1951.95,1053.8,-2172.23,2,0,0,0,9,
277262914,-1.48825,-0.88,1.48837,1951.95,1053.8,-2172.23,2,0,0,0,9,
277262954,-0.325,-0.88,0.341288,1366.36,1053.8,-1520.56,2,0,0,0,9,
277262994,-0.3651,-0.88,0.386362,0,1053.8,0,2,0,0,0,9,
277263034,-0.3799,-0.88,0.438825,0,1053.8,0,2,0,0,0,9,
277263074,-0.335,-0.88,0.472538,0,1053.8,0,2,0,0,0,9,
277263114,-0.335,-0.88,0.472538,0,1053.8,0,2,0,0,0,9,
277263155,-0.335,-0.88,0.472538,0,1053.8,0,2,0,0,0,9,
277263194,-0.335,-0.88,0.472538,0,1053.8,0,2,0,0,0,9,
277263234,-0.335,-0.88,0.472538,0,1053.8,0,2,0,0,0,9,
277263274,-0.26465,-0.88,0.457463,0,1053.8,0,2,0,0,0,9,
277263314,-0.0445,-0.88,0.427387,0,1053.8,0,2,0,0,0,9,
277263354,0.1704,-0.88,0.36735,0,1053.8,0,2,0,0,0,9,
277263394,0.34015,-0.88,0.281063,0,1053.8,0,2,0,0,0,9,
277263434,0.4201,-0.88,0.213638,0,1053.8,0,2,0,0,0,9,
277263475,0.455,-0.88,0.183713,0,1053.8,0,2,0,0,0,9,
277263514,0.45,-0.88,0.168713,0,1053.8,0,2,0,0,0,9,
277263554,0.4299,-0.88,0.153713,0,1053.8,0,2,0,0,0,9,
277263594,0.3548,-0.88,0.131213,0,1053.8,0,2,0,0,0,9,
277263634,0.23475,-0.88,0.071025,0,1053.8,0,2,0,0,0,9,
277263674,0.1148,-0.88,-0.048975,0,1053.8,0,2,0,0,0,9,
277263714,0.02485,-0.88,-0.161512,0,1053.8,0,2,0,0,0,9,
277263754,-0.05515,-0.88,-0.315337,0,1053.8,0,2,0,0,0,9,
277263795,-0.09,-0.88,-0.495375,0,1053.8,0,2,0,0,0,9,
277263834,-0.09,-0.88,-0.701738,0,1053.8,0,2,0,0,0,9,
277263874,-0.10005,-0.88,-0.9267,0,1053.8,0,2,0,0,0,9,
277263914,-0.1351,-0.88,-1.15537,0,1053.8,0,2,0,0,0,9,
277263954,-0.1701,-0.88,-1.33909,0,1053.8,0,2,0,0,0,9,
277263994,-0.19,-0.88,-1.48882,0,1053.8,0,2,0,0,0,9,
277264034,-0.17495,-0.88,-1.49625,0,1053.8,0,2,0,0,0,9,
277264074,-0.1399,-0.88,-1.49625,0,1053.8,0,2,0,0,0,9,
277264115,-0.10495,-0.88,-1.49625,0,1053.8,0,2,0,0,0,9,
277264154,-0.0949501,-0.88,-1.49625,0,1053.8,0,2,0,0,0,9,
277264194,-0.0949501,-0.88,-1.49625,0,1053.8,0,2,0,0,0,9,
277264234,-0.0949501,-0.88,-1.49625,0,1053.8,0,2,0,0,0,9,
277264274,-0.0901001,-0.88,-1.41712,0,1053.8,0,2,0,0,0,9,
277264314,-0.1301,-0.88,-1.17694,0,1053.8,0,2,0,0,0,9,
277264354,-0.18015,-0.88,-0.876825,0,1053.8,0,2,0,0,0,9,
277264394,-0.2352,-0.88,-0.56565,0,1053.8,0,2,0,0,0,9,
277264435,-0.33015,-0.88,-0.299437,0,1053.8,0,2,0,0,0,9,
277264474,-0.41515,-0.88,-0.04455,0,1053.8,0,2,0,0,0,9,
277264514,-0.48015,-0.88,0.169238,0,1053.8,0,2,0,0,0,9,
277264554,-0.5451,-0.88,0.412988,0,1053.8,0,2,0,0,0,9,
277264594,-0.58005,-0.88,0.626625,0,1053.8,-94.479,2,0,0,0,9,
277264634,-0.60505,-0.88,0.799013,0.891024,1053.8,-472.634,2,0,0,0,9,
277264674,-0.62,-0.88,0.915187,31.9551,1053.8,-794.97,2,0,0,0,9,
277264715,-0.61495,-0.88,0.978862,40.6671,1053.8,-991.089,2,0,0,0,9,
277264754,-0.5949,-0.88,1.0389,12.7051,1053.8,-1115.67,2,0,0,0,9,
277264794,-0.56495,-0.88,1.11401,0,1053.8,-1259.31,2,0,0,0,9,
277264834,-0.535,-0.88,1.26034,0,1053.8,-1499.68,2,0,0,0,9,
277264874,-0.535,-0.88,1.43663,0,1053.8,-1867.76,2,0,0,0,9,
277264914,-0.535,-0.88,1.43663,0,1053.8,-2058.38,2,0,0,0,9,
277264954,-0.535,-0.88,1.43663,0,1053.8,-2058.38,2,0,0,0,9,
277264994,-0.535,-0.88,1.43663,0,1053.8,-2058.38,2,0,0,0,9,
277265035,-0.535,-0.88,1.43663,0,1053.8,-2058.38,2,0,0,0,9,
277265074,-0.535,-0.88,1.43663,0,1053.8,-2058.38,2,0,0,0,9,
277265114,-0.60505,-0.88,1.49595,0.891024,1053.8,-2087.86,2,0,0,0,9,
277265154,-0.63,-0.88,1.3497,36.3992,1053.8,-2029.68,2,0,0,0,9,
277265194,-0.62995,-0.88,1.21477,63.7891,1053.8,-1710.47,2,0,0,0,9,
277265234,-0.5999,-0.88,1.09845,35.2992,1053.8,-1449,2,0,0,0,9,
277265274,-0.5248,-0.88,0.903225,0,1053.8,-1117.79,2,0,0,0,9,
277265314,-0.4248,-0.88,0.625688,0,1053.8,-581.221,2,0,0,0,9,
277265355,-0.33485,-0.88,0.3633,0,1053.8,-62.9228,2,0,0,0,9,
277265394,-0.27995,-0.88,0.232425,0,1053.8,0,2,0,0,0,9,
277265434,-0.275,-0.88,0.224963,0,1053.8,0,2,0,0,0,9,
277265474,-0.27495,-0.87912,0.22125,0,1053.03,0,2,0,0,0,9,
277265514,-0.27495,-0.87912,0.22125,0,1051.86,0,2,0,0,0,9,
277265554,-0.27,-0.79112,0.22125,0,1013.14,0,2,0,0,0,9,
277265594,-0.27,-0.79112,0.22125,0,858.264,0,2,0,0,0,9,
277265634,-0.27,-0.79112,0.22125,0,858.264,0,2,0,0,0,9,
277265675,-0.27,-0.70312,0.22125,0,838.904,0,2,0,0,0,9,
277265714,-0.27,-0.70312,0.22125,0,664.664,0,2,0,0,0,9,
277265754,-0.27,-0.70312,0.22125,0,664.664,0,2,0,0,0,9,
277265794,-0.27,-0.70312,0.22125,0,664.664,0,2,0,0,0,9,
277265834,-0.27,-0.61512,0.22125,0,509.784,0,2,0,0,0,9,
277265874,-0.27,-0.61512,0.22125,0,471.064,0,2,0,0,0,9,
277265914,-0.27,-0.52888,0.22125,0,414.146,0,2,0,0,0,9,
277265954,-0.27,-0.52888,0.22125,0,281.336,0,2,0,0,0,9,
277265995,-0.27,-0.52888,0.22125,0,281.336,0,2,0,0,0,9,
277266034,-0.27,-0.61688,0.22125,0,436.216,0,2,0,0,0,9,
277266074,-0.27,-0.61688,0.22125,0,474.936,0,2,0,0,0,9,
277266114,-0.26995,-0.70488,0.22125,0,591.096,0,2,0,0,0,9,
277266154,-0.26995,-0.70488,0.22125,0,668.536,0,2,0,0,0,9,
277266194,-0.265,-0.79288,0.22125,0,707.256,0,2,0,0,0,9,
277266234,-0.265,-0.79288,0.22125,0,862.136,0,2,0,0,0,9,
277266274,-0.26495,-0.88088,0.22125,0,920.216,0,2,0,0,0,9,
277266315,-0.26495,-0.88088,0.22125,0,1055.74,0,2,0,0,0,9,
277266354,-0.26495,-0.88088,0.22125,0,1055.74,0,2,0,0,0,9,
277266394,-0.26,-0.96888,0.22125,0,1210.62,0,2,0,0,0,9,
277266434,-0.2599,-1.05688,0.221213,0,1249.34,0,2,0,0,0,9,
277266474,-0.24495,-1.05688,0.2175,0,1442.94,0,2,0,0,0,9,
277266514,-0.24495,-1.05688,0.2175,0,1442.94,0,2,0,0,0,9,
277266554,-0.24505,-1.14488,0.262837,0,1501.02,0,2,0,0,0,9,
277266594,-0.3254,-1.14488,0.514387,0,1636.54,-2.94524,2,0,0,0,9,
277266634,-0.5054,-1.14488,0.8331,0,1636.54,-374.533,2,0,0,0,9,
277266674,-0.70045,-1.14488,1.09924,47.7401,1636.54,-1015.07,2,0,0,0,9,
277266714,-0.8703,-1.14488,1.25651,414.315,1636.54,-1518.64,2,0,0,0,9,
277266754,-0.98015,-1.14488,1.33886,724.262,1636.54,-1768.31,2,0,0,0,9,
277266794,-1.0301,-1.14488,1.37632,902.209,1636.54,-1894.36,2,0,0,0,9,
277266834,-1.07515,-1.14488,1.41386,991.309,1636.54,-1963.67,2,0,0,0,9,
277266874,-1.1351,-1.14488,1.45882,1109.05,1636.54,-2061.04,2,0,0,0,9,
277266915,-1.17515,-1.14488,1.48511,1234.52,1636.54,-2146.05,2,0,0,0,9,
277266954,-1.17515,-1.14488,1.48511,1263.13,1636.54,-2165.05,2,0,0,0,9,
277266994,-1.17515,-1.14488,1.48511,1263.13,1636.54,-2165.05,2,0,0,0,9,
277267034,-1.17515,-1.14488,1.48511,1263.13,1636.54,-2165.05,2,0,0,0,9,
277267074,-1.17515,-1.14488,1.48511,1263.13,1636.54,-2165.05,2,0,0,0,9,
277267114,-1.17515,-1.14488,1.48511,1263.13,1636.54,-2165.05,2,0,0,0,9,
277267154,-1.17515,-1.14488,1.48511,1263.13,1636.54,-2165.05,2,0,0,0,9,
277267194,-1.17515,-1.14488,1.48511,1263.13,1636.54,-2165.05,2,0,0,0,9,
277267235,-1.17515,-1.14488,1.48511,1263.13,1636.54,-2165.05,2,0,0,0,9,
277267274,-1.17515,-1.14488,1.48511,1263.13,1636.54,-2165.05,2,0,0,0,9,
277267314,-1.17515,-1.14488,1.48511,1263.13,1636.54,-2165.05,2,0,0,0,9,
277267354,-1.17515,-1.14488,1.48511,1263.13,1636.54,-2165.05,2,0,0,0,9,
277267394,-1.17515,-1.14488,1.48511,1263.13,1636.54,-2165.05,2,0,0,0,9,
277267434,-1.17515,-1.14488,1.48511,1263.13,1636.54,-2165.05,2,0,0,0,9,
277267474,-1.17515,-1.14488,1.48511,1263.13,1636.54,-2165.05,2,0,0,0,9,
277267514,-1.17515,-1.14488,1.48511,1263.13,1636.54,-2165.05,2,0,0,0,9,
277267555,-1.17515,-1.14488,1.48511,1263.13,1636.54,-2165.05,2,0,0,0,9,
277267594,-1.17515,-1.14488,1.48511,1263.13,1636.54,-2165.05,2,0,0,0,9,
277267634,-1.17515,-1.14488,1.48511,1263.13,1636.54,-2165.05,2,0,0,0,9,
277267674,-1.17515,-1.14488,1.48511,1263.13,1636.54,-2165.05,2,0,0,0,9,
277267714,-1.17515,-1.14488,1.48511,1263.13,1636.54,-2165.05,2,0,0,0,9,
277267754,-1.17515,-1.14488,1.48511,1263.13,1636.54,-2165.05,2,0,0,0,9,
277267794,-1.17515,-1.14488,1.48511,1263.13,1636.54,-2165.05,2,0,0,0,9,
277267834,-1.17515,-1.14488,1.48511,1263.13,1636.54,-2165.05,2,0,0,0,9,
277267875,-1.17515,-1.14488,1.48511,1263.13,1636.54,-2165.05,2,0,0,0,9,
277267914,-1.17515,-1.14488,1.48511,1263.13,1636.54,-2165.05,2,0,0,0,9,
277267954,-1.17515,-1.14488,1.48511,1263.13,1636.54,-2165.05,2,0,0,0,9,
277268000,-1.17515,-1.14488,1.48511,1389.44,1800.19,-2381.55,2.2,0,0,0,9,
277268034,-1.17515,-1.14488,1.48511,1136.82,1472.88,-1948.54,1.8,0,0,0,9,
277268074,-1.17515,-1.14488,1.48511,1263.13,1636.54,-2165.05,2,0,0,0,9,
277268114,-0.7405,-1.14488,1.18447,742.929,1636.54,-1915.89,2,0,0,0,9,
277268154,-1.0106,-1.14488,0.955912,595.21,1636.54,-1237.36,2,0,0,0,9,
277268195,-1.2752,-1.14488,0.83235,1212.18,1636.54,-841.822,2,0,0,0,9,
277268234,-1.38015,-1.14488,0.795,1596.55,1636.54,-677.176,2,0,0,0,9,
277268274,-1.4451,-1.14488,0.8025,1789.98,1636.54,-650.133,2,0,0,0,9,
277268314,-1.46505,-1.14488,0.81,1885.52,1636.54,-669.966,2,0,0,0,9,
277268354,-1.48005,-1.14488,0.810037,1908.65,1636.54,-679.808,2,0,0,0,9,
277268394,-1.4851,-1.14488,0.81375,1943.91,1636.54,-687.233,2,0,0,0,9,
277268434,-1.4851,-1.14488,0.81375,1945.02,1636.54,-688.05,2,0,0,0,9,
277268474,-1.4851,-1.14488,0.81375,1945.02,1636.54,-688.05,2,0,0,0,9,
277268514,-1.4851,-1.14488,0.81375,1945.02,1636.54,-688.05,2,0,0,0,9,
277268554,-1.4851,-1.14488,0.81375,1945.02,1636.54,-688.05,2,0,0,0,9,
277268594,-1.4851,-1.14488,0.81375,1945.02,1636.54,-688.05,2,0,0,0,9,
277268634,-1.47485,-1.14488,0.791288,1949.19,1636.54,-673.109,2,0,0,0,9,
277268674,-1.45495,-1.14488,0.795,1885.27,1636.54,-645.983,2,0,0,0,9,
277268714,-1.45,-1.14488,0.795038,1877.6,1636.54,-646.808,2,0,0,0,9,
277268754,-1.4901,-1.14488,0.81,1903.2,1636.54,-660.058,2,0,0,0,9,
277268795,-1.4901,-1.14488,0.81,1956.02,1636.54,-679.8,2,0,0,0,9,
277268834,-1.4901,-1.14488,0.81,1956.02,1636.54,-679.8,2,0,0,0,9,
277268874,-1.4901,-1.14488,0.81,1956.02,1636.54,-679.8,2,0,0,0,9,
277268914,-1.4901,-1.14488,0.81,1956.02,1636.54,-679.8,2,0,0,0,9,
277268954,-1.4901,-1.14488,0.81,1956.02,1636.54,-679.8,2,0,0,0,9,
277269080,-1.4901,-1.14488,0.81,6063.66,5073.26,-2107.38,6.2,0,0,0,9,
277269084,-1.4901,-1.14488,0.81,195.602,163.654,-67.98,0.2,0,0,0,9,
277269123,-1.41445,-1.14488,0.836288,1930.07,1636.54,-703.849,2,0,0,0,9,
277269162,-1.034,-1.14488,0.843638,1461.31,1636.54,-754.9,2,0,0,0,9,
277269202,-0.5594,-1.14488,0.7008,438.339,1636.54,-625.111,2,0,0,0,9,
277269242,-0.29965,-1.14488,0.460725,0,1636.54,-194.238,2,0,0,0,9,
277269282,-0.19485,-1.14488,0.213413,0,1636.54,0,2,0,0,0,9,
277269322,-0.165,-1.14488,0.108675,0,1636.54,0,2,0,0,0,9,
277269362,-0.165,-1.14488,0.108675,0,1636.54,0,2,0,0,0,9,
277269403,-0.165,-1.14488,0.108675,0,1636.54,0,2,0,0,0,9,
277269443,-0.165,-1.23112,0.101288,0,1807.29,0,2,0,0,0,9,
277269482,-0.165,-1.23112,0.101288,0,1826.26,0,2,0,0,0,9,
277269522,-0.165,-1.14312,0.105,0,1826.26,0,2,0,0,0,9,
277269562,-0.165,-1.14312,0.105,0,1632.66,0,2,0,0,0,9,
277269602,-0.165,-1.14312,0.105,0,1632.66,0,2,0,0,0,9,
277269642,-0.165,-1.05512,0.105038,0,1613.3,0,2,0,0,0,9,
277269682,-0.165,-1.05512,0.112538,0,1439.06,0,2,0,0,0,9,
277269722,-0.165,-1.05512,0.112538,0,1439.06,0,2,0,0,0,9,
277269763,-0.165,-1.05512,0.112538,0,1439.06,0,2,0,0,0,9,
277269802,-0.175,-0.96712,0.12,0,1439.06,0,2,0,0,0,9,
277269842,-0.18505,-0.96712,0.1275,0,1245.46,0,2,0,0,0,9,
277269882,-0.24025,-0.96712,0.127463,0,1245.46,0,2,0,0,0,9,
277269922,-0.44075,-0.96712,0.123825,0,1245.46,0,2,0,0,0,9,
277269962,-0.79565,-0.96712,0.202725,121.759,1245.46,0,2,0,0,0,9,
277270002,-1.0152,-0.96712,0.273825,724.669,1245.46,0,2,0,0,0,9,
277270042,-1.08,-0.96712,0.300038,993.542,1245.46,0,2,0,0,0,9,
277270082,-1.08005,-0.96712,0.303788,1053.9,1245.46,0,2,0,0,0,9,
277270122,-1.08005,-0.96712,0.303788,1053.91,1245.46,0,2,0,0,0,9,
277270162,-1.08005,-0.96712,0.303788,1053.91,1245.46,0,2,0,0,0,9,
277270202,-1.11015,-0.96712,0.315038,1084.75,1245.46,0,2,0,0,0,9,
277270242,-1.21025,-0.96712,0.356325,1219.26,1245.46,0,2,0,0,0,9,
277270282,-1.3051,-0.96712,0.393788,1460.09,1245.46,0,2,0,0,0,9,
277270322,-1.34505,-0.96712,0.416325,1599.57,1245.46,0,2,0,0,0,9,
277270363,-1.36005,-0.96712,0.450075,1655.57,1245.46,0,2,0,0,0,9,
277270402,-1.38515,-0.96712,0.487612,1688.62,1245.46,0,2,0,0,0,9,
277270442,-1.4501,-0.96712,0.555187,1795.48,1245.46,-47.0827,2,0,0,0,9,
277270482,-1.4901,-0.96712,0.6303,1920.82,1245.46,-219.937,2,0,0,0,9,
277270522,-1.4901,-0.96712,0.6303,1956.02,1245.46,-284.46,2,0,0,0,9,
277270562,-1.4901,-0.96712,0.6303,1956.02,1245.46,-284.46,2,0,0,0,9,
277270602,-1.4901,-0.96712,0.6303,1956.02,1245.46,-284.46,2,0,0,0,9,
277270642,-1.4901,-0.96712,0.6303,1956.02,1245.46,-284.46,2,0,0,0,9,
277270683,-1.4901,-0.96712,0.6303,1956.02,1245.46,-284.46,2,0,0,0,9,
277270722,-1.4901,-0.96712,0.6303,1956.02,1245.46,-284.46,2,0,0,0,9,
277270762,-1.4901,-0.96712,0.6303,1956.02,1245.46,-284.46,2,0,0,0,9,
277270802,-1.4901,-0.96712,0.6303,1956.02,1245.46,-284.46,2,0,0,0,9,
277270842,-1.4901,-0.96712,0.6303,1956.02,1245.46,-284.46,2,0,0,0,9,
277270882,-1.4901,-0.96712,0.6303,1956.02,1245.46,-284.46,2,0,0,0,9,
277270922,-1.4901,-0.96712,0.6303,1956.02,1245.46,-284.46,2,0,0,0,9,
277270962,-1.4901,-0.96712,0.6303,1956.02,1245.46,-284.46,2,0,0,0,9,
277271003,-1.4901,-0.96712,0.6303,1956.02,1245.46,-284.46,2,0,0,0,9,
277271042,-1.4901,-0.96712,0.6303,1956.02,1245.46,-284.46,2,0,0,0,9,
277271082,-1.4901,-0.96712,0.6303,1956.02,1245.46,-284.46,2,0,0,0,9,
277271122,-1.4901,-0.96712,0.6303,1956.02,1245.46,-284.46,2,0,0,0,9,
277271162,-1.4901,-0.96712,0.6303,1956.02,1245.46,-284.46,2,0,0,0,9,
277271512,-1.4901,-0.96712,0.6303,17017.4,10835.5,-2474.8,17.4,0,0,0,9,
277271523,-1.4901,-0.96712,0.6303,586.806,373.639,-85.338,0.6,0,0,0,9,
277271554,-1.49975,-0.96712,0.93345,1571.3,996.371,-308.533,1.6,0,0,0,9,
277271594,-1.32955,-0.96712,0.73065,1809.81,1245.46,-751.443,2,0,0,0,9,
277271635,-1.06945,-0.96712,0.400575,1332.03,1245.46,-185.262,2,0,0,0,9,
277271674,-0.8498,-0.96712,0.1272,769.109,1245.46,0,2,0,0,0,9,
277271714,-0.77495,-0.96712,0.0449626,451.803,1245.46,0,2,0,0,0,9,
277271754,-0.76995,-0.96712,0.0412126,372.79,1245.46,0,2,0,0,0,9,
277271794,-0.76995,-0.96712,0.0412126,371.69,1245.46,0,2,0,0,0,9,
277271834,-0.76995,-0.87912,0.0412126,371.69,1226.1,0,2,0,0,0,9,
277271874,-0.76995,-0.87912,0.0412126,371.69,1051.86,0,2,0,0,0,9,
277271914,-0.765,-0.79112,0.0375,365.156,916.344,0,2,0,0,0,9,
277271955,-0.765,-0.79112,0.0375,360.8,858.264,0,2,0,0,0,9,
277271994,-0.765,-0.70312,0.0375,360.8,858.264,0,2,0,0,0,9,
277272034,-0.765,-0.70312,0.0375,360.8,664.664,0,2,0,0,0,9,
277272074,-0.765,-0.70312,0.0375,360.8,664.664,0,2,0,0,0,9,
277272114,-0.765,-0.61512,0.0375,360.8,548.504,0,2,0,0,0,9,
277272154,-0.765,-0.61512,0.0375,360.8,471.064,0,2,0,0,0,9,
277272194,-0.76495,-0.52712,0.0375375,360.767,316.184,0,2,0,0,0,9,
277272234,-0.76495,-0.52712,0.0375375,360.69,277.464,0,2,0,0,0,9,
277272274,-0.76,-0.43912,0.04125,357.423,219.384,0,2,0,0,0,9,
277272314,-0.75495,-0.35288,0.0375,348.634,33.5456,0,2,0,0,0,9,
277272354,-0.75495,-0.35288,0.0375,338.69,0,0,2,0,0,0,9,
277272394,-0.75,-0.44088,0.0375,338.69,0,0,2,0,0,0,9,
277272434,-0.75,-0.44088,0.0375,327.8,87.7361,0,2,0,0,0,9,
277272474,-0.72995,-0.52888,0.0375,310.101,145.816,0,2,0,0,0,9,
277272514,-0.72495,-0.52888,0.0375,273.79,281.336,0,2,0,0,0,9,
277272555,-0.72495,-0.52888,0.0375,272.69,281.336,0,2,0,0,0,9,
277272594,-0.72,-0.61688,0.04125,262.889,378.136,0,2,0,0,0,9,
277272634,-0.72,-0.61688,0.04125,261.8,474.936,0,2,0,0,0,9,
277272674,-0.72,-0.61688,0.04125,261.8,474.936,0,2,0,0,0,9,
277272714,-0.72,-0.61688,0.04125,261.8,474.936,0,2,0,0,0,9,
277272754,-0.72,-0.61688,0.04125,261.8,474.936,0,2,0,0,0,9,
277272794,-0.72,-0.61688,0.04125,261.8,474.936,0,2,0,0,0,9,
277272834,-0.72,-0.61688,0.04125,261.8,474.936,0,2,0,0,0,9,
277272875,-0.72,-0.70488,0.04125,261.8,610.456,0,2,0,0,0,9,
277272914,-0.72,-0.70488,0.04125,261.8,668.536,0,2,0,0,0,9,
277272954,-0.72,-0.79288,0.04125,261.8,823.416,0,2,0,0,0,9,
277272994,-0.72,-0.79288,0.04125,261.8,862.136,0,2,0,0,0,9,
277273034,-0.72,-0.79288,0.04125,261.8,862.136,0,2,0,0,0,9,
277273074,-0.71995,-0.79288,0.0450375,261.789,862.136,0,2,0,0,0,9,
277273114,-0.71995,-0.87912,0.0450375,261.69,938.027,0,2,0,0,0,9,
277273154,-0.71995,-0.87912,0.0450375,261.69,1051.86,0,2,0,0,0,9,
277273195,-0.71995,-0.87912,0.0450375,261.69,1051.86,0,2,0,0,0,9,
277273234,-0.715,-0.79112,0.04875,254.067,916.344,0,2,0,0,0,9,
277273274,-0.715,-0.79112,0.04875,250.8,858.264,0,2,0,0,0,9,
277273314,-0.715,-0.70312,0.04875,250.8,780.824,0,2,0,0,0,9,
277273354,-0.715,-0.70312,0.04875,250.8,664.664,0,2,0,0,0,9,
277273394,-0.715,-0.70312,0.04875,250.8,664.664,0,2,0,0,0,9,
277273434,-0.715,-0.61512,0.04875,250.8,509.784,0,2,0,0,0,9,
277273474,-0.715,-0.61512,0.04875,250.8,471.064,0,2,0,0,0,9,
277273515,-0.715,-0.52712,0.04875,250.8,335.544,0,2,0,0,0,9,
277273554,-0.715,-0.52712,0.04875,250.8,277.464,0,2,0,0,0,9,
277273594,-0.715,-0.43912,0.04875,250.8,161.304,0,2,0,0,0,9,
277273634,-0.715,-0.43912,0.04875,250.8,83.864,0,2,0,0,0,9,
277273674,-0.715,-0.35112,0.04875,250.8,67.0912,0,2,0,0,0,9,
277273714,-0.715,-0.35112,0.04875,250.8,0,0,2,0,0,0,9,
277273754,-0.715,-0.26312,0.04875,250.8,0,0,2,0,0,0,9,
277273794,-0.715,-0.26312,0.04875,250.8,0,0,2,0,0,0,9,
277273835,-0.715,-0.26312,0.04875,250.8,0,0,2,0,0,0,9,
277273874,-0.715,-0.26312,0.04875,250.8,0,0,2,0,0,0,9,
277273914,-0.715,-0.26312,0.04875,250.8,0,0,2,0,0,0,9,
277273954,-0.715,-0.26312,0.04875,250.8,0,0,2,0,0,0,9,
277273994,-0.715,-0.26312,0.04875,250.8,0,0,2,0,0,0,9,
277274034,-0.715,-0.26312,0.04875,250.8,0,0,2,0,0,0,9,
277274074,-0.71495,-0.26312,0.04875,250.789,0,0,2,0,0,0,9,
277274114,-0.6899,-0.26312,0.0487875,229.757,0,0,2,0,0,0,9,
277274154,-0.6348,-0.26312,0.0713625,137.236,0,0,2,0,0,0,9,
277274194,-0.5599,-0.26312,0.116325,17.9191,0,0,2,0,0,0,9,
277274234,-0.53,-0.26312,0.127538,0,0,0,2,0,0,0,9,
277274274,-0.525,-0.26312,0.123675,0,0,0,2,0,0,0,9,
277274314,-0.515,-0.26312,0.0561001,0,0,0,2,0,0,0,9,
277274354,-0.4899,-0.26312,-0.0452999,0,0,0,2,0,0,0,9,
277274394,-0.4299,-0.26312,-0.202687,0,0,0,2,0,0,0,9,
277274435,-0.39,-0.26312,-0.281325,0,0,0,2,0,0,0,9,
277274474,-0.39,-0.26312,-0.281325,0,0,0,2,0,0,0,9,
277274514,-0.38,-0.26312,-0.277425,0,0,0,2,0,0,0,9,
277274554,-0.35995,-0.26312,-0.221137,0,0,0,2,0,0,0,9,
277274594,-0.33495,-0.26312,-0.161138,0,0,0,2,0,0,0,9,
277274634,-0.31495,-0.26312,-0.116175,0,0,0,2,0,0,0,9,
277274674,-0.29495,-0.26312,-0.0824249,0,0,0,2,0,0,0,9,
277274714,-0.26995,-0.26312,-0.0411749,0,0,0,2,0,0,0,9,
277274755,-0.24995,-0.26312,7.50732e-005,0,0,0,2,0,0,0,9,
277274794,-0.23,-0.26312,0.0375751,0,0,0,2,0,0,0,9,
277274834,-0.225,-0.26312,0.0675375,0,0,0,2,0,0,0,9,
277274874,-0.22,-0.26312,0.0975751,0,0,0,2,0,0,0,9,
277274914,-0.22,-0.26312,0.146362,0,0,0,2,0,0,0,9,
277274954,-0.21495,-0.26312,0.206363,0,0,0,2,0,0,0,9,
277274994,-0.205,-0.26312,0.255112,0,0,0,2,0,0,0,9,
277275034,-0.19995,-0.26312,0.307575,0,0,0,2,0,0,0,9,
277275075,-0.19,-0.26312,0.348788,0,0,0,2,0,0,0,9,
277275114,-0.19,-0.26312,0.378825,0,0,0,2,0,0,0,9,
277275154,-0.19,-0.26312,0.401288,0,0,0,2,0,0,0,9,
277275194,-0.19,-0.26312,0.401288,0,0,0,2,0,0,0,9,
277275234,-0.19,-0.26312,0.401288,0,0,0,2,0,0,0,9,
277275274,-0.19,-0.26312,0.405038,0,0,0,2,0,0,0,9,
277275314,-0.19,-0.26312,0.412575,0,0,0,2,0,0,0,9,
277275354,-0.17495,-0.26312,0.457612,0,0,0,2,0,0,0,9,
277275395,-0.14995,-0.26312,0.513825,0,0,-3.53099,2,0,0,0,9,
277275434,-0.11995,-0.26312,0.543788,0,0,-61.1656,2,0,0,0,9,
277275474,-0.0899501,-0.26312,0.555,0,0,-106.466,2,0,0,0,9,
277275514,-0.0549501,-0.26312,0.55875,0,0,-121.291,2,0,0,0,9,
277275554,-0.0399501,-0.26312,0.55875,0,0,-127.05,2,0,0,0,9,
277275594,-0.0349501,-0.26312,0.55875,0,0,-127.05,2,0,0,0,9,
277275634,-0.0349501,-0.26312,0.55875,0,0,-127.05,2,0,0,0,9,
277275674,-0.0300501,-0.26312,0.539887,0,0,-117.868,2,0,0,0,9,
277275715,-0.06,-0.26312,0.438525,0,0,-22.8937,2,0,0,0,9,
277275754,-0.065,-0.26312,0.333638,0,0,0,2,0,0,0,9,
277275794,-0.065,-0.26312,0.296213,0,0,0,2,0,0,0,9,
277275834,-0.065,-0.26312,0.296213,0,0,0,2,0,0,0,9,
277275874,-0.0399501,-0.26312,0.307575,0,0,0,2,0,0,0,9,
277275914,-0.00490006,-0.26312,0.390188,0,0,0,2,0,0,0,9,
277275954,0.0350499,-0.26312,0.48015,0,0,0,2,0,0,0,9,
277275994,0.0550499,-0.26312,0.528788,0,0,-23.0423,2,0,0,0,9,
277276034,0.0750499,-0.26312,0.558825,0,0,-94.1902,2,0,0,0,9,
277276074,0.0900499,-0.26312,0.603825,0,0,-169.323,2,0,0,0,9,
277276114,0.1,-0.26312,0.652612,0,0,-278.248,2,0,0,0,9,
277276154,0.1,-0.26312,0.678788,0,0,-372.19,2,0,0,0,9,
277276194,0.0948999,-0.26312,0.682538,0,0,-393.591,2,0,0,0,9,
277276234,0.03485,-0.26312,0.70125,0,0,-418.349,2,0,0,0,9,
277276274,-0.04015,-0.26312,0.70125,0,0,-443.85,2,0,0,0,9,
277276315,-0.12015,-0.26312,0.682463,0,0,-424.784,2,0,0,0,9,
277276354,-0.1801,-0.26312,0.659925,0,0,-373.626,2,0,0,0,9,
277276394,-0.21505,-0.26312,0.645,0,0,-331.584,2,0,0,0,9,
277276434,-0.2501,-0.26312,0.63,0,0,-303.534,2,0,0,0,9,
277276474,-0.29005,-0.26312,0.61875,0,0,-273.025,2,0,0,0,9,
277276514,-0.3201,-0.26312,0.611212,0,0,-252.409,2,0,0,0,9,
277276554,-0.3701,-0.26312,0.596213,0,0,-222.684,2,0,0,0,9,
277276594,-0.44015,-0.26312,0.569925,0,0,-183.851,2,0,0,0,9,
277276635,-0.52015,-0.26312,0.539963,0,0,-113.726,2,0,0,0,9,
277276674,-0.58015,-0.26312,0.524963,0,0,-66.7591,2,0,0,0,9,
277276714,-0.6451,-0.26312,0.502463,30.5581,0,-28.7761,2,0,0,0,9,
277276754,-0.69505,-0.26312,0.4875,158.609,0,-0.321762,2,0,0,0,9,
277276794,-0.72505,-0.26312,0.48,242.132,0,0,2,0,0,0,9,
277276834,-0.74505,-0.26312,0.4725,294.954,0,0,2,0,0,0,9,
277276874,-0.74505,-0.26312,0.4725,316.91,0,0,2,0,0,0,9,
277276914,-0.74505,-0.26312,0.4725,316.91,0,0,2,0,0,0,9,
277276955,-0.7249,-0.26312,0.476288,305.679,0,0,2,0,0,0,9,
277276994,-0.67495,-0.26312,0.513862,219.78,0,-3.51453,2,0,0,0,9,
277277034,-0.64495,-0.26312,0.5739,130.768,0,-90.1972,2,0,0,0,9,
277277074,-0.64005,-0.26312,0.637612,86.9,0,-235.397,2,0,0,0,9,
277277114,-0.66505,-0.26312,0.678788,113.41,0,-352.44,2,0,0,0,9,
277277154,-0.7101,-0.26312,0.70125,181.709,0,-415.891,2,0,0,0,9,
277277194,-0.7852,-0.26312,0.7125,313.852,0,-451.324,2,0,0,0,9,
277277234,-0.90525,-0.26312,0.71625,526.339,0,-469.441,2,0,0,0,9,
277277275,-1.02515,-0.26312,0.71625,810.106,0,-473.55,2,0,0,0,9,
277277314,-1.09505,-0.26312,0.712462,1009,0,-471.067,2,0,0,0,9,
277277354,-1.105,-0.26312,0.704962,1100.08,0,-457.017,2,0,0,0,9,
277277394,-1.06985,-0.26312,0.686213,1087.71,0,-433.026,2,0,0,0,9,
277277434,-0.94975,-0.26312,0.66375,916.85,0,-381.059,2,0,0,0,9,
277277474,-0.8097,-0.26312,0.64875,619.773,0,-344.784,2,0,0,0,9,
277277514,-0.67475,-0.26312,0.637462,304.117,0,-312.617,2,0,0,0,9,
277277554,-0.5647,-0.26312,0.63,52.019,0,-287.075,2,0,0,0,9,
277277595,-0.4598,-0.26312,0.626213,0,0,-282.95,2,0,0,0,9,
277277634,-0.3498,-0.26312,0.611212,0,0,-259.809,2,0,0,0,9,
277277674,-0.2598,-0.26312,0.588675,0,0,-220.168,2,0,0,0,9,
277277714,-0.17985,-0.26312,0.562425,0,0,-159.109,2,0,0,0,9,
277277754,-0.1299,-0.26312,0.547463,0,0,-112.142,2,0,0,0,9,
277277794,-0.0749001,-0.26312,0.536213,0,0,-88.2255,2,0,0,0,9,
277277834,-0.0249001,-0.26312,0.521213,0,0,-60.9841,2,0,0,0,9,
277277874,0.04015,-0.26312,0.487388,0,0,-19.5443,2,0,0,0,9,
277277915,0.10005,-0.26312,0.442425,0,0,0,2,0,0,0,9,
277277954,0.1301,-0.26312,0.4086,0,0,0,2,0,0,0,9,
277277994,0.17005,-0.26312,0.348675,0,0,0,2,0,0,0,9,
277278034,0.19005,-0.26312,0.322463,0,0,0,2,0,0,0,9,
277278074,0.21005,-0.26312,0.296213,0,0,0,2,0,0,0,9,
277278114,0.22,-0.26312,0.273713,0,0,0,2,0,0,0,9,
277278154,0.21995,-0.26312,0.239888,0,0,0,2,0,0,0,9,
277278194,0.215,-0.26312,0.187425,0,0,0,2,0,0,0,9,
277278234,0.215,-0.26312,0.176213,0,0,0,2,0,0,0,9,
277278274,0.21495,-0.26312,0.16875,0,0,0,2,0,0,0,9,
277278314,0.205,-0.26312,0.146175,0,0,0,2,0,0,0,9,
277278354,0.205,-0.26312,0.101175,0,0,0,2,0,0,0,9,
277278394,0.205,-0.26312,0.0749626,0,0,0,2,0,0,0,9,
277278434,0.205,-0.26312,0.0749626,0,0,0,2,0,0,0,9,
277278474,0.205,-0.26312,0.0749626,0,0,0,2,0,0,0,9,
277278515,0.20495,-0.26312,0.0712126,0,0,0,2,0,0,0,9,
277278554,0.18995,-0.26312,0.0599626,0,0,0,2,0,0,0,9,
277278594,0.17495,-0.26312,0.037425,0,0,0,2,0,0,0,9,
277278634,0.16495,-0.26312,-7.49588e-005,0,0,0,2,0,0,0,9,
277278674,0.16,-0.26312,-0.0300374,0,0,0,2,0,0,0,9,
277278714,0.16,-0.26312,-0.0525374,0,0,0,2,0,0,0,9,
277278754,0.16,-0.26312,-0.071325,0,0,0,2,0,0,0,9,
277278794,0.16,-0.26312,-0.0900374,0,0,0,2,0,0,0,9,
277278835,0.16,-0.26312,-0.0900374,0,0,0,2,0,0,0,9,
277278874,0.16,-0.26312,-0.0900374,0,0,0,2,0,0,0,9,
277278914,0.16,-0.26312,-0.0900374,0,0,0,2,0,0,0,9,
277278954,0.16,-0.26312,-0.0900374,0,0,0,2,0,0,0,9,
277278994,0.16,-0.26312,-0.0900374,0,0,0,2,0,0,0,9,
277279034,0.16,-0.26312,-0.0900374,0,0,0,2,0,0,0,9,
277279074,0.15995,-0.26312,-0.09375,0,0,0,2,0,0,0,9,
277279114,0.155,-0.26312,-0.0937874,0,0,0,2,0,0,0,9,
277279155,0.155,-0.26312,-0.101287,0,0,0,2,0,0,0,9,
277279194,0.155,-0.26312,-0.101287,0,0,0,2,0,0,0,9,
277279234,0.155,-0.26312,-0.101287,0,0,0,2,0,0,0,9,
277279274,0.155,-0.26312,-0.101287,0,0,0,2,0,0,0,9,
277279314,0.155,-0.26312,-0.101287,0,0,0,2,0,0,0,9,
277279354,0.155,-0.26312,-0.108787,0,0,0,2,0,0,0,9,
277279394,0.15505,-0.26312,-0.12375,0,0,0,2,0,0,0,9,
277279434,0.15505,-0.26312,-0.12375,0,0,0,2,0,0,0,9,
277279475,0.16,-0.26312,-0.123787,0,0,0,2,0,0,0,9,
277279514,0.16,-0.26312,-0.123787,0,0,0,2,0,0,0,9,
277279554,0.16,-0.17688,-0.123787,0,0,0,2,0,0,0,9,
277279594,0.16,-0.17688,-0.123787,0,0,0,2,0,0,0,9,
277279634,0.16,-0.17688,-0.123787,0,0,0,2,0,0,0,9,
277279674,0.16,-0.26488,-0.1275,0,0,0,2,0,0,0,9,
277279714,0.16,-0.26488,-0.1275,0,0,0,2,0,0,0,9,
277279754,0.16,-0.26488,-0.1275,0,0,0,2,0,0,0,9,
277279795,0.16005,-0.26488,-0.1275,0,0,0,2,0,0,0,9,
277279834,0.16005,-0.35288,-0.1275,0,0,0,2,0,0,0,9,
277279874,0.16005,-0.35288,-0.1275,0,0,0,2,0,0,0,9,
277279914,0.165,-0.44088,-0.1275,0,35.0944,0,2,0,0,0,9,
277279954,0.165,-0.44088,-0.1275,0,87.7361,0,2,0,0,0,9,
277279994,0.165,-0.44088,-0.1275,0,87.7361,0,2,0,0,0,9,
277280034,0.165,-0.52888,-0.1275,0,242.616,0,2,0,0,0,9,
277280074,0.165,-0.52888,-0.1275,0,281.336,0,2,0,0,0,9,
277280114,0.165,-0.61688,-0.1275,0,281.336,0,2,0,0,0,9,
277280154,0.165,-0.61688,-0.1275,0,474.936,0,2,0,0,0,9,
277280194,0.165,-0.61688,-0.1275,0,474.936,0,2,0,0,0,9,
277280234,0.17005,-0.70488,-0.13125,0,552.376,0,2,0,0,0,9,
277280274,0.17005,-0.70488,-0.13125,0,668.536,0,2,0,0,0,9,
277280314,0.175,-0.79288,-0.13125,0,687.896,0,2,0,0,0,9,
277280354,0.175,-0.79288,-0.13125,0,862.136,0,2,0,0,0,9,
277280395,0.175,-0.79288,-0.13125,0,862.136,0,2,0,0,0,9,
277280434,0.175,-0.79288,-0.13125,0,862.136,0,2,0,0,0,9,
277280474,0.175,-0.87912,-0.13125,0,862.136,0,2,0,0,0,9,
277280514,0.175,-0.87912,-0.13125,0,1051.86,0,2,0,0,0,9,
277280554,0.175,-0.87912,-0.13125,0,1051.86,0,2,0,0,0,9,
277280594,0.175,-0.79112,-0.13125,0,935.704,0,2,0,0,0,9,
277280634,0.175,-0.79112,-0.13125,0,858.264,0,2,0,0,0,9,
277280674,0.175,-0.79112,-0.13125,0,858.264,0,2,0,0,0,9,
277280715,0.175,-0.70312,-0.13125,0,703.384,0,2,0,0,0,9,
277280754,0.175,-0.70312,-0.13125,0,664.664,0,2,0,0,0,9,
277280794,0.175,-0.61512,-0.13125,0,548.504,0,2,0,0,0,9,
277280834,0.175,-0.61512,-0.13125,0,471.064,0,2,0,0,0,9,
277280874,0.175,-0.52712,-0.13125,0,393.624,0,2,0,0,0,9,
277280914,0.175,-0.52712,-0.13125,0,277.464,0,2,0,0,0,9,
277280954,0.175,-0.43912,-0.13125,0,258.104,0,2,0,0,0,9,
277280994,0.175,-0.43912,-0.13125,0,83.864,0,2,0,0,0,9,
277281035,0.175,-0.43912,-0.13125,0,83.864,0,2,0,0,0,9,
277281074,0.175,-0.35112,-0.13125,0,25.1592,0,2,0,0,0,9,
277281114,0.175,-0.35112,-0.13125,0,0,0,2,0,0,0,9,
277281154,0.175,-0.26312,-0.13125,0,0,0,2,0,0,0,9,
277281194,0.175,-0.26312,-0.13125,0,0,0,2,0,0,0,9,
277281234,0.175,-0.26312,-0.13125,0,0,0,2,0,0,0,9,
277281274,0.175,-0.17512,-0.13125,0,0,0,2,0,0,0,9,
277281314,0.175,-0.17512,-0.13125,0,0,0,2,0,0,0,9,
277281355,0.175,-0.08712,-0.13125,0,0,0,2,0,0,0,9,
277281394,0.175,-0.08712,-0.13125,0,0,0,2,0,0,0,9,
277281434,0.175,0.00087998,-0.13125,0,0,0,2,0,0,0,9,
277281474,0.175,0.00087998,-0.13125,0,0,0,2,0,0,0,9,
277281514,0.175,0.00087998,-0.13125,0,0,0,2,0,0,0,9,
277281554,0.175,0.08888,-0.13125,0,0,0,2,0,0,0,9,
277281594,0.175,0.08888,-0.13125,0,0,0,2,0,0,0,9,
277281634,0.175,0.17688,-0.13125,0,0,0,2,0,0,0,9,
277281675,0.175,0.17688,-0.13125,0,0,0,2,0,0,0,9,
277281714,0.175,0.26488,-0.13125,0,0,0,2,0,0,0,9,
277281754,0.175,0.26488,-0.13125,0,0,0,2,0,0,0,9,
277281794,0.175,0.26488,-0.13125,0,0,0,2,0,0,0,9,
277281834,0.175,0.35288,-0.13125,0,0,0,2,0,0,0,9,
277281874,0.175,0.35288,-0.13125,0,0,0,2,0,0,0,9,
277281914,0.175,0.44088,-0.13125,0,0,0,2,0,0,0,9,
277281954,0.175,0.44088,-0.13125,0,0,0,2,0,0,0,9,
277281994,0.175,0.52888,-0.13125,0,0,0,2,0,0,0,9,
277282034,0.175,0.52888,-0.13125,0,0,0,2,0,0,0,9,
277282074,0.175,0.52888,-0.13125,0,0,0,2,0,0,0,9,
277282114,0.175,0.61688,-0.13125,0,0,0,2,0,0,0,9,
277282154,0.175,0.61688,-0.13125,0,0,0,2,0,0,0,9,
277282194,0.175,0.70488,-0.13125,0,0,0,2,0,0,0,9,
277282234,0.175,0.70488,-0.13125,0,-8.536,0,2,0,0,0,9,
277282275,0.175,0.70488,-0.13125,0,-8.536,0,2,0,0,0,9,
277282314,0.175,0.79288,-0.13125,0,-105.336,0,2,0,0,0,9,
277282354,0.175,0.79288,-0.13125,0,-202.136,0,2,0,0,0,9,
277282394,0.17505,0.88,-0.13125,0,-240.469,0,2,0,0,0,9,
277282434,0.17505,0.88,-0.13125,0,-393.8,0,2,0,0,0,9,
277282474,0.17505,0.88,-0.13125,0,-393.8,0,2,0,0,0,9,
277282514,0.18,0.88,-0.13125,0,-393.8,0,2,0,0,0,9,
277282554,0.18,0.88,-0.13125,0,-393.8,0,2,0,0,0,9,
277282595,0.18,0.88,-0.13125,0,-393.8,0,2,0,0,0,9,
277282634,0.18,0.88,-0.13125,0,-393.8,0,2,0,0,0,9,
277282674,0.18,0.88,-0.13125,0,-393.8,0,2,0,0,0,9,
277282714,0.18,0.88,-0.13125,0,-393.8,0,2,0,0,0,9,
277282754,0.18,0.88,-0.13125,0,-393.8,0,2,0,0,0,9,
277282794,0.18,0.88,-0.13125,0,-393.8,0,2,0,0,0,9,
277282834,0.18,0.88,-0.13125,0,-393.8,0,2,0,0,0,9,
277282874,0.18,0.88,-0.13125,0,-393.8,0,2,0,0,0,9,
277282915,0.18,0.88,-0.13125,0,-393.8,0,2,0,0,0,9,
277282954,0.18,0.88,-0.13125,0,-393.8,0,2,0,0,0,9,
277282994,0.18,0.88,-0.13125,0,-393.8,0,2,0,0,0,9,
277283034,0.18,0.88,-0.13125,0,-393.8,0,2,0,0,0,9,
277283074,0.18,0.88,-0.13125,0,-393.8,0,2,0,0,0,9,
277283114,0.18,0.88,-0.13125,0,-393.8,0,2,0,0,0,9,
277283154,0.18,0.88,-0.13125,0,-393.8,0,2,0,0,0,9,
277283194,0.18,0.88,-0.13125,0,-393.8,0,2,0,0,0,9,
277283235,0.18505,0.87912,-0.13125,0,-392.445,0,2,0,0,0,9,
277283274,0.18505,0.87912,-0.13125,0,-391.864,0,2,0,0,0,9,
277283314,0.19,0.79112,-0.13125,0,-353.144,0,2,0,0,0,9,
277283354,0.19,0.79112,-0.13125,0,-198.264,0,2,0,0,0,9,
277283394,0.19,0.70312,-0.13125,0,-198.264,0,2,0,0,0,9,
277283434,0.19,0.70312,-0.13125,0,-4.66398,0,2,0,0,0,9,
277283474,0.19,0.70312,-0.13125,0,-4.66398,0,2,0,0,0,9,
277283514,0.19,0.61512,-0.131287,0,-0.466398,0,2,0,0,0,9,
277283555,0.19,0.61512,-0.131287,0,0,0,2,0,0,0,9,
277283594,0.19,0.52712,-0.131287,0,0,0,2,0,0,0,9,
277283634,0.19,0.52712,-0.131287,0,0,0,2,0,0,0,9,
277283674,0.19,0.52712,-0.131287,0,0,0,2,0,0,0,9,
277283714,0.19,0.43912,-0.135,0,0,0,2,0,0,0,9,
277283754,0.19,0.43912,-0.135,0,0,0,2,0,0,0,9,
277283794,0.19,0.35112,-0.135,0,0,0,2,0,0,0,9,
277283834,0.19,0.35112,-0.135,0,0,0,2,0,0,0,9,
277283874,0.19,0.35112,-0.135,0,0,0,2,0,0,0,9,
277283914,0.19,0.26312,-0.135,0,0,0,2,0,0,0,9,
277283954,0.19,0.26312,-0.135,0,0,0,2,0,0,0,9,
277283994,0.19,0.17512,-0.135,0,0,0,2,0,0,0,9,
277284034,0.19,0.17512,-0.135,0,0,0,2,0,0,0,9,
277284074,0.19,0.17512,-0.135,0,0,0,2,0,0,0,9,
277284114,0.19,0.08712,-0.135,0,0,0,2,0,0,0,9,
277284155,0.19,0.08712,-0.135,0,0,0,2,0,0,0,9,
277284194,0.19,0.08712,-0.135,0,0,0,2,0,0,0,9,
277284234,0.19,0.08712,-0.135,0,0,0,2,0,0,0,9,
277284274,0.19,-0.00088002,-0.135,0,0,0,2,0,0,0,9,
277284314,0.19,-0.00088002,-0.135,0,0,0,2,0,0,0,9,
277284354,0.19,-0.08888,-0.135,0,0,0,2,0,0,0,9,
277284394,0.19,-0.08888,-0.135,0,0,0,2,0,0,0,9,
277284434,0.19,-0.08888,-0.135,0,0,0,2,0,0,0,9,
277284475,0.19,-0.08888,-0.135,0,0,0,2,0,0,0,9,
277284514,0.19,-0.17688,-0.135,0,0,0,2,0,0,0,9,
277284554,0.19,-0.17688,-0.135,0,0,0,2,0,0,0,9,
277284594,0.19,-0.26488,-0.135,0,0,0,2,0,0,0,9,
277284634,0.19,-0.26488,-0.135,0,0,0,2,0,0,0,9,
277284674,0.19,-0.26488,-0.135,0,0,0,2,0,0,0,9,
277284714,0.19,-0.26488,-0.135,0,0,0,2,0,0,0,9,
277284754,0.19,-0.26488,-0.135,0,0,0,2,0,0,0,9,
277284795,0.19,-0.26488,-0.135,0,0,0,2,0,0,0,9,
277284834,0.19,-0.35288,-0.135,0,0,0,2,0,0,0,9,
277284874,0.19,-0.35288,-0.135,0,0,0,2,0,0,0,9,
277284914,0.19,-0.35288,-0.135,0,0,0,2,0,0,0,9,
277284954,0.19,-0.44088,-0.135,0,52.6417,0,2,0,0,0,9,
277284994,0.19,-0.44088,-0.135,0,87.7361,0,2,0,0,0,9,
277285034,0.19,-0.44088,-0.135,0,87.7361,0,2,0,0,0,9,
277285074,0.19,-0.44088,-0.135,0,87.7361,0,2,0,0,0,9,
277285115,0.19,-0.44088,-0.135,0,87.7361,0,2,0,0,0,9,
277285154,0.19,-0.52888,-0.135,0,165.176,0,2,0,0,0,9,
277285194,0.19005,-0.52888,-0.135,0,281.336,0,2,0,0,0,9,
277285234,0.19005,-0.52888,-0.135,0,281.336,0,2,0,0,0,9,
277285274,0.195,-0.61688,-0.135,0,436.216,0,2,0,0,0,9,
277285314,0.195,-0.61688,-0.135,0,474.936,0,2,0,0,0,9,
277285354,0.195,-0.61688,-0.135,0,474.936,0,2,0,0,0,9,
277285394,0.195,-0.61688,-0.135,0,474.936,0,2,0,0,0,9,
277285435,0.195,-0.61688,-0.135,0,474.936,0,2,0,0,0,9,
277285474,0.195,-0.61688,-0.135,0,474.936,0,2,0,0,0,9,
277285514,0.195,-0.61688,-0.135,0,474.936,0,2,0,0,0,9,
277285554,0.195,-0.61688,-0.135,0,474.936,0,2,0,0,0,9,
277285594,0.195,-0.61688,-0.135,0,474.936,0,2,0,0,0,9,
277285634,0.195,-0.61688,-0.135,0,474.936,0,2,0,0,0,9,
277285674,0.195,-0.61688,-0.135,0,474.936,0,2,0,0,0,9,
277285714,0.195,-0.61688,-0.135,0,474.936,0,2,0,0,0,9,
277285754,0.195,-0.61688,-0.135,0,474.936,0,2,0,0,0,9,
277285794,0.195,-0.70312,-0.135,0,588.773,0,2,0,0,0,9,
277285834,0.195,-0.70312,-0.135,0,664.664,0,2,0,0,0,9,
277285874,0.195,-0.70312,-0.135,0,664.664,0,2,0,0,0,9,
277285914,0.195,-0.61512,-0.135,0,509.784,0,2,0,0,0,9,
277285954,0.195,-0.61512,-0.135,0,471.064,0,2,0,0,0,9,
277285994,0.195,-0.61512,-0.135,0,471.064,0,2,0,0,0,9,
277286035,0.195,-0.61512,-0.135,0,471.064,0,2,0,0,0,9,
277286074,0.195,-0.61512,-0.135,0,471.064,0,2,0,0,0,9,
277286114,0.195,-0.61512,-0.135,0,471.064,0,2,0,0,0,9,
277286154,0.195,-0.52712,-0.135,0,393.624,0,2,0,0,0,9,
277286194,0.195,-0.52712,-0.135,0,277.464,0,2,0,0,0,9,
277286234,0.195,-0.52712,-0.135,0,277.464,0,2,0,0,0,9,
277286274,0.195,-0.43912,-0.135,0,219.384,0,2,0,0,0,9,
277286314,0.195,-0.43912,-0.135,0,83.864,0,2,0,0,0,9,
277286355,0.195,-0.43912,-0.135,0,83.864,0,2,0,0,0,9,
277286394,0.195,-0.43912,-0.135,0,83.864,0,2,0,0,0,9,
277286434,0.195,-0.43912,-0.135,0,83.864,0,2,0,0,0,9,
277286474,0.195,-0.43912,-0.135,0,83.864,0,2,0,0,0,9,
277286514,0.195,-0.43912,-0.135,0,83.864,0,2,0,0,0,9,
277286554,0.195,-0.43912,-0.135,0,83.864,0,2,0,0,0,9,
277286594,0.195,-0.43912,-0.135,0,83.864,0,2,0,0,0,9,
277286634,0.195,-0.43912,-0.135,0,83.864,0,2,0,0,0,9,
277286675,0.195,-0.43912,-0.135,0,83.864,0,2,0,0,0,9,
277286714,0.195,-0.43912,-0.150075,0,83.864,0,2,0,0,0,9,
277286754,0.21005,-0.43912,-0.206437,0,83.864,0,2,0,0,0,9,
277286794,0.235,-0.43912,-0.28515,0,83.864,0,2,0,0,0,9,
277286834,0.245,-0.43912,-0.337537,0,83.864,0,2,0,0,0,9,
277286874,0.245,-0.43912,-0.352537,0,83.864,0,2,0,0,0,9,
277286914,0.245,-0.43912,-0.371325,0,83.864,0,2,0,0,0,9,
277286954,0.245,-0.43912,-0.401287,0,83.864,0,2,0,0,0,9,
277286995,0.24505,-0.43912,-0.408787,0,83.864,0,2,0,0,0,9,
277287034,0.24505,-0.43912,-0.408787,0,83.864,0,2,0,0,0,9,
277287074,0.24505,-0.43912,-0.408787,0,83.864,0,2,0,0,0,9,
277287114,0.24505,-0.43912,-0.408787,0,83.864,0,2,0,0,0,9,
277287154,0.24505,-0.43912,-0.408787,0,83.864,0,2,0,0,0,9,
277287194,0.25005,-0.43912,-0.420038,0,83.864,0,2,0,0,0,9,
277287234,0.26005,-0.43912,-0.446325,1.65673,82.6846,0.924039,2,0,0,0,9,
277287274,0.285,-0.43912,-0.51015,3.72201,81.3467,1.35453,2,0,0,0,9,
277287315,0.3,-0.43912,-0.596362,0,83.864,0,2,0,0,0,9,
277287354,0.305,-0.43912,-0.637538,0,83.864,0,2,0,0,0,9,
277287394,0.305,-0.43912,-0.637538,0,83.864,0,2,0,0,0,9,
277287434,0.305,-0.43912,-0.637538,0,83.864,0,2,0,0,0,9,
277287474,0.305,-0.43912,-0.637538,0,83.864,0,2,0,0,0,9,
277287514,0.305,-0.43912,-0.637538,0,83.864,0,2,0,0,0,9,
277287554,0.305,-0.43912,-0.637538,0,83.864,0,2,0,0,0,9,
277287594,0.30495,-0.43912,-0.637462,0,83.864,0,2,0,0,0,9,
277287634,0.26985,-0.43912,-0.622462,0,83.864,0,2,0,0,0,9,
277287674,0.1748,-0.43912,-0.6075,1.26992,81.3932,-3.33524,2,0,0,0,9,
277287714,0.03455,-0.43912,-0.60375,-0.982771,65.4874,-23.9969,2,0,0,0,9,
277287754,-0.1353,-0.43912,-0.6,2.75018,77.1773,-8.66432,2,0,0,0,9,
277287794,-0.29035,-0.43912,-0.6,-2.50137,72.003,-15.3897,2,0,0,0,9,
277287834,-0.4352,-0.43912,-0.6,0,83.864,0,2,0,0,0,9,
277287874,-0.5302,-0.43912,-0.592462,0,83.864,0,2,0,0,0,9,
277287915,-0.65015,-0.43912,-0.569925,21.483,83.864,0,2,0,0,0,9,
277287954,-0.71505,-0.43912,-0.551212,191.664,83.864,0,2,0,0,0,9,
277287994,-0.74505,-0.43912,-0.54,279.532,83.864,0,2,0,0,0,9,
277288034,-0.7951,-0.43912,-0.524962,369.831,83.864,0,2,0,0,0,9,
277288074,-0.83005,-0.43912,-0.51375,472.043,83.864,0,2,0,0,0,9,
277288114,-0.8651,-0.43912,-0.51,540.265,83.864,0,2,0,0,0,9,
277288154,-0.89505,-0.43912,-0.509962,624.943,83.864,0,2,0,0,0,9,
277288194,-0.89505,-0.43912,-0.509962,646.91,83.864,0,2,0,0,0,9,
277288235,-0.89985,-0.43912,-0.50625,647.966,83.864,0,2,0,0,0,9,
277288274,-0.8048,-0.43912,-0.50625,579.271,83.864,0,2,0,0,0,9,
277288314,-0.6848,-0.43912,-0.506288,320.694,83.864,0,2,0,0,0,9,
277288354,-0.5898,-0.43912,-0.5175,82.3461,83.864,0,2,0,0,0,9,
277288394,-0.49485,-0.43912,-0.5175,0,83.864,0,2,0,0,0,9,
277288434,-0.42985,-0.43912,-0.525,0,83.864,0,2,0,0,0,9,
277288474,-0.35985,-0.43912,-0.52875,0,83.864,0,2,0,0,0,9,
277288514,-0.27985,-0.43912,-0.5325,0,83.864,0,2,0,0,0,9,
277288555,-0.1948,-0.43912,-0.543788,0,83.864,0,2,0,0,0,9,
277288594,-0.0998,-0.43912,-0.562537,0,83.864,0,2,0,0,0,9,
277288634,-0.01985,-0.43912,-0.581288,0,83.864,0,2,0,0,0,9,
277288674,0.0500999,-0.43912,-0.596287,0,83.864,0,2,0,0,0,9,
277288714,0.0900499,-0.43912,-0.61125,0,83.864,0,2,0,0,0,9,
277288754,0.12005,-0.43912,-0.61125,0,83.864,0,2,0,0,0,9,
277288794,0.15505,-0.43912,-0.61125,0,83.864,0,2,0,0,0,9,
277288834,0.1851,-0.43912,-0.61125,0,83.864,0,2,0,0,0,9,
277288875,0.21505,-0.43912,-0.6075,0,83.864,0,2,0,0,0,9,
277288914,0.24005,-0.43912,-0.596212,0,83.864,0,2,0,0,0,9,
277288954,0.2751,-0.43912,-0.573675,0,83.864,0,2,0,0,0,9,
277288994,0.305,-0.43912,-0.539925,0,83.864,0,2,0,0,0,9,
277289034,0.32,-0.43912,-0.498637,0,83.864,0,2,0,0,0,9,
277289074,0.33505,-0.43912,-0.431063,0,83.864,0,2,0,0,0,9,
277289114,0.35,-0.43912,-0.34485,0,83.864,0,2,0,0,0,9,
277289154,0.35,-0.43912,-0.311212,0,83.864,0,2,0,0,0,9,
277289195,0.35,-0.43912,-0.299962,0,83.864,0,2,0,0,0,9,
277289234,0.35,-0.43912,-0.269925,0,83.864,0,2,0,0,0,9,
277289274,0.35,-0.43912,-0.258712,0,83.864,0,2,0,0,0,9,
277289314,0.34995,-0.43912,-0.255,0,83.864,0,2,0,0,0,9,
277289354,0.34995,-0.43912,-0.255,0,83.864,0,2,0,0,0,9,
277289394,0.34995,-0.43912,-0.255,0,83.864,0,2,0,0,0,9,
277289434,0.34995,-0.43912,-0.255,0,83.864,0,2,0,0,0,9,
277289474,0.34995,-0.43912,-0.255,0,83.864,0,2,0,0,0,9,
277289515,0.34505,-0.43912,-0.255,0,83.864,0,2,0,0,0,9,
277289554,0.36005,-0.43912,-0.239962,0,83.864,0,2,0,0,0,9,
277289594,0.38,-0.43912,-0.194887,0,83.864,0,2,0,0,0,9,
277289634,0.385,-0.43912,-0.10845,0,83.864,0,2,0,0,0,9,
277289674,0.39,-0.43912,0.00768757,-1.29659,74.4902,-19.8476,2,0,0,0,9,
277289714,0.39,-0.43912,0.0825751,-13.6304,-14.3539,-125.967,2,0,0,0,9,
277289754,0.39,-0.43912,0.108788,-25.4856,-96.6147,-135.689,2,0,0,0,9,
277289795,0.39,-0.43912,0.135075,-29.7646,-118.182,-106.598,2,0,0,0,9,
277289834,0.37995,-0.43912,0.176325,-39.2327,-130.268,-49.0056,2,0,0,0,9,
277289874,0.35495,-0.43912,0.2364,-60.5856,-88.8332,14.803,2,0,0,0,9,
277289914,0.32995,-0.43912,0.303863,-38.5978,14.5228,36.6059,2,0,0,0,9,
277289954,0.31495,-0.43912,0.345075,-2.251,80.6373,2.58608,2,0,0,0,9,
277289994,0.29495,-0.43912,0.397613,0,83.864,0,2,0,0,0,9,
277290034,0.28,-0.43912,0.435038,0,83.864,0,2,0,0,0,9,
277290074,0.28,-0.43912,0.442538,0,83.864,0,2,0,0,0,9,
277290115,0.28505,-0.43912,0.45375,0,83.864,0,2,0,0,0,9,
277290154,0.30505,-0.43912,0.468787,0,83.864,0,2,0,0,0,9,
277290194,0.325,-0.43912,0.502612,0,83.864,-0.354741,2,0,0,0,9,
277290234,0.33,-0.43912,0.566437,0,83.864,-70.422,2,0,0,0,9,
277290274,0.325,-0.43912,0.660225,0,83.864,-247.096,2,0,0,0,9,
277290314,0.30995,-0.43912,0.753937,0,83.864,-456.629,2,0,0,0,9,
277290354,0.3,-0.43912,0.821288,0,83.864,-638.814,2,0,0,0,9,
277290394,0.29995,-0.43912,0.825,0,83.864,-711.983,2,0,0,0,9,
277290435,0.295,-0.43912,0.824962,0,83.864,-712.792,2,0,0,0,9,
277290474,0.295,-0.43912,0.802425,0,83.864,-697.009,2,0,0,0,9,
277290514,0.295,-0.43912,0.768675,0,83.864,-627.677,2,0,0,0,9,
277290554,0.29495,-0.43912,0.7575,0,83.864,-574.943,2,0,0,0,9,
277290594,0.29,-0.43912,0.749963,0,83.864,-562.609,2,0,0,0,9,
277290634,0.29,-0.43912,0.678488,0,83.864,-487.212,2,0,0,0,9,
277290674,0.31505,-0.43912,0.513375,0,83.864,-221.999,2,0,0,0,9,
277290714,0.34005,-0.43912,0.356063,-12.9508,80.4508,-2.70713,2,0,0,0,9,
277290755,0.355,-0.43912,0.258637,-16.1304,79.1128,-5.11273,2,0,0,0,9,
277290794,0.37,-0.43912,0.183563,0,83.864,0,2,0,0,0,9,
277290834,0.38005,-0.43912,0.10485,0,83.864,0,2,0,0,0,9,
277290874,0.39505,-0.43912,0.0524626,0,83.864,0,2,0,0,0,9,
277290914,0.40005,-0.43912,0.0374626,0,83.864,0,2,0,0,0,9,
277290954,0.40005,-0.43912,0.0374626,0,83.864,0,2,0,0,0,9,
277290994,0.405,-0.43912,0.0337126,0,83.864,0,2,0,0,0,9,
277291034,0.405,-0.43912,0.0337126,0,83.864,0,2,0,0,0,9,
277291075,0.40505,-0.43912,0.03,0,83.864,0,2,0,0,0,9,
277291114,0.40505,-0.43912,0.03,0,83.864,0,2,0,0,0,9,
277291154,0.40505,-0.43912,0.03,0,83.864,0,2,0,0,0,9,
277291194,0.40505,-0.43912,0.03,0,83.864,0,2,0,0,0,9,
277291234,0.41005,-0.43912,0.03,0,83.864,0,2,0,0,0,9,
277291274,0.41005,-0.43912,0.03,0,83.864,0,2,0,0,0,9,
277291314,0.41005,-0.43912,0.03,0,83.864,0,2,0,0,0,9,
277291354,0.41005,-0.43912,0.03,0,83.864,0,2,0,0,0,9,
277291395,0.41005,-0.43912,0.03,0,83.864,0,2,0,0,0,9,
277291434,0.41005,-0.43912,0.03,0,83.864,0,2,0,0,0,9,
277291474,0.41005,-0.43912,0.03,0,83.864,0,2,0,0,0,9,
277291514,0.41005,-0.43912,0.03,0,83.864,0,2,0,0,0,9,
277291554,0.41005,-0.43912,0.03,0,83.864,0,2,0,0,0,9,
277291594,0.41005,-0.43912,0.03,0,83.864,0,2,0,0,0,9,
277291634,0.41005,-0.43912,0.03,0,83.864,0,2,0,0,0,9,
277291674,0.41005,-0.43912,0.03,0,83.864,0,2,0,0,0,9,
277291714,0.41005,-0.43912,0.03,0,83.864,0,2,0,0,0,9,
277291754,0.415,-0.43912,0.0224626,0,83.864,0,2,0,0,0,9,
277291794,0.3999,-0.43912,0.00746258,0,83.864,0,2,0,0,0,9,
277291834,0.36,-0.43912,0.0298875,0,83.864,0,2,0,0,0,9,
277291874,0.36,-0.43912,-0.0112874,0,83.864,0,2,0,0,0,9,
277291914,0.36,-0.43912,-0.0112874,0,83.864,0,2,0,0,0,9,
277291954,0.36,-0.43912,-0.0112874,0,83.864,0,2,0,0,0,9,
277291995,0.36,-0.43912,-0.0112874,0,83.864,0,2,0,0,0,9,
277292034,0.36,-0.43912,-0.0112874,0,83.864,0,2,0,0,0,9,
277292074,0.36,-0.43912,-0.0112874,0,83.864,0,2,0,0,0,9,
277292114,0.36,-0.43912,-0.0112874,0,83.864,0,2,0,0,0,9,
277292154,0.36,-0.43912,-0.0112874,0,83.864,0,2,0,0,0,9,
277292194,0.36,-0.43912,-0.0112874,0,83.864,0,2,0,0,0,9,
277292234,0.36,-0.43912,-0.0112874,0,83.864,0,2,0,0,0,9,
277292274,0.36,-0.43912,-0.0112874,0,83.864,0,2,0,0,0,9,
277292315,0.36,-0.43912,-0.0112874,0,83.864,0,2,0,0,0,9,
277292354,0.36,-0.43912,-0.0112874,0,83.864,0,2,0,0,0,9,
277292394,0.36,-0.43912,-0.0112874,0,83.864,0,2,0,0,0,9,
277292434,0.36,-0.43912,-0.0112874,0,83.864,0,2,0,0,0,9,
277292474,0.36,-0.43912,-0.0112874,0,83.864,0,2,0,0,0,9,
277292514,0.36,-0.43912,-0.0112874,0,83.864,0,2,0,0,0,9,
277292554,0.36,-0.43912,-0.0112874,0,83.864,0,2,0,0,0,9,
277292594,0.36,-0.43912,-0.0112874,0,83.864,0,2,0,0,0,9,
277292635,0.36,-0.43912,-0.0112874,0,83.864,0,2,0,0,0,9,
277292674,0.36,-0.43912,-0.0112874,0,83.864,0,2,0,0,0,9,
277292714,0.36,-0.43912,-0.0112874,0,83.864,0,2,0,0,0,9,
277292754,0.36,-0.43912,-0.0112874,0,83.864,0,2,0,0,0,9,
277292794,0.36,-0.43912,-0.0112874,0,83.864,0,2,0,0,0,9,
277292834,0.36,-0.43912,-0.0112874,0,83.864,0,2,0,0,0,9,
277292874,0.36,-0.43912,-0.0112874,0,83.864,0,2,0,0,0,9,
277292914,0.36,-0.43912,-0.0112874,0,83.864,0,2,0,0,0,9,
277292955,0.36,-0.43912,-0.0112874,0,83.864,0,2,0,0,0,9,
277292994,0.36,-0.43912,-0.0112874,0,83.864,0,2,0,0,0,9,
277293034,0.36,-0.43912,-0.0112874,0,83.864,0,2,0,0,0,9,
277293074,0.36,-0.43912,-0.0112874,0,83.864,0,2,0,0,0,9,
277293114,0.36,-0.43912,-0.0112874,0,83.864,0,2,0,0,0,9,
277293154,0.42985,-0.43912,-0.162262,0,83.864,0,2,0,0,0,9,
277293194,0.4001,-0.43912,-0.487612,0,83.864,0,2,0,0,0,9,
277293234,0.4853,-0.43912,-0.540337,0,83.864,0,2,0,0,0,9,
277293275,0.61015,-0.43912,-0.675263,-2.013,83.864,0,2,0,0,0,9,
277293314,0.6801,-0.43912,-0.8178,-81.708,83.864,0,2,0,0,0,9,
277293354,0.705,-0.43912,-0.930112,-212.388,83.864,0,2,0,0,0,9,
277293394,0.705,-0.43912,-0.945038,-228.8,83.864,0,2,0,0,0,9,
277293434,0.705,-0.43912,-0.948712,-228.8,83.864,0,2,0,0,0,9,
277293474,0.68995,-0.43912,-0.877162,-214.423,83.864,0,2,0,0,0,9,
277293514,0.675,-0.43912,-0.6558,-172.645,83.864,0,2,0,0,0,9,
277293554,0.65995,-0.43912,-0.442125,-157.223,83.864,0,2,0,0,0,9,
277293594,0.6048,-0.43912,-0.292275,-81.136,83.864,0,2,0,0,0,9,
277293634,0.47975,-0.43912,-0.217387,-1.672,83.864,0,2,0,0,0,9,
277293674,0.3648,-0.43912,-0.179962,0,83.864,0,2,0,0,0,9,
277293714,0.28485,-0.43912,-0.146138,0,83.864,0,2,0,0,0,9,
277293754,0.24,-0.43912,-0.112462,0,83.864,0,2,0,0,0,9,
277293794,0.23995,-0.43912,-0.108712,0,83.864,0,2,0,0,0,9,
277293834,0.235,-0.43912,-0.0937125,0,83.864,0,2,0,0,0,9,
277293875,0.24505,-0.43912,-0.0599249,0,83.864,0,2,0,0,0,9,
277293914,0.25,-0.43912,-0.0073875,0,83.864,0,2,0,0,0,9,
277293954,0.25,-0.43912,0.0488625,0,83.864,0,2,0,0,0,9,
277293994,0.25,-0.43912,0.1089,0,83.864,0,2,0,0,0,9,
277294034,0.255,-0.43912,0.229125,0,83.864,0,2,0,0,0,9,
277294074,0.255,-0.43912,0.446738,0,83.864,0,2,0,0,0,9,
277294114,0.255,-0.43912,0.656587,0,83.864,-140.671,2,0,0,0,9,
277294154,0.255,-0.43912,0.753825,0,83.864,-473.921,2,0,0,0,9,
277294195,0.255,-0.43912,0.753825,0,83.864,-556.215,2,0,0,0,9,
277294234,0.255,-0.43912,0.753825,0,83.864,-556.215,2,0,0,0,9,
277294274,0.255,-0.43912,0.753825,0,83.864,-556.215,2,0,0,0,9,
277294314,0.255,-0.43912,0.757425,0,83.864,-560.258,2,0,0,0,9,
277294354,0.25,-0.43912,0.655875,0,83.864,-482.113,2,0,0,0,9,
277294394,0.25005,-0.43912,0.44205,0,83.864,-132.825,2,0,0,0,9,
277294434,0.28005,-0.43912,0.262313,0,83.864,0,2,0,0,0,9,
277294475,0.32005,-0.43912,0.191137,-1.1723,83.1561,1.26081,2,0,0,0,9,
277294515,0.3651,-0.43912,0.142388,-45.1908,47.6415,48.8474,2,0,0,0,9,
277294554,0.4101,-0.43912,0.0523125,-99.7528,-53.2549,94.4667,2,0,0,0,9,
277294594,0.445,-0.43912,-0.0376125,-56.5071,-111.043,-78.5252,2,0,0,0,9,
277294634,0.45,-0.43912,-0.0600374,-5.82642,-12.1501,-111.155,2,0,0,0,9,
277294674,0.45,-0.43912,-0.0600374,-8.29384,-1.32749,-93.3718,2,0,0,0,9,
277294714,0.45,-0.43912,-0.0600374,-11.6565,7.56018,-77.4007,2,0,0,0,9,
277294754,0.455,-0.43912,-0.0223124,-15.2671,7.0989,-66.1694,2,0,0,0,9,
277294794,0.465,-0.43912,0.0225751,-22.0608,-56.8278,-50.4626,2,0,0,0,9,
277294835,0.46505,-0.43912,0.03,-23.5045,-48.9135,-39.9202,2,0,0,0,9,
277294874,0.5051,-0.43912,-0.052725,-14.4697,-16.3433,-39.3727,2,0,0,0,9,
277294914,0.54005,-0.43912,-0.183975,0.108778,80.2925,-3.29902,2,0,0,0,9,
277294954,0.56505,-0.43912,-0.273862,0,83.864,0,2,0,0,0,9,
277294994,0.585,-0.43912,-0.322537,0,83.864,0,2,0,0,0,9,
277295034,0.58505,-0.43912,-0.326287,0,83.864,0,2,0,0,0,9,
277295074,0.595,-0.43912,-0.330037,0,83.864,0,2,0,0,0,9,
277295114,0.61005,-0.43912,-0.33375,-3.77295,83.864,0,2,0,0,0,9,
277295155,0.65015,-0.43912,-0.3225,-55.1979,83.864,0,2,0,0,0,9,
277295194,0.72015,-0.43912,-0.322575,-168.608,83.864,0,2,0,0,0,9,
277295234,0.82025,-0.43912,-0.409125,-364.551,83.864,0,2,0,0,0,9,
277295274,0.9252,-0.43912,-0.596738,-613.151,83.864,0,2,0,0,0,9,
277295314,1.00515,-0.43912,-0.8217,-798.941,83.864,0,2,0,0,0,9,
277295354,1.035,-0.43912,-0.9489,-932.899,83.864,0,2,0,0,0,9,
277295394,1.035,-0.43912,-0.975038,-954.8,83.864,0,2,0,0,0,9,
277295434,1.0249,-0.43912,-0.982425,-950.312,83.864,0,2,0,0,0,9,
277295474,0.9699,-0.43912,-0.911025,-876.458,83.864,0,2,0,0,0,9,
277295514,0.92995,-0.43912,-0.775912,-769.824,83.864,0,2,0,0,0,9,
277295554,0.89495,-0.43912,-0.56955,-692.846,83.864,0,2,0,0,0,9,
277295594,0.86495,-0.43912,-0.389775,-611.468,83.864,0,2,0,0,0,9,
277295634,0.84995,-0.43912,-0.307388,-564.234,83.864,0,2,0,0,0,9,
277295674,0.82995,-0.43912,-0.243638,-527.912,83.864,0,2,0,0,0,9,
277295714,0.81995,-0.43912,-0.1761,-490.556,83.864,0,2,0,0,0,9,
277295755,0.80495,-0.43912,-0.082275,-460.834,83.864,0,2,0,0,0,9,
277295794,0.785,-0.43912,0.0189,-422.323,83.864,0,2,0,0,0,9,
277295834,0.785,-0.43912,0.0750751,-404.8,83.864,0,2,0,0,0,9,
277295874,0.785,-0.43912,0.108862,-404.8,83.864,0,2,0,0,0,9,
277295914,0.785,-0.43912,0.172688,-404.8,83.864,0,2,0,0,0,9,
277295954,0.785,-0.43912,0.281513,-404.8,83.864,0,2,0,0,0,9,
277295994,0.785,-0.43912,0.382688,-404.8,83.864,0,2,0,0,0,9,
277296034,0.785,-0.43912,0.46515,-404.8,83.864,0,2,0,0,0,9,
277296075,0.79005,-0.43912,0.525038,-408.133,83.864,-11.6572,2,0,0,0,9,
277296114,0.795,-0.43912,0.536288,-425.711,83.864,-67.7325,2,0,0,0,9,
277296154,0.80505,-0.43912,0.555037,-434.555,83.864,-91.6575,2,0,0,0,9,
277296194,0.82505,-0.43912,0.588788,-470.888,83.864,-152.773,2,0,0,0,9,
277296234,0.83005,-0.43912,0.600038,-502.744,83.864,-208.807,2,0,0,0,9,
277296274,0.83505,-0.43912,0.60375,-505.01,83.864,-218.699,2,0,0,0,9,
277296314,0.8551,-0.43912,0.60375,-532.521,83.864,-226.05,2,0,0,0,9,
277296354,0.89505,-0.43912,0.60375,-602.965,83.864,-226.05,2,0,0,0,9,
277296395,0.94015,-0.43912,0.622575,-692.12,83.864,-236.874,2,0,0,0,9,
277296434,1.0151,-0.43912,0.690188,-818.73,83.864,-325.364,2,0,0,0,9,
277296474,1.0651,-0.43912,0.783937,-959.42,83.864,-509.446,2,0,0,0,9,
277296514,1.1051,-0.43912,0.8739,-1069.38,83.864,-723.088,2,0,0,0,9,
277296554,1.14005,-0.43912,0.9639,-1151.84,83.864,-916.146,2,0,0,0,9,
277296594,1.165,-0.43912,1.03507,-1213.4,83.864,-1100.02,2,0,0,0,9,
277296634,1.175,-0.43912,1.07254,-1254.04,83.864,-1222.81,2,0,0,0,9,
277296674,1.175,-0.43912,1.07629,-1262.8,83.864,-1264.81,2,0,0,0,9,
277296715,1.175,-0.43912,1.08379,-1262.8,83.864,-1268.93,2,0,0,0,9,
277296754,1.175,-0.43912,1.08379,-1262.8,83.864,-1282.13,2,0,0,0,9,
277296794,1.15995,-0.43912,1.07989,-1257.23,83.864,-1283.69,2,0,0,0,9,
277296834,1.12995,-0.43912,0.970875,-1196.67,83.864,-1176.74,2,0,0,0,9,
277296874,1.12,-0.43912,0.783375,-1146.17,83.864,-827.475,2,0,0,0,9,
277296914,1.1351,-0.43912,0.626025,-1151.79,83.864,-431.64,2,0,0,0,9,
277296954,1.15505,-0.43912,0.53235,-1203.48,83.864,-163.779,2,0,0,0,9,
277296994,1.18005,-0.43912,0.44985,-1248.61,83.864,-14.0745,2,0,0,0,9,
277297035,1.20005,-0.43912,0.3561,-1295.89,83.864,0,2,0,0,0,9,
277297074,1.22505,-0.43912,0.28485,-1338.8,83.864,0,2,0,0,0,9,
277297114,1.2551,-0.43912,0.1986,-1404.84,83.864,0,2,0,0,0,9,
277297154,1.2901,-0.43912,0.112275,-1479.65,83.864,0,2,0,0,0,9,
277297194,1.33515,-0.43912,-0.00401241,-1563.31,83.864,0,2,0,0,0,9,
277297234,1.3901,-0.43912,-0.124012,-1665.69,83.864,0,2,0,0,0,9,
277297274,1.44015,-0.43912,-0.221475,-1782.27,83.864,0,2,0,0,0,9,
277297314,1.49005,-0.43912,-0.296325,-1914.2,83.864,0,2,0,0,0,9,
277297354,1.49005,-0.43912,-0.296325,-1955.91,83.864,0,2,0,0,0,9,
277297394,1.48995,-0.43912,-0.288675,-1960.22,83.864,0,2,0,0,0,9,
277297434,1.45995,-0.43912,-0.205987,-1923.77,83.864,0,2,0,0,0,9,
277297474,1.42495,-0.43912,-0.0108,-1857.75,83.864,0,2,0,0,0,9,
277297514,1.415,-0.43912,0.176513,-1795.17,83.864,0,2,0,0,0,9,
277297554,1.415,-0.43912,0.2739,-1790.8,83.864,0,2,0,0,0,9,
277297594,1.4251,-0.43912,0.3339,-1801.87,83.864,0,2,0,0,0,9,
277297635,1.44505,-0.43912,0.412725,-1841.48,83.864,0,2,0,0,0,9,
277297674,1.44995,-0.43912,0.544088,-1866.71,83.864,-8.61304,2,0,0,0,9,
277297714,1.42495,-0.43912,0.705225,-1845.69,83.864,-236.659,2,0,0,0,9,
277297754,1.41995,-0.43912,0.825225,-1803.97,83.864,-576.37,2,0,0,0,9,
277297794,1.415,-0.43912,0.945225,-1791.89,83.864,-840.378,2,0,0,0,9,
277297834,1.415,-0.43912,1.04651,-1790.8,83.864,-1090.28,2,0,0,0,9,
277297874,1.41495,-0.43912,1.16648,-1790.79,83.864,-1328.77,2,0,0,0,9,
277297914,1.38495,-0.43912,1.26015,-1762.07,83.864,-1575.32,2,0,0,0,9,
277297955,1.32985,-0.43912,1.33894,-1670.64,83.864,-1755.13,2,0,0,0,9,
277297994,1.25485,-0.43912,1.43644,-1535.27,83.864,-1942.48,2,0,0,0,9,
277298034,1.21985,-0.43912,1.47765,-1385.65,83.864,-2120.63,2,0,0,0,9,
277298074,1.21985,-0.43912,1.47765,-1361.47,83.864,-2148.63,2,0,0,0,9,
277298114,1.21985,-0.43912,1.47765,-1361.47,83.864,-2148.63,2,0,0,0,9,
277298154,1.21985,-0.43912,1.47765,-1361.47,83.864,-2148.63,2,0,0,0,9,
277298194,1.21985,-0.43912,1.47765,-1361.47,83.864,-2148.63,2,0,0,0,9,
277298234,1.21985,-0.43912,1.47765,-1361.47,83.864,-2148.63,2,0,0,0,9,
277298275,1.21985,-0.43912,1.47765,-1361.47,83.864,-2148.63,2,0,0,0,9,
277298314,1.198,-0.43912,1.49235,-1361.47,83.864,-2148.63,2,0,0,0,9,
277298354,0.3898,-0.43912,1.2933,-262.68,83.864,-2001.41,2,0,0,0,9,
277298394,0.30485,-0.43912,1.08337,0,83.864,-1505.64,2,0,0,0,9,
277298434,0.2399,-0.43912,0.967425,0,83.864,-1122.38,2,0,0,0,9,
277298474,0.1999,-0.43912,0.929887,0,83.864,-988.177,2,0,0,0,9,
277298514,0.1549,-0.43912,0.817163,0,83.864,-839.305,2,0,0,0,9,
277298554,0.1099,-0.43912,0.6447,0,83.864,-500.849,2,0,0,0,9,
277298595,0.0548999,-0.43912,0.49095,0,83.864,-147.559,2,0,0,0,9,
277298634,0.025,-0.43912,0.367387,0,83.864,0,2,0,0,0,9,
277298674,0.0653,-0.43912,0.3111,-2.16339,82.9691,0.223972,2,0,0,0,9,
277298714,0.20015,-0.43912,0.27375,-99.0554,-8.69897,-14.1042,2,0,0,0,9,
277298754,0.2952,-0.43912,0.27375,16.3594,-152.537,-50.3268,2,0,0,0,9,
277298794,0.3251,-0.43912,0.27375,125.043,-46.4473,-23.8976,2,0,0,0,9,
277298834,0.33495,-0.43912,0.273713,105.789,-24.8934,-17.6637,2,0,0,0,9,
277298874,0.2898,-0.43912,0.258675,85.471,-18.3557,-22.4432,2,0,0,0,9,
277298915,0.19985,-0.43912,0.236175,29.2422,-59.4806,-56.0439,2,0,0,0,9,
277298954,0.12485,-0.43912,0.202425,-26.7201,-9.13738,-50.9795,2,0,0,0,9,
277298994,0.06995,-0.43912,0.161138,-6.32685,73.6751,-7.44522,2,0,0,0,9,
277299034,0.0650499,-0.43912,0.108637,0,83.864,0,2,0,0,0,9,
277299074,0.1151,-0.43912,0.0147001,0,83.864,0,2,0,0,0,9,
277299114,0.15,-0.43912,-0.11655,12.6317,73.7647,4.18394,2,0,0,0,9,
277299154,0.13485,-0.43912,-0.262762,5.2557,18.0423,27.3368,2,0,0,0,9,
277299194,0.07485,-0.43912,-0.356325,-7.7728,46.6152,-9.9954,2,0,0,0,9,
277299234,-0.0102,-0.43912,-0.390075,0,83.864,0,2,0,0,0,9,
277299274,-0.10515,-0.43912,-0.420038,0,83.864,0,2,0,0,0,9,
277299314,-0.17005,-0.43912,-0.442538,0,83.864,0,2,0,0,0,9,
277299354,-0.19,-0.43912,-0.472575,0,83.864,0,2,0,0,0,9,
277299394,-0.1799,-0.43912,-0.5364,0,83.864,0,2,0,0,0,9,
277299434,-0.15995,-0.43912,-0.592612,0,83.864,0,2,0,0,0,9,
277299474,-0.13995,-0.43912,-0.630038,0,83.864,0,2,0,0,0,9,
277299515,-0.12495,-0.43912,-0.645038,0,83.864,0,2,0,0,0,9,
277299554,-0.0648,-0.43912,-0.667575,0,83.864,0,2,0,0,0,9,
277299594,0.0451999,-0.43912,-0.690037,0,83.864,0,2,0,0,0,9,
277299634,0.1552,-0.43912,-0.720075,-4.6601,63.2973,23.4191,2,0,0,0,9,
277299674,0.2351,-0.43912,-0.776437,26.9511,32.9826,39.884,2,0,0,0,9,
277299714,0.2801,-0.43912,-0.8778,14.2633,71.2051,2.30938,2,0,0,0,9,
277299754,0.31,-0.43912,-1.03905,0,83.864,0,2,0,0,0,9,
277299794,0.30995,-0.43912,-1.19655,0,83.864,0,2,0,0,0,9,
277299835,0.29495,-0.43912,-1.26754,0,83.864,0,2,0,0,0,9,
277299874,0.29495,-0.43912,-1.26754,0,83.864,0,2,0,0,0,9,
277299914,0.30005,-0.43912,-1.25242,0,83.864,0,2,0,0,0,9,
277299954,0.315,-0.43912,-1.1922,0,83.864,0,2,0,0,0,9,
277299994,0.315,-0.43912,-1.02712,0,83.864,0,2,0,0,0,9,
277300034,0.315,-0.43912,-0.865987,0,83.864,0,2,0,0,0,9,
277300074,0.31,-0.43912,-0.7536,0,83.864,0,2,0,0,0,9,
277300114,0.31,-0.43912,-0.6861,0,83.864,0,2,0,0,0,9,
277300155,0.31,-0.43912,-0.569662,0,83.864,0,2,0,0,0,9,
277300194,0.31,-0.43912,-0.400913,0,83.864,0,2,0,0,0,9,
277300234,0.31505,-0.43912,-0.281062,0,83.864,0,2,0,0,0,9,
277300274,0.33,-0.43912,-0.202387,0,83.864,0,2,0,0,0,9,
277300314,0.335,-0.43912,-0.179962,0,83.864,0,2,0,0,0,9,
277300354,0.335,-0.43912,-0.179962,0,83.864,0,2,0,0,0,9,
277300394,0.335,-0.43912,-0.179962,0,83.864,0,2,0,0,0,9,
277300434,0.335,-0.43912,-0.179962,0,83.864,0,2,0,0,0,9,
277300475,0.33,-0.43912,-0.187537,0,83.864,0,2,0,0,0,9,
277300514,0.32995,-0.43912,-0.213787,0,83.864,0,2,0,0,0,9,
277300554,0.33005,-0.43912,-0.255112,0,83.864,0,2,0,0,0,9,
277300594,0.3551,-0.43912,-0.330187,0,83.864,0,2,0,0,0,9,
277300634,0.3851,-0.43912,-0.4578,0,83.864,0,2,0,0,0,9,
277300674,0.4351,-0.43912,-0.600263,0,83.864,0,2,0,0,0,9,
277300714,0.4701,-0.43912,-0.682575,0,83.864,0,2,0,0,0,9,
277300754,0.51005,-0.43912,-0.731362,0,83.864,0,2,0,0,0,9,
277300795,0.5501,-0.43912,-0.783862,0,83.864,0,2,0,0,0,9,
277300834,0.60005,-0.43912,-0.84765,0,83.864,0,2,0,0,0,9,
277300874,0.63005,-0.43912,-0.907575,-30.2499,83.864,0,2,0,0,0,9,
277300914,0.63505,-0.43912,-0.915075,-73.8099,83.864,0,2,0,0,0,9,
277300954,0.63505,-0.43912,-0.915075,-74.9099,83.864,0,2,0,0,0,9,
277300994,0.64,-0.43912,-0.914887,-78.1769,83.864,0,2,0,0,0,9,
277301034,0.6199,-0.43912,-0.753225,-72.49,83.864,0,2,0,0,0,9,
277301074,0.61,-0.43912,-0.479437,-21.9781,83.864,0,2,0,0,0,9,
277301114,0.5899,-0.43912,-0.209475,-11.616,83.864,0,2,0,0,0,9,
277301154,0.55495,-0.43912,-0.0184499,0,83.864,0,2,0,0,0,9,
277301194,0.54,-0.43912,0.0863625,0,83.864,0,2,0,0,0,9,
277301234,0.54,-0.43912,0.131288,0,83.864,0,2,0,0,0,9,
277301274,0.54,-0.43912,0.135038,0,83.864,0,2,0,0,0,9,
277301314,0.54,-0.43912,0.135038,0,83.864,0,2,0,0,0,9,
277301354,0.54,-0.43912,0.135038,0,83.864,0,2,0,0,0,9,
277301395,0.54,-0.43912,0.135038,0,83.864,0,2,0,0,0,9,
277301434,0.54,-0.43912,0.135038,0,83.864,0,2,0,0,0,9,
277301474,0.54005,-0.43912,0.146362,0,83.864,0,2,0,0,0,9,
277301514,0.56005,-0.43912,0.2553,0,83.864,0,2,0,0,0,9,
277301554,0.57,-0.43912,0.442875,0,83.864,0,2,0,0,0,9,
277301594,0.55495,-0.43912,0.615338,0,83.864,-90.2797,2,0,0,0,9,
277301634,0.53495,-0.43912,0.738863,0,83.864,-402.27,2,0,0,0,9,
277301674,0.53,-0.43912,0.757538,0,83.864,-556.991,2,0,0,0,9,
277301715,0.53,-0.43912,0.757538,0,83.864,-564.383,2,0,0,0,9,
277301754,0.52995,-0.43912,0.76125,0,83.864,-566.016,2,0,0,0,9,
277301794,0.525,-0.43912,0.753713,0,83.864,-570.026,2,0,0,0,9,
277301834,0.52,-0.43912,0.700988,0,83.864,-513.703,2,0,0,0,9,
277301874,0.52,-0.43912,0.535875,0,83.864,-271.499,2,0,0,0,9,
277301914,0.53005,-0.43912,0.344662,0,83.864,-7.67249,2,0,0,0,9,
277301954,0.55005,-0.43912,0.25125,0,83.864,0,2,0,0,0,9,
277301994,0.56005,-0.43912,0.255075,0,83.864,0,2,0,0,0,9,
277302035,0.585,-0.43912,0.3114,0,83.864,0,2,0,0,0,9,
277302074,0.60005,-0.43912,0.408938,0,83.864,0,2,0,0,0,9,
277302114,0.615,-0.43912,0.480075,-12.584,83.864,0,2,0,0,0,9,
277302154,0.615,-0.43912,0.487538,-30.8001,83.864,0,2,0,0,0,9,
277302194,0.615,-0.43912,0.491288,-30.8001,83.864,0,2,0,0,0,9,
277302234,0.62005,-0.43912,0.517575,-36.333,83.864,-8.33255,2,0,0,0,9,
277302274,0.63505,-0.43912,0.58905,-58.3659,83.864,-101.838,2,0,0,0,9,
277302314,0.65,-0.43912,0.855862,-89.155,83.864,-436.07,2,0,0,0,9,
277302355,0.6399,-0.43912,1.29075,-105.534,83.864,-1265.79,2,0,0,0,9,
277302394,0.61485,-0.43912,1.42552,-42.5811,83.864,-1977.94,2,0,0,0,9,
277302434,0.61485,-0.43912,1.42552,-30.4701,83.864,-2033.95,2,0,0,0,9,
277302474,0.61485,-0.43912,1.42552,-30.4701,83.864,-2033.95,2,0,0,0,9,
277302514,0.565,-0.43912,1.4736,-15.2351,83.864,-2096.85,2,0,0,0,9,
277302554,0.565,-0.43912,1.35716,0,83.864,-2029.77,2,0,0,0,9,
277302594,0.5651,-0.43912,1.13573,0,83.864,-1656.41,2,0,0,0,9,
