milisec,RacketX,RacketY,RacketZ,forceX,forceX,forceX,ForceRatio,FriendPoint,EnemyPoint,haptics,scene
2286855,0,0,0,0,0,0,5.2,0,0,0,0,
2286871,0.00721816,-0.0775207,-0.00113477,0,0,0,0.8,0,0,0,0,
2286896,0.00869853,-0.100493,-0.000471798,0,0,0,1.4,0,0,0,0,
2286936,0.00985029,-0.11728,0.000420409,0,0,0,2,0,0,0,0,
2286976,0.0101773,-0.127553,0.00106678,0,0,0,2,0,0,0,0,
2287016,0.00974865,-0.130624,0.0012743,0,0,0,2,0,0,0,0,
2287056,0.00962925,-0.130019,0.00117654,0,0,0,2,0,0,0,0,
2287096,0.00943865,-0.129694,0.000985945,0,0,0,2,0,0,0,0,
2287137,0.00935641,-0.129554,0.000925357,0,0,0,2,0,0,0,0,
2287176,0.00935641,-0.129554,0.000925357,0,0,0,2,0,0,0,0,
2287216,0.00933258,-0.129513,0.000901523,0,0,0,2,0,0,0,0,
2287256,0.00933258,-0.129513,0.000901523,0,0,0,2,0,0,0,0,
2287296,0.00932069,-0.129493,0.00088963,0,0,0,2,0,0,0,0,
2287336,0.00932069,-0.129493,0.00088963,0,0,0,2,0,0,0,0,
2287377,0.00932069,-0.129493,0.00088963,0,0,0,2,0,0,0,0,
2287416,0.00933151,-0.129511,0.000878805,0,0,0,2,0,0,0,0,
2287456,0.00933151,-0.129511,0.000878805,0,0,0,2,0,0,0,0,
2287496,0.00933151,-0.129511,0.000878805,0,0,0,2,0,0,0,0,
2287536,0.00933151,-0.129511,0.000878805,0,0,0,2,0,0,0,0,
2287576,0.00933151,-0.129511,0.000878805,0,0,0,2,0,0,0,0,
2287616,0.00933151,-0.129511,0.000878805,0,0,0,2,0,0,0,0,
2287656,0.00933151,-0.129511,0.000878805,0,0,0,2,0,0,0,0,
2287697,0.00933151,-0.129511,0.000878805,0,0,0,2,0,0,0,0,
2287736,0.00933151,-0.129511,0.000878805,0,0,0,2,0,0,0,0,
2287776,0.00933151,-0.129511,0.000878805,0,0,0,2,0,0,0,0,
2287816,0.00933151,-0.129511,0.000878805,0,0,0,2,0,0,0,0,
2287856,0.00933151,-0.129511,0.000878805,0,0,0,2,0,0,0,0,
2287896,0.00933151,-0.129511,0.000878805,0,0,0,2,0,0,0,0,
2287936,0.00933151,-0.129511,0.000878805,0,0,0,2,0,0,0,0,
2287976,0.00933151,-0.129511,0.000878805,0,0,0,2,0,0,0,0,
2288016,0.00933151,-0.129511,0.000878805,0,0,0,2,0,0,0,0,
2288056,0.00934333,-0.129491,0.000890623,0,0,0,2,0,0,0,0,
2288096,0.00934333,-0.129491,0.000890623,0,0,0,2,0,0,0,0,
2288136,0.00934333,-0.129491,0.000890623,0,0,0,2,0,0,0,0,
2288176,0.00934333,-0.129491,0.000890623,0,0,0,2,0,0,0,0,
2288216,0.00934333,-0.129491,0.000890623,0,0,0,2,0,0,0,0,
2288256,0.00934333,-0.129491,0.000890623,0,0,0,2,0,0,0,0,
2288296,0.00934333,-0.129491,0.000890623,0,0,0,2,0,0,0,0,
2288336,0.00934333,-0.129491,0.000890623,0,0,0,2,0,0,0,0,
2288376,0.00934333,-0.129491,0.000890623,0,0,0,2,0,0,0,0,
2288416,0.00934333,-0.129491,0.000890623,0,0,0,2,0,0,0,0,
2288456,0.00934333,-0.129491,0.000890623,0,0,0,2,0,0,0,0,
2288496,0.00934333,-0.129491,0.000890623,0,0,0,2,0,0,0,0,
2288536,0.00934333,-0.129491,0.000890623,0,0,0,2,0,0,0,0,
2288576,0.00934333,-0.129491,0.000890623,0,0,0,2,0,0,0,0,
2288616,0.00934333,-0.129491,0.000890623,0,0,0,2,0,0,0,0,
2288656,0.00934333,-0.129491,0.000890623,0,0,0,2,0,0,0,0,
2288696,0.00934333,-0.129491,0.000890623,0,0,0,2,0,0,0,0,
2288736,0.00934333,-0.129491,0.000890623,0,0,0,2,0,0,0,0,
2288776,0.00934333,-0.129491,0.000890623,0,0,0,2,0,0,0,0,
2288816,0.00934333,-0.129491,0.000890623,0,0,0,2,0,0,0,0,
2288856,0.00934333,-0.129491,0.000890623,0,0,0,2,0,0,0,0,
2288896,0.00934333,-0.129491,0.000890623,0,0,0,2,0,0,0,0,
2288936,0.00934333,-0.129491,0.000890623,0,0,0,2,0,0,0,0,
2288976,0.00934333,-0.129491,0.000890623,0,0,0,2,0,0,0,0,
2289016,0.00934333,-0.129491,0.000890623,0,0,0,2,0,0,0,0,
2289056,0.00934333,-0.129491,0.000890623,0,0,0,2,0,0,0,0,
2289096,0.00934333,-0.129491,0.000890623,0,0,0,2,0,0,0,0,
2289136,0.00934333,-0.129491,0.000890623,0,0,0,2,0,0,0,0,
2289176,0.00934333,-0.129491,0.000890623,0,0,0,2,0,0,0,0,
2289216,0.00934333,-0.129491,0.000890623,0,0,0,2,0,0,0,0,
2289256,0.00934333,-0.129491,0.000890623,0,0,0,2,0,0,0,0,
2289296,0.00934333,-0.129491,0.000890623,0,0,0,2,0,0,0,0,
2289336,0.00934333,-0.129491,0.000890623,0,0,0,2,0,0,0,0,
2289376,0.00934333,-0.129491,0.000890623,0,0,0,2,0,0,0,0,
2289416,0.00934333,-0.129491,0.000890623,0,0,0,2,0,0,0,0,
2289456,0.00934333,-0.129491,0.000890623,0,0,0,2,0,0,0,0,
2289497,0.00934333,-0.129491,0.000890623,0,0,0,2,0,0,0,0,
2289536,0.00934333,-0.129491,0.000890623,0,0,0,2,0,0,0,0,
2289577,0.00934333,-0.129491,0.000890623,0,0,0,2,0,0,0,0,
2289616,0.00934333,-0.129491,0.000890623,0,0,0,2,0,0,0,0,
2289656,0.00934333,-0.129491,0.000890623,0,0,0,2,0,0,0,0,
2289696,0.00934333,-0.129491,0.000890623,0,0,0,2,0,0,0,0,
2289736,0.00934333,-0.129491,0.000890623,0,0,0,2,0,0,0,0,
2289776,0.00934333,-0.129491,0.000890623,0,0,0,2,0,0,0,0,
2289816,0.00934333,-0.129491,0.000890623,0,0,0,2,0,0,0,0,
2289856,0.00934333,-0.129491,0.000890623,0,0,0,2,0,0,0,0,
2289896,0.00934333,-0.129491,0.000890623,0,0,0,2,0,0,0,0,
2289936,0.00934333,-0.129491,0.000890623,0,0,0,2,0,0,0,0,
2289976,0.00934333,-0.129491,0.000890623,0,0,0,2,0,0,0,0,
2290016,0.00934333,-0.129491,0.000890623,0,0,0,2,0,0,0,0,
2290056,0.00934333,-0.129491,0.000890623,0,0,0,2,0,0,0,0,
2290096,0.00934333,-0.129491,0.000890623,0,0,0,2,0,0,0,0,
2290136,0.00934333,-0.129491,0.000890623,0,0,0,2,0,0,0,0,
2290176,0.00934333,-0.129491,0.000890623,0,0,0,2,0,0,0,0,
2290216,0.00934333,-0.129491,0.000890623,0,0,0,2,0,0,0,0,
2290256,0.00934333,-0.129491,0.000890623,0,0,0,2,0,0,0,0,
2290296,0.00934333,-0.129491,0.000890623,0,0,0,2,0,0,0,0,
2290336,0.00934333,-0.129491,0.000890623,0,0,0,2,0,0,0,0,
2290376,0.00934333,-0.129491,0.000890623,0,0,0,2,0,0,0,0,
2290416,0.00934333,-0.129491,0.000890623,0,0,0,2,0,0,0,0,
2290456,0.00934333,-0.129491,0.000890623,0,0,0,2,0,0,0,0,
2290496,0.00934333,-0.129491,0.000890623,0,0,0,2,0,0,0,0,
2290536,0.00934333,-0.129491,0.000890623,0,0,0,2,0,0,0,0,
2290576,0.00934333,-0.129491,0.000890623,0,0,0,2,0,0,0,0,
2290616,0.00934333,-0.129491,0.000890623,0,0,0,2,0,0,0,0,
2290656,0.00934333,-0.129491,0.000890623,0,0,0,2,0,0,0,0,
2290696,0.00934333,-0.129491,0.000890623,0,0,0,2,0,0,0,0,
2290736,0.00934333,-0.129491,0.000890623,0,0,0,2,0,0,0,0,
2290776,0.00934333,-0.129491,0.000890623,0,0,0,2,0,0,0,0,
2290816,0.00934333,-0.129491,0.000890623,0,0,0,2,0,0,0,0,
2290856,0.00934333,-0.129491,0.000890623,0,0,0,2,0,0,0,0,
2290896,0.00934333,-0.129491,0.000890623,0,0,0,2,0,0,0,0,
2290936,0.00934333,-0.129491,0.000890623,0,0,0,2,0,0,0,0,
2290976,0.00934333,-0.129491,0.000890623,0,0,0,2,0,0,0,0,
2291016,0.00934333,-0.129491,0.000890623,0,0,0,2,0,0,0,0,
2291056,0.00395002,-0.120131,0.00388449,0,0,0,2,0,0,0,0,
2291096,-0.00715467,-0.0894704,0.00624748,0,0,0,2,0,0,0,0,
2291136,-0.018233,-0.0493479,0.00763946,0,0,0,2,0,0,0,0,
2291176,-0.0300705,-0.011242,0.0114216,0,0,0,2,0,0,0,0,
2291216,-0.0410627,0.0296582,0.0187733,0,0,0,2,0,0,0,0,
2291256,-0.0536066,0.0780003,0.0268361,0,0,0,2,0,0,0,0,
2291296,-0.0675606,0.119388,0.0317352,0,0,0,2,0,0,0,0,
2291336,-0.0824614,0.150971,0.0338006,0,0,0,2,0,0,0,0,
2291376,-0.0986223,0.18006,0.038926,0,0,0,2,0,0,0,0,
2291416,-0.118445,0.215546,0.0464288,0,0,0,2,0,0,0,0,
2291457,-0.13806,0.254533,0.0539336,0,0,0,2,0,0,0,0,
2291496,-0.15418,0.292186,0.0608845,0,0,0,2,0,0,0,0,
2291536,-0.166081,0.329348,0.0664597,0,0,0,2,0,0,0,0,
2291576,-0.173786,0.360491,0.0699131,0,0,0,2,0,0,0,0,
2291616,-0.179446,0.384618,0.0739442,0,0,0,2,0,0,0,0,
2291656,-0.184564,0.403198,0.0786139,0,0,0,2,0,0,0,0,
2291696,-0.188466,0.415905,0.0825621,0,0,0,2,0,0,0,0,
2291736,-0.191275,0.42495,0.0853683,0,0,0,2,0,0,0,0,
2291776,-0.192648,0.433786,0.0867849,0,0,0,2,0,0,0,0,
2291816,-0.192674,0.44189,0.0870743,0,0,0,2,0,0,0,0,
2291856,-0.191439,0.447273,0.0858173,0,0,0,2,0,0,0,0,
2291896,-0.191012,0.45197,0.0852837,0,0,0,2,0,0,0,0,
2291936,-0.192139,0.453939,0.0860255,0,0,0,2,0,0,0,0,
2291976,-0.193721,0.454207,0.0858448,0,0,0,2,0,0,0,0,
2292016,-0.194658,0.452809,0.0864617,0,0,0,2,0,0,0,0,
2292056,-0.195562,0.449308,0.0873279,0,0,0,2,0,0,0,0,
2292096,-0.195857,0.44572,0.0875358,0,0,0,2,0,0,0,0,
2292136,-0.195491,0.444961,0.0869539,0,0,0,2,0,0,0,0,
2292176,-0.194852,0.446053,0.0857112,0,0,0,2,0,0,0,0,
2292216,-0.193861,0.447733,0.0842242,0,0,0,2,0,0,0,0,
2292256,-0.192699,0.452056,0.0830806,0,0,0,2,0,0,0,0,
2292296,-0.192228,0.457796,0.0825254,0,0,0,2,0,0,0,8,
2292336,-0.192563,0.464149,0.0826339,0,0,0,2,0,0,0,8,
2292376,-0.193165,0.471005,0.0829087,0,0,0,2,0,0,0,8,
2292416,-0.193938,0.475633,0.0831638,0,0,0,2,0,0,0,8,
2292456,-0.194133,0.477237,0.0831507,0,0,0,2,0,0,0,8,
2292496,-0.1941,0.477222,0.0830993,0,0,0,2,0,0,0,8,
2292536,-0.193258,0.475948,0.0818647,0,0,0,2,0,0,0,8,
2292576,-0.192191,0.47417,0.0804582,0,0,0,2,0,0,0,8,
2292616,-0.191653,0.473212,0.0798264,0,0,0,2,0,0,0,8,
2292656,-0.191271,0.472561,0.0794631,0,0,0,2,0,0,0,8,
2292696,-0.191213,0.472203,0.0792291,0,0,0,2,0,0,0,8,
2292736,-0.191492,0.472725,0.0792035,0,0,0,2,0,0,0,8,
2292776,-0.192956,0.474162,0.0799301,0,0,0,2,0,0,0,8,
2292816,-0.195676,0.475576,0.0808854,0,0,0,2,0,0,0,8,
2292856,-0.197999,0.475314,0.0814182,0,0,0,2,0,0,0,8,
2292896,-0.1994,0.472903,0.0801846,0,0,0,2,0,0,0,8,
2292936,-0.198128,0.469203,0.0769886,0,0,0,2,0,0,0,8,
2292976,-0.194603,0.465669,0.0731138,0,0,0,2,0,0,0,8,
2293016,-0.190504,0.463498,0.0691723,0,0,0,2,0,0,0,8,
2293056,-0.186854,0.460396,0.0649281,0,0,0,2,0,0,0,8,
2293096,-0.18387,0.457073,0.0611822,0,0,0,2,0,0,0,8,
2293136,-0.181475,0.454722,0.0586008,0,0,0,2,0,0,0,8,
2293176,-0.18007,0.453223,0.0575278,0,0,0,2,0,0,0,8,
2293216,-0.179474,0.451466,0.0571929,0,0,0,2,0,0,0,8,
2293256,-0.178803,0.446888,0.056632,0,0,0,2,0,0,0,8,
2293296,-0.176691,0.441529,0.0553187,0,0,0,2,0,0,0,8,
2293337,-0.172742,0.437414,0.0544017,0,0,0,2,0,0,0,8,
2293377,-0.166829,0.433542,0.0560157,0,0,0,2,0,0,0,8,
2293416,-0.159066,0.429415,0.058804,0,0,0,2,0,0,0,8,
2293456,-0.150682,0.425476,0.0617134,0,0,0,2,0,0,0,8,
2293496,-0.141856,0.421319,0.0649913,0,0,0,2,0,0,0,8,
2293536,-0.132656,0.416077,0.0675277,0,0,0,2,0,0,0,8,
2293576,-0.124411,0.41067,0.0688149,0,0,0,2,0,0,0,8,
2293616,-0.118744,0.40672,0.0685541,0,0,0,2,0,0,0,8,
2293656,-0.115993,0.402934,0.0669772,0,0,0,2,0,0,0,8,
2293696,-0.115168,0.401198,0.0661713,0,0,0,2,0,0,0,8,
2293736,-0.115544,0.401757,0.0664884,0,0,0,2,0,0,0,8,
2293776,-0.116662,0.403504,0.0674082,0,0,0,2,0,0,0,8,
2293816,-0.117987,0.406337,0.0686152,0,0,0,2,0,0,0,8,
2293857,-0.119064,0.409569,0.0695938,0,0,0,2,0,0,0,8,
2293896,-0.119796,0.412256,0.0702479,0,0,0,2,0,0,0,8,
2293936,-0.12027,0.414586,0.0706627,0,0,0,2,0,0,0,8,
2293976,-0.120786,0.415753,0.0711389,0,0,0,2,0,0,0,8,
2294016,-0.121291,0.416614,0.0716248,0,0,0,2,0,0,0,8,
2294057,-0.121854,0.417573,0.0721678,0,0,0,2,0,0,0,8,
2294097,-0.12239,0.418452,0.0726243,0,0,0,2,0,0,0,8,
2294137,-0.123176,0.41973,0.0732669,0,0,0,2,0,0,0,8,
2294177,-0.124296,0.420902,0.0734103,0,0,0,2,0,0,0,8,
2294217,-0.125511,0.422194,0.0729187,0,0,0,2,0,0,0,8,
2294257,-0.126461,0.423591,0.072365,0,0,0,2,0,0,0,8,
2294297,-0.127158,0.424493,0.0717013,0,0,0,2,0,0,0,8,
2294337,-0.127666,0.425423,0.0709917,0,0,0,2,0,0,0,8,
2294377,-0.127492,0.426287,0.0707772,0,0,0,2,0,0,0,8,
2294417,0.000212687,0.000400611,-0.000212687,0,0,0,2,0,0,0,8,
2294457,0.000526386,0.000935326,-0.000526386,0,0,0,2,0,0,0,8,
2294496,0.000672016,0.00103097,-0.000649567,0,0,0,2,0,0,0,8,
2294536,0.000683232,0.000973716,-0.000660783,0,0,0,2,0,0,0,8,
2294576,0.00069438,0.00103098,-0.000671931,0,0,0,2,0,0,0,8,
2294616,0.000817749,0.00127938,-0.000795301,0,0,0,2,0,0,0,8,
2294656,0.000929818,0.0014323,-0.000907369,0,0,0,2,0,0,0,8,
2294696,0.000985847,0.00141333,-0.000963398,0,0,0,2,0,0,0,8,
2294736,0.00107532,0.00122248,-0.00105287,0,0,0,2,0,0,0,8,
2294776,0.00120951,0.00110807,-0.00109763,0,0,0,2,0,0,0,8,
2294816,0.00137733,0.00101284,-0.0011535,0,0,0,2,0,0,0,8,
2294856,0.00148914,0.000822185,-0.0011758,0,0,0,2,0,0,0,8,
2294896,0.00167895,0.00034557,-0.00136561,0,0,0,2,0,0,0,8,
2294936,0.00192469,-0.000149692,-0.00158898,0,0,0,2,0,0,0,8,
2294976,0.00194674,-0.000454799,-0.00158867,0,0,0,2,0,0,0,8,
2295016,0.00204713,-0.000778482,-0.00171141,0,0,0,2,0,0,0,8,
2295056,0.00226959,-0.0016544,-0.00195622,0,0,0,2,0,0,0,8,
2295096,0.00250246,-0.00285342,-0.00218909,0,0,0,2,0,0,0,8,
2295138,0.00253205,-0.00530741,-0.00224104,0,0,0,2,0,0,0,8,
2295177,0.00203737,-0.00819632,-0.00192539,0,0,0,2,0,0,0,8,
2295218,0.00151987,-0.0118382,-0.00194523,0,0,0,2,0,0,0,8,
2295256,0.00091502,-0.0166429,-0.00163159,0,0,0,2,0,0,0,8,
2295297,-0.000371337,-0.0220355,-0.000614061,0,0,0,2,0,0,0,8,
2295336,-0.00179563,-0.0263804,0.00031699,0,0,0,2,0,0,0,8,
2295376,-0.00319725,-0.0296437,0.00194228,0,0,0,2,0,0,0,8,
2295416,-0.0039697,-0.0321722,0.00506841,0,0,0,2,0,0,0,8,
2295456,-0.00359346,-0.0340654,0.0142505,0,0,0,2,0,0,0,8,
2295497,-0.00184664,-0.0347992,0.0294777,0,0,0,2,0,0,0,8,
2295537,0.000489101,-0.0345137,0.0474711,0,0,0,2,0,0,0,8,
2295576,0.00393726,-0.0347402,0.0678335,0,0,0,2,0,0,0,8,
2295616,0.00721235,-0.0361971,0.0908795,0,0,0,2,0,0,0,8,
2295656,0.0103931,-0.0375735,0.115794,0,0,0,2,0,0,0,8,
2295696,0.0141448,-0.0407008,0.143094,0,0,0,2,0,0,0,8,
2295736,0.019564,-0.0448482,0.173479,0,0,0,2,0,0,0,8,
2295776,0.0273464,-0.0496155,0.206074,0.767396,2.8,-0.590319,2,0,0,0,8,
2295817,0.0353273,-0.0523518,0.238275,4.1497,12.7767,-0.472691,2,0,0,0,8,
2295856,0.0415231,-0.0548528,0.269329,1.97043,5.23049,0.837436,2,0,0,0,8,
2295896,0.0468153,-0.0582013,0.300954,0,0,0,2,0,0,0,8,
2295937,0.0515008,-0.0621384,0.330042,0,0,0,2,0,0,0,8,
2295977,0.0557742,-0.0661233,0.357176,0,0,0,2,0,0,0,8,
2296016,0.0608295,-0.0697831,0.383128,0,0,0,2,0,0,0,8,
2296056,0.0665659,-0.072564,0.407084,0,0,0,2,0,0,0,8,
2296096,0.0720668,-0.0743952,0.428315,0,0,0,2,0,0,0,8,
2296136,0.0762914,-0.0764216,0.447093,0,0,0,2,0,0,0,8,
2296176,0.0801474,-0.0788921,0.464206,0,0,0,2,0,0,0,8,
2296216,0.0834852,-0.0807822,0.479985,0,0,0,2,0,0,0,8,
2296256,0.0867175,-0.0815378,0.495491,0,0,0,2,0,0,0,8,
2296296,0.0911742,-0.0814312,0.510944,0,0,0,2,0,0,0,8,
2296336,0.0948408,-0.0825889,0.524816,0,0,0,2,0,0,0,8,
2296376,0.0972974,-0.0835696,0.538643,0,0,0,2,0,0,0,8,
2296416,0.0995667,-0.084464,0.552473,0,0,0,2,0,0,0,8,
2296456,0.101928,-0.0846661,0.566419,0,0,0,2,0,0,0,8,
2296496,0.104305,-0.0849275,0.580025,0,0,0,2,0,0,0,8,
2296536,0.107523,-0.0865264,0.593943,0,0,0,2,0,0,0,8,
2296576,0.110814,-0.0886893,0.607029,0,0,0,2,0,0,0,8,
2296616,0.114372,-0.0910437,0.6191,0,0,0,2,0,0,0,8,
2296656,0.117556,-0.0935166,0.629032,0,0,0,2,0,0,0,8,
2296696,0.119246,-0.0950678,0.63496,0,0,0,2,0,0,0,8,
2296736,0.11974,-0.0957622,0.638883,0,0,0,2,0,0,0,8,
2296776,0.119711,-0.0956375,0.642107,0,0,0,2,0,0,0,8,
2296816,0.119256,-0.0948319,0.645346,0,0,0,2,0,0,0,8,
2296856,0.118993,-0.093944,0.646988,0,0,0,2,0,0,0,8,
2296896,0.119306,-0.093828,0.64503,0,0,0,2,0,0,0,8,
2296937,0.119877,-0.0942141,0.637355,0,0,0,2,0,0,0,8,
2296977,0.120559,-0.0947005,0.623223,0,0,0,2,0,0,0,8,
2297017,0.118217,-0.0938614,0.600958,0,0,0,2,0,0,0,8,
2297056,0.113106,-0.0917039,0.570206,0,0,0,2,0,0,0,8,
2297097,0.104876,-0.0903098,0.531227,0,0,0,2,0,0,0,8,
2297136,0.0933075,-0.0884067,0.484126,0,0,0,2,0,0,0,8,
2297176,0.0802778,-0.0883153,0.427858,0,0,0,2,0,0,0,8,
2297217,0.0657792,-0.0871269,0.367417,0,0,0,2,0,0,0,8,
2297256,0.051797,-0.0899508,0.301831,0,0,0,2,0,0,0,8,
2297296,0.0392822,-0.0908872,0.234147,1.65085,5.45061,5.10481,2,0,0,0,8,
2297336,0.0270689,-0.0932373,0.164222,14.9228,73.8875,32.8813,2,0,0,0,8,
2297376,0.0139871,-0.092791,0.0938563,6.31565,102.98,-16.5798,2,0,0,0,8,
2297418,0.00198409,-0.0905326,0.0240474,-1.54227,27.7574,-18.8392,2,0,0,0,8,
2297456,-0.00705962,-0.0867652,-0.0396897,0,0,0,2,0,0,0,8,
2297496,-0.014576,-0.0849543,-0.101757,-0.26902,12.5459,10.3407,2,0,0,0,8,
2297537,-0.0198955,-0.0843811,-0.163187,-7.17961,72.8122,26.8527,2,0,0,0,8,
2297577,-0.0229687,-0.083819,-0.219577,-14.4718,84.2094,-10.7859,2,0,0,0,8,
2297616,-0.0261554,-0.0862085,-0.271983,-7.47631,31.6932,-17.689,2,0,0,0,8,
2297656,-0.0276665,-0.0877394,-0.318948,0,0,0,2,0,0,0,8,
2297696,-0.0271169,-0.088242,-0.362536,0,0,0,2,0,0,0,8,
2297736,-0.024869,-0.0873023,-0.39751,0,0,0,2,0,0,0,8,
2297776,-0.0219867,-0.0856886,-0.429314,0,0,0,2,0,0,0,8,
2297816,-0.0191149,-0.0838123,-0.459301,0,0,0,2,0,0,0,8,
2297856,-0.0172816,-0.083248,-0.48608,0,0,0,2,0,0,0,8,
2297897,-0.0154828,-0.0822602,-0.506963,1.09776,3.61469,3.25373,2,0,0,0,8,
2297937,-0.0143447,-0.0805299,-0.522011,6.79369,22.5196,16.8121,2,0,0,0,8,
2297976,-0.0143753,-0.0799708,-0.534674,11.0412,37.9362,22.2783,2,0,0,0,8,
2298016,-0.0149668,-0.0798478,-0.546033,13.7271,50.1133,22.6925,2,0,0,0,8,
2298057,-0.0162226,-0.0803362,-0.557058,14.5211,57.4296,19.2198,2,0,0,0,8,
2298096,-0.0180388,-0.0814218,-0.569243,14.1562,61.8803,13.8055,2,0,0,0,8,
2298136,-0.0195558,-0.0833353,-0.581702,13.0332,62.9882,6.85737,2,0,0,0,8,
2298177,-0.020168,-0.0862095,-0.594253,11.8306,60.0531,-0.0958155,2,0,0,0,8,
2298217,-0.0202178,-0.0895972,-0.607494,10.7084,54.2939,-6.42876,2,0,0,0,8,
2298256,-0.0200857,-0.0927346,-0.619099,9.25382,44.832,-10.6895,2,0,0,0,8,
2298297,-0.0201186,-0.0948562,-0.628136,7.19703,32.8684,-11.3764,2,0,0,0,8,
2298336,-0.020674,-0.096417,-0.634681,4.89639,21.0771,-9.34212,2,0,0,0,8,
2298376,-0.0216084,-0.0960564,-0.63541,2.84855,11.7158,-6.04769,2,0,0,0,8,
2298416,-0.0224852,-0.0931282,-0.625944,2.02724,8.06488,-4.29251,2,0,0,0,8,
2298456,-0.0232413,-0.0882163,-0.601014,3.25282,12.6426,-5.45961,2,0,0,0,8,
2298497,-0.0221736,-0.0802562,-0.55534,6.30469,23.8299,-4.96808,2,0,0,0,8,
2298536,-0.0154553,-0.0730434,-0.491719,3.97047,13.8426,1.0906,2,0,0,0,8,
2298576,5.36442e-007,-0.0667279,-0.421027,0,0,0,2,0,0,0,8,
2298616,0.0204581,-0.0617427,-0.349709,0,0,0,2,0,0,0,8,
2298656,0.0416861,-0.0594437,-0.285569,0,0,0,2,0,0,0,8,
2298697,0.0596944,-0.0613624,-0.226629,-2.13976,4.96933,-0.932358,2,0,0,0,8,
2298736,0.0771221,-0.0615578,-0.175395,-8.04076,22.6781,2.26854,2,0,0,0,8,
2298776,0.0883755,-0.0618648,-0.133488,-1.56732,5.52362,2.04882,2,0,0,0,8,
2298816,0.0921205,-0.0601937,-0.101439,0,0,0,2,0,0,0,8,
2298856,0.0842208,-0.0577605,-0.0812284,0,0,0,2,0,0,0,8,
2298896,0.0643293,-0.056649,-0.0690803,0,0,0,2,0,0,0,8,
2298936,0.0353145,-0.0547458,-0.0643697,0,0,0,2,0,0,0,8,
2298977,-8.67248e-005,-0.0512381,-0.0628934,0,0,0,2,0,0,0,8,
2299016,-0.0392365,-0.0459041,-0.0629666,0,0,0,2,0,0,0,8,
2299056,-0.0821935,-0.0393836,-0.0671697,0,0,0,2,0,0,0,8,
2299096,-0.123816,-0.0332661,-0.0709734,0,0,0,2,0,0,0,8,
2299136,-0.161894,-0.0267962,-0.0726916,0,0,0,2,0,0,0,8,
2299176,-0.195143,-0.0204838,-0.0775664,0,0,0,2,0,0,0,8,
2299216,-0.222166,-0.0140111,-0.0797069,0,0,0,2,0,0,0,8,
2299256,-0.243508,-0.00945259,-0.082431,0,0,0,2,0,0,0,8,
2299297,-0.25939,-0.00575774,-0.0832723,0,0,0,2,0,0,0,8,
2299336,-0.269319,-0.00273714,-0.0838032,0,0,0,2,0,0,0,8,
2299376,-0.274267,-0.00109971,-0.0850414,0,0,0,2,0,0,0,8,
2299416,-0.272975,-0.000480596,-0.0859707,0,0,0,2,0,0,0,8,
2299456,-0.26402,0.000283782,-0.0879601,0,0,0,2,0,0,0,8,
2299496,-0.246315,3.37901e-005,-0.0877163,0,0,0,2,0,0,0,8,
2299536,-0.216547,-0.000363182,-0.0851417,0,0,0,2,0,0,0,8,
2299576,-0.17415,-0.00250734,-0.0751698,0,0,0,2,0,0,0,8,
2299616,-0.119281,-0.00606802,-0.0659921,0,0,0,2,0,0,0,8,
2299656,-0.053911,-0.0123312,-0.0573091,0,0,0,2,0,0,0,8,
2299696,0.0160361,-0.018998,-0.0488619,0,0,0,2,0,0,0,8,
2299736,0.0848778,-0.0264165,-0.0404184,0,0,0,2,0,0,0,8,
2299776,0.14717,-0.0368432,-0.0322822,0,0,0,2,0,0,0,8,
2299816,0.193187,-0.0452914,-0.0262731,0,0,0,2,0,0,0,8,
2299856,0.212964,-0.0534754,-0.0250304,0,0,0,2,0,0,0,8,
2299896,0.214856,-0.06141,-0.0267595,0,0,0,2,0,0,0,8,
2299936,0.210329,-0.0698048,-0.0268833,0,0,0,2,0,0,0,8,
2299976,0.200672,-0.0813579,-0.0287978,0,0,0,2,0,0,0,8,
2300016,0.190088,-0.0964983,-0.0304951,0,0,0,2,0,0,0,8,
2300056,0.179858,-0.118586,-0.0287305,0,0,0,2,0,0,0,8,
2300096,0.16806,-0.149786,-0.0276657,0,0,0,2,0,0,0,8,
2300137,0.158166,-0.186248,-0.0275171,0,0,0,2,0,0,0,8,
2300177,0.149991,-0.226473,-0.0292908,0,0,0,2,0,0,0,8,
2300216,0.14525,-0.265565,-0.0318128,0,0,0,2,0,0,0,8,
2300256,0.14242,-0.299284,-0.0366391,0,0,0,2,0,0,0,8,
2300297,0.141779,-0.326686,-0.0392105,0,0,0,2,0,0,0,8,
2300337,0.141585,-0.347585,-0.0415075,-0.545732,0.0915353,0.548717,2,0,0,0,8,
2300376,0.140322,-0.363988,-0.0450794,-2.61146,0.190178,2.48188,2,0,0,0,8,
2300416,0.138663,-0.375359,-0.0479446,-1.2972,-0.0108436,1.15519,2,0,0,0,8,
2300456,0.136843,-0.383876,-0.0507296,0,0,0,2,0,0,0,8,
2300496,0.134585,-0.391081,-0.054058,0,0,0,2,0,0,0,8,
2300536,0.132293,-0.39703,-0.0557871,0,0,0,2,0,0,0,8,
2300576,0.130721,-0.403359,-0.0567581,0,0.596238,0,2,0,0,0,8,
2300616,0.128962,-0.411746,-0.0584607,0,13.2205,0,2,0,0,0,8,
2300656,0.12744,-0.421307,-0.0605094,0,32.9653,0,2,0,0,0,8,
2300696,0.12587,-0.431291,-0.0624349,0,54.6432,0,2,0,0,0,8,
2300737,0.124992,-0.441146,-0.0628025,0,76.2968,0,2,0,0,0,8,
2300776,0.125886,-0.451894,-0.0631321,0,100.01,0,2,0,0,0,8,
2300816,0.127066,-0.461657,-0.062052,0,121.302,0,2,0,0,0,8,
2300857,0.128994,-0.47399,-0.0617247,0,145.145,0,2,0,0,0,8,
2300896,0.131952,-0.488152,-0.0621099,0,174.227,0,2,0,0,0,8,
2300936,0.135884,-0.501224,-0.0610605,0,205.021,0,2,0,0,0,8,
2300976,0.139886,-0.513943,-0.0590188,0,233.072,0,2,0,0,0,8,
2301016,0.143741,-0.525729,-0.0565585,0,260.528,0,2,0,0,0,8,
2301056,0.146223,-0.535706,-0.0552012,0,284.532,0,2,0,0,0,8,
2301096,0.147667,-0.545232,-0.0547091,0,305.962,0,2,0,0,0,8,
2301136,0.148482,-0.554016,-0.0544938,0,326.136,0,2,0,0,0,8,
2301177,0.148487,-0.562114,-0.0546519,0,344.823,0,2,0,0,0,8,
2301216,0.147489,-0.569527,-0.0550745,0,361.739,0,2,0,0,0,8,
2301256,0.145516,-0.576256,-0.0560432,0,377.59,0,2,0,0,0,8,
2301296,0.143307,-0.582048,-0.0568221,0,391.567,0,2,0,0,0,8,
2301336,0.141819,-0.58541,-0.0574985,0,402.345,0,2,0,0,0,8,
2301376,0.141381,-0.583987,-0.0577898,0,405.425,0,2,0,0,0,8,
2301416,0.141056,-0.576053,-0.0571662,0,396.035,0,2,0,0,0,8,
2301456,0.140318,-0.557088,-0.0554647,0,368.635,0,2,0,0,0,8,
2301497,0.134621,-0.525693,-0.0533101,2.24557,305.78,3.35252,2,0,0,0,8,
2301537,0.12372,-0.479307,-0.0507092,17.8566,164.937,36.3908,2,0,0,0,8,
2301577,0.109269,-0.424006,-0.0513698,26.9921,-3.09924,109.113,2,0,0,0,8,
2301616,0.0902785,-0.363301,-0.0538061,-2.53616,-78.135,208.235,2,0,0,0,8,
2301656,0.0677127,-0.299037,-0.0591512,-52.9525,33.593,200.097,2,0,0,0,8,
2301697,0.0457986,-0.231799,-0.0635225,-40.7396,56.6611,84.9879,2,0,0,0,8,
2301736,0.027529,-0.164967,-0.064987,-2.23167,3.67787,3.75812,2,0,0,0,8,
2301776,0.0151994,-0.103425,-0.0629529,0,0,0,2,0,0,0,8,
2301816,0.00914984,-0.050719,-0.0599546,0,0,0,2,0,0,0,8,
2301857,0.00699521,-0.0054755,-0.056944,0,0,0,2,0,0,0,8,
2301897,0.00322446,0.0268124,-0.0536509,0,0,0,2,0,0,0,8,
2301937,-0.00125962,0.0461515,-0.0502834,0,0,0,2,0,0,0,8,
2301977,-0.00394312,0.0571194,-0.0471684,0,0,0,2,0,0,0,8,
2302016,-0.00683128,0.0613088,-0.0442145,0,0,0,2,0,0,0,8,
2302056,-0.00931672,0.063794,-0.0416853,0,0,0,2,0,0,0,8,
2302096,-0.0107133,0.0661745,-0.0399818,0,0,0,2,0,0,0,8,
2302137,-0.0123469,0.0687939,-0.0380826,0,0,0,2,0,0,0,8,
2302177,-0.01436,0.0722183,-0.03536,0,0,0,2,0,0,0,8,
2302216,-0.0172653,0.0757853,-0.0319693,0,0,0,2,0,0,0,8,
2302256,-0.0214544,0.0779328,-0.0277375,0,0,0,2,0,0,0,8,
2302297,-0.0255034,0.0790475,-0.0232727,0,0,0,2,0,0,0,8,
2302336,-0.029,0.079039,-0.0196015,0,0,0,2,0,0,0,8,
2302376,-0.0319435,0.0765843,-0.016658,0,0,0,2,0,0,0,8,
2302416,-0.0339139,0.0721823,-0.0146546,0,0,0,2,0,0,0,8,
2302457,-0.0353368,0.0654564,-0.0133948,0,0,0,2,0,0,0,8,
2302497,-0.0360743,0.0557406,-0.0120417,0,0,0,2,0,0,0,8,
2302537,-0.0365365,0.042778,-0.0103512,0,0,0,2,0,0,0,8,
2302576,-0.0366244,0.0259404,-0.00968408,0,0,0,2,0,0,0,8,
2302616,-0.0343899,0.00511583,-0.0107395,0,0,0,2,0,0,0,8,
2302657,-0.0316062,-0.0214267,-0.01325,0,0,0,2,0,0,0,8,
2302697,-0.0268741,-0.0539843,-0.0163269,0,0,0,2,0,0,0,8,
2302738,-0.0195845,-0.0908396,-0.018036,0,0,0,2,0,0,0,8,
2302776,-0.0107419,-0.1286,-0.02039,0,0,0,2,0,0,0,8,
2302816,0.000601334,-0.167914,-0.0243537,0,0,0,2,0,0,0,8,
2302856,0.0130295,-0.207503,-0.0291263,0,0,0,2,0,0,0,8,
2302896,0.0261414,-0.245265,-0.0329156,0,0,0,2,0,0,0,8,
2302936,0.0399482,-0.275692,-0.0344318,0,0,0,2,0,0,0,8,
2302976,0.0521522,-0.296318,-0.0333765,0,0,0,2,0,0,0,8,
2303016,0.0621383,-0.310492,-0.0332724,0,0,0,2,0,0,0,8,
2303057,0.0698837,-0.320348,-0.0337572,0,0,0,2,0,0,0,8,
2303096,0.0737764,-0.325973,-0.033371,0,0,0,2,0,0,0,8,
2303136,0.0752852,-0.328539,-0.0328733,0,0,0,2,0,0,0,8,
2303177,0.0753375,-0.328074,-0.0330051,0,0,0,2,0,0,0,8,
2303216,0.0746373,-0.323611,-0.0347269,0,0,0,2,0,0,0,8,
2303256,0.0728134,-0.318655,-0.036609,0,0,0,2,0,0,0,8,
2303296,0.0701038,-0.312391,-0.038248,0,0,0,2,0,0,0,8,
2303336,0.0651008,-0.302992,-0.0399859,0,0,0,2,0,0,0,8,
2303376,0.0591701,-0.292812,-0.0411831,0,0,0,2,0,0,0,8,
2303416,0.0525094,-0.280367,-0.0427391,0,0,0,2,0,0,0,8,
2303456,0.0432742,-0.257983,-0.0436022,0,0,0,2,0,0,0,8,
2303496,0.0340559,-0.227842,-0.0446964,0,0,0,2,0,0,0,8,
2303536,0.0261156,-0.199665,-0.0441021,0,0,0,2,0,0,0,8,
2303576,0.018281,-0.175484,-0.0435647,0,0,0,2,0,0,0,8,
2303616,0.0125707,-0.150206,-0.041889,0,0,0,2,0,0,0,8,
2303656,0.00903756,-0.125906,-0.038314,0,0,0,2,0,0,0,8,
2303696,0.0078988,-0.106415,-0.035547,0,0,0,2,0,0,0,8,
2303736,0.00731192,-0.0900061,-0.0340416,0,0,0,2,0,0,0,8,
2303776,0.0075922,-0.0796344,-0.0321009,0,0,0,2,0,0,0,8,
2303816,0.00698572,-0.0735596,-0.0316122,0,0,0,2,0,0,0,8,
2303856,0.00650517,-0.0699144,-0.0312339,0,0,0,2,0,0,0,8,
2303896,0.00666908,-0.0685273,-0.0311011,0,0,0,2,0,0,0,8,
2303936,0.00670533,-0.068249,-0.0311138,0,0,0,2,0,0,0,8,
2303976,0.00682159,-0.0684083,-0.0312073,0,0,0,2,0,0,0,8,
2304016,0.00693843,-0.0685309,-0.0313012,0,0,0,2,0,0,0,8,
2304056,0.00707941,-0.0684312,-0.0314189,0,0,0,2,0,0,0,8,
2304097,0.00727535,-0.0678282,-0.0318146,0,0,0,2,0,0,0,8,
2304136,0.00757198,-0.0669083,-0.0323332,0,0,0,2,0,0,0,8,
2304176,0.0076687,-0.0664029,-0.032721,0,0,0,2,0,0,0,8,
2304217,0.00698672,-0.0669018,-0.0334144,0,0,0,2,0,0,0,8,
2304256,0.00628073,-0.0677131,-0.0344678,0,0,0,2,0,0,0,8,
2304297,0.00587913,-0.0686835,-0.0350834,0,0,0,2,0,0,0,8,
2304336,0.00563274,-0.070489,-0.0360133,0,0,0,2,0,0,0,8,
2304377,0.00588886,-0.0718144,-0.0368359,0,0,0,2,0,0,0,8,
2304416,0.00606837,-0.0719705,-0.0370155,0,0,0,2,0,0,0,8,
2304456,0.00663013,-0.0711195,-0.0374627,0,0,0,2,0,0,0,8,
2304496,0.00774338,-0.0700746,-0.0383926,0,0,0,2,0,0,0,8,
2304536,0.00841758,-0.0707754,-0.0390683,0,0,0,2,0,0,0,8,
2304576,0.00947108,-0.073811,-0.0405398,0,0,0,2,0,0,1,8,
2304616,0.0106016,-0.0806537,-0.0432533,0,0,0,2,0,0,1,8,
2304656,0.0120917,-0.092536,-0.0472985,0,0,0,2,0,0,1,8,
2304696,0.0140829,-0.110549,-0.0519199,0,0,0,2,0,0,1,8,
2304736,0.016723,-0.135201,-0.0555561,0,0,0,2,0,0,1,8,
2304776,0.0212383,-0.164846,-0.0566507,0,0,0,2,0,0,1,8,
2304816,0.0283113,-0.19558,-0.0567955,0,0,0,2,0,0,1,8,
2304856,0.0364925,-0.219345,-0.0579245,0,0,0,2,0,0,1,8,
2304896,0.0436495,-0.231952,-0.0582468,0,0,0,2,0,0,1,8,
2304937,0.0479499,-0.236681,-0.0570665,0,0,0,2,0,0,1,8,
2304976,0.0488007,-0.239573,-0.0563846,0,0,0,2,0,0,1,8,
2305016,0.0463674,-0.24594,-0.0545718,0,0,0,2,0,0,1,8,
2305056,0.0433159,-0.259841,-0.0516705,0,0,0,2,0,0,1,8,
2305096,0.0409304,-0.285566,-0.0502988,0,0,0,2,0,0,1,8,
2305136,0.0416465,-0.322051,-0.0494069,0,0,0,2,0,0,1,8,
2305176,0.0471111,-0.364785,-0.0498357,0,0,0,2,0,0,1,8,
2305216,0.0567801,-0.409045,-0.0516799,0,0.825256,0,2,0,0,1,8,
2305256,0.0673034,-0.436311,-0.0534162,0,50.275,0,2,0,0,1,8,
2305296,0.0679696,-0.44437,-0.050768,0,87.7933,0,2,0,0,1,8,
2305336,0.0639455,-0.444829,-0.0453282,0,97.2014,0,2,0,0,1,8,
2305376,0.0595768,-0.442057,-0.0412133,0,94.6944,0,2,0,0,1,8,
2305416,0.0550623,-0.431396,-0.0388236,0,80.9749,0,2,0,0,1,8,
2305456,0.0530416,-0.41702,-0.0361062,0,53.2375,0,2,0,0,1,8,
2305496,0.0550536,-0.398824,-0.0308065,0,17.1048,0,2,0,0,1,8,
2305536,0.0568199,-0.387647,-0.0297386,0,0,0,2,0,0,1,8,
2305576,0.0565781,-0.395389,-0.0305925,0,0,0,2,0,0,1,8,
2305616,0.0567432,-0.418222,-0.0352273,0,11.4229,0,2,0,0,1,8,
2305656,0.061576,-0.441277,-0.040786,0,62.4601,0,2,0,0,1,8,
2305696,0.0650867,-0.446683,-0.0426223,0,97.9042,0,2,0,0,1,8,
2305736,0.0641838,-0.429128,-0.0398693,0,86.4399,0,2,0,0,1,8,
2305776,0.063435,-0.402206,-0.0361761,0,34.2802,0,2,0,0,1,8,
2305816,0.0636401,-0.389291,-0.0357786,0,0.265258,0,2,0,0,1,8,
2305856,0.0625762,-0.399975,-0.0370279,0,0,0,2,0,0,1,8,
2305897,0.0624346,-0.424781,-0.0440843,0,22.1283,0,2,0,0,1,8,
2305936,0.0651645,-0.442186,-0.0526128,0,72.6746,0,2,0,0,1,8,
2305976,0.0642166,-0.439812,-0.0540803,0,92.1466,0,2,0,0,1,8,
2306016,0.0588542,-0.418637,-0.0507938,0,66.4859,0,2,0,0,1,8,
2306056,0.0532931,-0.395208,-0.0483048,0,15.2552,0,2,0,0,1,8,
2306097,0.050169,-0.384225,-0.0467682,0,0,0,2,0,0,1,8,
2306136,0.0468332,-0.394251,-0.0476193,0,0,0,2,0,0,1,8,
2306176,0.0458936,-0.417475,-0.0529635,0,10.2763,0,2,0,0,1,8,
2306217,0.0479024,-0.435646,-0.0595733,0,56.7585,0,2,0,0,1,8,
2306256,0.04805,-0.438645,-0.0608102,0,81.517,0,2,0,0,1,8,
2306296,0.0470236,-0.431109,-0.0612411,0,77.0791,0,2,0,0,1,8,
2306336,0.0444218,-0.413974,-0.0634709,0,50.8359,0,2,0,0,1,8,
2306376,0.0412417,-0.390313,-0.0672644,0,9.75492,0,2,0,0,1,8,
2306416,0.0380449,-0.357158,-0.0724018,0,0,0,2,0,0,1,8,
2306457,0.033577,-0.315896,-0.0784269,0,0,0,2,0,0,1,8,
2306496,0.0280096,-0.275292,-0.0846505,0,0,0,2,0,0,1,8,
2306536,0.023466,-0.240053,-0.0866636,0,0,0,2,0,0,1,8,
2306576,0.0193079,-0.210387,-0.0829328,0,0,0,2,0,0,1,8,
2306616,0.014469,-0.188956,-0.0786103,0,0,0,2,0,0,1,8,
2306656,0.00889917,-0.175482,-0.0775852,0,0,0,2,0,0,1,8,
2306696,0.00353844,-0.168299,-0.0810302,0,0,0,2,0,0,1,8,
2306736,-0.001897,-0.165149,-0.0929209,0,0,0,2,0,0,1,8,
2306776,-0.00799849,-0.164648,-0.114269,0,0,0,2,0,0,1,8,
2306817,-0.0144132,-0.164689,-0.14458,0,0,0,2,0,0,1,8,
2306856,-0.0209066,-0.166189,-0.182655,0,0,0,2,0,0,1,8,
2306896,-0.0270133,-0.166995,-0.226294,0,0,0,2,0,0,1,8,
2306936,-0.0320947,-0.167025,-0.273561,0,0,0,2,0,0,1,8,
2306976,-0.0363012,-0.166602,-0.321899,0,0,0,2,0,0,1,8,
2307016,-0.0380924,-0.164162,-0.368955,0,0,0,2,0,0,1,8,
2307056,-0.0364348,-0.16038,-0.414867,0,0,0,2,0,0,1,8,
2307096,-0.0324802,-0.156921,-0.46011,0,0,0,2,0,0,1,8,
2307137,-0.0269393,-0.154731,-0.503707,0,0,0,2,0,0,1,8,
2307176,-0.0206248,-0.155752,-0.546076,0,0,0,2,0,0,1,8,
2307216,-0.0130048,-0.156761,-0.5888,0,0,0,2,0,0,1,8,
2307256,-0.00652252,-0.16084,-0.627424,0,0,0,2,0,0,1,8,
2307296,-0.000512838,-0.164283,-0.663734,0,0,0,2,0,0,1,8,
2307336,0.00467324,-0.166302,-0.698637,0,0,0,2,0,0,1,8,
2307376,0.00861978,-0.169126,-0.729968,0,0,0,2,0,0,1,8,
2307416,0.0137568,-0.170189,-0.759841,0,0,0,2,0,0,1,8,
2307456,0.0180333,-0.171559,-0.786333,0,0,0,2,0,0,1,8,
2307496,0.0222541,-0.173304,-0.812493,0,0,0,2,0,0,1,8,
2307536,0.0260931,-0.175472,-0.836746,0,0,0,2,0,0,1,8,
2307576,0.0306625,-0.176893,-0.860161,0,0,3.27541,2,0,0,1,8,
2307616,0.0491151,-0.200207,-0.890934,0,0,44.2981,2,0,0,1,8,
2307656,0.0883679,-0.265259,-0.938255,0,0,137.413,2,0,0,1,8,
2307696,0.116548,-0.313534,-0.972985,0,0,228.522,2,0,0,1,8,
2307736,0.133333,-0.342928,-0.996486,0,0,293.745,2,0,0,1,8,
2307776,0.139914,-0.353206,-1.00914,0,0,334.361,2,0,0,1,8,
2307816,0.137403,-0.34533,-1.01242,0,0,353.161,2,0,0,1,8,
2307856,0.12363,-0.320268,-1.00214,0,0,348.612,2,0,0,1,8,
2307896,0.0977311,-0.279246,-0.978301,0,0,310.701,2,0,0,1,8,
2307936,0.063065,-0.220539,-0.94386,0,0,247.569,2,0,0,1,8,
2307976,0.0184639,-0.144521,-0.89838,0,0,161.591,2,0,0,1,8,
2308016,-0.0386507,-0.0510647,-0.836701,0,0,47.9455,2,0,0,1,8,
2308056,-0.0893643,0.0281133,-0.777074,0,0,0,2,0,0,1,8,
2308096,-0.120514,0.0668446,-0.732998,0,0,0,2,0,0,1,8,
2308136,-0.137171,0.0810759,-0.694116,0,0,0,2,0,0,1,8,
2308176,-0.146651,0.0857372,-0.656493,0,0,0,2,0,0,1,8,
2308217,-0.157633,0.0896578,-0.611859,0,0,0,2,0,0,1,8,
2308256,-0.171385,0.102805,-0.559056,0,0,0,2,0,0,1,8,
2308296,-0.190076,0.128803,-0.499973,0,0,0,2,0,0,1,8,
2308336,-0.212975,0.164026,-0.431768,0,0,0,2,0,0,1,8,
2308376,-0.234269,0.20116,-0.362857,0,0,0,2,0,0,1,8,
2308416,-0.248167,0.22764,-0.299353,0,0,0,2,0,0,1,8,
2308457,-0.251274,0.237886,-0.234946,0,0,0,2,0,0,1,8,
2308496,-0.243126,0.23622,-0.176647,0,0,0,2,0,0,1,8,
2308536,-0.230466,0.225824,-0.123821,0,0,0,2,0,0,1,8,
2308576,-0.21308,0.210921,-0.0752494,0,0,0,2,0,0,1,8,
2308616,-0.193839,0.198474,-0.0359564,0,0,0,2,0,0,1,8,
2308656,-0.17774,0.188551,-0.00525386,0,0,0,2,0,0,1,8,
2308697,-0.164441,0.18238,0.0175057,0,0,0,2,0,0,1,8,
2308736,-0.155791,0.178988,0.0339339,0,0,0,2,0,0,1,8,
2308776,-0.149191,0.175859,0.0455902,0,0,0,2,0,0,1,8,
2308816,-0.144688,0.174491,0.0538188,0,0,0,2,0,0,1,8,
2308856,-0.140297,0.173484,0.0611584,0,0,0,2,0,0,1,8,
2308896,-0.135727,0.172206,0.0681718,0,0,0,2,0,0,1,8,
2308936,-0.13071,0.169785,0.076216,0,0,0,2,0,0,1,8,
2308976,-0.123073,0.166988,0.0872775,0,0,0,2,0,0,1,8,
2309018,-0.11386,0.164434,0.100083,0,0,0,2,0,0,1,8,
2309056,-0.104954,0.160526,0.114441,0,0,0,2,0,0,1,8,
2309096,-0.0957466,0.154392,0.131375,0,0,0,2,0,0,1,8,
2309136,-0.0849771,0.14642,0.151547,0,0,0,2,0,0,1,8,
2309176,-0.0708893,0.138078,0.175915,0,0,0,2,0,0,1,8,
2309216,-0.0544352,0.12576,0.203402,0,0,0,2,0,0,1,8,
2309256,-0.037343,0.110404,0.233778,0,0,0,2,0,0,1,8,
2309297,-0.0235528,0.090814,0.261178,0,0,0,2,0,0,1,8,
2309336,-0.0130318,0.070157,0.285964,0,0,0,2,0,0,1,8,
2309376,-0.00321591,0.0475157,0.310058,0,0,0,2,0,0,1,8,
2309416,0.00515398,0.0259105,0.330896,0,0,0,2,0,0,1,8,
2309456,0.0139518,0.00511106,0.351089,0,0,0,2,0,0,1,8,
2309496,0.0240188,-0.0144792,0.370462,0,0,0,2,0,0,1,8,
2309536,0.0352985,-0.0329753,0.389236,0,0,0,2,0,0,1,8,
2309576,0.0484514,-0.050822,0.408296,0,0,0,2,0,0,1,8,
2309616,0.0642011,-0.0683948,0.42761,0,0,0,2,0,0,1,8,
2309656,0.079795,-0.08437,0.445778,0,0,0,2,0,0,1,8,
2309696,0.0953406,-0.101639,0.464088,0,0,0,2,0,0,1,8,
2309736,0.109572,-0.117651,0.481283,0,0,0,2,0,0,1,8,
2309776,0.121554,-0.132333,0.495577,0,0,0,2,0,0,1,8,
2309816,0.132008,-0.144062,0.508068,0,0,0,2,0,0,1,8,
2309856,0.141509,-0.153362,0.518172,0,0,0,2,0,0,1,8,
2309896,0.146888,-0.157956,0.526732,0,0,0,2,0,0,1,8,
2309936,0.148429,-0.157628,0.534068,0,0,0,2,0,0,1,8,
2309976,0.144925,-0.15087,0.539315,0,0,0,2,0,0,1,8,
2310016,0.138136,-0.139081,0.545893,0,0,0,2,0,0,1,8,
2310056,0.125415,-0.119863,0.549512,0,0,0,2,0,0,1,8,
2310096,0.104308,-0.0909097,0.549887,0,0,0,2,0,0,1,8,
2310136,0.075912,-0.0533887,0.547504,0,0,0,2,0,0,1,8,
2310176,0.0375208,-0.00488233,0.538667,0,0,0,2,0,0,1,8,
2310216,-0.00979509,0.0537805,0.528888,0,0,0,2,0,0,1,8,
2310257,-0.0666895,0.125584,0.517499,0,0,0,2,0,0,1,8,
2310296,-0.13242,0.207682,0.50414,0,0,0,2,0,0,1,8,
2310336,-0.206966,0.299683,0.490333,0,0,0,2,0,0,1,8,
2310376,-0.282754,0.391978,0.478851,0,0,0,2,0,0,1,8,
2310416,-0.35388,0.480509,0.474707,0,0,0,2,0,0,1,8,
2310456,-0.415995,0.565628,0.482483,0,0,0,2,0,0,1,8,
2310496,-0.4691,0.64714,0.497098,0,0,0,2,0,0,1,8,
2310536,-0.512585,0.721254,0.516052,0,-4.27936,0,2,0,0,1,8,
2310577,-0.607765,0.761095,0.598948,0,-87.2049,0,2,0,0,1,8,
2310616,-0.810695,0.895566,0.751773,196.932,-251.131,0,2,0,0,1,8,
2310656,-1.08105,1.06922,0.856967,720.529,-595.973,0,2,0,0,1,8,
2310696,-1.39264,1.23614,0.921318,1360.94,-977.667,-80.5084,2,0,0,1,8,
2310736,-1.7137,1.39588,0.975515,2057.97,-1338.43,-210.233,2,0,0,1,8,
2310776,-1.98254,1.62088,1.07904,2737.63,-1719.65,-354.039,2,0,0,1,8,
2310816,-2.15031,1.99348,1.28089,3209.86,-2383.99,-697.19,2,0,0,1,8,
2310856,-2.3295,2.35702,1.47014,3582.39,-3204.89,-1136.5,2,0,0,1,8,
2310897,-2.51159,2.76158,1.65928,3983.74,-4032.92,-1548.04,2,0,0,1,8,
2310936,-2.69169,3.18226,1.8436,4377.76,-4936.01,-1955.28,2,0,0,1,8,
2310976,-2.87428,3.65281,2.03107,4780.66,-5915.11,-2369.73,2,0,0,1,8,
2311016,-3.05327,4.16968,2.22213,5178.45,-7001.75,-2785.95,2,0,0,1,8,
2311056,-3.23852,4.71287,2.40827,5578.08,-8163.25,-3201.19,2,0,0,1,8,
2311096,-3.42522,5.29502,2.5959,5987.53,-9397.21,-3612.23,2,0,0,1,8,
2311136,-3.61153,5.91194,2.78415,6398.04,-10711.9,-4025.75,2,0,0,1,8,
2311176,-3.79788,6.56787,2.97171,6808.5,-12107.5,-4438.91,2,0,0,1,8,
2311216,-3.97871,7.24142,3.15462,7215.57,-13581.4,-4850.34,2,0,0,1,8,
2311256,-4.16586,7.96788,3.342,7616.41,-15103,-5253.83,2,0,0,1,8,
2311296,-4.3539,8.73228,3.53018,8029.1,-16738.8,-5666.66,2,0,0,1,8,
2311336,-4.54197,9.53328,3.71829,8443.03,-18457.2,-6080.92,2,0,0,1,8,
2311376,-4.72981,10.3702,3.90615,8856.64,-20255.6,-6494.52,2,0,0,1,8,
2311416,-4.91775,11.2435,4.09408,9270.43,-22135.1,-6908.36,2,0,0,1,8,
2311456,-5.10678,12.1569,4.2831,9684.6,-24094.2,-7322.52,2,0,0,1,8,
2311496,-5.2953,13.1044,4.47163,10099.5,-26135.5,-7737.46,2,0,0,1,8,
2311536,-5.4792,14.0636,4.65551,10512.8,-28248.1,-8150.7,2,0,0,1,8,
2311576,-5.66845,15.0853,4.8448,10920.1,-30406.5,-8558.03,2,0,0,1,8,
2311616,-5.85837,16.1448,5.03472,11337.2,-32691.8,-8975.2,2,0,0,1,8,
