milisec,RacketX,RacketY,RacketZ,forceX,forceX,forceX,ForceRatio,FriendPoint,EnemyPoint,haptics,scene
280627345,0,0,0,8249.91,4425.96,-9176.52,8.6,0,0,0,0,
280627377,-1.4864,-0.88,1.48703,1558.3,843.04,-1735.4,1.6,0,0,0,0,
280627388,-1.4864,-0.88,1.48703,584.364,316.14,-650.776,0.6,0,0,0,0,
280627428,-1.4864,-0.88,1.48703,1947.88,1053.8,-2169.26,2,0,0,0,0,
280627468,-1.4864,-0.88,1.48703,1947.88,1053.8,-2169.26,2,0,0,0,0,
280627507,-1.4864,-0.88,1.48703,1947.88,1053.8,-2169.26,2,0,0,0,0,
280627547,-1.4864,-0.88,1.48703,1947.88,1053.8,-2169.26,2,0,0,0,0,
280627611,-1.4864,-0.88,1.48703,3116.61,1686.08,-3470.81,3.2,0,0,0,0,
280627627,-1.4864,-0.88,1.48703,779.152,421.52,-867.702,0.8,0,0,0,0,
280627699,-1.4864,-0.88,1.48703,3506.18,1896.84,-3904.66,3.6,0,0,0,0,
280627708,-0.095,-0.88,0.194963,0,210.76,0,0.4,0,0,0,0,
280627748,-0.0749501,-0.88,0.18,0,1053.8,0,2,0,0,0,0,
280627788,-0.08515,-0.88,0.195188,0,1053.8,0,2,0,0,0,0,
280627827,-0.2455,-0.88,0.349238,0,1053.8,0,2,0,0,0,0,
280627867,-0.49555,-0.88,0.638213,0,1053.8,-70.0012,2,0,0,0,0,
280627907,-0.69525,-0.88,0.941775,61.9411,1053.8,-652.22,2,0,0,0,0,
280627947,-0.82015,-0.88,1.1553,353.628,1053.8,-1227.67,2,0,0,0,0,
280627987,-0.87005,-0.88,1.23758,550.198,1053.8,-1551.31,2,0,0,0,0,
280628027,-0.89005,-0.88,1.26386,613.888,1053.8,-1650.95,2,0,0,0,0,
280628068,-0.9452,-0.88,1.33526,683.375,1053.8,-1746.87,2,0,0,0,0,
280628108,-1.0351,-0.88,1.4439,860.574,1053.8,-1966.43,2,0,0,0,0,
280628147,-1.0651,-0.88,1.48507,1001.22,1053.8,-2139.46,2,0,0,0,0,
280628187,-1.0651,-0.88,1.48507,1021.02,1053.8,-2164.96,2,0,0,0,0,
280628227,-1.0651,-0.88,1.48507,1021.02,1053.8,-2164.96,2,0,0,0,0,
280628267,-1.0651,-0.88,1.48507,1021.02,1053.8,-2164.96,2,0,0,0,0,
280628307,-1.0651,-0.88,1.48507,1021.02,1053.8,-2164.96,2,0,0,0,0,
280628347,-1.0651,-0.88,1.48507,1021.02,1053.8,-2164.96,2,0,0,0,0,
280628388,-1.0651,-0.88,1.48507,1021.02,1053.8,-2164.96,2,0,0,0,0,
280628428,-1.0651,-0.88,1.48507,1021.02,1053.8,-2164.96,2,0,0,0,0,
280628467,-1.0651,-0.88,1.48507,1021.02,1053.8,-2164.96,2,0,0,0,0,
280628507,-1.0651,-0.88,1.48507,1021.02,1053.8,-2164.96,2,0,0,0,0,
280628547,-1.0651,-0.88,1.48507,1021.02,1053.8,-2164.96,2,0,0,0,0,
280628587,-1.0651,-0.88,1.48507,1021.02,1053.8,-2164.96,2,0,0,0,0,
280628627,-1.0651,-0.88,1.48507,1021.02,1053.8,-2164.96,2,0,0,0,0,
280628674,-1.0651,-0.88,1.48507,1123.12,1159.18,-2381.46,2.2,0,0,0,0,
280628710,-1.0651,-0.88,1.48507,918.918,948.42,-1948.47,1.8,0,0,0,0,
280628752,-1.0651,-0.88,1.48507,1123.12,1159.18,-2381.46,2.2,0,0,0,0,
280628787,-1.0651,-0.88,1.48507,918.918,948.42,-1948.47,1.8,0,0,0,0,
280628827,-1.0651,-0.88,1.48507,1021.02,1053.8,-2164.96,2,0,0,0,0,
280628869,-1.0651,-0.88,1.48507,1021.02,1053.8,-2164.96,2,0,0,0,0,
280628909,-1.0651,-0.88,1.48507,1021.02,1053.8,-2164.96,2,0,0,0,0,
280628949,-1.0651,-0.88,1.48507,1021.02,1053.8,-2164.96,2,0,0,0,0,
280628990,-1.0651,-0.88,1.48507,1021.02,1053.8,-2164.96,2,0,0,0,0,
280629030,-1.0651,-0.88,1.48507,1021.02,1053.8,-2164.96,2,0,0,0,0,
280629067,-1.0651,-0.88,1.48507,1021.02,1053.8,-2164.96,2,0,0,0,0,
280629107,-1.0651,-0.88,1.48507,1021.02,1053.8,-2164.96,2,0,0,0,0,
280629147,-1.0651,-0.88,1.48507,1021.02,1053.8,-2164.96,2,0,0,0,0,
280629187,-1.0651,-0.88,1.48507,1021.02,1053.8,-2164.96,2,0,0,0,0,
280629229,-1.0651,-0.88,1.48507,1021.02,1053.8,-2164.96,2,0,0,0,0,
280629269,-1.0651,-0.88,1.48507,1021.02,1053.8,-2164.96,2,0,0,0,0,
280629310,-1.0651,-0.88,1.48507,1021.02,1053.8,-2164.96,2,0,0,0,0,
280629350,-1.0651,-0.88,1.48507,1021.02,1053.8,-2164.96,2,0,0,0,0,
280629409,-1.0651,-0.88,1.48507,1531.53,1580.7,-3247.45,3,0,0,0,0,
280629427,-1.0651,-0.88,1.48507,510.51,526.9,-1082.48,1,0,0,0,0,
280629468,-1.0651,-0.88,1.48507,1021.02,1053.8,-2164.96,2,0,0,0,0,
280629509,-1.0651,-0.88,1.48507,1021.02,1053.8,-2164.96,2,0,0,0,0,
280629549,-1.0651,-0.88,1.48507,1021.02,1053.8,-2164.96,2,0,0,0,0,
280629589,-1.0651,-0.88,1.48507,1021.02,1053.8,-2164.96,2,0,0,0,0,
280629630,-1.0651,-0.88,1.48507,1021.02,1053.8,-2164.96,2,0,0,0,0,
280629669,-1.0651,-0.88,1.48507,1021.02,1053.8,-2164.96,2,0,0,0,0,
280629708,-1.0651,-0.88,1.48507,1021.02,1053.8,-2164.96,2,0,0,0,0,
280629748,-1.0651,-0.88,1.48507,1021.02,1053.8,-2164.96,2,0,0,0,0,
280629787,-1.0651,-0.88,1.48507,1021.02,1053.8,-2164.96,2,0,0,0,0,
280629827,-1.0651,-0.88,1.48507,1021.02,1053.8,-2164.96,2,0,0,0,0,
280629868,-1.0651,-0.88,1.48507,1021.02,1053.8,-2164.96,2,0,0,0,0,
280629907,-1.0651,-0.88,1.48507,1021.02,1053.8,-2164.96,2,0,0,0,0,
280629948,-1.0651,-0.88,1.48507,1021.02,1053.8,-2164.96,2,0,0,0,0,
280629989,-1.0651,-0.88,1.48507,1021.02,1053.8,-2164.96,2,0,0,0,0,
280630027,-0.5949,-0.88,1.3533,512.754,1053.8,-2085.76,2,0,0,0,0,
280630067,-0.5699,-0.88,1.2711,0,1053.8,-1728.7,2,0,0,0,0,
280630107,-0.5699,-0.88,1.2711,0,1053.8,-1694.22,2,0,0,0,0,
280630147,-0.5699,-0.88,1.2711,0,1053.8,-1694.22,2,0,0,0,0,
280630187,-0.565,-0.88,1.25617,0,1053.8,-1677.87,2,0,0,0,0,
280630227,-0.63045,-0.88,1.12462,8.34902,1053.8,-1523.13,2,0,0,0,0,
280630268,-0.91075,-0.88,0.944625,342.298,1053.8,-1175.66,2,0,0,0,0,
280630309,-1.1802,-0.88,0.776025,1039.47,1053.8,-782.215,2,0,0,0,0,
280630347,-1.26015,-0.88,0.701175,1366.54,1053.8,-507.903,2,0,0,0,0,
280630387,-1.34515,-0.88,0.6825,1541.47,1053.8,-409.959,2,0,0,0,0,
280630427,-1.38005,-0.88,0.6825,1688.7,1053.8,-399.3,2,0,0,0,0,
280630467,-1.40005,-0.88,0.67875,1733.71,1053.8,-396.809,2,0,0,0,0,
280630507,-1.40505,-0.88,0.67875,1767.81,1053.8,-391.05,2,0,0,0,0,
280630547,-1.40505,-0.88,0.67875,1768.91,1053.8,-391.05,2,0,0,0,0,
280630588,-1.40505,-0.88,0.67875,1768.91,1053.8,-391.05,2,0,0,0,0,
280630629,-1.4301,-0.88,0.682537,1787.64,1053.8,-393.55,2,0,0,0,0,
280630667,-1.4752,-0.88,0.690075,1885.79,1053.8,-410.949,2,0,0,0,0,
280630707,-1.4752,-0.88,0.690075,1923.24,1053.8,-415.965,2,0,0,0,0,
280630747,-1.4752,-0.88,0.690075,1923.24,1053.8,-415.965,2,0,0,0,0,
280630787,-1.4752,-0.88,0.690075,1923.24,1053.8,-415.965,2,0,0,0,0,
280630827,-1.4752,-0.88,0.690075,1923.24,1053.8,-415.965,2,0,0,0,0,
280630868,-1.4752,-0.88,0.690075,1923.24,1053.8,-415.965,2,0,0,0,0,
280630908,-1.4752,-0.88,0.690075,1923.24,1053.8,-415.965,2,0,0,0,0,
280630947,-1.4752,-0.88,0.690075,1923.24,1053.8,-415.965,2,0,0,0,0,
280632305,-1.4752,-0.88,0.690075,65197.9,35723.9,-14101.3,67.8001,0,0,0,0,
280632317,-1.4752,-0.88,0.690075,576.972,316.14,-124.79,0.6,0,0,0,0,
280632347,-1.4752,-0.88,0.690075,1538.59,843.04,-332.772,1.6,0,0,0,0,
280632387,-1.4948,-0.88,0.698175,1927.55,1053.8,-417.747,2,0,0,0,0,
280632427,-1.31455,-0.88,0.923062,1785.55,1053.8,-690.665,2,0,0,0,0,
280632468,-1.12455,-0.88,1.15151,1343.36,1053.8,-1199.67,2,0,0,0,0,
280632508,-1.02985,-0.88,1.1811,997.216,1053.8,-1486.56,2,0,0,0,0,
280632547,-1.02985,-0.88,1.1811,943.47,1053.8,-1496.22,2,0,0,0,0,
280632587,-1.02985,-0.88,1.1811,943.47,1053.8,-1496.22,2,0,0,0,0,
280632627,-1.02985,-0.88,1.1811,943.47,1053.8,-1496.22,2,0,0,0,0,
280632667,-0.99495,-0.88,1.16625,911.636,1053.8,-1479.89,2,0,0,0,0,
280632707,-1.1053,-0.88,1.2417,935.561,1053.8,-1496.98,2,0,0,0,0,
280632748,-1.28035,-0.88,1.45537,1304.28,1053.8,-1872.85,2,0,0,0,0,
280632788,-1.28035,-0.88,1.45537,1494.57,1053.8,-2099.63,2,0,0,0,0,
280632827,-1.31615,-0.88,1.49257,1502.45,1053.8,-2107.81,2,0,0,0,0,
280632867,-1.43005,-0.88,1.49625,1748.67,1053.8,-2192.02,2,0,0,0,0,
280632907,-1.43005,-0.88,1.49625,1823.91,1053.8,-2189.55,2,0,0,0,0,
280632947,-1.43505,-0.88,1.48875,1831.54,1053.8,-2186.2,2,0,0,0,0,
280632988,-1.44505,-0.88,1.4775,1848.04,1053.8,-2162.28,2,0,0,0,0,
280633027,-1.46005,-0.88,1.4775,1871.21,1053.8,-2148.3,2,0,0,0,0,
280633068,-1.46505,-0.88,1.4775,1891.01,1053.8,-2148.3,2,0,0,0,0,
280633109,-1.475,-0.88,1.48504,1911.86,1053.8,-2153.29,2,0,0,0,0,
280633147,-1.48,-0.88,1.49254,1930.52,1053.8,-2178.08,2,0,0,0,0,
280633187,-1.48,-0.88,1.49254,1933.8,1053.8,-2181.38,2,0,0,0,0,
280633227,-1.48,-0.88,1.49254,1933.8,1053.8,-2181.38,2,0,0,0,0,
280633267,-1.48,-0.88,1.49254,1933.8,1053.8,-2181.38,2,0,0,0,0,
280633307,-1.48,-0.88,1.49254,1933.8,1053.8,-2181.38,2,0,0,0,0,
280633347,-1.48,-0.88,1.49254,1933.8,1053.8,-2181.38,2,0,0,0,0,
280633388,-1.48,-0.88,1.49254,1933.8,1053.8,-2181.38,2,0,0,0,0,
280633428,-1.48,-0.88,1.49254,1933.8,1053.8,-2181.38,2,0,0,0,0,
280633467,-1.48,-0.88,1.49254,1933.8,1053.8,-2181.38,2,0,0,0,0,
280633507,-1.48,-0.88,1.49254,1933.8,1053.8,-2181.38,2,0,0,0,0,
280633547,-1.46485,-0.88,1.47367,1943.6,1053.8,-2168.82,2,0,0,0,0,
280633587,-1.37975,-0.88,1.4286,1813.5,1053.8,-2095.29,2,0,0,0,0,
280633627,-1.25475,-0.88,1.33856,1571.35,1053.8,-1941.65,2,0,0,0,0,
280633667,-1.13475,-0.88,1.25985,1306.27,1053.8,-1756.09,2,0,0,0,0,
280633708,-0.98475,-0.88,1.16216,1013.54,1053.8,-1571.98,2,0,0,0,0,
280633748,-0.8648,-0.88,1.06485,703.483,1053.8,-1329.51,2,0,0,0,0,
280633787,-0.7598,-0.88,0.989812,467.038,1053.8,-1156.31,2,0,0,0,0,
280633827,-0.6248,-0.88,0.87345,213.906,1053.8,-955.639,2,0,0,0,0,
280633867,-0.50475,-0.88,0.719588,6.88601,1053.8,-653.524,2,0,0,0,0,
280633907,-0.36975,-0.88,0.520875,0,1053.8,-260.659,2,0,0,0,0,
280633947,-0.23475,-0.88,0.340913,0,1053.8,-4.37251,2,0,0,0,0,
280633987,-0.15,-0.88,0.232388,0,1053.8,0,2,0,0,0,0,
280634028,-0.1751,-0.88,0.210038,0,1053.8,0,2,0,0,0,0,
280634068,-0.1751,-0.88,0.210038,0,1053.8,0,2,0,0,0,0,
280634107,-0.1751,-0.88,0.210038,0,1053.8,0,2,0,0,0,0,
280634147,-0.1751,-0.88,0.210038,0,1053.8,0,2,0,0,0,0,
280634187,-0.1751,-0.88,0.210038,0,1053.8,0,2,0,0,0,0,
280634227,-0.18995,-0.88,0.225,0,1053.8,0,2,0,0,0,0,
280634267,0.05065,-0.88,0.078225,0,1053.8,0,2,0,0,0,0,
280634308,0.45575,-0.88,-0.2745,0,1053.8,0,2,0,0,0,0,
280634349,0.7352,-0.88,-0.574087,-103.774,1053.8,0,2,0,0,0,0,
280634388,0.81515,-0.88,-0.68265,-389.741,1053.8,0,2,0,0,0,0,
280634427,0.87005,-0.88,-0.731325,-535.92,1053.8,0,2,0,0,0,0,
280634467,0.9101,-0.88,-0.798937,-631.587,1053.8,0,2,0,0,0,0,
280634507,0.97515,-0.88,-0.915187,-744.997,1053.8,0,2,0,0,0,0,
280634547,1.02505,-0.88,-0.997612,-891.198,1053.8,0,2,0,0,0,0,
280634587,1.05005,-0.88,-1.04254,-960.41,1053.8,0,2,0,0,0,0,
280634629,1.1001,-0.88,-1.06504,-1032.03,1053.8,0,2,0,0,0,0,
280634668,1.1652,-0.88,-1.09511,-1167.41,1053.8,0,2,0,0,0,0,
280634707,1.2652,-0.88,-1.16647,-1346.84,1053.8,0,2,0,0,0,0,
280634747,1.3702,-0.88,-1.28269,-1576.76,1053.8,0,2,0,0,0,0,
280634787,1.4551,-0.88,-1.37272,-1792.25,1053.8,0,2,0,0,0,0,
280634827,1.485,-0.88,-1.41379,-1922.91,1053.8,0,2,0,0,0,0,
280634867,1.485,-0.88,-1.41379,-1944.8,1053.8,0,2,0,0,0,0,
280634907,1.47995,-0.88,-1.41754,-1943.67,1053.8,0,2,0,0,0,0,
280634948,1.46995,-0.88,-1.42125,-1922.69,1053.8,0,2,0,0,0,0,
280634988,1.46495,-0.88,-1.42129,-1906.19,1053.8,0,2,0,0,0,0,
280635027,1.46495,-0.88,-1.42129,-1900.69,1053.8,0,2,0,0,0,0,
280635067,1.46495,-0.88,-1.42129,-1900.69,1053.8,0,2,0,0,0,0,
280635107,1.46,-0.88,-1.43629,-1890.89,1053.8,0,2,0,0,0,0,
280635147,1.46,-0.88,-1.45882,-1889.8,1053.8,0,2,0,0,0,0,
280635187,1.46005,-0.88,-1.48132,-1889.85,1053.8,0,2,0,0,0,0,
280635227,1.46005,-0.88,-1.48132,-1889.91,1053.8,0,2,0,0,0,0,
280635268,1.46005,-0.88,-1.48132,-1889.91,1053.8,0,2,0,0,0,0,
280635308,1.46005,-0.88,-1.48132,-1889.91,1053.8,0,2,0,0,0,0,
280635347,1.46005,-0.88,-1.48132,-1889.91,1053.8,0,2,0,0,0,0,
280635387,1.46005,-0.88,-1.48132,-1889.91,1053.8,0,2,0,0,0,0,
280635427,1.46005,-0.88,-1.48132,-1889.91,1053.8,0,2,0,0,0,0,
280635467,1.4653,-0.88,-1.48882,-1893.38,1053.8,0,2,0,0,0,0,
280635507,1.4653,-0.88,-1.48882,-1901.46,1053.8,0,2,0,0,0,0,
280635547,1.4653,-0.88,-1.48882,-1901.46,1053.8,0,2,0,0,0,0,
280635588,1.4653,-0.88,-1.48882,-1901.46,1053.8,0,2,0,0,0,0,
280635628,1.4653,-0.88,-1.48882,-1901.46,1053.8,0,2,0,0,0,0,
280635667,1.4653,-0.88,-1.48882,-1901.46,1053.8,0,2,0,0,0,0,
280635707,1.4653,-0.88,-1.48882,-1901.46,1053.8,0,2,0,0,0,0,
280635747,1.4653,-0.88,-1.48882,-1901.46,1053.8,0,2,0,0,0,0,
280635787,1.4653,-0.88,-1.48882,-1901.46,1053.8,0,2,0,0,0,0,
280635827,1.4653,-0.88,-1.48882,-1901.46,1053.8,0,2,0,0,0,0,
280635867,1.4653,-0.88,-1.48882,-1901.46,1053.8,0,2,0,0,0,0,
280635908,1.4653,-0.88,-1.48882,-1901.46,1053.8,0,2,0,0,0,0,
280635948,1.4653,-0.88,-1.48882,-1901.46,1053.8,0,2,0,0,0,0,
280635987,1.4653,-0.88,-1.48882,-1901.46,1053.8,0,2,0,0,0,0,
280636027,1.4653,-0.88,-1.48882,-1901.46,1053.8,0,2,0,0,0,0,
280636067,1.4653,-0.88,-1.48882,-1901.46,1053.8,0,2,0,0,0,0,
280636107,1.4653,-0.88,-1.48882,-1901.46,1053.8,0,2,0,0,0,0,
280636147,1.4653,-0.88,-1.48882,-1901.46,1053.8,0,2,0,0,0,0,
280636187,1.4653,-0.88,-1.48882,-1901.46,1053.8,0,2,0,0,0,0,
280636228,1.4653,-0.88,-1.48882,-1901.46,1053.8,0,2,0,0,0,0,
280636268,1.4653,-0.88,-1.48882,-1901.46,1053.8,0,2,0,0,0,0,
280636307,1.4653,-0.88,-1.48882,-1901.46,1053.8,0,2,0,0,0,0,
280636347,1.4653,-0.88,-1.48882,-1901.46,1053.8,0,2,0,0,0,0,
280636387,1.4653,-0.88,-1.48882,-1901.46,1053.8,0,2,0,0,0,0,
280636427,1.4653,-0.88,-1.48882,-1901.46,1053.8,0,2,0,0,0,0,
280636467,1.4653,-0.88,-1.48882,-1901.46,1053.8,0,2,0,0,0,0,
280636507,1.4653,-0.88,-1.48882,-1901.46,1053.8,0,2,0,0,0,0,
280636548,1.4653,-0.88,-1.48882,-1901.46,1053.8,0,2,0,0,0,0,
280636587,1.4653,-0.88,-1.48882,-1901.46,1053.8,0,2,0,0,0,0,
280636627,1.4653,-0.88,-1.48882,-1901.46,1053.8,0,2,0,0,0,0,
280636667,1.4653,-0.88,-1.48882,-1901.46,1053.8,0,2,0,0,0,0,
280636707,1.4653,-0.88,-1.48882,-1901.46,1053.8,0,2,0,0,0,0,
280636747,1.4653,-0.88,-1.48882,-1901.46,1053.8,0,2,0,0,0,0,
280636787,1.4653,-0.88,-1.48882,-1901.46,1053.8,0,2,0,0,0,0,
280636828,1.4653,-0.88,-1.48882,-1901.46,1053.8,0,2,0,0,0,0,
280636868,1.4653,-0.88,-1.48882,-1901.46,1053.8,0,2,0,0,0,0,
280636907,1.4653,-0.88,-1.48882,-1901.46,1053.8,0,2,0,0,0,0,
280636947,1.4653,-0.88,-1.48882,-1901.46,1053.8,0,2,0,0,0,0,
280636987,1.4653,-0.88,-1.48882,-1901.46,1053.8,0,2,0,0,0,0,
280637027,1.4653,-0.88,-1.48882,-1901.46,1053.8,0,2,0,0,0,0,
280637067,1.4653,-0.88,-1.48882,-1901.46,1053.8,0,2,0,0,0,0,
280637107,1.4653,-0.88,-1.48882,-1901.46,1053.8,0,2,0,0,0,0,
280637148,1.4653,-0.88,-1.48882,-1901.46,1053.8,0,2,0,0,0,0,
280637188,1.4653,-0.88,-1.48882,-1901.46,1053.8,0,2,0,0,0,0,
280637227,1.4653,-0.88,-1.48882,-1901.46,1053.8,0,2,0,0,0,0,
280637267,1.4653,-0.88,-1.48882,-1901.46,1053.8,0,2,0,0,0,0,
280637307,1.4653,-0.88,-1.48882,-1901.46,1053.8,0,2,0,0,0,0,
280637347,1.4653,-0.88,-1.48882,-1901.46,1053.8,0,2,0,0,0,0,
280637387,1.4653,-0.88,-1.48882,-1901.46,1053.8,0,2,0,0,0,0,
280637427,1.4653,-0.88,-1.48882,-1901.46,1053.8,0,2,0,0,0,0,
280637468,1.4653,-0.88,-1.48882,-1901.46,1053.8,0,2,0,0,0,0,
280637508,1.4653,-0.88,-1.48882,-1901.46,1053.8,0,2,0,0,0,0,
280637547,1.4653,-0.88,-1.48882,-1901.46,1053.8,0,2,0,0,0,0,
280637587,1.4653,-0.88,-1.48882,-1901.46,1053.8,0,2,0,0,0,0,
280637627,1.4653,-0.88,-1.48882,-1901.46,1053.8,0,2,0,0,0,0,
280637667,1.4653,-0.88,-1.48882,-1901.46,1053.8,0,2,0,0,0,0,
280637707,1.4653,-0.88,-1.48882,-1901.46,1053.8,0,2,0,0,0,0,
280637747,1.4653,-0.88,-1.48882,-1901.46,1053.8,0,2,0,0,0,0,
280637789,1.4653,-0.88,-1.48882,-1901.46,1053.8,0,2,0,0,0,0,
280637828,1.4653,-0.88,-1.48882,-1901.46,1053.8,0,2,0,0,0,0,
280637867,1.4653,-0.88,-1.48882,-1901.46,1053.8,0,2,0,0,0,0,
280637907,1.4653,-0.88,-1.48882,-1901.46,1053.8,0,2,0,0,0,0,
280637947,1.4653,-0.88,-1.48882,-1901.46,1053.8,0,2,0,0,0,0,
280637987,1.4653,-0.88,-1.48882,-1901.46,1053.8,0,2,0,0,0,0,
280638027,1.4653,-0.88,-1.48882,-1901.46,1053.8,0,2,0,0,0,0,
280638067,1.4653,-0.88,-1.48882,-1901.46,1053.8,0,2,0,0,0,0,
280638108,1.4653,-0.88,-1.48882,-1901.46,1053.8,0,2,0,0,0,0,
280638148,1.4653,-0.88,-1.48882,-1901.46,1053.8,0,2,0,0,0,0,
280638187,1.4653,-0.88,-1.48882,-1901.46,1053.8,0,2,0,0,0,0,
280638227,1.4653,-0.88,-1.48882,-1901.46,1053.8,0,2,0,0,0,0,
280638267,1.4653,-0.88,-1.48882,-1901.46,1053.8,0,2,0,0,0,0,
280638307,1.4653,-0.88,-1.48882,-1901.46,1053.8,0,2,0,0,0,0,
280638348,1.4653,-0.88,-1.48882,-1901.46,1053.8,0,2,0,0,0,0,
280638387,1.4653,-0.88,-1.48882,-1901.46,1053.8,0,2,0,0,0,0,
280638428,1.4653,-0.88,-1.48882,-1901.46,1053.8,0,2,0,0,0,0,
280638468,1.4653,-0.88,-1.48882,-1901.46,1053.8,0,2,0,0,0,0,
280638507,1.4653,-0.88,-1.48882,-1901.46,1053.8,0,2,0,0,0,0,
280638547,1.4653,-0.88,-1.48882,-1901.46,1053.8,0,2,0,0,0,0,
280638587,1.4653,-0.88,-1.48882,-1901.46,1053.8,0,2,0,0,0,0,
280638627,1.4653,-0.88,-1.48882,-1901.46,1053.8,0,2,0,0,0,0,
280638667,1.4653,-0.88,-1.48882,-1901.46,1053.8,0,2,0,0,0,0,
280638708,1.4653,-0.88,-1.48882,-1901.46,1053.8,0,2,0,0,0,0,
280638748,1.4653,-0.88,-1.48882,-1901.46,1053.8,0,2,0,0,0,0,
280638787,1.4653,-0.88,-1.48882,-1901.46,1053.8,0,2,0,0,0,0,
280638827,1.4653,-0.88,-1.48882,-1901.46,1053.8,0,2,0,0,0,0,
280638867,1.4653,-0.88,-1.48882,-1901.46,1053.8,0,2,0,0,0,0,
280638907,1.4653,-0.88,-1.48882,-1901.46,1053.8,0,2,0,0,0,0,
280638947,1.4653,-0.88,-1.48882,-1901.46,1053.8,0,2,0,0,0,0,
280638987,1.4653,-0.88,-1.48882,-1901.46,1053.8,0,2,0,0,0,0,
280639028,1.4653,-0.88,-1.48882,-1901.46,1053.8,0,2,0,0,0,0,
280639068,1.4653,-0.88,-1.48882,-1901.46,1053.8,0,2,0,0,0,0,
280639107,1.4653,-0.88,-1.48882,-1901.46,1053.8,0,2,0,0,0,0,
280639147,1.4653,-0.88,-1.48882,-1901.46,1053.8,0,2,0,0,0,0,
280639187,1.4653,-0.88,-1.48882,-1901.46,1053.8,0,2,0,0,0,0,
280639227,1.4653,-0.88,-1.48882,-1901.46,1053.8,0,2,0,0,0,0,
280639267,1.4653,-0.88,-1.48882,-1901.46,1053.8,0,2,0,0,0,0,
280639307,1.4653,-0.88,-1.48882,-1901.46,1053.8,0,2,0,0,0,0,
280639348,1.4653,-0.88,-1.48882,-1901.46,1053.8,0,2,0,0,0,0,
280639388,1.4653,-0.88,-1.48882,-1901.46,1053.8,0,2,0,0,0,0,
280639427,1.4653,-0.88,-1.48882,-1901.46,1053.8,0,2,0,0,0,0,
280639467,1.4653,-0.88,-1.48882,-1901.46,1053.8,0,2,0,0,0,0,
280639507,1.4653,-0.88,-1.48882,-1901.46,1053.8,0,2,0,0,0,0,
280639547,1.4653,-0.88,-1.48882,-1901.46,1053.8,0,2,0,0,0,0,
280639587,1.4653,-0.88,-1.48882,-1901.46,1053.8,0,2,0,0,0,0,
280639627,1.4653,-0.88,-1.48882,-1901.46,1053.8,0,2,0,0,0,0,
280639668,1.4653,-0.88,-1.48882,-1901.46,1053.8,0,2,0,0,0,0,
280639708,1.4653,-0.88,-1.48882,-1901.46,1053.8,0,2,0,0,0,0,
280639747,1.4653,-0.88,-1.48882,-1901.46,1053.8,0,2,0,0,0,0,
280639787,1.4653,-0.88,-1.48882,-1901.46,1053.8,0,2,0,0,0,0,
280639827,1.4653,-0.88,-1.48882,-1901.46,1053.8,0,2,0,0,0,0,
280639867,1.4653,-0.88,-1.48882,-1901.46,1053.8,0,2,0,0,0,0,
280639907,1.4653,-0.88,-1.48882,-1901.46,1053.8,0,2,0,0,0,0,
280639947,1.4653,-0.88,-1.48882,-1901.46,1053.8,0,2,0,0,0,0,
280639988,1.4653,-0.88,-1.48882,-1901.46,1053.8,0,2,0,0,0,0,
280640028,1.4653,-0.88,-1.48882,-1901.46,1053.8,0,2,0,0,0,0,
280640067,1.4653,-0.88,-1.48882,-1901.46,1053.8,0,2,0,0,0,0,
280640107,1.4653,-0.88,-1.48882,-1901.46,1053.8,0,2,0,0,0,0,
280640147,1.4653,-0.88,-1.48882,-1901.46,1053.8,0,2,0,0,0,0,
280640187,1.4653,-0.88,-1.48882,-1901.46,1053.8,0,2,0,0,0,0,
280640227,1.4653,-0.88,-1.48882,-1901.46,1053.8,0,2,0,0,0,0,
280640267,1.4653,-0.88,-1.48882,-1901.46,1053.8,0,2,0,0,0,0,
280640308,1.4653,-0.88,-1.48882,-1901.46,1053.8,0,2,0,0,0,0,
280640348,1.4653,-0.88,-1.48882,-1901.46,1053.8,0,2,0,0,0,0,
280640387,1.4653,-0.88,-1.48882,-1901.46,1053.8,0,2,0,0,0,0,
280640427,1.4653,-0.88,-1.48882,-1901.46,1053.8,0,2,0,0,0,0,
280640467,1.4653,-0.88,-1.48882,-1901.46,1053.8,0,2,0,0,0,0,
280640507,1.4653,-0.88,-1.48882,-1901.46,1053.8,0,2,0,0,0,0,
280640547,1.4653,-0.88,-1.48882,-1901.46,1053.8,0,2,0,0,0,0,
280640588,1.4653,-0.88,-1.48882,-1901.46,1053.8,0,2,0,0,0,0,
280640628,1.4653,-0.88,-1.48882,-1901.46,1053.8,0,2,0,0,0,0,
280640667,1.4653,-0.88,-1.48882,-1901.46,1053.8,0,2,0,0,0,0,
280640707,1.4653,-0.88,-1.48882,-1901.46,1053.8,0,2,0,0,0,0,
280640747,1.4653,-0.88,-1.48882,-1901.46,1053.8,0,2,0,0,0,0,
280640787,1.4653,-0.88,-1.48882,-1901.46,1053.8,0,2,0,0,0,0,
280640827,1.4653,-0.88,-1.48882,-1901.46,1053.8,0,2,0,0,0,0,
280640867,1.4653,-0.88,-1.48882,-1901.46,1053.8,0,2,0,0,0,0,
280640908,1.4653,-0.88,-1.48882,-1901.46,1053.8,0,2,0,0,0,0,
280640948,1.4653,-0.88,-1.48882,-1901.46,1053.8,0,2,0,0,0,0,
280640987,1.4653,-0.88,-1.48882,-1901.46,1053.8,0,2,0,0,0,0,
280641027,1.4653,-0.88,-1.48882,-1901.46,1053.8,0,2,0,0,0,0,
280641067,1.4653,-0.88,-1.48882,-1901.46,1053.8,0,2,0,0,0,0,
280641107,1.4653,-0.88,-1.48882,-1901.46,1053.8,0,2,0,0,0,0,
280641147,1.4653,-0.88,-1.48882,-1901.46,1053.8,0,2,0,0,0,0,
280641187,1.4653,-0.88,-1.48882,-1901.46,1053.8,0,2,0,0,0,0,
280641228,1.4653,-0.88,-1.48882,-1901.46,1053.8,0,2,0,0,0,0,
280641268,1.4653,-0.88,-1.48882,-1901.46,1053.8,0,2,0,0,0,0,
280641307,1.4653,-0.88,-1.48882,-1901.46,1053.8,0,2,0,0,0,0,
280641347,1.4653,-0.88,-1.48882,-1901.46,1053.8,0,2,0,0,0,0,
280641387,1.4653,-0.88,-1.48882,-1901.46,1053.8,0,2,0,0,0,0,
280641427,1.4653,-0.88,-1.48882,-1901.46,1053.8,0,2,0,0,0,0,
280641467,1.4653,-0.88,-1.48882,-1901.46,1053.8,0,2,0,0,0,0,
280641507,1.4653,-0.88,-1.48882,-1901.46,1053.8,0,2,0,0,0,0,
280641548,1.4653,-0.88,-1.48882,-1901.46,1053.8,0,2,0,0,0,0,
280641588,1.4653,-0.88,-1.48882,-1901.46,1053.8,0,2,0,0,0,0,
280641627,1.4653,-0.88,-1.48882,-1901.46,1053.8,0,2,0,0,0,0,
280641667,1.4653,-0.88,-1.48882,-1901.46,1053.8,0,2,0,0,0,0,
280641707,1.4653,-0.88,-1.48882,-1901.46,1053.8,0,2,0,0,0,0,
280641747,1.4653,-0.88,-1.48882,-1901.46,1053.8,0,2,0,0,0,0,
280641787,1.4653,-0.88,-1.48882,-1901.46,1053.8,0,2,0,0,0,0,
280641827,1.4653,-0.88,-1.48882,-1901.46,1053.8,0,2,0,0,0,0,
280641868,1.4653,-0.88,-1.48882,-1901.46,1053.8,0,2,0,0,0,0,
280641908,1.4653,-0.88,-1.48882,-1901.46,1053.8,0,2,0,0,0,0,
280641947,1.4653,-0.88,-1.48882,-1901.46,1053.8,0,2,0,0,0,0,
280641987,1.4653,-0.88,-1.48882,-1901.46,1053.8,0,2,0,0,0,0,
280642027,1.4653,-0.88,-1.48882,-1901.46,1053.8,0,2,0,0,0,0,
280642067,1.4653,-0.88,-1.48882,-1901.46,1053.8,0,2,0,0,0,0,
280642107,1.4653,-0.88,-1.48882,-1901.46,1053.8,0,2,0,0,0,0,
280642147,1.4653,-0.88,-1.48882,-1901.46,1053.8,0,2,0,0,0,0,
280642188,1.4653,-0.88,-1.48882,-1901.46,1053.8,0,2,0,0,0,0,
280642228,1.4653,-0.88,-1.48882,-1901.46,1053.8,0,2,0,0,0,0,
280642267,1.4653,-0.88,-1.48882,-1901.46,1053.8,0,2,0,0,0,0,
280642307,1.4653,-0.88,-1.48882,-1901.46,1053.8,0,2,0,0,0,0,
280642347,1.4653,-0.88,-1.48882,-1901.46,1053.8,0,2,0,0,0,0,
280642387,1.4653,-0.88,-1.48882,-1901.46,1053.8,0,2,0,0,0,0,
280642427,1.4653,-0.88,-1.48882,-1901.46,1053.8,0,2,0,0,0,0,
280642468,1.4653,-0.88,-1.48882,-1901.46,1053.8,0,2,0,0,0,0,
280642508,1.4653,-0.88,-1.48882,-1901.46,1053.8,0,2,0,0,0,0,
280642547,1.4653,-0.88,-1.48882,-1901.46,1053.8,0,2,0,0,0,0,
280642587,1.4653,-0.88,-1.48882,-1901.46,1053.8,0,2,0,0,0,0,
280642627,1.4653,-0.88,-1.48882,-1901.46,1053.8,0,2,0,0,0,0,
280642667,1.4653,-0.88,-1.48882,-1901.46,1053.8,0,2,0,0,0,0,
280642707,1.4653,-0.88,-1.48882,-1901.46,1053.8,0,2,0,0,0,0,
280642747,1.4653,-0.88,-1.48882,-1901.46,1053.8,0,2,0,0,0,0,
280642788,1.4653,-0.88,-1.48882,-1901.46,1053.8,0,2,0,0,0,0,
280642828,1.4653,-0.88,-1.48882,-1901.46,1053.8,0,2,0,0,0,0,
280642867,1.4653,-0.88,-1.48882,-1901.46,1053.8,0,2,0,0,0,0,
280642907,1.4653,-0.88,-1.48882,-1901.46,1053.8,0,2,0,0,0,0,
280642947,1.4653,-0.88,-1.48882,-1901.46,1053.8,0,2,0,0,0,0,
280642987,1.4653,-0.88,-1.48882,-1901.46,1053.8,0,2,0,0,0,0,
280643027,1.4653,-0.88,-1.48882,-1901.46,1053.8,0,2,0,0,0,0,
280643067,1.4653,-0.88,-1.48882,-1901.46,1053.8,0,2,0,0,0,0,
280643108,1.4653,-0.88,-1.48882,-1901.46,1053.8,0,2,0,0,0,0,
280643148,1.4653,-0.88,-1.48882,-1901.46,1053.8,0,2,0,0,0,0,
280643187,1.4653,-0.88,-1.48882,-1901.46,1053.8,0,2,0,0,0,0,
280643227,1.4653,-0.88,-1.48882,-1901.46,1053.8,0,2,0,0,0,0,
280643267,1.4653,-0.88,-1.48882,-1901.46,1053.8,0,2,0,0,0,0,
280643307,1.4653,-0.88,-1.48882,-1901.46,1053.8,0,2,0,0,0,0,
280643347,1.4653,-0.88,-1.48882,-1901.46,1053.8,0,2,0,0,0,0,
280643387,1.4653,-0.88,-1.48882,-1901.46,1053.8,0,2,0,0,0,0,
280643428,1.4653,-0.88,-1.48882,-1901.46,1053.8,0,2,0,0,0,0,
280643468,1.4653,-0.88,-1.48882,-1901.46,1053.8,0,2,0,0,0,0,
280643507,1.4653,-0.88,-1.48882,-1901.46,1053.8,0,2,0,0,0,0,
280643547,1.4653,-0.88,-1.48882,-1901.46,1053.8,0,2,0,0,0,0,
280643587,1.4653,-0.88,-1.48882,-1901.46,1053.8,0,2,0,0,0,0,
280643627,1.4653,-0.88,-1.48882,-1901.46,1053.8,0,2,0,0,0,0,
280643667,1.4653,-0.88,-1.48882,-1901.46,1053.8,0,2,0,0,0,0,
280643707,1.4653,-0.88,-1.48882,-1901.46,1053.8,0,2,0,0,0,0,
280643748,1.4653,-0.88,-1.48882,-1901.46,1053.8,0,2,0,0,0,0,
280643788,1.4653,-0.88,-1.48882,-1901.46,1053.8,0,2,0,0,0,0,
280643827,1.4653,-0.88,-1.48882,-1901.46,1053.8,0,2,0,0,0,0,
280643867,1.4653,-0.88,-1.48882,-1901.46,1053.8,0,2,0,0,0,0,
280643907,1.4653,-0.88,-1.48882,-1901.46,1053.8,0,2,0,0,0,0,
280643947,1.4653,-0.88,-1.48882,-1901.46,1053.8,0,2,0,0,0,0,
280643987,1.4653,-0.88,-1.48882,-1901.46,1053.8,0,2,0,0,0,0,
280644027,1.4653,-0.88,-1.48882,-1901.46,1053.8,0,2,0,0,0,0,
280644068,1.4653,-0.88,-1.48882,-1901.46,1053.8,0,2,0,0,0,0,
280644108,1.4653,-0.88,-1.48882,-1901.46,1053.8,0,2,0,0,0,0,
280644147,1.4653,-0.88,-1.48882,-1901.46,1053.8,0,2,0,0,0,0,
280644187,1.4653,-0.88,-1.48882,-1901.46,1053.8,0,2,0,0,0,0,
280644227,1.4653,-0.88,-1.48882,-1901.46,1053.8,0,2,0,0,0,0,
280644267,1.4653,-0.88,-1.48882,-1901.46,1053.8,0,2,0,0,0,0,
280644307,1.4653,-0.88,-1.48882,-1901.46,1053.8,0,2,0,0,0,0,
280644348,1.4653,-0.88,-1.48882,-1901.46,1053.8,0,2,0,0,0,0,
280644388,1.4653,-0.88,-1.48882,-1901.46,1053.8,0,2,0,0,0,0,
280644427,1.4653,-0.88,-1.48882,-1901.46,1053.8,0,2,0,0,0,0,
280644467,1.4653,-0.88,-1.48882,-1901.46,1053.8,0,2,0,0,0,0,
280644507,1.4653,-0.88,-1.48882,-1901.46,1053.8,0,2,0,0,0,0,
280644547,1.4653,-0.88,-1.48882,-1901.46,1053.8,0,2,0,0,0,0,
280644587,1.4653,-0.88,-1.48882,-1901.46,1053.8,0,2,0,0,0,0,
280644627,1.4653,-0.88,-1.48882,-1901.46,1053.8,0,2,0,0,0,0,
280644668,1.4653,-0.88,-1.48882,-1901.46,1053.8,0,2,0,0,0,0,
280644708,1.4653,-0.88,-1.48882,-1901.46,1053.8,0,2,0,0,0,0,
280644747,1.4653,-0.88,-1.48882,-1901.46,1053.8,0,2,0,0,0,0,
280644787,1.4653,-0.88,-1.48882,-1901.46,1053.8,0,2,0,0,0,0,
280644827,1.4653,-0.88,-1.48882,-1901.46,1053.8,0,2,0,0,0,0,
280644867,1.4653,-0.88,-1.48882,-1901.46,1053.8,0,2,0,0,0,0,
280644907,1.4653,-0.88,-1.48882,-1901.46,1053.8,0,2,0,0,0,0,
280644947,1.4653,-0.88,-1.48882,-1901.46,1053.8,0,2,0,0,0,0,
280644988,1.4653,-0.88,-1.48882,-1901.46,1053.8,0,2,0,0,0,0,
280645028,1.4653,-0.88,-1.48882,-1901.46,1053.8,0,2,0,0,0,0,
280645067,1.4653,-0.88,-1.48882,-1901.46,1053.8,0,2,0,0,0,0,
280645107,1.4653,-0.88,-1.48882,-1901.46,1053.8,0,2,0,0,0,0,
280645147,1.4653,-0.88,-1.48882,-1901.46,1053.8,0,2,0,0,0,0,
280645187,1.4653,-0.88,-1.48882,-1901.46,1053.8,0,2,0,0,0,0,
280645227,1.4653,-0.88,-1.48882,-1901.46,1053.8,0,2,0,0,0,0,
280645267,1.4653,-0.88,-1.48882,-1901.46,1053.8,0,2,0,0,0,0,
280645308,1.4653,-0.88,-1.48882,-1901.46,1053.8,0,2,0,0,0,0,
280645348,1.4653,-0.88,-1.48882,-1901.46,1053.8,0,2,0,0,0,0,
280645387,1.4653,-0.88,-1.48882,-1901.46,1053.8,0,2,0,0,0,0,
280645427,1.4653,-0.88,-1.48882,-1901.46,1053.8,0,2,0,0,0,0,
280645467,1.4653,-0.88,-1.48882,-1901.46,1053.8,0,2,0,0,0,0,
280645507,1.4653,-0.88,-1.48882,-1901.46,1053.8,0,2,0,0,0,0,
280645547,1.4653,-0.88,-1.48882,-1901.46,1053.8,0,2,0,0,0,0,
280645587,1.4653,-0.88,-1.48882,-1901.46,1053.8,0,2,0,0,0,0,
280645628,1.4653,-0.88,-1.48882,-1901.46,1053.8,0,2,0,0,0,0,
280645668,1.4653,-0.88,-1.48882,-1901.46,1053.8,0,2,0,0,0,0,
280645707,1.4653,-0.88,-1.48882,-1901.46,1053.8,0,2,0,0,0,0,
280645747,1.4653,-0.88,-1.48882,-1901.46,1053.8,0,2,0,0,0,0,
280645787,1.4653,-0.88,-1.48882,-1901.46,1053.8,0,2,0,0,0,0,
280645827,1.4653,-0.88,-1.48882,-1901.46,1053.8,0,2,0,0,0,0,
280645867,1.4653,-0.88,-1.48882,-1901.46,1053.8,0,2,0,0,0,0,
280645907,1.4653,-0.88,-1.48882,-1901.46,1053.8,0,2,0,0,0,0,
280645948,1.4653,-0.88,-1.48882,-1901.46,1053.8,0,2,0,0,0,0,
280645988,1.4653,-0.88,-1.48882,-1901.46,1053.8,0,2,0,0,0,0,
280646027,1.4653,-0.88,-1.48882,-1901.46,1053.8,0,2,0,0,0,0,
280646067,1.4653,-0.88,-1.48882,-1901.46,1053.8,0,2,0,0,0,0,
280646107,1.4653,-0.88,-1.48882,-1901.46,1053.8,0,2,0,0,0,0,
280646147,1.4653,-0.88,-1.48882,-1901.46,1053.8,0,2,0,0,0,0,
280646187,1.4653,-0.88,-1.48882,-1901.46,1053.8,0,2,0,0,0,0,
280646228,1.4653,-0.88,-1.48882,-1901.46,1053.8,0,2,0,0,0,0,
280646268,1.4653,-0.88,-1.48882,-1901.46,1053.8,0,2,0,0,0,0,
280646307,1.4653,-0.88,-1.48882,-1901.46,1053.8,0,2,0,0,0,0,
280646347,1.4653,-0.88,-1.48882,-1901.46,1053.8,0,2,0,0,0,0,
280646387,1.4653,-0.88,-1.48882,-1901.46,1053.8,0,2,0,0,0,0,
280646427,1.4653,-0.88,-1.48882,-1901.46,1053.8,0,2,0,0,0,0,
280646467,1.4653,-0.88,-1.48882,-1901.46,1053.8,0,2,0,0,0,0,
280646507,1.4653,-0.88,-1.48882,-1901.46,1053.8,0,2,0,0,0,0,
280646548,1.4653,-0.88,-1.48882,-1901.46,1053.8,0,2,0,0,0,0,
280646588,1.4653,-0.88,-1.48882,-1901.46,1053.8,0,2,0,0,0,0,
280646627,1.4653,-0.88,-1.48882,-1901.46,1053.8,0,2,0,0,0,0,
280646667,1.4653,-0.88,-1.48882,-1901.46,1053.8,0,2,0,0,0,0,
280646707,1.4653,-0.88,-1.48882,-1901.46,1053.8,0,2,0,0,0,0,
280646747,1.4653,-0.88,-1.48882,-1901.46,1053.8,0,2,0,0,0,0,
280646787,1.4653,-0.88,-1.48882,-1901.46,1053.8,0,2,0,0,0,0,
280646827,1.4653,-0.88,-1.48882,-1901.46,1053.8,0,2,0,0,0,0,
280646868,1.4653,-0.88,-1.48882,-1901.46,1053.8,0,2,0,0,0,0,
280646908,1.4653,-0.88,-1.48882,-1901.46,1053.8,0,2,0,0,0,0,
280646947,1.4653,-0.88,-1.48882,-1901.46,1053.8,0,2,0,0,0,0,
280646987,1.4653,-0.88,-1.48882,-1901.46,1053.8,0,2,0,0,0,0,
280647027,1.4653,-0.88,-1.48882,-1901.46,1053.8,0,2,0,0,0,0,
280647067,1.4653,-0.88,-1.48882,-1901.46,1053.8,0,2,0,0,0,0,
280647107,1.4653,-0.88,-1.48882,-1901.46,1053.8,0,2,0,0,0,0,
280647147,1.4653,-0.88,-1.48882,-1901.46,1053.8,0,2,0,0,0,0,
280647188,1.4653,-0.88,-1.48882,-1901.46,1053.8,0,2,0,0,0,0,
280647228,1.4653,-0.88,-1.48882,-1901.46,1053.8,0,2,0,0,0,0,
280647267,1.4653,-0.88,-1.48882,-1901.46,1053.8,0,2,0,0,0,0,
280647307,1.4653,-0.88,-1.48882,-1901.46,1053.8,0,2,0,0,0,0,
280647347,1.4653,-0.88,-1.48882,-1901.46,1053.8,0,2,0,0,0,0,
280647387,1.4653,-0.88,-1.48882,-1901.46,1053.8,0,2,0,0,0,0,
280647427,1.4653,-0.88,-1.48882,-1901.46,1053.8,0,2,0,0,0,0,
280647467,1.4653,-0.88,-1.48882,-1901.46,1053.8,0,2,0,0,0,0,
280647508,1.4653,-0.88,-1.48882,-1901.46,1053.8,0,2,0,0,0,0,
280647548,1.4653,-0.88,-1.48882,-1901.46,1053.8,0,2,0,0,0,0,
280647587,1.4653,-0.88,-1.48882,-1901.46,1053.8,0,2,0,0,0,0,
280647627,1.4653,-0.88,-1.48882,-1901.46,1053.8,0,2,0,0,0,0,
280647667,1.4653,-0.88,-1.48882,-1901.46,1053.8,0,2,0,0,0,0,
280647707,1.4653,-0.88,-1.48882,-1901.46,1053.8,0,2,0,0,0,0,
280647747,1.4653,-0.88,-1.48882,-1901.46,1053.8,0,2,0,0,0,0,
280647787,1.4653,-0.88,-1.48882,-1901.46,1053.8,0,2,0,0,0,0,
280647828,1.4653,-0.88,-1.48882,-1901.46,1053.8,0,2,0,0,0,0,
280647868,1.4653,-0.88,-1.48882,-1901.46,1053.8,0,2,0,0,0,0,
280647907,1.4653,-0.88,-1.48882,-1901.46,1053.8,0,2,0,0,0,0,
280647947,1.4653,-0.88,-1.48882,-1901.46,1053.8,0,2,0,0,0,0,
280647987,1.4653,-0.88,-1.48882,-1901.46,1053.8,0,2,0,0,0,0,
280648027,1.4653,-0.88,-1.48882,-1901.46,1053.8,0,2,0,0,0,0,
280648067,1.4653,-0.88,-1.48882,-1901.46,1053.8,0,2,0,0,0,0,
280648107,1.4653,-0.88,-1.48882,-1901.46,1053.8,0,2,0,0,0,0,
280648148,1.4653,-0.88,-1.48882,-1901.46,1053.8,0,2,0,0,0,0,
280648187,1.4653,-0.88,-1.48882,-1901.46,1053.8,0,2,0,0,0,0,
280648227,1.4653,-0.88,-1.48882,-1901.46,1053.8,0,2,0,0,0,0,
280648267,1.4653,-0.88,-1.48882,-1901.46,1053.8,0,2,0,0,0,0,
280648307,1.4653,-0.88,-1.48882,-1901.46,1053.8,0,2,0,0,0,0,
280648347,1.4653,-0.88,-1.48882,-1901.46,1053.8,0,2,0,0,0,0,
280648387,1.4653,-0.88,-1.48882,-1901.46,1053.8,0,2,0,0,0,0,
280648428,1.4653,-0.88,-1.48882,-1901.46,1053.8,0,2,0,0,0,0,
280648468,1.4653,-0.88,-1.48882,-1901.46,1053.8,0,2,0,0,0,0,
280648507,1.4653,-0.88,-1.48882,-1901.46,1053.8,0,2,0,0,0,0,
280648547,1.4653,-0.88,-1.48882,-1901.46,1053.8,0,2,0,0,0,0,
280648587,1.4653,-0.88,-1.48882,-1901.46,1053.8,0,2,0,0,0,0,
280648627,1.4653,-0.88,-1.48882,-1901.46,1053.8,0,2,0,0,0,0,
280648667,1.4653,-0.88,-1.48882,-1901.46,1053.8,0,2,0,0,0,0,
280648707,1.4653,-0.88,-1.48882,-1901.46,1053.8,0,2,0,0,0,0,
280648748,1.4653,-0.88,-1.48882,-1901.46,1053.8,0,2,0,0,0,0,
280648788,1.4653,-0.88,-1.48882,-1901.46,1053.8,0,2,0,0,0,0,
280648827,1.4653,-0.88,-1.48882,-1901.46,1053.8,0,2,0,0,0,0,
280648867,1.4653,-0.88,-1.48882,-1901.46,1053.8,0,2,0,0,0,0,
280648907,1.4653,-0.88,-1.48882,-1901.46,1053.8,0,2,0,0,0,0,
280648947,1.4653,-0.88,-1.48882,-1901.46,1053.8,0,2,0,0,0,0,
280648987,1.4653,-0.88,-1.48882,-1901.46,1053.8,0,2,0,0,0,0,
280649027,1.4653,-0.88,-1.48882,-1901.46,1053.8,0,2,0,0,0,0,
280649068,1.4653,-0.88,-1.48882,-1901.46,1053.8,0,2,0,0,0,0,
280649108,1.4653,-0.88,-1.48882,-1901.46,1053.8,0,2,0,0,0,0,
280649147,1.4653,-0.88,-1.48882,-1901.46,1053.8,0,2,0,0,0,0,
280649187,1.4653,-0.88,-1.48882,-1901.46,1053.8,0,2,0,0,0,0,
280649227,1.4653,-0.88,-1.48882,-1901.46,1053.8,0,2,0,0,0,0,
280649267,1.4653,-0.88,-1.48882,-1901.46,1053.8,0,2,0,0,0,0,
280649307,1.4653,-0.88,-1.48882,-1901.46,1053.8,0,2,0,0,0,0,
280649347,1.4653,-0.88,-1.48882,-1901.46,1053.8,0,2,0,0,0,0,
280649388,1.4653,-0.88,-1.48882,-1901.46,1053.8,0,2,0,0,0,0,
280649428,1.4653,-0.88,-1.48882,-1901.46,1053.8,0,2,0,0,0,0,
280649467,1.4653,-0.88,-1.48882,-1901.46,1053.8,0,2,0,0,0,0,
280649507,1.4653,-0.88,-1.48882,-1901.46,1053.8,0,2,0,0,0,0,
280649547,1.4653,-0.88,-1.48882,-1901.46,1053.8,0,2,0,0,0,0,
280649587,1.4653,-0.88,-1.48882,-1901.46,1053.8,0,2,0,0,0,0,
280649627,1.4653,-0.88,-1.48882,-1901.46,1053.8,0,2,0,0,0,0,
280649667,1.4653,-0.88,-1.48882,-1901.46,1053.8,0,2,0,0,0,0,
280649708,1.4653,-0.88,-1.48882,-1901.46,1053.8,0,2,0,0,0,0,
280649748,1.4653,-0.88,-1.48882,-1901.46,1053.8,0,2,0,0,0,0,
280649787,1.4653,-0.88,-1.48882,-1901.46,1053.8,0,2,0,0,0,0,
280649827,1.4653,-0.88,-1.48882,-1901.46,1053.8,0,2,0,0,0,0,
280649867,1.4653,-0.88,-1.48882,-1901.46,1053.8,0,2,0,0,0,0,
280649907,1.4653,-0.88,-1.48882,-1901.46,1053.8,0,2,0,0,0,0,
280649947,1.4653,-0.88,-1.48882,-1901.46,1053.8,0,2,0,0,0,0,
280649987,1.4653,-0.88,-1.48882,-1901.46,1053.8,0,2,0,0,0,0,
280650028,1.4653,-0.88,-1.48882,-1901.46,1053.8,0,2,0,0,0,0,
280650068,1.4653,-0.88,-1.48882,-1901.46,1053.8,0,2,0,0,0,0,
280650107,1.4653,-0.88,-1.48882,-1901.46,1053.8,0,2,0,0,0,0,
280650147,1.4653,-0.88,-1.48882,-1901.46,1053.8,0,2,0,0,0,0,
280650187,1.4653,-0.88,-1.48882,-1901.46,1053.8,0,2,0,0,0,0,
280650227,1.4653,-0.88,-1.48882,-1901.46,1053.8,0,2,0,0,0,0,
280650267,1.4653,-0.88,-1.48882,-1901.46,1053.8,0,2,0,0,0,0,
280650308,1.4653,-0.88,-1.48882,-1901.46,1053.8,0,2,0,0,0,0,
280650348,1.4653,-0.88,-1.48882,-1901.46,1053.8,0,2,0,0,0,0,
280650387,1.4653,-0.88,-1.48882,-1901.46,1053.8,0,2,0,0,0,0,
280650427,1.4653,-0.88,-1.48882,-1901.46,1053.8,0,2,0,0,0,0,
280650467,1.4653,-0.88,-1.48882,-1901.46,1053.8,0,2,0,0,0,0,
280650507,1.4653,-0.88,-1.48882,-1901.46,1053.8,0,2,0,0,0,0,
280650547,1.4653,-0.88,-1.48882,-1901.46,1053.8,0,2,0,0,0,0,
280650587,1.4653,-0.88,-1.48882,-1901.46,1053.8,0,2,0,0,0,0,
280650628,1.4653,-0.88,-1.48882,-1901.46,1053.8,0,2,0,0,0,0,
280650668,1.4653,-0.88,-1.48882,-1901.46,1053.8,0,2,0,0,0,0,
280650707,1.4653,-0.88,-1.48882,-1901.46,1053.8,0,2,0,0,0,0,
280650747,1.4653,-0.88,-1.48882,-1901.46,1053.8,0,2,0,0,0,0,
280650787,1.4653,-0.88,-1.48882,-1901.46,1053.8,0,2,0,0,0,0,
280650827,1.4653,-0.88,-1.48882,-1901.46,1053.8,0,2,0,0,0,0,
280650867,1.4653,-0.88,-1.48882,-1901.46,1053.8,0,2,0,0,0,0,
280650907,1.4653,-0.88,-1.48882,-1901.46,1053.8,0,2,0,0,0,0,
280650948,1.4653,-0.88,-1.48882,-1901.46,1053.8,0,2,0,0,0,0,
280650988,1.4653,-0.88,-1.48882,-1901.46,1053.8,0,2,0,0,0,0,
280651027,1.4653,-0.88,-1.48882,-1901.46,1053.8,0,2,0,0,0,0,
280651067,1.4653,-0.88,-1.48882,-1901.46,1053.8,0,2,0,0,0,0,
280651107,1.4653,-0.88,-1.48882,-1901.46,1053.8,0,2,0,0,0,0,
280651147,1.4653,-0.88,-1.48882,-1901.46,1053.8,0,2,0,0,0,0,
280651187,1.4653,-0.88,-1.48882,-1901.46,1053.8,0,2,0,0,0,0,
280651227,1.4653,-0.88,-1.48882,-1901.46,1053.8,0,2,0,0,0,0,
280651268,1.4653,-0.88,-1.48882,-1901.46,1053.8,0,2,0,0,0,0,
280651308,1.4653,-0.88,-1.48882,-1901.46,1053.8,0,2,0,0,0,0,
280651347,1.4653,-0.88,-1.48882,-1901.46,1053.8,0,2,0,0,0,0,
280651388,1.4653,-0.88,-1.48882,-1901.46,1053.8,0,2,0,0,0,0,
280651427,1.4653,-0.88,-1.48882,-1901.46,1053.8,0,2,0,0,0,0,
280651467,1.4653,-0.88,-1.48882,-1901.46,1053.8,0,2,0,0,0,0,
280651507,1.4653,-0.88,-1.48882,-1901.46,1053.8,0,2,0,0,0,0,
280651547,1.4653,-0.88,-1.48882,-1901.46,1053.8,0,2,0,0,0,0,
280651588,1.4653,-0.88,-1.48882,-1901.46,1053.8,0,2,0,0,0,0,
280651628,1.4653,-0.88,-1.48882,-1901.46,1053.8,0,2,0,0,0,0,
280651667,1.4653,-0.88,-1.48882,-1901.46,1053.8,0,2,0,0,0,0,
280651707,1.4653,-0.88,-1.48882,-1901.46,1053.8,0,2,0,0,0,0,
280651747,1.4653,-0.88,-1.48882,-1901.46,1053.8,0,2,0,0,0,0,
280651787,1.4653,-0.88,-1.48882,-1901.46,1053.8,0,2,0,0,0,0,
280651827,1.4653,-0.88,-1.48882,-1901.46,1053.8,0,2,0,0,0,0,
280651867,1.4653,-0.88,-1.48882,-1901.46,1053.8,0,2,0,0,0,0,
280651908,1.4653,-0.88,-1.48882,-1901.46,1053.8,0,2,0,0,0,0,
280651948,1.4653,-0.88,-1.48882,-1901.46,1053.8,0,2,0,0,0,0,
280651987,1.4653,-0.88,-1.48882,-1901.46,1053.8,0,2,0,0,0,0,
280652027,1.4653,-0.88,-1.48882,-1901.46,1053.8,0,2,0,0,0,0,
280652067,1.4653,-0.88,-1.48882,-1901.46,1053.8,0,2,0,0,0,0,
280652107,1.4653,-0.88,-1.48882,-1901.46,1053.8,0,2,0,0,0,0,
280652147,1.4653,-0.88,-1.48882,-1901.46,1053.8,0,2,0,0,0,0,
280652188,1.4653,-0.88,-1.48882,-1901.46,1053.8,0,2,0,0,0,0,
280652228,1.4653,-0.88,-1.48882,-1901.46,1053.8,0,2,0,0,0,0,
280652267,1.4653,-0.88,-1.48882,-1901.46,1053.8,0,2,0,0,0,0,
280652307,1.4653,-0.88,-1.48882,-1901.46,1053.8,0,2,0,0,0,0,
280652347,1.4653,-0.88,-1.48882,-1901.46,1053.8,0,2,0,0,0,0,
280652387,1.4653,-0.88,-1.48882,-1901.46,1053.8,0,2,0,0,0,0,
280652427,1.4653,-0.88,-1.48882,-1901.46,1053.8,0,2,0,0,0,0,
280652467,1.4653,-0.88,-1.48882,-1901.46,1053.8,0,2,0,0,0,0,
280652508,1.4653,-0.88,-1.48882,-1901.46,1053.8,0,2,0,0,0,0,
280652548,1.4653,-0.88,-1.48882,-1901.46,1053.8,0,2,0,0,0,0,
280652587,1.4653,-0.88,-1.48882,-1901.46,1053.8,0,2,0,0,0,0,
280652627,1.4653,-0.88,-1.48882,-1901.46,1053.8,0,2,0,0,0,0,
280652667,1.4653,-0.88,-1.48882,-1901.46,1053.8,0,2,0,0,0,0,
280652707,1.4653,-0.88,-1.48882,-1901.46,1053.8,0,2,0,0,0,0,
280652747,1.4653,-0.88,-1.48882,-1901.46,1053.8,0,2,0,0,0,0,
280652787,1.4653,-0.88,-1.48882,-1901.46,1053.8,0,2,0,0,0,0,
280652828,1.4653,-0.88,-1.48882,-1901.46,1053.8,0,2,0,0,0,0,
280652868,1.4653,-0.88,-1.48882,-1901.46,1053.8,0,2,0,0,0,0,
280652907,1.4653,-0.88,-1.48882,-1901.46,1053.8,0,2,0,0,0,0,
280652947,1.4653,-0.88,-1.48882,-1901.46,1053.8,0,2,0,0,0,0,
280652987,1.4653,-0.88,-1.48882,-1901.46,1053.8,0,2,0,0,0,0,
280653027,1.4653,-0.88,-1.48882,-1901.46,1053.8,0,2,0,0,0,0,
280653067,1.4653,-0.88,-1.48882,-1901.46,1053.8,0,2,0,0,0,0,
280653107,1.4653,-0.88,-1.48882,-1901.46,1053.8,0,2,0,0,0,0,
280653148,1.4653,-0.88,-1.48882,-1901.46,1053.8,0,2,0,0,0,0,
280653188,1.4653,-0.88,-1.48882,-1901.46,1053.8,0,2,0,0,0,0,
280653227,1.4653,-0.88,-1.48882,-1901.46,1053.8,0,2,0,0,0,0,
280653267,1.4653,-0.88,-1.48882,-1901.46,1053.8,0,2,0,0,0,0,
280653307,1.4653,-0.88,-1.48882,-1901.46,1053.8,0,2,0,0,0,0,
280653347,1.4653,-0.88,-1.48882,-1901.46,1053.8,0,2,0,0,0,0,
280653387,1.4653,-0.88,-1.48882,-1901.46,1053.8,0,2,0,0,0,0,
280653427,1.4653,-0.88,-1.48882,-1901.46,1053.8,0,2,0,0,0,0,
280653468,1.4653,-0.88,-1.48882,-1901.46,1053.8,0,2,0,0,0,0,
280653508,1.4653,-0.88,-1.48882,-1901.46,1053.8,0,2,0,0,0,0,
280653547,1.4653,-0.88,-1.48882,-1901.46,1053.8,0,2,0,0,0,0,
280653587,1.4653,-0.88,-1.48882,-1901.46,1053.8,0,2,0,0,0,0,
280653627,1.4653,-0.88,-1.48882,-1901.46,1053.8,0,2,0,0,0,0,
280653667,1.4653,-0.88,-1.48882,-1901.46,1053.8,0,2,0,0,0,0,
280653707,1.4653,-0.88,-1.48882,-1901.46,1053.8,0,2,0,0,0,0,
280653747,1.4653,-0.88,-1.48882,-1901.46,1053.8,0,2,0,0,0,0,
280653788,1.4653,-0.88,-1.48882,-1901.46,1053.8,0,2,0,0,0,0,
280653828,1.4653,-0.88,-1.48882,-1901.46,1053.8,0,2,0,0,0,0,
280653867,1.4653,-0.88,-1.48882,-1901.46,1053.8,0,2,0,0,0,0,
280653907,1.4653,-0.88,-1.48882,-1901.46,1053.8,0,2,0,0,0,0,
280653947,1.4653,-0.88,-1.48882,-1901.46,1053.8,0,2,0,0,0,0,
280653987,1.4653,-0.88,-1.48882,-1901.46,1053.8,0,2,0,0,0,0,
280654027,1.4653,-0.88,-1.48882,-1901.46,1053.8,0,2,0,0,0,0,
280654068,1.4653,-0.88,-1.48882,-1901.46,1053.8,0,2,0,0,0,0,
280654108,1.4653,-0.88,-1.48882,-1901.46,1053.8,0,2,0,0,0,0,
280654147,1.4653,-0.88,-1.48882,-1901.46,1053.8,0,2,0,0,0,0,
280654187,1.4653,-0.88,-1.48882,-1901.46,1053.8,0,2,0,0,0,0,
280654227,1.4653,-0.88,-1.48882,-1901.46,1053.8,0,2,0,0,0,0,
280654267,1.4653,-0.88,-1.48882,-1901.46,1053.8,0,2,0,0,0,0,
280654307,1.4653,-0.88,-1.48882,-1901.46,1053.8,0,2,0,0,0,0,
280654347,1.4653,-0.88,-1.48882,-1901.46,1053.8,0,2,0,0,0,0,
280654388,1.4653,-0.88,-1.48882,-1901.46,1053.8,0,2,0,0,0,0,
280654428,1.4653,-0.88,-1.48882,-1901.46,1053.8,0,2,0,0,0,0,
280654467,1.4653,-0.88,-1.48882,-1901.46,1053.8,0,2,0,0,0,0,
280654507,1.4653,-0.88,-1.48882,-1901.46,1053.8,0,2,0,0,0,0,
280654547,1.4653,-0.88,-1.48882,-1901.46,1053.8,0,2,0,0,0,0,
280654587,1.4653,-0.88,-1.48882,-1901.46,1053.8,0,2,0,0,0,0,
280654627,1.4653,-0.88,-1.48882,-1901.46,1053.8,0,2,0,0,0,0,
280654667,1.4653,-0.88,-1.48882,-1901.46,1053.8,0,2,0,0,0,0,
280654708,1.4653,-0.88,-1.48882,-1901.46,1053.8,0,2,0,0,0,0,
280654748,1.4653,-0.88,-1.48882,-1901.46,1053.8,0,2,0,0,0,0,
280654787,1.4653,-0.88,-1.48882,-1901.46,1053.8,0,2,0,0,0,0,
280654827,1.4653,-0.88,-1.48882,-1901.46,1053.8,0,2,0,0,0,0,
280654867,1.4653,-0.88,-1.48882,-1901.46,1053.8,0,2,0,0,0,0,
280654907,1.4653,-0.88,-1.48882,-1901.46,1053.8,0,2,0,0,0,0,
280654947,1.4653,-0.88,-1.48882,-1901.46,1053.8,0,2,0,0,0,0,
280654987,1.4653,-0.88,-1.48882,-1901.46,1053.8,0,2,0,0,0,0,
280655028,1.4653,-0.88,-1.48882,-1901.46,1053.8,0,2,0,0,0,0,
280655068,1.4653,-0.88,-1.48882,-1901.46,1053.8,0,2,0,0,0,0,
280655107,1.4653,-0.88,-1.48882,-1901.46,1053.8,0,2,0,0,0,0,
280655147,1.4653,-0.88,-1.48882,-1901.46,1053.8,0,2,0,0,0,0,
280655187,1.4653,-0.88,-1.48882,-1901.46,1053.8,0,2,0,0,0,0,
280655227,1.4653,-0.88,-1.48882,-1901.46,1053.8,0,2,0,0,0,0,
280655267,1.4653,-0.88,-1.48882,-1901.46,1053.8,0,2,0,0,0,0,
280655307,1.4653,-0.88,-1.48882,-1901.46,1053.8,0,2,0,0,0,0,
280655348,1.4653,-0.88,-1.48882,-1901.46,1053.8,0,2,0,0,0,0,
280655388,1.4653,-0.88,-1.48882,-1901.46,1053.8,0,2,0,0,0,0,
280655427,1.4653,-0.88,-1.48882,-1901.46,1053.8,0,2,0,0,0,0,
280655467,1.4653,-0.88,-1.48882,-1901.46,1053.8,0,2,0,0,0,0,
280655507,1.4653,-0.88,-1.48882,-1901.46,1053.8,0,2,0,0,0,0,
280655547,1.4653,-0.88,-1.48882,-1901.46,1053.8,0,2,0,0,0,0,
280655587,1.4653,-0.88,-1.48882,-1901.46,1053.8,0,2,0,0,0,0,
280655627,1.4653,-0.88,-1.48882,-1901.46,1053.8,0,2,0,0,0,0,
280655668,1.4653,-0.88,-1.48882,-1901.46,1053.8,0,2,0,0,0,0,
280655708,1.4653,-0.88,-1.48882,-1901.46,1053.8,0,2,0,0,0,0,
280655747,1.4653,-0.88,-1.48882,-1901.46,1053.8,0,2,0,0,0,0,
280655787,1.4653,-0.88,-1.48882,-1901.46,1053.8,0,2,0,0,0,0,
280655827,1.4653,-0.88,-1.48882,-1901.46,1053.8,0,2,0,0,0,0,
280655867,1.4653,-0.88,-1.48882,-1901.46,1053.8,0,2,0,0,0,0,
280655907,1.4653,-0.88,-1.48882,-1901.46,1053.8,0,2,0,0,0,0,
280655948,1.4653,-0.88,-1.48882,-1901.46,1053.8,0,2,0,0,0,0,
280655988,1.4653,-0.88,-1.48882,-1901.46,1053.8,0,2,0,0,0,0,
280656027,1.4653,-0.88,-1.48882,-1901.46,1053.8,0,2,0,0,0,0,
280656067,1.4653,-0.88,-1.48882,-1901.46,1053.8,0,2,0,0,0,0,
280656107,1.4653,-0.88,-1.48882,-1901.46,1053.8,0,2,0,0,0,0,
280656147,1.4653,-0.88,-1.48882,-1901.46,1053.8,0,2,0,0,0,0,
280656187,1.4653,-0.88,-1.48882,-1901.46,1053.8,0,2,0,0,0,0,
280656227,1.4653,-0.88,-1.48882,-1901.46,1053.8,0,2,0,0,0,0,
280656268,1.4653,-0.88,-1.48882,-1901.46,1053.8,0,2,0,0,0,0,
280656308,1.4653,-0.88,-1.48882,-1901.46,1053.8,0,2,0,0,0,0,
280656347,1.4653,-0.88,-1.48882,-1901.46,1053.8,0,2,0,0,0,0,
280656387,1.4653,-0.88,-1.48882,-1901.46,1053.8,0,2,0,0,0,0,
280656427,1.4653,-0.88,-1.48882,-1901.46,1053.8,0,2,0,0,0,0,
280656467,1.4653,-0.88,-1.48882,-1901.46,1053.8,0,2,0,0,0,0,
280656507,1.4653,-0.88,-1.48882,-1901.46,1053.8,0,2,0,0,0,0,
280656547,1.4653,-0.88,-1.48882,-1901.46,1053.8,0,2,0,0,0,0,
280656588,1.4653,-0.88,-1.48882,-1901.46,1053.8,0,2,0,0,0,0,
280656628,1.4653,-0.88,-1.48882,-1901.46,1053.8,0,2,0,0,0,0,
280656667,1.4653,-0.88,-1.48882,-1901.46,1053.8,0,2,0,0,0,0,
280656707,1.4653,-0.88,-1.48882,-1901.46,1053.8,0,2,0,0,0,0,
280656747,1.4653,-0.88,-1.48882,-1901.46,1053.8,0,2,0,0,0,0,
280656787,1.4653,-0.88,-1.48882,-1901.46,1053.8,0,2,0,0,0,0,
280656827,1.4653,-0.88,-1.48882,-1901.46,1053.8,0,2,0,0,0,0,
280656867,1.4653,-0.88,-1.48882,-1901.46,1053.8,0,2,0,0,0,0,
280656908,1.4653,-0.88,-1.48882,-1901.46,1053.8,0,2,0,0,0,0,
