milisec,RacketX,RacketY,RacketZ,forceX,forceX,forceX,ForceRatio,FriendPoint,EnemyPoint,haptics,scene
273945767,0,0,0,1360.18,1746.36,0,8.6,0,0,0,0,
273945795,-0.746231,-0.59,-1.33933,223.656,291.06,0,1.4,0,0,0,0,
273945809,-0.746231,-0.59,-1.33933,127.803,166.32,0,0.8,0,0,0,0,
273945850,-0.746231,-0.59,-1.33933,319.509,415.8,0,2,0,0,0,0,
273945890,-0.746231,-0.59,-1.33933,319.509,415.8,0,2,0,0,0,0,
273945929,-0.746231,-0.59,-1.33933,319.509,415.8,0,2,0,0,0,0,
273945969,-0.746231,-0.59,-1.33933,319.509,415.8,0,2,0,0,0,0,
273946025,-0.746231,-0.59,-1.33933,447.312,582.12,0,2.8,0,0,0,0,
273946049,-0.746231,-0.59,-1.33933,191.705,249.48,0,1.2,0,0,0,0,
273946094,-0.746231,-0.59,-1.33933,351.46,457.38,0,2.2,0,0,0,0,
273946129,-0.746231,-0.59,-1.33933,287.558,374.22,0,1.8,0,0,0,0,
273946170,-0.746231,-0.59,-1.33933,319.509,415.8,0,2,0,0,0,0,
273946210,-0.746231,-0.59,-1.33933,319.509,415.8,0,2,0,0,0,0,
273946249,-0.746231,-0.59,-1.33933,319.509,415.8,0,2,0,0,0,0,
273946289,-0.746231,-0.59,-1.33933,319.509,415.8,0,2,0,0,0,0,
273946329,-0.746231,-0.59,-1.33933,319.509,415.8,0,2,0,0,0,0,
273946369,-0.746231,-0.59,-1.33933,319.509,415.8,0,2,0,0,0,0,
273946409,-0.746231,-0.59,-1.33933,319.509,415.8,0,2,0,0,0,0,
273946450,-0.746231,-0.59,-1.33933,319.509,415.8,0,2,0,0,0,0,
273946490,-0.746231,-0.59,-1.33933,319.509,415.8,0,2,0,0,0,0,
273946530,-0.746231,-0.59,-1.33933,319.509,415.8,0,2,0,0,0,0,
273946569,-0.746231,-0.59,-1.33933,319.509,415.8,0,2,0,0,0,0,
273946609,-0.746231,-0.59,-1.33933,319.509,415.8,0,2,0,0,0,0,
273946649,-0.746231,-0.59,-1.33933,319.509,415.8,0,2,0,0,0,0,
273946689,-0.746231,-0.59,-1.33933,319.509,415.8,0,2,0,0,0,0,
273946729,-0.746231,-0.59,-1.33933,319.509,415.8,0,2,0,0,0,0,
273946770,-0.746231,-0.59,-1.33933,319.509,415.8,0,2,0,0,0,0,
273946810,-0.746231,-0.59,-1.33933,319.509,415.8,0,2,0,0,0,0,
273946850,-0.746231,-0.59,-1.33933,319.509,415.8,0,2,0,0,0,0,
273946889,-0.746231,-0.59,-1.33933,319.509,415.8,0,2,0,0,0,0,
273946929,-0.746231,-0.59,-1.33933,319.509,415.8,0,2,0,0,0,0,
273946969,-0.746231,-0.59,-1.33933,319.509,415.8,0,2,0,0,0,0,
273947009,-0.746231,-0.59,-1.33933,319.509,415.8,0,2,0,0,0,0,
273947049,-0.407063,-0.40388,-0.29255,31.9509,44.5721,0,2,0,0,0,0,
273947090,-0.521513,-0.41092,-0.332675,0,12.9184,0,2,0,0,0,0,
273947130,-0.647137,-0.42764,-0.4278,20.5343,38.28,0,2,0,0,0,0,
273947170,-0.725869,-0.44524,-0.52785,223.582,85.1312,0,2,0,0,0,0,
273947209,-0.725869,-0.44524,-0.52785,274.711,97.3281,0,2,0,0,0,0,
273947249,-0.725869,-0.44524,-0.52785,274.711,97.3281,0,2,0,0,0,0,
273947289,-0.725869,-0.44524,-0.52785,274.711,97.3281,0,2,0,0,0,0,
273947329,-0.725869,-0.44524,-0.52785,274.711,97.3281,0,2,0,0,0,0,
273947369,-0.725869,-0.44524,-0.52785,274.711,97.3281,0,2,0,0,0,0,
273947410,-0.725869,-0.44524,-0.52785,274.711,97.3281,0,2,0,0,0,0,
273947450,-0.725869,-0.44524,-0.52785,274.711,97.3281,0,2,0,0,0,0,
273947489,-0.725869,-0.44524,-0.52785,274.711,97.3281,0,2,0,0,0,0,
273947529,-0.725869,-0.44524,-0.52785,274.711,97.3281,0,2,0,0,0,0,
273947569,-0.725869,-0.44524,-0.52785,274.711,97.3281,0,2,0,0,0,0,
273947609,-0.725869,-0.44524,-0.52785,274.711,97.3281,0,2,0,0,0,0,
273947649,-0.725869,-0.44524,-0.52785,274.711,97.3281,0,2,0,0,0,0,
273947689,-0.725869,-0.44524,-0.52785,274.711,97.3281,0,2,0,0,0,0,
273947731,-0.725869,-0.44524,-0.52785,274.711,97.3281,0,2,0,0,0,0,
273947770,-0.725869,-0.44524,-0.52785,274.711,97.3281,0,2,0,0,0,0,
273947809,-0.725869,-0.44524,-0.52785,274.711,97.3281,0,2,0,0,0,0,
273947849,-0.725869,-0.44524,-0.52785,274.711,97.3281,0,2,0,0,0,0,
273947889,-0.725869,-0.44524,-0.52785,274.711,97.3281,0,2,0,0,0,0,
273947929,-0.725869,-0.44524,-0.52785,274.711,97.3281,0,2,0,0,0,0,
273947969,-0.725869,-0.44524,-0.52785,274.711,97.3281,0,2,0,0,0,0,
273948010,-0.725869,-0.44524,-0.52785,274.711,97.3281,0,2,0,0,0,0,
273948051,-0.725869,-0.44524,-0.52785,274.711,97.3281,0,2,0,0,0,0,
273948096,-0.725869,-0.44524,-0.52785,302.182,107.061,0,2.2,0,0,0,0,
273948143,-0.725869,-0.44524,-0.52785,329.654,116.794,0,2.4,0,0,0,0,
273948207,-0.725869,-0.44524,-0.52785,439.538,155.725,0,3.2,0,0,0,0,
273948250,-0.725869,-0.44524,-0.52785,302.182,107.061,0,2.2,0,0,0,0,
273948287,-0.725869,-0.44524,-0.52785,247.24,87.5953,0,1.8,0,0,0,0,
273948336,-0.725869,-0.44524,-0.52785,329.654,116.794,0,2.4,0,0,0,0,
273948360,-0.725869,-0.44524,-0.52785,164.827,58.3968,0,1.2,0,0,0,0,
273948384,-0.725869,-0.44524,-0.52785,164.827,58.3968,0,1.2,0,0,0,0,
273948420,-0.725869,-0.44524,-0.52785,247.24,87.5953,0,1.8,0,0,0,0,
273948458,-0.725869,-0.44524,-0.52785,274.711,97.3281,0,2,0,0,0,0,
273948498,-0.725869,-0.44524,-0.52785,274.711,97.3281,0,2,0,0,0,0,
273948538,-0.725869,-0.44524,-0.52785,274.711,97.3281,0,2,0,0,0,0,
273948578,-0.725869,-0.44524,-0.52785,274.711,97.3281,0,2,0,0,0,0,
273948617,-0.725869,-0.44524,-0.52785,274.711,97.3281,0,2,0,0,0,0,
273948658,-0.725869,-0.44524,-0.52785,274.711,97.3281,0,2,0,0,0,0,
273948698,-0.725869,-0.44524,-0.52785,274.711,97.3281,0,2,0,0,0,0,
273948738,-0.725869,-0.44524,-0.52785,274.711,97.3281,0,2,0,0,0,0,
273948777,-0.725869,-0.44524,-0.52785,274.711,97.3281,0,2,0,0,0,0,
273948818,-0.725869,-0.44524,-0.52785,274.711,97.3281,0,2,0,0,0,0,
273948857,-0.725869,-0.44524,-0.52785,274.711,97.3281,0,2,0,0,0,0,
273948897,-0.725869,-0.44524,-0.52785,274.711,97.3281,0,2,0,0,0,0,
273948938,-0.725869,-0.44524,-0.52785,274.711,97.3281,0,2,0,0,0,0,
273948978,-0.725869,-0.44524,-0.52785,274.711,97.3281,0,2,0,0,0,0,
273949018,-0.725869,-0.44524,-0.52785,274.711,97.3281,0,2,0,0,0,0,
273949057,-0.725869,-0.44524,-0.52785,274.711,97.3281,0,2,0,0,0,0,
273949097,-0.725869,-0.44524,-0.52785,274.711,97.3281,0,2,0,0,0,0,
273949137,-0.725869,-0.44524,-0.52785,274.711,97.3281,0,2,0,0,0,0,
273949177,-0.725869,-0.44524,-0.52785,274.711,97.3281,0,2,0,0,0,0,
273949217,-0.749963,-0.4514,-0.56595,280.012,98.6833,0,2,0,0,0,0,
273949257,-0.663581,-0.513,-0.912425,248.192,232.848,0,2,0,0,0,0,
273949298,-0.6093,-0.50508,-0.867375,63.1359,237.494,0,2,0,0,0,0,
273949338,-0.6093,-0.50508,-0.867375,18.2601,228.976,0,2,0,0,0,0,
273949377,-0.6093,-0.50508,-0.867375,18.2601,228.976,0,2,0,0,0,0,
273949417,-0.6093,-0.50508,-0.867375,18.2601,228.976,0,2,0,0,0,0,
273949457,-0.6093,-0.50508,-0.867375,18.2601,228.976,0,2,0,0,0,0,
273949497,-0.569906,-0.50904,-0.8901,2.18626,229.266,0,2,0,0,0,0,
273949537,-0.524906,-0.52312,-0.970225,0,250.853,0,2,0,0,0,0,
273949577,-0.470475,-0.54248,-1.08018,-1.72577,288.225,-0.282922,2,0,0,0,0,
273949618,-0.410587,-0.55216,-1.13508,0,323.646,0,2,0,0,0,0,
273949658,-0.389981,-0.55964,-1.1776,0,340.78,0,2,0,0,0,0,
273949697,-0.384375,-0.56624,-1.21503,0,357.042,0,2,0,0,0,0,
273949737,-0.3825,-0.56712,-1.22003,0,364.69,0,2,0,0,0,0,
273949777,-0.380625,-0.5702,-1.23752,0,368.465,0,2,0,0,0,0,
273949817,-0.382519,-0.5724,-1.25,0,374.66,0,2,0,0,0,0,
273949857,-0.390019,-0.5746,-1.26255,0,378.532,0,2,0,0,0,0,
273949898,-0.403162,-0.58076,-1.2976,0,388.115,0,2,0,0,0,0,
273949938,-0.416269,-0.58824,-1.34008,0,404.087,0,2,0,0,0,0,
273949978,-0.416269,-0.58824,-1.34008,0,411.928,0,2,0,0,0,0,
273950017,-0.416269,-0.58824,-1.34008,0,411.928,0,2,0,0,0,0,
273950057,-0.416269,-0.58824,-1.34008,0,411.928,0,2,0,0,0,0,
273950097,-0.416269,-0.58824,-1.34008,0,411.928,0,2,0,0,0,0,
273950137,-0.416269,-0.58824,-1.34008,0,411.928,0,2,0,0,0,0,
273950177,-0.416269,-0.58824,-1.34008,0,411.928,0,2,0,0,0,0,
273950218,-0.416269,-0.58824,-1.34008,0,411.928,0,2,0,0,0,0,
273950258,-0.416269,-0.58824,-1.34008,0,411.928,0,2,0,0,0,0,
273950298,-0.416269,-0.58824,-1.34008,0,411.928,0,2,0,0,0,0,
273950337,-0.416269,-0.58824,-1.34008,0,411.928,0,2,0,0,0,0,
273950377,-0.416269,-0.58824,-1.34008,0,411.928,0,2,0,0,0,0,
273950528,-0.416269,-0.58824,-1.34008,0,1524.13,0,7.4,0,0,0,0,
273950531,-0.416269,-0.58824,-1.34008,0,41.1928,0,0.2,0,0,0,0,
273950570,-0.416269,-0.58824,-1.34008,0,411.928,0,2,0,0,0,0,
273950610,-0.416269,-0.58824,-1.34008,0,411.928,0,2,0,0,0,0,
273950649,-0.41835,-0.58956,-1.34753,0,412.218,0,2,0,0,0,0,
273950689,-0.444394,-0.58076,-1.29728,0,408.056,0,2,0,0,0,0,
273950729,-0.440588,-0.56096,-1.18473,0,374.66,0,2,0,0,0,0,
273950769,-0.399262,-0.53456,-1.0347,-0.343068,313.74,-3.37634,2,0,0,0,0,
273950809,-0.312937,-0.50772,-0.882275,9.45057,212.239,7.92406,2,0,0,0,0,
273950852,-0.273563,-0.49936,-0.8348,0,220.167,0,2,0,0,0,0,
273950890,-0.172481,-0.48176,-0.734975,-4.1668,174.776,6.93907,2,0,0,0,0,
273950930,-0.170625,-0.48132,-0.732475,-2.64959,162.13,8.27687,2,0,0,0,0,
273950969,-0.170625,-0.48132,-0.732475,-1.202,170.039,3.81181,2,0,0,0,0,
273951009,-0.170625,-0.48132,-0.732475,-0.10149,176.157,0.3183,2,0,0,0,0,
273951049,-0.170625,-0.48132,-0.732475,0,176.704,0,2,0,0,0,0,
273951089,-0.170625,-0.48132,-0.732475,0,176.704,0,2,0,0,0,0,
273951129,-0.170625,-0.48132,-0.732475,0,176.704,0,2,0,0,0,0,
273951170,-0.170625,-0.48132,-0.732475,-0.00292528,176.693,0.0087059,2,0,0,0,0,
273951210,-0.172519,-0.48132,-0.7325,-0.199348,176.112,0.609242,2,0,0,0,0,
273951249,-0.176269,-0.48132,-0.7325,0,176.704,0,2,0,0,0,0,
273951289,-0.178144,-0.48132,-0.7325,0,176.704,0,2,0,0,0,0,
273951329,-0.178106,-0.48132,-0.732525,0,176.704,0,2,0,0,0,0,
273951369,-0.178106,-0.48132,-0.732525,0,176.704,0,2,0,0,0,0,
273951409,-0.178106,-0.48132,-0.732525,0,176.704,0,2,0,0,0,0,
273951449,-0.178106,-0.48132,-0.732525,0,176.704,0,2,0,0,0,0,
273951490,-0.178106,-0.48132,-0.732525,0,176.704,0,2,0,0,0,0,
273951530,-0.176269,-0.48176,-0.735,0,177.575,0,2,0,0,0,0,
273951569,-0.176269,-0.48176,-0.735,0,177.672,0,2,0,0,0,0,
273951609,-0.176269,-0.48176,-0.735,0,177.672,0,2,0,0,0,0,
273951649,-0.176269,-0.48176,-0.735,0,177.672,0,2,0,0,0,0,
273951689,-0.176269,-0.48176,-0.735,0,177.672,0,2,0,0,0,0,
273951729,-0.176269,-0.48176,-0.735,0,177.672,0,2,0,0,0,0,
273951769,-0.176269,-0.48176,-0.735,0,177.672,0,2,0,0,0,0,
273951810,-0.176269,-0.48176,-0.735,0,177.672,0,2,0,0,0,0,
273951850,-0.176269,-0.48176,-0.735,0,177.672,0,2,0,0,0,0,
273951889,-0.176269,-0.48176,-0.735,0,177.672,0,2,0,0,0,0,
273951929,-0.181875,-0.48132,-0.732525,0,177.575,0,2,0,0,0,0,
273951969,-0.191288,-0.48132,-0.7325,0,177.091,0,2,0,0,0,0,
273952009,-0.215681,-0.48088,-0.729975,0,176.22,0,2,0,0,0,0,
273952049,-0.24195,-0.48,-0.725,0,174.768,0,2,0,0,0,0,
273952090,-0.277575,-0.47912,-0.719975,0,172.832,0,2,0,0,0,0,
273952130,-0.313181,-0.4778,-0.7125,0,170.412,0,2,0,0,0,0,
273952170,-0.348825,-0.47692,-0.707475,0,167.992,0,2,0,0,0,0,
273952209,-0.390094,-0.47472,-0.694975,0,164.798,0,2,0,0,0,0,
273952249,-0.438806,-0.47208,-0.679975,0,159.086,0,2,0,0,0,0,
273952289,-0.487594,-0.47032,-0.67,0,154.44,0,2,0,0,0,0,
273952329,-0.5307,-0.469,-0.6625,0,151.246,0,2,0,0,0,0,
273952369,-0.5682,-0.46812,-0.657475,0,148.632,0,2,0,0,0,0,
273952410,-0.598163,-0.46724,-0.6525,0,146.502,0,2,0,0,0,0,
273952450,-0.620681,-0.46636,-0.6475,18.3274,144.954,0,2,0,0,0,0,
273952490,-0.646912,-0.46636,-0.6475,72.1614,143.792,0,2,0,0,0,0,
273952529,-0.667538,-0.46592,-0.645,124.528,143.502,0,2,0,0,0,0,
273952569,-0.678769,-0.46592,-0.645,162.854,142.824,0,2,0,0,0,0,
273952609,-0.678769,-0.46592,-0.645,171.091,142.824,0,2,0,0,0,0,
273952649,-0.678769,-0.46592,-0.645,171.091,142.824,0,2,0,0,0,0,
273952689,-0.678769,-0.46592,-0.645,171.091,142.824,0,2,0,0,0,0,
273952730,-0.678769,-0.46592,-0.645,171.091,142.824,0,2,0,0,0,0,
273952770,-0.678769,-0.46592,-0.645,171.091,142.824,0,2,0,0,0,0,
273952810,-0.678769,-0.46592,-0.645,171.091,142.824,0,2,0,0,0,0,
273952849,-0.678769,-0.46592,-0.645,171.091,142.824,0,2,0,0,0,0,
273952889,-0.678769,-0.46592,-0.645,171.091,142.824,0,2,0,0,0,0,
273952929,-0.678769,-0.46592,-0.645,171.091,142.824,0,2,0,0,0,0,
273952969,-0.680644,-0.46592,-0.644975,171.504,142.824,0,2,0,0,0,0,
273953009,-0.688144,-0.46548,-0.6425,181.816,142.146,0,2,0,0,0,0,
273953050,-0.706931,-0.46548,-0.6425,210.741,141.856,0,2,0,0,0,0,
273953090,-0.727538,-0.46548,-0.6425,257.349,141.856,0,2,0,0,0,0,
273953129,-0.742519,-0.46548,-0.6425,295.687,141.856,0,2,0,0,0,0,
273953169,-0.748144,-0.46548,-0.6425,320.004,141.856,0,2,0,0,0,0,
273953209,-0.748144,-0.46548,-0.6425,323.716,141.856,0,2,0,0,0,0,
273953249,-0.748144,-0.46548,-0.6425,323.716,141.856,0,2,0,0,0,0,
273953289,-0.748144,-0.46548,-0.6425,323.716,141.856,0,2,0,0,0,0,
273953329,-0.748144,-0.46548,-0.6425,323.716,141.856,0,2,0,0,0,0,
273953370,-0.748144,-0.46548,-0.6425,323.716,141.856,0,2,0,0,0,0,
273953410,-0.748144,-0.46548,-0.6425,323.716,141.856,0,2,0,0,0,0,
273953449,-0.748144,-0.46548,-0.6425,323.716,141.856,0,2,0,0,0,0,
273953489,-0.748144,-0.46548,-0.6425,323.716,141.856,0,2,0,0,0,0,
273953529,-0.748144,-0.46548,-0.6425,323.716,141.856,0,2,0,0,0,0,
273953569,-0.748144,-0.46548,-0.6425,323.716,141.856,0,2,0,0,0,0,
273953609,-0.748144,-0.46548,-0.6425,323.716,141.856,0,2,0,0,0,0,
273953649,-0.748144,-0.46548,-0.6425,323.716,141.856,0,2,0,0,0,0,
273953690,-0.748144,-0.46548,-0.6425,323.716,141.856,0,2,0,0,0,0,
273953730,-0.748144,-0.46548,-0.6425,323.716,141.856,0,2,0,0,0,0,
273953769,-0.748144,-0.46548,-0.6425,323.716,141.856,0,2,0,0,0,0,
273953809,-0.748144,-0.46548,-0.6425,323.716,141.856,0,2,0,0,0,0,
273953849,-0.748069,-0.46372,-0.6325,324.508,141.469,0,2,0,0,0,0,
273953889,-0.729356,-0.46328,-0.629975,299.676,137.306,0,2,0,0,0,0,
273953929,-0.716213,-0.46284,-0.627475,267.101,136.145,0,2,0,0,0,0,
273953970,-0.697444,-0.4624,-0.625,232.838,135.177,0,2,0,0,0,0,
273954010,-0.673087,-0.4624,-0.625,184.559,135.08,0,2,0,0,0,0,
273954050,-0.654338,-0.46196,-0.6225,137.968,134.79,0,2,0,0,0,0,
273954089,-0.637462,-0.46196,-0.6225,99.6133,134.112,0,2,0,0,0,0,
273954129,-0.618731,-0.46196,-0.6225,59.5966,134.112,0,2,0,0,0,0,
273954169,-0.605606,-0.46152,-0.619975,24.5548,133.628,0,2,0,0,0,0,
273954209,-0.592463,-0.46108,-0.6175,2.58363,132.273,0,2,0,0,0,0,
273954249,-0.573712,-0.46108,-0.6175,0,132.176,0,2,0,0,0,0,
273954290,-0.556837,-0.46108,-0.6175,0,132.176,0,2,0,0,0,0,
273954330,-0.532462,-0.46108,-0.6175,0,132.176,0,2,0,0,0,0,
273954370,-0.506212,-0.46108,-0.6175,0,132.176,0,2,0,0,0,0,
273954409,-0.481819,-0.46108,-0.6175,0,132.176,0,2,0,0,0,0,
273954449,-0.446175,-0.46108,-0.6175,0,132.176,0,2,0,0,0,0,
273954489,-0.412444,-0.46108,-0.6175,0,132.176,0,2,0,0,0,0,
273954529,-0.386194,-0.46108,-0.6175,0,132.176,0,2,0,0,0,0,
273954569,-0.356194,-0.46108,-0.6175,0,132.176,0,2,0,0,0,0,
273954610,-0.3243,-0.4602,-0.6125,0,131.595,0,2,0,0,0,0,
273954650,-0.294338,-0.45932,-0.6075,0,129.659,0,2,0,0,0,0,
273954690,-0.26805,-0.45888,-0.604975,0,127.82,0,2,0,0,0,0,
273954729,-0.2343,-0.45844,-0.6025,0,126.465,0,2,0,0,0,0,
273954769,-0.204338,-0.45844,-0.6025,0,126.368,0,2,0,0,0,0,
273954809,-0.178069,-0.45844,-0.6025,-1.00446,123.64,-2.89823,2,0,0,0,0,
273954849,-0.142425,-0.45844,-0.6025,-1.07239,116.564,-10.4289,2,0,0,0,0,
273954889,-0.106819,-0.45844,-0.6025,0.667611,122.417,-4.22105,2,0,0,0,0,
273954930,-0.0768187,-0.45932,-0.6075,0,126.949,0,2,0,0,0,0,
273954970,-0.0468188,-0.45976,-0.61,0,128.594,0,2,0,0,0,0,
273955009,-0.0243375,-0.4602,-0.6125,0,129.95,0,2,0,0,0,0,
273955049,-0.00369375,-0.4602,-0.6125,0,130.24,0,2,0,0,0,0,
273955089,0.0263062,-0.4602,-0.6125,0,130.24,0,2,0,0,0,0,
273955129,0.056325,-0.4602,-0.6125,0,130.24,0,2,0,0,0,0,
273955169,0.0863062,-0.4602,-0.6125,0,130.24,0,2,0,0,0,0,
273955209,0.112537,-0.4602,-0.6125,0,130.24,0,2,0,0,0,0,
273955250,0.127519,-0.4602,-0.6125,0,130.24,0,2,0,0,0,0,
273955290,0.136894,-0.4602,-0.6125,0,130.24,0,2,0,0,0,0,
273955329,0.148144,-0.4602,-0.6125,0,130.24,0,2,0,0,0,0,
273955369,0.161269,-0.45976,-0.61,0.0228957,129.944,-0.223498,2,0,0,0,0,
273955409,0.178162,-0.45976,-0.61,0.121964,128.413,-0.966506,2,0,0,0,0,
273955449,0.198787,-0.45976,-0.61,0,129.272,0,2,0,0,0,0,
273955489,0.221306,-0.45976,-0.61,0,129.272,0,2,0,0,0,0,
273955529,0.243787,-0.45976,-0.61,0,129.272,0,2,0,0,0,0,
273955570,0.271969,-0.46064,-0.615,0,130.046,0,2,0,0,0,0,
273955610,0.3132,-0.46196,-0.6225,0,132.466,0,2,0,0,0,0,
273955649,0.350681,-0.4624,-0.625,0,134.209,0,2,0,0,0,0,
273955689,0.375037,-0.46284,-0.6275,0,135.177,0,2,0,0,0,0,
273955729,0.388162,-0.46328,-0.63,0,136.338,0,2,0,0,0,0,
273955769,0.405056,-0.46372,-0.6325,0,137.306,0,2,0,0,0,0,
273955809,0.4332,-0.4646,-0.6375,0,138.565,0,2,0,0,0,0,
273955850,0.472575,-0.4646,-0.6375,0,139.92,0,2,0,0,0,0,
273955890,0.506325,-0.4646,-0.6375,0,139.92,0,2,0,0,0,0,
273955930,0.534412,-0.4646,-0.6375,0,139.92,0,2,0,0,0,0,
273955969,0.549394,-0.4646,-0.6375,0,139.92,0,2,0,0,0,0,
273956009,0.562519,-0.4646,-0.6375,0,139.92,0,2,0,0,0,0,
273956049,0.579412,-0.4646,-0.6375,0,139.92,0,2,0,0,0,0,
273956089,0.603787,-0.4646,-0.6375,-0.613238,139.92,0,2,0,0,0,0,
273956129,0.628162,-0.4646,-0.6375,-31.3197,139.92,0,2,0,0,0,0,
273956170,0.648769,-0.4646,-0.6375,-82.449,139.92,0,2,0,0,0,0,
273956210,0.669412,-0.4646,-0.6375,-125.357,139.92,0,2,0,0,0,0,
273956250,0.690037,-0.4646,-0.6375,-174.028,139.92,0,2,0,0,0,0,
273956289,0.708787,-0.4646,-0.6375,-214.032,139.92,0,2,0,0,0,0,
273956329,0.733181,-0.4646,-0.6375,-263.149,139.92,0,2,0,0,0,0,
273956369,0.746269,-0.4646,-0.6375,-311.779,139.92,0,2,0,0,0,0,
273956409,0.746269,-0.4646,-0.6375,-319.591,139.92,0,2,0,0,0,0,
273956449,0.746269,-0.4646,-0.6375,-319.591,139.92,0,2,0,0,0,0,
273956490,0.746269,-0.4646,-0.6375,-319.591,139.92,0,2,0,0,0,0,
273956530,0.746269,-0.4646,-0.6375,-319.591,139.92,0,2,0,0,0,0,
273956570,0.748125,-0.46504,-0.640025,-321.633,140.017,0,2,0,0,0,0,
273956609,0.748125,-0.46592,-0.645025,-323.675,141.856,0,2,0,0,0,0,
273956649,0.748125,-0.46636,-0.647525,-323.675,143.695,0,2,0,0,0,0,
273956689,0.748125,-0.46636,-0.647525,-323.675,143.792,0,2,0,0,0,0,
273956729,0.748125,-0.46636,-0.647525,-323.675,143.792,0,2,0,0,0,0,
273956769,0.748125,-0.46636,-0.647525,-323.675,143.792,0,2,0,0,0,0,
273956810,0.748125,-0.46636,-0.647525,-323.675,143.792,0,2,0,0,0,0,
273956850,0.748125,-0.46636,-0.647525,-323.675,143.792,0,2,0,0,0,0,
273956890,0.748125,-0.46636,-0.647525,-323.675,143.792,0,2,0,0,0,0,
273956929,0.748125,-0.46636,-0.647525,-323.675,143.792,0,2,0,0,0,0,
273956969,0.748125,-0.46636,-0.647525,-323.675,143.792,0,2,0,0,0,0,
273957009,0.748125,-0.46636,-0.647525,-323.675,143.792,0,2,0,0,0,0,
273957049,0.748125,-0.46636,-0.647525,-323.675,143.792,0,2,0,0,0,0,
273957089,0.748125,-0.46636,-0.647525,-323.675,143.792,0,2,0,0,0,0,
273957130,0.748125,-0.46636,-0.647525,-323.675,143.792,0,2,0,0,0,0,
273957170,0.748125,-0.46636,-0.647525,-323.675,143.792,0,2,0,0,0,0,
273957209,0.748125,-0.46636,-0.647525,-323.675,143.792,0,2,0,0,0,0,
273957249,0.748125,-0.46636,-0.647525,-323.675,143.792,0,2,0,0,0,0,
273957289,0.748125,-0.46636,-0.647525,-323.675,143.792,0,2,0,0,0,0,
273957329,0.748125,-0.46636,-0.647525,-323.675,143.792,0,2,0,0,0,0,
273957369,0.748125,-0.46636,-0.647525,-323.675,143.792,0,2,0,0,0,0,
273957409,0.748125,-0.46636,-0.647525,-323.675,143.792,0,2,0,0,0,0,
273957450,0.748125,-0.46636,-0.647525,-323.675,143.792,0,2,0,0,0,0,
273957490,0.746231,-0.4668,-0.65,-323.25,144.082,0,2,0,0,0,0,
273957529,0.723619,-0.4668,-0.650025,-302.101,144.76,0,2,0,0,0,0,
273957569,0.633487,-0.46944,-0.665075,-183,147.47,0,2,0,0,0,0,
273957609,0.485325,-0.4778,-0.712575,-9.87522,158.796,0,2,0,0,0,0,
273957649,0.344719,-0.48572,-0.757575,0,177.672,0,2,0,0,0,0,
273957689,0.230494,-0.49276,-0.797575,0,194.128,0,2,0,0,0,0,
273957730,0.187462,-0.49804,-0.82755,2.44855,201.437,-1.08395,2,0,0,0,0,
273957770,0.17625,-0.50464,-0.865125,0.800857,216.224,-0.741812,2,0,0,0,0,
273957810,0.168731,-0.51784,-0.940175,0,242.141,0,2,0,0,0,0,
273957849,0.165,-0.52928,-1.0051,0,270.987,0,2,0,0,0,0,
273957889,0.161231,-0.53632,-1.04508,0,290.347,0,2,0,0,0,0,
273957929,0.151856,-0.54424,-1.09008,0,306.029,0,2,0,0,0,0,
273957969,0.148106,-0.5504,-1.12505,0,322.291,0,2,0,0,0,0,
273958009,0.144375,-0.5548,-1.15003,0,333.907,0,2,0,0,0,0,
273958050,0.144375,-0.55612,-1.15753,0,340.199,0,2,0,0,0,0,
273958090,0.144375,-0.55612,-1.15753,0,341.264,0,2,0,0,0,0,
273958130,0.14625,-0.55832,-1.17003,0,343.684,0,2,0,0,0,0,
273958169,0.14625,-0.55876,-1.17253,0,346.782,0,2,0,0,0,0,
273958209,0.146231,-0.56096,-1.18505,0,348.718,0,2,0,0,0,0,
273958249,0.129337,-0.56844,-1.22763,0,359.172,0,2,0,0,0,0,
273958289,0.104962,-0.57812,-1.2826,0,379.597,0,2,0,0,0,0,
273958329,0.074925,-0.58604,-1.32758,0,398.957,0,2,0,0,0,0,
273958370,0.0599438,-0.58912,-1.34505,0,412.412,0,2,0,0,0,0,
273958410,0.0599438,-0.58912,-1.34505,0,413.864,0,2,0,0,0,0,
273958450,0.0599438,-0.58912,-1.34505,0,413.864,0,2,0,0,0,0,
273958489,0.0599438,-0.58912,-1.34505,0,413.864,0,2,0,0,0,0,
273958529,0.0599438,-0.58912,-1.34505,0,413.864,0,2,0,0,0,0,
273958569,0.0599438,-0.58912,-1.34505,0,413.864,0,2,0,0,0,0,
273958609,0.0599438,-0.58912,-1.34505,0,413.864,0,2,0,0,0,0,
273958649,0.0599438,-0.58912,-1.34505,0,413.864,0,2,0,0,0,0,
273958690,0.0599438,-0.58912,-1.34505,0,413.864,0,2,0,0,0,0,
273958730,0.0599438,-0.58912,-1.34505,0,413.864,0,2,0,0,0,0,
273958770,0.0599438,-0.58912,-1.34505,0,413.864,0,2,0,0,0,0,
273958809,0.0599438,-0.58912,-1.34505,0,413.864,0,2,0,0,0,0,
273958849,0.0599438,-0.58912,-1.34505,0,413.864,0,2,0,0,0,0,
273958889,0.0599438,-0.58912,-1.34505,0,413.864,0,2,0,0,0,0,
273958929,0.0599438,-0.58912,-1.34505,0,413.864,0,2,0,0,0,0,
273958969,0.0599438,-0.58912,-1.34505,0,413.864,0,2,0,0,0,0,
273959010,0.0599438,-0.58912,-1.34505,0,413.864,0,2,0,0,0,0,
273959050,0.0599438,-0.58912,-1.34505,0,413.864,0,2,0,0,0,0,
273959089,0.0599438,-0.58912,-1.34505,0,413.864,0,2,0,0,0,0,
273959129,0.0599438,-0.58912,-1.34505,0,413.864,0,2,0,0,0,0,
273959169,0.0599438,-0.58912,-1.34505,0,413.864,0,2,0,0,0,0,
273959209,0.0599438,-0.58912,-1.34505,0,413.864,0,2,0,0,0,0,
273959249,0.0599438,-0.58912,-1.34505,0,413.864,0,2,0,0,0,0,
273959289,0.0599438,-0.58912,-1.34505,0,413.864,0,2,0,0,0,0,
273959330,-0.0675,-0.59,-1.34998,0,414.445,0,2,0,0,0,0,
273959370,-0.0675188,-0.58868,-1.34248,0,414.155,0,2,0,0,0,0,
273959409,-0.069375,-0.58692,-1.33248,0,410.96,0,2,0,0,0,0,
273959449,-0.069375,-0.5856,-1.32498,0,407.572,0,2,0,0,0,0,
273959489,-0.069375,-0.5856,-1.32498,0,406.12,0,2,0,0,0,0,
273959529,-0.069375,-0.58516,-1.32248,0,405.636,0,2,0,0,0,0,
273959569,-0.069375,-0.58428,-1.31748,0,404.571,0,2,0,0,0,0,
273959609,-0.069375,-0.5834,-1.31247,0,402.248,0,2,0,0,0,0,
273959650,-0.069375,-0.58252,-1.30748,0,400.118,0,2,0,0,0,0,
273959690,-0.069375,-0.5812,-1.29998,0,397.698,0,2,0,0,0,0,
273959729,-0.069375,-0.58032,-1.29498,0,395.472,0,2,0,0,0,0,
273959769,-0.069375,-0.57944,-1.28998,0,393.149,0,2,0,0,0,0,
273959809,-0.069375,-0.57856,-1.28498,0,391.6,0,2,0,0,0,0,
273959849,-0.069375,-0.57856,-1.28498,0,390.632,0,2,0,0,0,0,
273959889,-0.069375,-0.57768,-1.27998,0,389.664,0,2,0,0,0,0,
273959930,-0.069375,-0.57724,-1.27748,0,388.599,0,2,0,0,0,0,
273959970,-0.069375,-0.5768,-1.27498,0,387.438,0,2,0,0,0,0,
273960010,-0.069375,-0.57504,-1.26498,0,384.824,0,2,0,0,0,0,
273960049,-0.069375,-0.57416,-1.25997,0,381.726,0,2,0,0,0,0,
273960089,-0.0693563,-0.57284,-1.25248,0,379.5,0,2,0,0,0,0,
273960129,-0.0675,-0.5724,-1.24997,0,377.564,0,2,0,0,0,0,
273960169,-0.0675,-0.57152,-1.24498,0,376.112,0,2,0,0,0,0,
273960209,-0.0675,-0.57108,-1.24248,0,374.854,0,2,0,0,0,0,
273960250,-0.0675,-0.5702,-1.23748,0,373.014,0,2,0,0,0,0,
273960290,-0.0675,-0.56976,-1.23498,0,372.143,0,2,0,0,0,0,
273960330,-0.065625,-0.56844,-1.22748,0,370.014,0,2,0,0,0,0,
273960369,-0.065625,-0.56712,-1.21997,0,366.529,0,2,0,0,0,0,
273960409,-0.065625,-0.5658,-1.21248,0,364.012,0,2,0,0,0,0,
273960449,-0.065625,-0.56536,-1.20998,0,362.27,0,2,0,0,0,0,
273960489,-0.065625,-0.56448,-1.20498,0,360.624,0,2,0,0,0,0,
273960529,-0.065625,-0.5636,-1.19998,0,358.882,0,2,0,0,0,0,
273960570,-0.065625,-0.56228,-1.19248,0,356.462,0,2,0,0,0,0,
273960610,-0.065625,-0.56096,-1.18498,0,353.364,0,2,0,0,0,0,
273960650,-0.065625,-0.5592,-1.17498,0,349.782,0,2,0,0,0,0,
273960689,-0.065625,-0.55788,-1.16747,0,346.975,0,2,0,0,0,0,
273960729,-0.065625,-0.55656,-1.15998,0,343.878,0,2,0,0,0,0,
273960769,-0.065625,-0.55524,-1.15248,0,340.393,0,2,0,0,0,0,
273960809,-0.065625,-0.55436,-1.14748,0,338.554,0,2,0,0,0,0,
273960849,-0.06375,-0.55348,-1.14248,0,336.23,0,2,0,0,0,0,
273960890,-0.06375,-0.5526,-1.13748,0,334.488,0,2,0,0,0,0,
273960930,-0.06375,-0.55172,-1.13248,0,332.358,0,2,0,0,0,0,
273960969,-0.06375,-0.55128,-1.12998,0,331.294,0,2,0,0,0,0,
273961009,-0.061875,-0.54996,-1.12248,0,329.164,0,2,0,0,0,0,
273961049,-0.061875,-0.5482,-1.11248,0,326.163,0,2,0,0,0,0,
273961089,-0.061875,-0.54732,-1.10748,0,322.872,0,2,0,0,0,0,
273961129,-0.061875,-0.54644,-1.10248,0,320.936,0,2,0,0,0,0,
273961169,-0.061875,-0.54512,-1.09497,0,318.516,0,2,0,0,0,0,
273961210,-0.061875,-0.54468,-1.09248,0,316.774,0,2,0,0,0,0,
273961250,-0.061875,-0.54336,-1.08498,0,314.644,0,2,0,0,0,0,
273961289,-0.061875,-0.54204,-1.07748,0,311.934,0,2,0,0,0,0,
273961329,-0.061875,-0.54028,-1.06748,0,307.965,0,2,0,0,0,0,
273961369,-0.061875,-0.53852,-1.05748,0,304.48,0,2,0,0,0,0,
273961409,-0.061875,-0.53676,-1.04748,0,300.995,0,2,0,0,0,0,
273961449,-0.061875,-0.53368,-1.02995,0,295.671,0,2,0,0,0,0,
273961489,-0.061875,-0.5284,-0.99995,0,286.282,0,2,0,0,0,0,
273961530,-0.06,-0.52356,-0.972475,0,275.15,0,2,0,0,0,0,
273961570,-0.06,-0.5196,-0.94995,0,265.663,0,2,0,0,0,0,
273961609,-0.06,-0.51564,-0.92745,0,256.177,0,2,0,0,0,0,
273961649,-0.06,-0.51256,-0.909975,0,248.626,0,2,0,0,0,0,
273961689,-0.06,-0.51036,-0.89745,0,243.012,0,2,0,0,0,0,
273961729,-0.06,-0.50684,-0.87745,0,236.526,0,2,0,0,0,0,
273961769,-0.06,-0.50244,-0.85245,0,228.008,0,2,0,0,0,0,
273961810,-0.06,-0.49848,-0.82995,0,218.812,0,2,0,0,0,0,
273961850,-0.06,-0.49496,-0.809975,0,210.584,0,2,0,0,0,0,
273961890,-0.06,-0.49144,-0.78995,0,202.84,0,2,0,0,0,0,
273961929,-0.06,-0.48748,-0.76745,0,194.612,0,2,0,0,0,0,
273961969,-0.06,-0.48396,-0.74745,0,186.19,0,2,0,0,0,0,
273962009,-0.06,-0.48044,-0.72745,0,178.253,0,2,0,0,0,0,
273962049,-0.06,-0.47824,-0.714975,0,171.767,0,2,0,0,0,0,
273962089,-0.06,-0.47604,-0.702475,0,167.508,0,2,0,0,0,0,
273962130,-0.06,-0.4734,-0.687475,0,162.571,0,2,0,0,0,0,
273962170,-0.06,-0.47076,-0.672475,0,156.763,0,2,0,0,0,0,
273962210,-0.06,-0.46856,-0.659975,0,151.052,0,2,0,0,0,0,
273962249,-0.06,-0.46548,-0.642475,0,145.631,0,2,0,0,0,0,
273962289,-0.06,-0.4624,-0.62495,0,138.468,0,2,0,0,0,0,
273962329,-0.06,-0.45932,-0.607475,0,131.692,0,2,0,0,0,0,
273962369,-0.06,-0.45624,-0.589975,0,125.303,0,2,0,0,0,0,
273962409,-0.06,-0.45316,-0.572475,0,118.334,0,2,0,0,0,0,
273962450,-0.06,-0.45052,-0.55745,0,111.848,0,2,0,0,0,0,
273962490,-0.0581063,-0.44788,-0.54245,0,105.653,0,2,0,0,0,0,
273962530,-0.0543563,-0.44436,-0.522475,0,99.264,0,2,0,0,0,0,
273962569,-0.050625,-0.44084,-0.50245,0,91.6168,0,2,0,0,0,0,
273962609,-0.050625,-0.43732,-0.48245,0,83.3888,0,2,0,0,0,0,
273962649,-0.050625,-0.4338,-0.46245,0,75.6448,0,2,0,0,0,0,
273962689,-0.050625,-0.43028,-0.44245,4.03189,66.1919,-2.06073,2,0,0,0,0,
273962729,-0.050625,-0.42632,-0.41995,16.2372,52.3385,-5.45473,2,0,0,0,0,
273962770,-0.050625,-0.42192,-0.394925,12.8638,45.1971,-1.56957,2,0,0,0,0,
273962810,-0.050625,-0.41576,-0.35995,0.355287,39.3,0.00772566,2,0,0,0,0,
273962849,-0.050625,-0.4096,-0.32495,2.63363,24.4861,-3.14893,2,0,0,0,0,
273962889,-0.050625,-0.40432,-0.294925,28.1471,-2.12942,-26.1532,2,0,0,0,0,
273962929,-0.050625,-0.39948,-0.26745,47.6313,-19.8841,-29.6257,2,0,0,0,0,
273962969,-0.050625,-0.39596,-0.247475,35.3498,-14.2688,-15.146,2,0,0,0,0,
273963009,-0.050625,-0.39332,-0.232475,4.65042,-1.68602,-1.58404,2,0,0,0,0,
273963049,-0.050625,-0.39024,-0.214975,0,0,0,2,0,0,0,0,
273963090,-0.050625,-0.38672,-0.19495,0,0,0,2,0,0,0,0,
273963130,-0.0525,-0.38232,-0.16995,0,0,0,2,0,0,0,0,
273963169,-0.05625,-0.37836,-0.14745,0,0,0,2,0,0,0,0,
273963209,-0.058125,-0.37528,-0.12995,0,0,0,2,0,0,0,0,
273963249,-0.058125,-0.37308,-0.117475,0,0,0,2,0,0,0,0,
273963289,-0.0581438,-0.37132,-0.107475,0,0,0,2,0,0,0,0,
273963329,-0.06,-0.36912,-0.0949751,0,0,0,2,0,0,0,0,
273963369,-0.061875,-0.36692,-0.0824751,0,0,0,2,0,0,0,0,
273963410,-0.06375,-0.36516,-0.0724751,0,0,0,2,0,0,0,0,
273963450,-0.06375,-0.3634,-0.062475,0,0,0,2,0,0,0,0,
273963489,-0.06375,-0.36252,-0.057475,0,0,0,2,0,0,0,0,
273963529,-0.06375,-0.36252,-0.057475,0,0,0,2,0,0,0,0,
273963569,-0.06375,-0.36208,-0.054975,0,0,0,2,0,0,0,0,
273963609,-0.06375,-0.36208,-0.054975,0,0,0,2,0,0,0,0,
273963649,-0.06375,-0.36208,-0.054975,0,0,0,2,0,0,0,0,
273963690,-0.06375,-0.36208,-0.054975,0,0,0,2,0,0,0,0,
273963730,-0.06375,-0.36208,-0.054975,0,0,0,2,0,0,0,0,
273963770,-0.06375,-0.36208,-0.054975,0,0,0,2,0,0,0,0,
273963809,-0.06375,-0.36208,-0.054975,0,0,0,2,0,0,0,0,
273963849,-0.06375,-0.36164,-0.052475,0,0,0,2,0,0,0,0,
273963889,-0.06375,-0.36164,-0.052475,0,0,0,2,0,0,0,0,
273963929,-0.06375,-0.36164,-0.052475,0,0,0,2,0,0,0,0,
273963969,-0.06375,-0.36164,-0.052475,0,0,0,2,0,0,0,0,
273964010,-0.06375,-0.36164,-0.052475,0,0,0,2,0,0,0,0,
273964050,-0.06375,-0.36164,-0.052475,0,0,0,2,0,0,0,0,
273964090,-0.06375,-0.36164,-0.052475,0,0,0,2,0,0,0,0,
273964129,-0.06375,-0.36164,-0.052475,0,0,0,2,0,0,0,0,
273964169,-0.06375,-0.3612,-0.049975,0,0,0,2,0,0,0,0,
273964209,-0.06,-0.35944,-0.039975,0,0,0,2,0,0,0,0,
273964249,-0.0599813,-0.359,-0.037475,0,0,0,2,0,0,0,0,
273964289,-0.0599813,-0.359,-0.037475,0,0,0,2,0,0,0,0,
273964330,-0.0599813,-0.359,-0.037475,0,0,0,2,0,0,0,0,
273964370,-0.0599813,-0.359,-0.037475,0,0,0,2,0,0,0,0,
273964410,-0.0599813,-0.359,-0.037475,0,0,0,2,0,0,0,0,
273964449,-0.0599813,-0.359,-0.037475,0,0,0,2,0,0,0,0,
273964489,-0.0599813,-0.359,-0.037475,0,0,0,2,0,0,0,0,
273964529,-0.0599813,-0.359,-0.037475,0,0,0,2,0,0,0,0,
273964569,-0.0599813,-0.359,-0.037475,0,0,0,2,0,0,0,0,
273964609,-0.058125,-0.35856,-0.034975,0,0,0,2,0,0,0,0,
273964650,-0.058125,-0.35856,-0.034975,0,0,0,2,0,0,0,0,
273964690,-0.058125,-0.35768,-0.029975,0,0,0,2,0,0,0,0,
273964729,-0.058125,-0.35768,-0.029975,0,0,0,2,0,0,0,0,
273964769,-0.058125,-0.35724,-0.027475,0,0,0,2,0,0,0,0,
273964809,-0.058125,-0.35724,-0.027475,0,0,0,2,0,0,0,0,
273964849,-0.058125,-0.35724,-0.027475,0,0,0,2,0,0,0,0,
273964889,-0.058125,-0.3568,-0.024975,0,0,0,2,0,0,0,0,
273964929,-0.058125,-0.35636,-0.022475,0,0,0,2,0,0,0,0,
273964970,-0.058125,-0.35592,-0.019975,0,0,0,2,0,0,0,0,
273965010,-0.058125,-0.35592,-0.019975,0,0,0,2,0,0,0,0,
273965049,-0.058125,-0.35548,-0.0174749,0,0,0,2,0,0,0,0,
273965089,-0.058125,-0.35548,-0.0174749,0,0,0,2,0,0,0,0,
273965129,-0.058125,-0.35504,-0.014975,0,0,0,2,0,0,0,0,
273965169,-0.058125,-0.35504,-0.014975,0,0,0,2,0,0,0,0,
273965209,-0.058125,-0.35504,-0.014975,0,0,0,2,0,0,0,0,
273965249,-0.0581063,-0.3546,-0.012475,0,0,0,2,0,0,0,0,
273965290,-0.05625,-0.35416,-0.00997496,0,0,0,2,0,0,0,0,
273965330,-0.05625,-0.35372,-0.00747496,0,0,0,2,0,0,0,0,
273965369,-0.05625,-0.35328,-0.00497496,0,0,0,2,0,0,0,0,
273965409,-0.05625,-0.3524,2.5034e-005,0,0,0,2,0,0,0,0,
273965449,-0.05625,-0.35152,0.00502503,0,0,0,2,0,0,0,0,
273965489,-0.05625,-0.3502,0.012525,0,0,0,2,0,0,0,0,
273965529,-0.05625,-0.34712,0.0300499,0,0,0,2,0,0,0,0,
273965570,-0.05625,-0.34184,0.0600749,0,0,0,2,0,0,0,0,
273965610,-0.05625,-0.3348,0.100075,0,0,0,2,0,0,0,0,
273965650,-0.06,-0.32864,0.13505,0,0,0,2,0,0,0,0,
273965689,-0.0600188,-0.32688,0.145025,0,0,0,2,0,0,0,0,
273965729,-0.0600188,-0.32688,0.145025,0,0,0,2,0,0,0,0,
273965769,-0.0600188,-0.32688,0.145025,0,0,0,2,0,0,0,0,
273965809,-0.0600188,-0.32688,0.145025,0,0,0,2,0,0,0,0,
273965849,-0.0600188,-0.32688,0.145025,0,0,0,2,0,0,0,0,
273965890,-0.0600188,-0.32688,0.145025,0,0,0,2,0,0,0,0,
273965930,-0.0600188,-0.32688,0.145025,0,0,0,2,0,0,0,0,
273965970,-0.0600188,-0.32688,0.145025,0,0,0,2,0,0,0,0,
273966009,-0.0600188,-0.32688,0.145025,0,0,0,2,0,0,0,0,
273966049,-0.0600188,-0.32688,0.145025,0,0,0,2,0,0,0,0,
273966089,-0.0600188,-0.32688,0.145025,0,0,0,2,0,0,0,0,
273966129,-0.0600188,-0.32688,0.145025,0,0,0,2,0,0,0,0,
273966169,-0.0600188,-0.32688,0.145025,0,0,0,2,0,0,0,0,
273966210,-0.0600188,-0.32688,0.145025,0,0,0,2,0,0,0,0,
273966250,-0.0599813,-0.32688,0.144925,0,0,0,2,0,0,0,0,
273966290,-0.05625,-0.33568,0.094825,0,0,0,2,0,0,0,0,
273966329,-0.05625,-0.34932,0.01735,0,0,0,2,0,0,0,0,
273966369,-0.05625,-0.36164,-0.0526001,0,0,0,2,0,0,0,0,
273966409,-0.0581438,-0.37132,-0.107625,0,0,0,2,0,0,0,0,
273966449,-0.061875,-0.381,-0.1626,0,0,0,2,0,0,0,0,
273966489,-0.06,-0.39024,-0.215125,0,0,0,2,0,0,0,0,
273966530,-0.06,-0.403,-0.287675,0,0.440008,0,2,0,0,0,0,
273966570,-0.0525,-0.42016,-0.385225,0,22.3081,0,2,0,0,0,0,
273966609,-0.045,-0.43908,-0.4927,0,63.5448,0,2,0,0,0,0,
273966649,-0.0412313,-0.45448,-0.58015,0,101.103,0,2,0,0,0,0,
273966689,-0.03375,-0.47032,-0.670225,0,134.499,0,2,0,0,0,0,
273966729,-0.0356438,-0.48792,-0.770175,0,172.638,0,2,0,0,0,0,
273966769,-0.039375,-0.50244,-0.852675,0,207.583,0,2,0,0,0,0,
273966809,-0.039375,-0.5152,-0.925125,0,238.172,0,2,0,0,0,0,
273966850,-0.0412688,-0.52444,-0.9776,0,262.372,0,2,0,0,0,0,
273966890,-0.04875,-0.53148,-1.01755,0,279.699,0,2,0,0,0,0,
273966929,-0.050625,-0.53588,-1.04255,0,292.09,0,2,0,0,0,0,
273966969,-0.050625,-0.5394,-1.06255,0,300.995,0,2,0,0,0,0,
273967009,-0.050625,-0.54424,-1.09005,0,309.417,0,2,0,0,0,0,
273967049,-0.050625,-0.5482,-1.11255,0,319.678,0,2,0,0,0,0,
273967089,-0.0468563,-0.55216,-1.13503,0,328.003,0,2,0,0,0,0,
273967129,-0.045,-0.55612,-1.15755,0,336.521,0,2,0,0,0,0,
273967170,-0.043125,-0.56096,-1.18505,0,346.201,0,2,0,0,0,0,
273967210,-0.0431438,-0.56624,-1.21505,0,357.333,0,2,0,0,0,0,
273967249,-0.046875,-0.57064,-1.24003,0,368.755,0,2,0,0,0,0,
273967289,-0.04875,-0.57284,-1.25253,0,375.822,0,2,0,0,0,0,
273967329,-0.0487688,-0.57416,-1.26003,0,379.887,0,2,0,0,0,0,
273967369,-0.050625,-0.57592,-1.27003,0,382.888,0,2,0,0,0,0,
273967409,-0.050625,-0.57812,-1.28253,0,387.244,0,2,0,0,0,0,
273967450,-0.0525,-0.57944,-1.29002,0,391.31,0,2,0,0,0,0,
273967490,-0.0525,-0.58032,-1.29502,0,393.536,0,2,0,0,0,0,
273967530,-0.054375,-0.58252,-1.30753,0,396.924,0,2,0,0,0,0,
273967569,-0.054375,-0.5834,-1.31253,0,400.699,0,2,0,0,0,0,
273967609,-0.054375,-0.58428,-1.31753,0,402.248,0,2,0,0,0,0,
273967649,-0.054375,-0.58472,-1.32002,0,403.506,0,2,0,0,0,0,
273967689,-0.054375,-0.58604,-1.32755,0,406.023,0,2,0,0,0,0,
273967729,-0.0524813,-0.58868,-1.34253,0,410.379,0,2,0,0,0,0,
273967770,-0.0506063,-0.58956,-1.34753,0,414.445,0,2,0,0,0,0,
273967810,-0.0506063,-0.58956,-1.34753,0,414.832,0,2,0,0,0,0,
273967850,-0.0506063,-0.58956,-1.34753,0,414.832,0,2,0,0,0,0,
273967889,-0.0506063,-0.58956,-1.34753,0,414.832,0,2,0,0,0,0,
273967929,-0.0506063,-0.58956,-1.34753,0,414.832,0,2,0,0,0,0,
273967969,-0.0506063,-0.58956,-1.34753,0,414.832,0,2,0,0,0,0,
273968009,-0.0506063,-0.58956,-1.34753,0,414.832,0,2,0,0,0,0,
273968049,-0.0506063,-0.58956,-1.34753,0,414.832,0,2,0,0,0,0,
273968090,-0.0506063,-0.58956,-1.34753,0,414.832,0,2,0,0,0,0,
273968130,-0.0506063,-0.58956,-1.34753,0,414.832,0,2,0,0,0,0,
273968170,-0.0506063,-0.58956,-1.34753,0,414.832,0,2,0,0,0,0,
273968209,-0.0506063,-0.58956,-1.34753,0,414.832,0,2,0,0,0,0,
273968249,-0.0506063,-0.58956,-1.34753,0,414.832,0,2,0,0,0,0,
273968289,-0.0506063,-0.58956,-1.34753,0,414.832,0,2,0,0,0,0,
273968329,-0.0506063,-0.58956,-1.34753,0,414.832,0,2,0,0,0,0,
273968369,-0.0506063,-0.58956,-1.34753,0,414.832,0,2,0,0,0,0,
273968410,-0.0506063,-0.58956,-1.34753,0,414.832,0,2,0,0,0,0,
273968450,-0.0506063,-0.58956,-1.34753,0,414.832,0,2,0,0,0,0,
273968490,-0.0506063,-0.58956,-1.34753,0,414.832,0,2,0,0,0,0,
273968529,-0.0506063,-0.58956,-1.34753,0,414.832,0,2,0,0,0,0,
273968569,-0.0506063,-0.58956,-1.34753,0,414.832,0,2,0,0,0,0,
273968609,-0.0506063,-0.58956,-1.34753,0,414.832,0,2,0,0,0,0,
273968649,-0.0506063,-0.58956,-1.34753,0,414.832,0,2,0,0,0,0,
273968689,-0.0506063,-0.58956,-1.34753,0,414.832,0,2,0,0,0,0,
273968730,-0.0506063,-0.58956,-1.34753,0,414.832,0,2,0,0,0,0,
273968770,-0.0506063,-0.58956,-1.34753,0,414.832,0,2,0,0,0,0,
273968809,-0.0506063,-0.58956,-1.34753,0,414.832,0,2,0,0,0,0,
273968849,-0.0506063,-0.58956,-1.34753,0,414.832,0,2,0,0,0,0,
273968889,-0.039375,-0.58868,-1.3424,0,414.832,0,2,0,0,0,0,
273968929,-0.039375,-0.57768,-1.27985,0,401.764,0,2,0,0,0,0,
273968969,-0.046875,-0.5614,-1.18728,0,371.562,0,2,0,0,0,0,
273969009,-0.0468938,-0.5394,-1.06225,0,329.454,0,2,0,0,0,0,
273969050,-0.0600188,-0.52136,-0.95985,0,283.474,0,2,0,0,0,0,
273969090,-0.07125,-0.51212,-0.90745,0,252.692,0,2,0,0,0,0,
273969129,-0.0750188,-0.50816,-0.884925,0,240.689,0,2,0,0,0,0,
273969169,-0.0787688,-0.50112,-0.8449,0,228.008,0,2,0,0,0,0,
273969209,-0.088125,-0.49452,-0.80745,0,212.81,0,2,0,0,0,0,
273969249,-0.091875,-0.48836,-0.772425,0,199.162,0,2,0,0,0,0,
273969289,-0.091875,-0.48616,-0.759975,0,188.223,0,2,0,0,0,0,
273969330,-0.091875,-0.48616,-0.759975,0,187.352,0,2,0,0,0,0,
273969370,-0.0862313,-0.48748,-0.767525,0,187.642,0,2,0,0,0,0,
273969410,-0.0843563,-0.48792,-0.770025,0,190.934,0,2,0,0,0,0,
273969449,-0.0843563,-0.48792,-0.770025,0,191.224,0,2,0,0,0,0,
273969489,-0.0825,-0.48836,-0.772475,0,192.095,0,2,0,0,0,0,
273969529,-0.0825,-0.48836,-0.772475,0,192.192,0,2,0,0,0,0,
273969569,-0.0825,-0.48836,-0.772475,0,192.192,0,2,0,0,0,0,
273969609,-0.0825,-0.48836,-0.772475,0,192.192,0,2,0,0,0,0,
273969650,-0.0825,-0.48836,-0.772475,0,192.192,0,2,0,0,0,0,
273969690,-0.0825,-0.48836,-0.772475,0,192.192,0,2,0,0,0,0,
273969730,-0.0825,-0.48836,-0.772475,0,192.192,0,2,0,0,0,0,
273969769,-0.0825,-0.48836,-0.772475,0,192.192,0,2,0,0,0,0,
273969809,-0.0825,-0.48836,-0.772475,0,192.192,0,2,0,0,0,0,
273969849,-0.0825,-0.48836,-0.772475,0,192.192,0,2,0,0,0,0,
273969889,-0.0825,-0.48836,-0.772475,0,192.192,0,2,0,0,0,0,
273969929,-0.0825,-0.48836,-0.772475,0,192.192,0,2,0,0,0,0,
273969970,-0.0825,-0.48836,-0.772475,0,192.192,0,2,0,0,0,0,
273970010,-0.0825,-0.48836,-0.772475,0,192.192,0,2,0,0,0,0,
273970050,-0.0825,-0.48748,-0.767475,0,191.418,0,2,0,0,0,0,
273970089,-0.0825,-0.48572,-0.757475,0,188.32,0,2,0,0,0,0,
273970129,-0.0825,-0.4844,-0.749975,0,184.351,0,2,0,0,0,0,
273970169,-0.080625,-0.48396,-0.747475,0,182.609,0,2,0,0,0,0,
273970209,-0.080625,-0.48308,-0.742475,0,181.544,0,2,0,0,0,0,
273970249,-0.0731063,-0.48132,-0.7325,0,178.446,0,2,0,0,0,0,
273970290,-0.0599813,-0.48,-0.725,0,175.446,0,2,0,0,0,0,
273970330,-0.03555,-0.47868,-0.717475,0,172.929,0,2,0,0,0,0,
273970370,0.00382496,-0.47604,-0.702475,-1.71181,164.999,1.24788,2,0,0,0,0,
273970409,0.0281437,-0.47428,-0.6925,-7.40757,145.183,8.70321,2,0,0,0,0,
273970449,0.0318937,-0.47384,-0.69,-5.14225,143.84,8.99763,2,0,0,0,0,
273970489,0.0318937,-0.47384,-0.69,-2.04435,153.583,3.6836,2,0,0,0,0,
273970529,0.0318937,-0.47384,-0.69,-0.114855,159.884,0.205646,2,0,0,0,0,
273970569,0.0318937,-0.47384,-0.69,0,160.248,0,2,0,0,0,0,
273970610,0.0318937,-0.47384,-0.69,0,160.248,0,2,0,0,0,0,
273970650,0.0318937,-0.47384,-0.69,-0.466859,159.109,0.824186,2,0,0,0,0,
273970689,0.0450375,-0.47296,-0.685,-1.31697,156.46,2.66567,2,0,0,0,0,
273970729,0.0656625,-0.4712,-0.674975,-0.443554,155.247,1.32098,2,0,0,0,0,
273970769,0.0844125,-0.46768,-0.65495,0,150.955,0,2,0,0,0,0,
273970809,0.10125,-0.4624,-0.624925,-9.24016,129.587,-3.7489,2,0,0,0,0,
273970849,0.105,-0.45536,-0.5849,-20.8758,101.152,0.0860099,2,0,0,0,0,
273970889,0.0974625,-0.44788,-0.542375,-4.09875,106.334,1.1423,2,0,0,0,0,
273970930,0.071175,-0.43952,-0.494875,-16.5483,71.7176,-18.2948,2,0,0,0,0,
273970970,0.0374438,-0.43116,-0.4474,-24.2994,53.721,-9.32758,2,0,0,0,0,
273971009,-0.00571878,-0.42368,-0.404925,-0.563655,57.3668,-0.0611094,2,0,0,0,0,
273971049,-0.0638813,-0.4184,-0.37495,0,43.5072,0,2,0,0,0,0,
273971089,-0.121987,-0.41752,-0.37,0,36.5377,0,2,0,0,0,0,
273971129,-0.176362,-0.41884,-0.37755,0,37.2153,0,2,0,0,0,0,
273971169,-0.236344,-0.42324,-0.402575,0,44.088,0,2,0,0,0,0,
273971209,-0.285094,-0.4294,-0.4376,0,55.5104,0,2,0,0,0,0,
273971250,-0.32445,-0.43688,-0.4801,0,70.9016,0,2,0,0,0,0,
273971290,-0.352556,-0.44612,-0.532625,0,88.3257,0,2,0,0,0,0,
273971329,-0.371306,-0.4602,-0.612775,0,113.01,0,2,0,0,0,0,
273971369,-0.391875,-0.48484,-0.75275,0,157.344,0,2,0,0,0,0,
273971409,-0.374925,-0.5042,-0.8627,0,206.906,0,2,0,0,0,0,
273971449,-0.337406,-0.52048,-0.955175,7.79997,228.872,9.2319,2,0,0,0,0,
273971489,-0.290513,-0.5306,-1.01258,7.27627,263.437,2.95293,2,0,0,0,0,
273971530,-0.230494,-0.53632,-1.04505,0,291.993,0,2,0,0,0,0,
273971570,-0.170512,-0.53984,-1.065,0,302.157,0,2,0,0,0,0,
273971610,-0.114263,-0.54028,-1.06748,0,306.126,0,2,0,0,0,0,
273971649,-0.0617813,-0.5372,-1.04995,0,303.609,0,2,0,0,0,0,
273971689,-0.0149063,-0.53192,-1.01993,0,294.219,0,2,0,0,0,0,
273971730,0.033825,-0.52576,-0.9849,0,280.861,0,2,0,0,0,0,
273971769,0.075075,-0.51916,-0.947425,0,266.825,0,2,0,0,0,0,
273971809,0.112556,-0.513,-0.91245,0,252.789,0,2,0,0,0,0,
273971850,0.142556,-0.50728,-0.87995,0,240.495,0,2,0,0,0,0,
273971890,0.161287,-0.50024,-0.839925,0.206502,223.029,0.540076,2,0,0,0,0,
273971930,0.170625,-0.49188,-0.7924,0.0254518,209.25,0.0779948,2,0,0,0,0,
273971969,0.1725,-0.48132,-0.7324,0,188.126,0,2,0,0,0,0,
273972009,0.166837,-0.47252,-0.682375,0,166.443,0,2,0,0,0,0,
273972049,0.151837,-0.46372,-0.632425,0,146.89,0,2,0,0,0,0,
273972089,0.133087,-0.45756,-0.597425,0,131.305,0,2,0,0,0,0,
273972129,0.110587,-0.45228,-0.56745,0,118.43,0,2,0,0,0,0,
273972170,0.0937312,-0.44964,-0.552475,0,109.525,0,2,0,0,0,0,
273972210,0.0824625,-0.44832,-0.544975,0,105.556,0,2,0,0,0,0,
273972250,0.059925,-0.44656,-0.534975,0,102.168,0,2,0,0,0,0,
273972289,0.0280688,-0.44568,-0.53,0,99.3609,0,2,0,0,0,0,
273972329,-0.00384378,-0.4448,-0.525,0,97.5216,0,2,0,0,0,0,
273972369,-0.0525938,-0.4448,-0.525,0,96.3601,0,2,0,0,0,0,
273972409,-0.097575,-0.44568,-0.530025,0,96.7472,0,2,0,0,0,0,
273972449,-0.138844,-0.44964,-0.552575,0,101.878,0,2,0,0,0,0,
273972490,-0.170663,-0.45756,-0.597675,0,115.139,0,2,0,0,0,0,
273972530,-0.191288,-0.47076,-0.672625,0,139.339,0,2,0,0,0,0,
273972569,-0.204394,-0.4822,-0.73765,0,166.443,0,2,0,0,0,0,
273972609,-0.204338,-0.49364,-0.80265,0,191.998,0,2,0,0,0,0,
273972649,-0.193088,-0.50288,-0.8551,0,215.134,0,2,0,0,0,0,
273972689,-0.172444,-0.51256,-0.910125,0,234.59,0,2,0,0,0,0,
273972729,-0.14805,-0.52268,-0.9676,0,256.758,0,2,0,0,0,0,
273972769,-0.108637,-0.5306,-1.01258,0,276.602,0,2,0,0,0,0,
273972810,-0.0580313,-0.53632,-1.04508,0,291.799,0,2,0,0,0,0,
273972850,-0.0130313,-0.54072,-1.07,0,303.125,0,2,0,0,0,0,
273972889,0.0357187,-0.54028,-1.06748,0,307.287,0,2,0,0,0,0,
273972929,0.0901125,-0.53544,-1.0399,0,302.06,0,2,0,0,0,0,
273972969,0.1332,-0.52488,-0.979875,0,285.314,0,2,0,0,0,0,
273973009,0.165037,-0.51212,-0.907325,0,258.5,0,2,0,0,0,0,
273973049,0.176269,-0.49672,-0.819825,0,227.524,0,2,0,0,0,0,
273973089,0.176231,-0.48308,-0.742325,0,194.612,0,2,0,0,0,0,
273973130,0.159337,-0.47032,-0.669925,0,165.959,0,2,0,0,0,0,
273973170,0.133069,-0.4624,-0.6249,0,143.792,0,2,0,0,0,0,
273973209,0.097425,-0.45404,-0.57745,0,125.69,0,2,0,0,0,0,
273973249,0.059925,-0.4492,-0.549975,0,111.364,0,2,0,0,0,0,
273973289,0.0186562,-0.44656,-0.53495,0,102.942,0,2,0,0,0,0,
273973329,-0.0225562,-0.44436,-0.5225,0,97.4249,0,2,0,0,0,0,
273973369,-0.052575,-0.44392,-0.52,0,94.9081,0,2,0,0,0,0,
273973410,-0.0863062,-0.44392,-0.520025,0,94.4241,0,2,0,0,0,0,
273973450,-0.1182,-0.44524,-0.527525,0,96.2633,0,2,0,0,0,0,
273973490,-0.146288,-0.44744,-0.540025,0,99.748,0,2,0,0,0,0,
273973529,-0.1575,-0.44788,-0.542525,0,103.039,0,2,0,0,0,0,
273973569,-0.1575,-0.44788,-0.542525,0,103.136,0,2,0,0,0,0,
273973609,-0.1575,-0.44788,-0.542525,0,103.136,0,2,0,0,0,0,
273973649,-0.1575,-0.44788,-0.542525,0,103.136,0,2,0,0,0,0,
273973689,-0.1575,-0.44788,-0.542525,0,103.136,0,2,0,0,0,0,
273973730,-0.1575,-0.44788,-0.542525,0,103.136,0,2,0,0,0,0,
273973770,-0.1575,-0.44788,-0.542525,0,103.136,0,2,0,0,0,0,
273973810,-0.1575,-0.44788,-0.542525,0,103.136,0,2,0,0,0,0,
273973849,-0.1575,-0.44788,-0.542525,0,103.136,0,2,0,0,0,0,
273973889,-0.1575,-0.44788,-0.542525,0,103.136,0,2,0,0,0,0,
273973929,-0.1575,-0.44788,-0.542525,0,103.136,0,2,0,0,0,0,
273973969,-0.1575,-0.44788,-0.542525,0,103.136,0,2,0,0,0,0,
273974009,-0.1575,-0.44832,-0.545025,0,103.426,0,2,0,0,0,0,
273974050,-0.159375,-0.45008,-0.555025,0,105.459,0,2,0,0,0,0,
273974090,-0.16125,-0.45228,-0.567525,0,110.396,0,2,0,0,0,0,
273974130,-0.165,-0.45448,-0.580025,0,115.236,0,2,0,0,0,0,
273974169,-0.165,-0.4558,-0.587525,0,119.011,0,2,0,0,0,0,
273974209,-0.165,-0.4558,-0.587525,0,120.56,0,2,0,0,0,0,
273974249,-0.165,-0.4558,-0.587525,0,120.56,0,2,0,0,0,0,
273974289,-0.165,-0.4558,-0.587525,0,120.56,0,2,0,0,0,0,
273974329,-0.165,-0.4558,-0.587525,0,120.56,0,2,0,0,0,0,
273974370,-0.165,-0.4558,-0.587525,0,120.56,0,2,0,0,0,0,
273974410,-0.165,-0.4558,-0.587525,0,120.56,0,2,0,0,0,0,
273974449,-0.165,-0.4558,-0.587525,0,120.56,0,2,0,0,0,0,
273974489,-0.165,-0.4558,-0.587525,0,120.56,0,2,0,0,0,0,
273974529,-0.165,-0.4558,-0.587525,0,120.56,0,2,0,0,0,0,
273974569,-0.165,-0.4558,-0.587525,0,120.56,0,2,0,0,0,0,
273974609,-0.165,-0.4558,-0.587525,0,120.56,0,2,0,0,0,0,
273974649,-0.165,12.83,-0.587525,0,-2559.88,0,2,0,0,0,0,
273974690,-0.165,12.83,-0.587525,0,-26683.8,0,2,0,0,0,0,
273974730,-0.165,12.83,-0.587525,0,-26683.8,0,2,0,0,0,0,
273974769,-0.165,12.8296,-0.59,0,-26683.8,0,2,0,0,0,0,
273974809,-0.165,12.8296,-0.59,0,-26682.8,0,2,0,0,0,0,
273974849,-0.165,12.8296,-0.59,0,-26682.8,0,2,0,0,0,0,
273974889,-0.165,12.8296,-0.59,0,-26682.8,0,2,0,0,0,0,
273974929,-0.165,12.8296,-0.59,0,-26682.8,0,2,0,0,0,0,
273974969,-0.165,12.8296,-0.59,0,-26682.8,0,2,0,0,0,0,
273975010,-0.165,12.8296,-0.59,0,-26682.8,0,2,0,0,0,0,
273975050,-0.165,12.8296,-0.59,0,-26682.8,0,2,0,0,0,0,
273975089,-0.165,12.8296,-0.59,0,-26682.8,0,2,0,0,0,0,
273975129,-0.165019,12.83,-0.5875,0,-26683.1,0,2,0,0,0,0,
273975169,-0.165019,12.83,-0.5875,0,-26683.8,0,2,0,0,0,0,
273975209,-0.165019,12.83,-0.5875,0,-26683.8,0,2,0,0,0,0,
273975249,-0.165019,12.83,-0.5875,0,-26683.8,0,2,0,0,0,0,
273975290,-0.166875,12.83,-0.5875,0,-26683.8,0,2,0,0,0,0,
273975330,-0.166875,12.83,-0.5875,0,-26683.8,0,2,0,0,0,0,
273975370,-0.166875,12.83,-0.5875,0,-26683.8,0,2,0,0,0,0,
273975409,-0.166875,12.83,-0.5875,0,-26683.8,0,2,0,0,0,0,
273975449,-0.166875,12.83,-0.5875,0,-26683.8,0,2,0,0,0,0,
273975489,-0.166875,12.83,-0.5875,0,-26683.8,0,2,0,0,0,0,
273975529,-0.166875,12.83,-0.5875,0,-26683.8,0,2,0,0,0,0,
273975569,-0.166875,12.83,-0.5875,0,-26683.8,0,2,0,0,0,0,
273975610,-0.166875,12.83,-0.5875,0,-26683.8,0,2,0,0,0,0,
273975650,-0.166875,12.83,-0.5875,0,-26683.8,0,2,0,0,0,0,
273975690,-0.166875,12.83,-0.587475,0,-26683.8,0,2,0,0,0,0,
273975729,-0.166875,12.83,-0.587475,0,-26683.8,0,2,0,0,0,0,
273975769,-0.166875,12.83,-0.587475,0,-26683.8,0,2,0,0,0,0,
273975809,-0.166875,12.83,-0.587475,0,-26683.8,0,2,0,0,0,0,
273975849,-0.166875,12.8304,-0.585,0,-26683.8,0,2,0,0,0,0,
273975889,-0.166875,12.8304,-0.585,0,-26684.8,0,2,0,0,0,0,
273975930,-0.166875,12.8304,-0.585,0,-26684.8,0,2,0,0,0,0,
273975970,-0.166875,12.8304,-0.585,0,-26684.8,0,2,0,0,0,0,
273976010,-0.166875,12.8304,-0.585,0,-26684.8,0,2,0,0,0,0,
273976049,-0.166875,12.8304,-0.585,0,-26684.8,0,2,0,0,0,0,
273976089,-0.166875,12.8304,-0.585,0,-26684.8,0,2,0,0,0,0,
273976129,-0.166875,12.8304,-0.585,0,-26684.8,0,2,0,0,0,0,
273976169,-0.166875,12.8304,-0.585,0,-26684.8,0,2,0,0,0,0,
273976209,-0.166875,12.8304,-0.584975,0,-26684.8,0,2,0,0,0,0,
273976250,-0.166875,12.874,-0.584975,0,-26732.7,0,2,0,0,0,0,
273976290,-0.166875,12.874,-0.584975,0,-26780.6,0,2,0,0,0,0,
273976329,-0.166875,12.874,-0.584975,0,-26780.6,0,2,0,0,0,0,
273976369,-0.166875,12.8744,-0.5825,0,-26781.2,0,2,0,0,0,0,
273976409,-0.166875,12.8744,-0.5825,0,-26781.6,0,2,0,0,0,0,
273976449,-0.166875,12.8744,-0.5825,0,-26781.6,0,2,0,0,0,0,
273976489,-0.166875,12.8744,-0.5825,0,-26781.6,0,2,0,0,0,0,
273976529,-0.166875,12.8744,-0.5825,0,-26781.6,0,2,0,0,0,0,
273976570,-0.166875,12.8744,-0.5825,0,-26781.6,0,2,0,0,0,0,
273976610,-0.166875,12.8744,-0.5825,0,-26781.6,0,2,0,0,0,0,
273976649,-0.166875,12.8744,-0.5825,0,-26781.6,0,2,0,0,0,0,
273976689,-0.166875,12.8744,-0.5825,0,-26781.6,0,2,0,0,0,0,
273976729,-0.166875,12.8744,-0.5825,0,-26781.6,0,2,0,0,0,0,
273976769,-0.166875,12.918,-0.5825,0,-26839.1,0,2,0,0,0,0,
273976809,-0.166875,12.918,-0.5825,0,-26877.4,0,2,0,0,0,0,
273976849,-0.166875,12.918,-0.5825,0,-26877.4,0,2,0,0,0,0,
273976890,-0.166875,12.918,-0.5825,0,-26877.4,0,2,0,0,0,0,
273976930,-0.166875,12.918,-0.5825,0,-26877.4,0,2,0,0,0,0,
273976969,-0.166875,12.918,-0.5825,0,-26877.4,0,2,0,0,0,0,
273977009,-0.166875,12.918,-0.5825,0,-26877.4,0,2,0,0,0,0,
273977049,-0.166875,12.918,-0.5825,0,-26877.4,0,2,0,0,0,0,
273977089,-0.166894,12.918,-0.5825,0,-26877.4,0,2,0,0,0,0,
273977129,-0.16875,12.918,-0.582475,0,-26877.4,0,2,0,0,0,0,
273977170,-0.16875,12.918,-0.582475,0,-26877.4,0,2,0,0,0,0,
273977210,-0.16875,12.9184,-0.58,0,-26878.2,0,2,0,0,0,0,
273977250,-0.16875,12.9184,-0.58,0,-26878.4,0,2,0,0,0,0,
273977289,-0.16875,12.9184,-0.58,0,-26878.4,0,2,0,0,0,0,
273977329,-0.16875,12.962,-0.58,0,-26955,0,2,0,0,0,0,
273977369,-0.16875,12.962,-0.58,0,-26974.2,0,2,0,0,0,0,
273977409,-0.16875,12.962,-0.58,0,-26974.2,0,2,0,0,0,0,
273977449,-0.16875,12.962,-0.58,0,-26974.2,0,2,0,0,0,0,
273977490,-0.16875,12.962,-0.58,0,-26974.2,0,2,0,0,0,0,
273977530,-0.16875,12.962,-0.58,0,-26974.2,0,2,0,0,0,0,
273977570,-0.16875,12.962,-0.58,0,-26974.2,0,2,0,0,0,0,
273977609,-0.16875,12.962,-0.58,0,-26974.2,0,2,0,0,0,0,
273977649,-0.16875,12.962,-0.58,0,-26974.2,0,2,0,0,0,0,
273977689,-0.16875,12.962,-0.58,0,-26974.2,0,2,0,0,0,0,
273977729,-0.16875,12.962,-0.58,0,-26974.2,0,2,0,0,0,0,
273977769,-0.16875,12.962,-0.58,0,-26974.2,0,2,0,0,0,0,
273977810,-0.16875,12.962,-0.58,0,-26974.2,0,2,0,0,0,0,
273977850,-0.16875,12.962,-0.58,0,-26974.2,0,2,0,0,0,0,
273977890,-0.16875,12.962,-0.58,0,-26974.2,0,2,0,0,0,0,
273977929,-0.16875,12.962,-0.58,0,-26974.2,0,2,0,0,0,0,
273977969,-0.16875,12.962,-0.58,0,-26974.2,0,2,0,0,0,0,
273978009,-0.16875,12.962,-0.58,0,-26974.2,0,2,0,0,0,0,
273978049,-0.16875,12.962,-0.58,0,-26974.2,0,2,0,0,0,0,
273978089,-0.16875,12.962,-0.58,0,-26974.2,0,2,0,0,0,0,
273978130,-0.16875,12.962,-0.58,0,-26974.2,0,2,0,0,0,0,
273978170,-0.16875,12.962,-0.58,0,-26974.2,0,2,0,0,0,0,
273978209,-0.16875,12.962,-0.58,0,-26974.2,0,2,0,0,0,0,
273978249,-0.16875,12.962,-0.58,0,-26974.2,0,2,0,0,0,0,
273978289,-0.16875,12.962,-0.58,0,-26974.2,0,2,0,0,0,0,
273978329,-0.16875,12.962,-0.58,0,-26974.2,0,2,0,0,0,0,
273978369,-0.16875,12.962,-0.58,0,-26974.2,0,2,0,0,0,0,
273978409,-0.16875,12.962,-0.58,0,-26974.2,0,2,0,0,0,0,
273978450,-0.16875,12.962,-0.58,0,-26974.2,0,2,0,0,0,0,
273978490,-0.16875,12.962,-0.58,0,-26974.2,0,2,0,0,0,0,
273978529,-0.16875,12.962,-0.58,0,-26974.2,0,2,0,0,0,0,
273978569,-0.16875,12.962,-0.58,0,-26974.2,0,2,0,0,0,0,
273978609,-0.16875,12.962,-0.58,0,-26974.2,0,2,0,0,0,0,
273978649,-0.16875,12.962,-0.58,0,-26974.2,0,2,0,0,0,0,
273978689,-0.16875,12.962,-0.58,0,-26974.2,0,2,0,0,0,0,
273978729,-0.16875,12.962,-0.58,0,-26974.2,0,2,0,0,0,0,
273978770,-0.16875,12.962,-0.58,0,-26974.2,0,2,0,0,0,0,
273978810,-0.16875,12.962,-0.58,0,-26974.2,0,2,0,0,0,0,
273978849,-0.16875,12.962,-0.58,0,-26974.2,0,2,0,0,0,0,
273978889,-0.16875,12.962,-0.58,0,-26974.2,0,2,0,0,0,0,
273978929,-0.16875,12.962,-0.58,0,-26974.2,0,2,0,0,0,0,
273978969,-0.16875,12.962,-0.58,0,-26974.2,0,2,0,0,0,0,
273979009,-0.16875,12.962,-0.58,0,-26974.2,0,2,0,0,0,0,
273979050,-0.16875,12.962,-0.58,0,-26974.2,0,2,0,0,0,0,
273979090,-0.16875,12.962,-0.579975,0,-26974.2,0,2,0,0,0,0,
273979130,-0.16875,12.962,-0.579975,0,-26974.2,0,2,0,0,0,0,
273979169,-0.16875,12.962,-0.579975,0,-26974.2,0,2,0,0,0,0,
273979209,-0.16875,12.9624,-0.5775,0,-26975,0,2,0,0,0,0,
273979249,-0.16875,12.9624,-0.5775,0,-26975.2,0,2,0,0,0,0,
273979289,-0.16875,12.9624,-0.577475,0,-26975.2,0,2,0,0,0,0,
273979329,-0.16875,13.006,-0.577475,0,-27051.8,0,2,0,0,0,0,
273979370,-0.16875,13.006,-0.577475,0,-27071,0,2,0,0,0,0,
273979410,-0.16875,13.006,-0.577475,0,-27071,0,2,0,0,0,0,
273979450,-0.16875,13.0064,-0.575,0,-27071.8,0,2,0,0,0,0,
273979489,-0.16875,13.0064,-0.574975,0,-27072,0,2,0,0,0,0,
273979529,-0.16875,13.0504,-0.572475,0,-27091.2,0,2,0,0,0,0,
273979569,-0.16875,13.0504,-0.572475,0,-27168.8,0,2,0,0,0,0,
273979609,-0.16875,13.0504,-0.572475,0,-27168.8,0,2,0,0,0,0,
273979649,-0.16875,13.0944,-0.57,0,-27217.1,0,2,0,0,0,0,
273979690,-0.16875,13.0944,-0.57,0,-27265.6,0,2,0,0,0,0,
273979730,-0.16875,13.138,-0.57,0,-27275.2,0,2,0,0,0,0,
273979770,-0.16875,13.138,-0.57,0,-27361.4,0,2,0,0,0,0,
273979809,-0.16875,13.138,-0.57,0,-27361.4,0,2,0,0,0,0,
273979849,-0.16875,13.138,-0.57,0,-27361.4,0,2,0,0,0,0,
273979889,-0.16875,13.138,-0.57,0,-27361.4,0,2,0,0,0,0,
273979929,-0.16875,13.138,-0.57,0,-27361.4,0,2,0,0,0,0,
273979969,-0.16875,13.138,-0.569975,0,-27361.4,0,2,0,0,0,0,
273980010,-0.16875,13.138,-0.569975,0,-27361.4,0,2,0,0,0,0,
273980050,-0.16875,13.1384,-0.5675,0,-27361.5,0,2,0,0,0,0,
273980089,-0.16875,13.1384,-0.5675,0,-27362.4,0,2,0,0,0,0,
273980129,-0.16875,13.1384,-0.5675,0,-27362.4,0,2,0,0,0,0,
273980169,-0.16875,13.182,-0.567475,0,-27419.9,0,2,0,0,0,0,
273980209,-0.16875,13.182,-0.567475,0,-27458.2,0,2,0,0,0,0,
273980249,-0.16875,13.182,-0.567475,0,-27458.2,0,2,0,0,0,0,
273980289,-0.16875,13.1824,-0.565,0,-27458.8,0,2,0,0,0,0,
273980330,-0.16875,13.1824,-0.565,0,-27459.2,0,2,0,0,0,0,
273980370,-0.16875,13.226,-0.565,0,-27487.9,0,2,0,0,0,0,
273980409,-0.16875,13.226,-0.565,0,-27555,0,2,0,0,0,0,
273980449,-0.16875,13.226,-0.565,0,-27555,0,2,0,0,0,0,
273980489,-0.16875,13.226,-0.565,0,-27555,0,2,0,0,0,0,
273980529,-0.16875,13.226,-0.565,0,-27555,0,2,0,0,0,0,
273980569,-0.16875,13.226,-0.565,0,-27555,0,2,0,0,0,0,
273980609,-0.16875,13.226,-0.565,0,-27555,0,2,0,0,0,0,
273980650,-0.16875,13.226,-0.565,0,-27555,0,2,0,0,0,0,
273980690,-0.16875,13.226,-0.565,0,-27555,0,2,0,0,0,0,
273980729,-0.16875,13.226,-0.565,0,-27555,0,2,0,0,0,0,
273980769,-0.16875,13.226,-0.565,0,-27555,0,2,0,0,0,0,
273980809,-0.16875,13.226,-0.565,0,-27555,0,2,0,0,0,0,
273980849,-0.16875,13.226,-0.565,0,-27555,0,2,0,0,0,0,
273980889,-0.16875,13.226,-0.565,0,-27555,0,2,0,0,0,0,
273980930,-0.16875,13.226,-0.565,0,-27555,0,2,0,0,0,0,
273980970,-0.16875,13.226,-0.565,0,-27555,0,2,0,0,0,0,
273981010,-0.16875,13.226,-0.565,0,-27555,0,2,0,0,0,0,
273981049,-0.16875,13.226,-0.565,0,-27555,0,2,0,0,0,0,
273981089,-0.16875,13.226,-0.565,0,-27555,0,2,0,0,0,0,
273981129,-0.16875,13.226,-0.565,0,-27555,0,2,0,0,0,0,
273981169,-0.16875,13.226,-0.565,0,-27555,0,2,0,0,0,0,
273981209,-0.16875,13.226,-0.564975,0,-27555,0,2,0,0,0,0,
273981250,-0.16875,13.226,-0.564975,0,-27555,0,2,0,0,0,0,
273981290,-0.16875,13.2264,-0.5625,0,-27555.1,0,2,0,0,0,0,
273981330,-0.16875,13.2264,-0.5625,0,-27556,0,2,0,0,0,0,
273981369,-0.16875,13.2264,-0.5625,0,-27556,0,2,0,0,0,0,
273981409,-0.16875,13.2264,-0.5625,0,-27556,0,2,0,0,0,0,
273981449,-0.16875,13.27,-0.5625,0,-27575.1,0,2,0,0,0,0,
273981489,-0.16875,13.27,-0.5625,0,-27651.8,0,2,0,0,0,0,
273981529,-0.16875,13.27,-0.5625,0,-27651.8,0,2,0,0,0,0,
273981570,-0.16875,13.27,-0.5625,0,-27651.8,0,2,0,0,0,0,
273981610,-0.16875,13.27,-0.5625,0,-27651.8,0,2,0,0,0,0,
273981650,-0.16875,13.27,-0.5625,0,-27651.8,0,2,0,0,0,0,
273981689,-0.16875,13.27,-0.5625,0,-27651.8,0,2,0,0,0,0,
273981729,-0.16875,13.27,-0.5625,0,-27651.8,0,2,0,0,0,0,
273981769,-0.16875,13.27,-0.5625,0,-27651.8,0,2,0,0,0,0,
273981809,-0.16875,13.27,-0.5625,0,-27651.8,0,2,0,0,0,0,
273981849,-0.16875,13.27,-0.5625,0,-27651.8,0,2,0,0,0,0,
273981890,-0.16875,13.27,-0.5625,0,-27651.8,0,2,0,0,0,0,
273981930,-0.16875,13.27,-0.562475,0,-27651.8,0,2,0,0,0,0,
273981970,-0.16875,13.27,-0.562475,0,-27651.8,0,2,0,0,0,0,
273982009,-0.16875,13.27,-0.562475,0,-27651.8,0,2,0,0,0,0,
273982049,-0.16875,13.2704,-0.56,0,-27651.8,0,2,0,0,0,0,
273982089,-0.16875,13.2704,-0.56,0,-27652.8,0,2,0,0,0,0,
273982129,-0.16875,13.2704,-0.56,0,-27652.8,0,2,0,0,0,0,
273982169,-0.16875,13.2704,-0.559975,0,-27652.8,0,2,0,0,0,0,
273982210,-0.16875,13.3144,-0.557475,0,-27729.9,0,2,0,0,0,0,
273982250,-0.16875,13.3144,-0.557475,0,-27749.6,0,2,0,0,0,0,
273982289,-0.16875,13.3144,-0.557475,0,-27749.6,0,2,0,0,0,0,
273982329,-0.16875,13.3584,-0.555,0,-27788.3,0,2,0,0,0,0,
273982369,-0.16875,13.3584,-0.555,0,-27846.4,0,2,0,0,0,0,
273982409,-0.16875,13.402,-0.555,0,-27865.5,0,2,0,0,0,0,
273982449,-0.16875,13.402,-0.555,0,-27942.2,0,2,0,0,0,0,
273982489,-0.16875,13.402,-0.555,0,-27942.2,0,2,0,0,0,0,
273982530,-0.16875,13.402,-0.555,0,-27942.2,0,2,0,0,0,0,
273982570,-0.16875,13.402,-0.555,0,-27942.2,0,2,0,0,0,0,
273982609,-0.16875,13.402,-0.555,0,-27942.2,0,2,0,0,0,0,
273982649,-0.16875,13.402,-0.555,0,-27942.2,0,2,0,0,0,0,
273982689,-0.16875,13.402,-0.555,0,-27942.2,0,2,0,0,0,0,
273982729,-0.16875,13.402,-0.555,0,-27942.2,0,2,0,0,0,0,
273982769,-0.16875,13.402,-0.555,0,-27942.2,0,2,0,0,0,0,
273982810,-0.16875,13.402,-0.555,0,-27942.2,0,2,0,0,0,0,
273982850,-0.16875,13.402,-0.554975,0,-27942.2,0,2,0,0,0,0,
273982890,-0.16875,13.402,-0.554975,0,-27942.2,0,2,0,0,0,0,
273982929,-0.16875,13.402,-0.554975,0,-27942.2,0,2,0,0,0,0,
273982969,-0.16875,13.4024,-0.5525,0,-27942.2,0,2,0,0,0,0,
273983009,-0.16875,13.4024,-0.5525,0,-27943.2,0,2,0,0,0,0,
273983049,-0.16875,13.446,-0.5525,0,-27952.8,0,2,0,0,0,0,
273983089,-0.16875,13.446,-0.5525,0,-28039,0,2,0,0,0,0,
273983130,-0.16875,13.446,-0.5525,0,-28039,0,2,0,0,0,0,
273983170,-0.16875,13.446,-0.5525,0,-28039,0,2,0,0,0,0,
273983210,-0.16875,13.446,-0.5525,0,-28039,0,2,0,0,0,0,
273983249,-0.16875,13.446,-0.5525,0,-28039,0,2,0,0,0,0,
273983289,-0.16875,13.446,-0.5525,0,-28039,0,2,0,0,0,0,
273983329,-0.16875,13.446,-0.5525,0,-28039,0,2,0,0,0,0,
273983369,-0.16875,13.446,-0.5525,0,-28039,0,2,0,0,0,0,
273983409,-0.16875,13.446,-0.5525,0,-28039,0,2,0,0,0,0,
273983450,-0.16875,13.446,-0.5525,0,-28039,0,2,0,0,0,0,
273983490,-0.16875,13.446,-0.552475,0,-28039,0,2,0,0,0,0,
273983530,-0.16875,13.446,-0.552475,0,-28039,0,2,0,0,0,0,
273983569,-0.16875,13.446,-0.552475,0,-28039,0,2,0,0,0,0,
273983609,-0.16875,13.4464,-0.55,0,-28039.6,0,2,0,0,0,0,
273983649,-0.16875,13.4464,-0.55,0,-28040,0,2,0,0,0,0,
273983689,-0.16875,13.49,-0.55,0,-28097.5,0,2,0,0,0,0,
273983729,-0.16875,13.49,-0.55,0,-28135.8,0,2,0,0,0,0,
273983770,-0.16875,13.49,-0.55,0,-28135.8,0,2,0,0,0,0,
273983810,-0.16875,13.49,-0.55,0,-28135.8,0,2,0,0,0,0,
273983850,-0.16875,13.49,-0.55,0,-28135.8,0,2,0,0,0,0,
273983889,-0.16875,13.49,-0.55,0,-28135.8,0,2,0,0,0,0,
273983929,-0.16875,13.49,-0.55,0,-28135.8,0,2,0,0,0,0,
273983969,-0.16875,13.49,-0.55,0,-28135.8,0,2,0,0,0,0,
273984009,-0.16875,13.49,-0.55,0,-28135.8,0,2,0,0,0,0,
273984049,-0.16875,13.49,-0.55,0,-28135.8,0,2,0,0,0,0,
273984090,-0.16875,13.49,-0.55,0,-28135.8,0,2,0,0,0,0,
273984130,-0.16875,13.49,-0.55,0,-28135.8,0,2,0,0,0,0,
273984169,-0.16875,13.49,-0.55,0,-28135.8,0,2,0,0,0,0,
273984209,-0.16875,13.49,-0.55,0,-28135.8,0,2,0,0,0,0,
273984249,-0.16875,13.49,-0.55,0,-28135.8,0,2,0,0,0,0,
273984289,-0.16875,13.49,-0.55,0,-28135.8,0,2,0,0,0,0,
273984329,-0.16875,13.49,-0.55,0,-28135.8,0,2,0,0,0,0,
273984369,-0.16875,13.49,-0.55,0,-28135.8,0,2,0,0,0,0,
273984410,-0.16875,13.49,-0.55,0,-28135.8,0,2,0,0,0,0,
273984450,-0.16875,13.49,-0.55,0,-28135.8,0,2,0,0,0,0,
273984489,-0.16875,13.49,-0.55,0,-28135.8,0,2,0,0,0,0,
273984529,-0.16875,13.49,-0.55,0,-28135.8,0,2,0,0,0,0,
273984569,-0.16875,13.49,-0.55,0,-28135.8,0,2,0,0,0,0,
273984609,-0.16875,13.49,-0.55,0,-28135.8,0,2,0,0,0,0,
273984649,-0.16875,13.49,-0.55,0,-28135.8,0,2,0,0,0,0,
273984689,-0.16875,13.49,-0.55,0,-28135.8,0,2,0,0,0,0,
273984730,-0.16875,13.49,-0.55,0,-28135.8,0,2,0,0,0,0,
273984770,-0.16875,13.49,-0.55,0,-28135.8,0,2,0,0,0,0,
273984809,-0.16875,13.49,-0.55,0,-28135.8,0,2,0,0,0,0,
273984849,-0.16875,13.49,-0.55,0,-28135.8,0,2,0,0,0,0,
273984889,-0.16875,13.49,-0.55,0,-28135.8,0,2,0,0,0,0,
273984929,-0.16875,13.49,-0.55,0,-28135.8,0,2,0,0,0,0,
273984969,-0.16875,13.49,-0.55,0,-28135.8,0,2,0,0,0,0,
273985010,-0.16875,13.49,-0.55,0,-28135.8,0,2,0,0,0,0,
273985050,-0.16875,13.49,-0.55,0,-28135.8,0,2,0,0,0,0,
273985090,-0.16875,13.49,-0.55,0,-28135.8,0,2,0,0,0,0,
273985129,-0.16875,13.49,-0.55,0,-28135.8,0,2,0,0,0,0,
273985169,-0.16875,13.49,-0.55,0,-28135.8,0,2,0,0,0,0,
273985209,-0.16875,13.49,-0.55,0,-28135.8,0,2,0,0,0,0,
273985249,-0.16875,13.49,-0.55,0,-28135.8,0,2,0,0,0,0,
273985289,-0.16875,13.49,-0.55,0,-28135.8,0,2,0,0,0,0,
273985330,-0.16875,13.49,-0.55,0,-28135.8,0,2,0,0,0,0,
273985370,-0.16875,13.49,-0.55,0,-28135.8,0,2,0,0,0,0,
273985410,-0.16875,13.49,-0.55,0,-28135.8,0,2,0,0,0,0,
273985449,-0.16875,13.49,-0.55,0,-28135.8,0,2,0,0,0,0,
273985489,-0.16875,13.49,-0.55,0,-28135.8,0,2,0,0,0,0,
273985529,-0.16875,13.49,-0.55,0,-28135.8,0,2,0,0,0,0,
273985569,-0.16875,13.49,-0.55,0,-28135.8,0,2,0,0,0,0,
273985609,-0.16875,13.49,-0.55,0,-28135.8,0,2,0,0,0,0,
273985650,-0.16875,13.49,-0.55,0,-28135.8,0,2,0,0,0,0,
273985690,-0.16875,13.49,-0.55,0,-28135.8,0,2,0,0,0,0,
273985730,-0.16875,13.49,-0.55,0,-28135.8,0,2,0,0,0,0,
273985769,-0.16875,13.49,-0.55,0,-28135.8,0,2,0,0,0,0,
273985809,-0.16875,13.49,-0.55,0,-28135.8,0,2,0,0,0,0,
273985849,-0.16875,13.49,-0.55,0,-28135.8,0,2,0,0,0,0,
273985889,-0.16875,13.49,-0.55,0,-28135.8,0,2,0,0,0,0,
273985929,-0.16875,13.49,-0.55,0,-28135.8,0,2,0,0,0,0,
273985970,-0.16875,13.49,-0.55,0,-28135.8,0,2,0,0,0,0,
273986010,-0.16875,13.49,-0.55,0,-28135.8,0,2,0,0,0,0,
273986049,-0.16875,13.49,-0.55,0,-28135.8,0,2,0,0,0,0,
273986089,-0.16875,13.49,-0.55,0,-28135.8,0,2,0,0,0,0,
273986129,-0.16875,13.49,-0.55,0,-28135.8,0,2,0,0,0,0,
273986169,-0.16875,13.49,-0.55,0,-28135.8,0,2,0,0,0,0,
273986209,-0.16875,13.49,-0.55,0,-28135.8,0,2,0,0,0,0,
273986249,-0.16875,13.49,-0.55,0,-28135.8,0,2,0,0,0,0,
273986290,-0.16875,13.49,-0.55,0,-28135.8,0,2,0,0,0,0,
273986330,-0.16875,13.49,-0.55,0,-28135.8,0,2,0,0,0,0,
273986369,-0.16875,13.49,-0.55,0,-28135.8,0,2,0,0,0,0,
273986409,-0.16875,13.49,-0.55,0,-28135.8,0,2,0,0,0,0,
273986449,-0.16875,13.49,-0.55,0,-28135.8,0,2,0,0,0,0,
273986489,-0.16875,13.49,-0.55,0,-28135.8,0,2,0,0,0,0,
273986529,-0.16875,13.49,-0.55,0,-28135.8,0,2,0,0,0,0,
273986569,-0.16875,13.49,-0.55,0,-28135.8,0,2,0,0,0,0,
273986610,-0.16875,13.49,-0.55,0,-28135.8,0,2,0,0,0,0,
273986650,-0.16875,13.49,-0.55,0,-28135.8,0,2,0,0,0,0,
273986689,-0.16875,13.49,-0.55,0,-28135.8,0,2,0,0,0,0,
273986729,-0.16875,13.49,-0.55,0,-28135.8,0,2,0,0,0,0,
273986769,-0.16875,13.49,-0.55,0,-28135.8,0,2,0,0,0,0,
273986809,-0.16875,13.49,-0.55,0,-28135.8,0,2,0,0,0,0,
273986849,-0.16875,13.49,-0.55,0,-28135.8,0,2,0,0,0,0,
273986890,-0.16875,13.49,-0.55,0,-28135.8,0,2,0,0,0,0,
273986930,-0.16875,13.49,-0.55,0,-28135.8,0,2,0,0,0,0,
273986970,-0.16875,13.49,-0.55,0,-28135.8,0,2,0,0,0,0,
273987009,-0.16875,13.49,-0.55,0,-28135.8,0,2,0,0,0,0,
273987049,-0.16875,13.49,-0.55,0,-28135.8,0,2,0,0,0,0,
273987089,-0.16875,13.49,-0.55,0,-28135.8,0,2,0,0,0,0,
273987129,-0.16875,13.49,-0.55,0,-28135.8,0,2,0,0,0,0,
273987169,-0.16875,13.49,-0.55,0,-28135.8,0,2,0,0,0,0,
273987210,-0.16875,13.49,-0.55,0,-28135.8,0,2,0,0,0,0,
273987250,-0.16875,13.49,-0.55,0,-28135.8,0,2,0,0,0,0,
273987290,-0.16875,13.49,-0.55,0,-28135.8,0,2,0,0,0,0,
273987329,-0.16875,13.49,-0.55,0,-28135.8,0,2,0,0,0,0,
273987369,-0.16875,13.49,-0.55,0,-28135.8,0,2,0,0,0,0,
273987409,-0.16875,13.49,-0.55,0,-28135.8,0,2,0,0,0,0,
273987449,-0.16875,13.49,-0.55,0,-28135.8,0,2,0,0,0,0,
273987489,-0.16875,13.49,-0.55,0,-28135.8,0,2,0,0,0,0,
273987530,-0.16875,13.49,-0.55,0,-28135.8,0,2,0,0,0,0,
273987570,-0.16875,13.49,-0.55,0,-28135.8,0,2,0,0,0,0,
273987610,-0.16875,13.49,-0.549975,0,-28135.8,0,2,0,0,0,0,
273987649,-0.16875,13.49,-0.549975,0,-28135.8,0,2,0,0,0,0,
273987689,-0.16875,13.49,-0.549975,0,-28135.8,0,2,0,0,0,0,
273987729,-0.16875,13.49,-0.549975,0,-28135.8,0,2,0,0,0,0,
273987769,-0.16875,13.4904,-0.5475,0,-28135.8,0,2,0,0,0,0,
273987809,-0.16875,13.4904,-0.5475,0,-28136.8,0,2,0,0,0,0,
273987850,-0.16875,13.4904,-0.5475,0,-28136.8,0,2,0,0,0,0,
273987890,-0.16875,13.4904,-0.5475,0,-28136.8,0,2,0,0,0,0,
273987929,-0.16875,13.534,-0.5475,0,-28165.5,0,2,0,0,0,0,
273987969,-0.16875,13.534,-0.5475,0,-28232.6,0,2,0,0,0,0,
273988009,-0.16875,13.534,-0.5475,0,-28232.6,0,2,0,0,0,0,
273988049,-0.16875,13.534,-0.5475,0,-28232.6,0,2,0,0,0,0,
273988089,-0.16875,13.534,-0.5475,0,-28232.6,0,2,0,0,0,0,
273988129,-0.16875,13.534,-0.5475,0,-28232.6,0,2,0,0,0,0,
273988170,-0.16875,13.534,-0.5475,0,-28232.6,0,2,0,0,0,0,
273988210,-0.16875,13.534,-0.5475,0,-28232.6,0,2,0,0,0,0,
273988249,-0.16875,13.534,-0.5475,0,-28232.6,0,2,0,0,0,0,
273988289,-0.16875,13.534,-0.5475,0,-28232.6,0,2,0,0,0,0,
273988329,-0.16875,13.534,-0.5475,0,-28232.6,0,2,0,0,0,0,
273988369,-0.16875,13.534,-0.5475,0,-28232.6,0,2,0,0,0,0,
273988409,-0.16875,13.534,-0.5475,0,-28232.6,0,2,0,0,0,0,
273988449,-0.16875,13.534,-0.547475,0,-28232.6,0,2,0,0,0,0,
273988490,-0.16875,13.5344,-0.544975,0,-28233.5,0,2,0,0,0,0,
273988530,-0.16875,13.5344,-0.544975,0,-28233.6,0,2,0,0,0,0,
273988569,-0.16875,13.5344,-0.544975,0,-28233.6,0,2,0,0,0,0,
273988609,-0.16875,13.5784,-0.5425,0,-28311,0,2,0,0,0,0,
273988649,-0.16875,13.5784,-0.5425,0,-28330.4,0,2,0,0,0,0,
273988689,-0.16875,13.622,-0.5425,0,-28349.5,0,2,0,0,0,0,
273988729,-0.16875,13.622,-0.5425,0,-28426.2,0,2,0,0,0,0,
273988770,-0.16875,13.622,-0.5425,0,-28426.2,0,2,0,0,0,0,
273988810,-0.16875,13.622,-0.5425,0,-28426.2,0,2,0,0,0,0,
273988850,-0.16875,13.622,-0.5425,0,-28426.2,0,2,0,0,0,0,
273988889,-0.16875,13.622,-0.5425,0,-28426.2,0,2,0,0,0,0,
273988929,-0.16875,13.622,-0.5425,0,-28426.2,0,2,0,0,0,0,
273988969,-0.16875,13.622,-0.5425,0,-28426.2,0,2,0,0,0,0,
273989009,-0.16875,13.622,-0.5425,0,-28426.2,0,2,0,0,0,0,
273989049,-0.16875,13.622,-0.5425,0,-28426.2,0,2,0,0,0,0,
273989090,-0.16875,13.622,-0.5425,0,-28426.2,0,2,0,0,0,0,
273989130,-0.16875,13.622,-0.5425,0,-28426.2,0,2,0,0,0,0,
273989170,-0.16875,13.622,-0.5425,0,-28426.2,0,2,0,0,0,0,
273989209,-0.16875,13.622,-0.5425,0,-28426.2,0,2,0,0,0,0,
273989249,-0.16875,13.622,-0.5425,0,-28426.2,0,2,0,0,0,0,
273989289,-0.16875,13.622,-0.5425,0,-28426.2,0,2,0,0,0,0,
273989329,-0.16875,13.622,-0.5425,0,-28426.2,0,2,0,0,0,0,
273989369,-0.16875,13.622,-0.5425,0,-28426.2,0,2,0,0,0,0,
273989410,-0.16875,13.622,-0.5425,0,-28426.2,0,2,0,0,0,0,
273989450,-0.16875,13.622,-0.5425,0,-28426.2,0,2,0,0,0,0,
273989490,-0.16875,13.622,-0.5425,0,-28426.2,0,2,0,0,0,0,
273989529,-0.16875,13.622,-0.5425,0,-28426.2,0,2,0,0,0,0,
273989569,-0.16875,13.622,-0.5425,0,-28426.2,0,2,0,0,0,0,
273989609,-0.16875,13.622,-0.5425,0,-28426.2,0,2,0,0,0,0,
273989649,-0.16875,13.622,-0.5425,0,-28426.2,0,2,0,0,0,0,
273989689,-0.16875,13.622,-0.5425,0,-28426.2,0,2,0,0,0,0,
273989730,-0.16875,13.622,-0.5425,0,-28426.2,0,2,0,0,0,0,
273989770,-0.16875,13.622,-0.5425,0,-28426.2,0,2,0,0,0,0,
273989809,-0.16875,13.622,-0.5425,0,-28426.2,0,2,0,0,0,0,
273989849,-0.16875,13.622,-0.5425,0,-28426.2,0,2,0,0,0,0,
273989889,-0.16875,13.622,-0.5425,0,-28426.2,0,2,0,0,0,0,
273989929,-0.16875,13.622,-0.5425,0,-28426.2,0,2,0,0,0,0,
273989969,-0.16875,13.622,-0.5425,0,-28426.2,0,2,0,0,0,0,
273990009,-0.16875,13.622,-0.5425,0,-28426.2,0,2,0,0,0,0,
273990050,-0.16875,13.622,-0.5425,0,-28426.2,0,2,0,0,0,0,
273990090,-0.16875,13.622,-0.5425,0,-28426.2,0,2,0,0,0,0,
273990129,-0.16875,13.622,-0.5425,0,-28426.2,0,2,0,0,0,0,
273990169,-0.16875,13.622,-0.5425,0,-28426.2,0,2,0,0,0,0,
273990209,-0.16875,13.622,-0.5425,0,-28426.2,0,2,0,0,0,0,
273990249,-0.16875,13.622,-0.5425,0,-28426.2,0,2,0,0,0,0,
273990289,-0.16875,13.622,-0.5425,0,-28426.2,0,2,0,0,0,0,
273990329,-0.16875,13.622,-0.5425,0,-28426.2,0,2,0,0,0,0,
273990370,-0.16875,13.622,-0.5425,0,-28426.2,0,2,0,0,0,0,
273990410,-0.16875,13.622,-0.5425,0,-28426.2,0,2,0,0,0,0,
273990449,-0.16875,13.622,-0.5425,0,-28426.2,0,2,0,0,0,0,
273990489,-0.16875,13.622,-0.5425,0,-28426.2,0,2,0,0,0,0,
273990529,-0.16875,13.622,-0.5425,0,-28426.2,0,2,0,0,0,0,
273990569,-0.16875,13.622,-0.5425,0,-28426.2,0,2,0,0,0,0,
273990609,-0.16875,13.622,-0.5425,0,-28426.2,0,2,0,0,0,0,
273990650,-0.16875,13.622,-0.5425,0,-28426.2,0,2,0,0,0,0,
273990690,-0.16875,13.622,-0.5425,0,-28426.2,0,2,0,0,0,0,
273990730,-0.16875,13.622,-0.5425,0,-28426.2,0,2,0,0,0,0,
273990769,-0.16875,13.622,-0.5425,0,-28426.2,0,2,0,0,0,0,
273990809,-0.16875,13.622,-0.5425,0,-28426.2,0,2,0,0,0,0,
273990849,-0.16875,13.622,-0.5425,0,-28426.2,0,2,0,0,0,0,
273990889,-0.16875,13.622,-0.5425,0,-28426.2,0,2,0,0,0,0,
273990929,-0.16875,13.622,-0.5425,0,-28426.2,0,2,0,0,0,0,
273990970,-0.16875,13.622,-0.5425,0,-28426.2,0,2,0,0,0,0,
273991010,-0.16875,13.622,-0.5425,0,-28426.2,0,2,0,0,0,0,
273991050,-0.16875,13.622,-0.5425,0,-28426.2,0,2,0,0,0,0,
273991089,-0.16875,13.622,-0.5425,0,-28426.2,0,2,0,0,0,0,
273991129,-0.16875,13.622,-0.5425,0,-28426.2,0,2,0,0,0,0,
273991169,-0.16875,13.622,-0.5425,0,-28426.2,0,2,0,0,0,0,
273991209,-0.16875,13.622,-0.5425,0,-28426.2,0,2,0,0,0,0,
273991249,-0.16875,13.622,-0.5425,0,-28426.2,0,2,0,0,0,0,
273991290,-0.16875,13.622,-0.5425,0,-28426.2,0,2,0,0,0,0,
273991330,-0.16875,13.622,-0.5425,0,-28426.2,0,2,0,0,0,0,
273991370,-0.16875,13.622,-0.5425,0,-28426.2,0,2,0,0,0,0,
273991409,-0.16875,13.622,-0.5425,0,-28426.2,0,2,0,0,0,0,
273991449,-0.16875,13.622,-0.5425,0,-28426.2,0,2,0,0,0,0,
273991489,-0.16875,13.622,-0.5425,0,-28426.2,0,2,0,0,0,0,
273991529,-0.16875,13.622,-0.5425,0,-28426.2,0,2,0,0,0,0,
273991569,-0.16875,13.622,-0.5425,0,-28426.2,0,2,0,0,0,0,
273991610,-0.16875,13.622,-0.5425,0,-28426.2,0,2,0,0,0,0,
273991650,-0.16875,13.622,-0.5425,0,-28426.2,0,2,0,0,0,0,
273991689,-0.16875,13.622,-0.5425,0,-28426.2,0,2,0,0,0,0,
273991729,-0.16875,13.622,-0.5425,0,-28426.2,0,2,0,0,0,0,
273991769,-0.16875,13.622,-0.5425,0,-28426.2,0,2,0,0,0,0,
273991809,-0.16875,13.622,-0.5425,0,-28426.2,0,2,0,0,0,0,
273991849,-0.16875,13.622,-0.5425,0,-28426.2,0,2,0,0,0,0,
273991889,-0.16875,13.622,-0.5425,0,-28426.2,0,2,0,0,0,0,
273991930,-0.16875,13.622,-0.5425,0,-28426.2,0,2,0,0,0,0,
273991970,-0.16875,13.622,-0.5425,0,-28426.2,0,2,0,0,0,0,
273992009,-0.16875,13.622,-0.5425,0,-28426.2,0,2,0,0,0,0,
273992049,-0.16875,13.622,-0.5425,0,-28426.2,0,2,0,0,0,0,
273992089,-0.16875,13.622,-0.5425,0,-28426.2,0,2,0,0,0,0,
273992129,-0.16875,13.622,-0.5425,0,-28426.2,0,2,0,0,0,0,
273992169,-0.16875,13.622,-0.5425,0,-28426.2,0,2,0,0,0,0,
273992209,-0.16875,13.622,-0.5425,0,-28426.2,0,2,0,0,0,0,
273992250,-0.16875,13.622,-0.5425,0,-28426.2,0,2,0,0,0,0,
273992290,-0.16875,13.622,-0.5425,0,-28426.2,0,2,0,0,0,0,
273992329,-0.16875,13.622,-0.5425,0,-28426.2,0,2,0,0,0,0,
273992369,-0.16875,13.622,-0.5425,0,-28426.2,0,2,0,0,0,0,
273992409,-0.16875,13.622,-0.5425,0,-28426.2,0,2,0,0,0,0,
273992449,-0.16875,13.622,-0.5425,0,-28426.2,0,2,0,0,0,0,
273992489,-0.16875,13.622,-0.5425,0,-28426.2,0,2,0,0,0,0,
273992530,-0.16875,13.622,-0.5425,0,-28426.2,0,2,0,0,0,0,
273992570,-0.16875,13.622,-0.5425,0,-28426.2,0,2,0,0,0,0,
273992610,-0.16875,13.622,-0.5425,0,-28426.2,0,2,0,0,0,0,
273992649,-0.16875,13.622,-0.5425,0,-28426.2,0,2,0,0,0,0,
273992689,-0.16875,13.622,-0.5425,0,-28426.2,0,2,0,0,0,0,
273992729,-0.16875,13.622,-0.5425,0,-28426.2,0,2,0,0,0,0,
273992769,-0.16875,13.622,-0.5425,0,-28426.2,0,2,0,0,0,0,
273992809,-0.16875,13.622,-0.5425,0,-28426.2,0,2,0,0,0,0,
273992850,-0.16875,13.622,-0.5425,0,-28426.2,0,2,0,0,0,0,
273992890,-0.16875,13.622,-0.5425,0,-28426.2,0,2,0,0,0,0,
273992930,-0.16875,13.622,-0.5425,0,-28426.2,0,2,0,0,0,0,
273992969,-0.16875,13.622,-0.5425,0,-28426.2,0,2,0,0,0,0,
273993009,-0.16875,13.622,-0.5425,0,-28426.2,0,2,0,0,0,0,
273993049,-0.16875,13.622,-0.5425,0,-28426.2,0,2,0,0,0,0,
273993089,-0.16875,13.622,-0.5425,0,-28426.2,0,2,0,0,0,0,
273993129,-0.16875,13.622,-0.5425,0,-28426.2,0,2,0,0,0,0,
273993170,-0.16875,13.622,-0.5425,0,-28426.2,0,2,0,0,0,0,
273993210,-0.16875,13.622,-0.5425,0,-28426.2,0,2,0,0,0,0,
273993250,-0.16875,13.622,-0.5425,0,-28426.2,0,2,0,0,0,0,
273993289,-0.16875,13.622,-0.5425,0,-28426.2,0,2,0,0,0,0,
273993329,-0.16875,13.622,-0.5425,0,-28426.2,0,2,0,0,0,0,
273993369,-0.16875,13.622,-0.5425,0,-28426.2,0,2,0,0,0,0,
273993409,-0.16875,13.622,-0.5425,0,-28426.2,0,2,0,0,0,0,
273993449,-0.16875,13.622,-0.5425,0,-28426.2,0,2,0,0,0,0,
273993490,-0.16875,13.622,-0.5425,0,-28426.2,0,2,0,0,0,0,
273993530,-0.16875,13.622,-0.5425,0,-28426.2,0,2,0,0,0,0,
273993570,-0.16875,13.622,-0.5425,0,-28426.2,0,2,0,0,0,0,
273993609,-0.16875,13.622,-0.5425,0,-28426.2,0,2,0,0,0,0,
273993649,-0.16875,13.622,-0.5425,0,-28426.2,0,2,0,0,0,0,
273993689,-0.16875,13.622,-0.5425,0,-28426.2,0,2,0,0,0,0,
273993729,-0.16875,13.622,-0.5425,0,-28426.2,0,2,0,0,0,0,
273993769,-0.16875,13.622,-0.5425,0,-28426.2,0,2,0,0,0,0,
273993810,-0.16875,13.622,-0.5425,0,-28426.2,0,2,0,0,0,0,
273993850,-0.16875,13.622,-0.5425,0,-28426.2,0,2,0,0,0,0,
273993889,-0.16875,13.622,-0.5425,0,-28426.2,0,2,0,0,0,0,
273993929,-0.16875,13.622,-0.5425,0,-28426.2,0,2,0,0,0,0,
273993969,-0.16875,13.622,-0.5425,0,-28426.2,0,2,0,0,0,0,
273994009,-0.16875,13.622,-0.5425,0,-28426.2,0,2,0,0,0,0,
273994049,-0.16875,13.622,-0.5425,0,-28426.2,0,2,0,0,0,0,
273994089,-0.16875,13.622,-0.5425,0,-28426.2,0,2,0,0,0,0,
273994130,-0.16875,13.622,-0.5425,0,-28426.2,0,2,0,0,0,0,
273994170,-0.16875,13.622,-0.5425,0,-28426.2,0,2,0,0,0,0,
273994209,-0.16875,13.622,-0.5425,0,-28426.2,0,2,0,0,0,0,
