milisec,RacketX,RacketY,RacketZ,forceX,forceX,forceX,ForceRatio,FriendPoint,EnemyPoint,haptics,scene
8804800,0,0,0,0,0,0,0.4,0,0,0,0,
8804850,-0.000262272,-0.173971,-0.602889,0,0,0,0.4,0,0,0,0,
8804890,0.000464465,-0.169409,-0.603059,0,0,0,0.4,0,0,0,0,
8804950,0.00210823,-0.160411,-0.602862,0,0,0,0.4,0,0,0,0,
8805010,0.00463116,-0.15266,-0.604016,0,0,0,0.4,0,0,0,0,
8805080,0.00701758,-0.143953,-0.604164,0,0,0,0.4,0,0,0,0,
8805140,0.00924814,-0.138193,-0.605021,0,0,0,0.4,0,0,0,0,
8805190,0.010921,-0.133625,-0.605431,0,0,0,0.4,0,0,0,0,
8805250,0.0118592,-0.131596,-0.605948,0,0,0,0.4,0,0,0,0,
8805310,0.0120251,-0.130313,-0.60558,0,0,0,0.4,0,0,0,0,
8805370,0.0117996,-0.128982,-0.60513,0,0,0,0.4,0,0,0,0,
8805430,0.0117301,-0.128672,-0.604976,0,0,0,0.4,0,0,0,0,
8805491,0.0116603,-0.128554,-0.604906,0,0,0,0.4,0,0,0,0,
8805551,0.0116603,-0.128554,-0.604906,0,0,0,0.4,0,0,0,0,
8805611,0.0116464,-0.12853,-0.604892,0,0,0,0.4,0,0,0,0,
8805671,0.0116605,-0.128506,-0.604878,0,0,0,0.4,0,0,0,0,
8805731,0.0116464,-0.128482,-0.604864,0,0,0,0.4,0,0,0,0,
8805791,0.0116464,-0.128482,-0.604864,0,0,0,0.4,0,0,0,0,
8805851,0.0116464,-0.128482,-0.604864,0,0,0,0.4,0,0,0,0,
8805911,0.0116464,-0.128482,-0.604864,0,0,0,0.4,0,0,0,0,
8805971,0.0116464,-0.128482,-0.604864,0,0,0,0.4,0,0,0,0,
8806031,0.0116464,-0.128482,-0.604864,0,0,0,0.4,0,0,0,0,
8806091,0.0116464,-0.128482,-0.604864,0,0,0,0.4,0,0,0,0,
8806151,0.0116464,-0.128482,-0.604864,0,0,0,0.4,0,0,0,0,
8806212,0.0116464,-0.128482,-0.604864,0,0,0,0.4,0,0,0,0,
8806272,0.0116464,-0.128482,-0.604864,0,0,0,0.4,0,0,0,0,
8806332,0.0116464,-0.128482,-0.604864,0,0,0,0.4,0,0,0,0,
8806392,0.0116464,-0.128482,-0.604864,0,0,0,0.4,0,0,0,0,
8806452,0.0116464,-0.128482,-0.604864,0,0,0,0.4,0,0,0,0,
8806512,0.0116464,-0.128482,-0.604864,0,0,0,0.4,0,0,0,0,
8806572,0.0116464,-0.128482,-0.604864,0,0,0,0.4,0,0,0,0,
8806632,0.0116464,-0.128482,-0.604864,0,0,0,0.4,0,0,0,0,
8806692,0.0116464,-0.128482,-0.604864,0,0,0,0.4,0,0,0,0,
8806752,0.0116464,-0.128482,-0.604864,0,0,0,0.4,0,0,0,9,
8806812,0.0116464,-0.128482,-0.604864,0,0,0,0.4,0,0,0,9,
8806873,0.0116464,-0.128482,-0.604864,0,0,0,0.4,0,0,0,9,
8806933,0.0116464,-0.128482,-0.604864,0,0,0,0.4,0,0,0,9,
8806993,0.0116464,-0.128482,-0.604864,0,0,0,0.4,0,0,0,9,
8807053,0.0116464,-0.128482,-0.604864,0,0,0,0.4,0,0,0,9,
8807113,0.0116464,-0.128482,-0.604864,0,0,0,0.4,0,0,0,9,
8807173,0.0116464,-0.128482,-0.604864,0,0,0,0.4,0,0,0,9,
8807233,0.0116464,-0.128482,-0.604864,0,0,0,0.4,0,0,0,9,
8807293,0.0116464,-0.128482,-0.604864,0,0,0,0.4,0,0,0,9,
8807353,0.0116464,-0.128482,-0.604864,0,0,0,0.4,0,0,0,9,
8807413,0.0116464,-0.128482,-0.604864,0,0,0,0.4,0,0,0,9,
8807473,0.0116464,-0.128482,-0.604864,0,0,0,0.4,0,0,0,9,
8807533,0.0116464,-0.128482,-0.604864,0,0,0,0.4,0,0,0,9,
8807594,0.0116464,-0.128482,-0.604864,0,0,0,0.4,0,0,0,9,
8807654,0.0116464,-0.128482,-0.604864,0,0,0,0.4,0,0,0,9,
8807714,0.0116464,-0.128482,-0.604864,0,0,0,0.4,0,0,0,9,
8807774,0.0116464,-0.128482,-0.604864,0,0,0,0.4,0,0,0,9,
8807834,0.0116464,-0.128482,-0.604864,0,0,0,0.4,0,0,0,9,
8807894,0.0116464,-0.128482,-0.604864,0,0,0,0.4,0,0,0,9,
8807954,0.0116464,-0.128482,-0.604864,0,0,0,0.4,0,0,0,9,
8808014,0.0116464,-0.128482,-0.604864,0,0,0,0.4,0,0,0,9,
8808074,0.0116464,-0.128482,-0.604864,0,0,0,0.4,0,0,0,9,
8808134,0.0116464,-0.128482,-0.604864,0,0,0,0.4,0,0,0,9,
8808194,0.0116464,-0.128482,-0.604864,0,0,0,0.4,0,0,0,9,
8808254,0.0116464,-0.128482,-0.604864,0,0,0,0.4,0,0,0,9,
8808315,0.0116464,-0.128482,-0.604864,0,0,0,0.4,0,0,0,9,
8808375,0.0116464,-0.128482,-0.604864,0,0,0,0.4,0,0,0,9,
8808435,0.0116464,-0.128482,-0.604864,0,0,0,0.4,0,0,0,9,
8808495,0.0116464,-0.128482,-0.604864,0,0,0,0.4,0,0,0,9,
8808555,0.0116464,-0.128482,-0.604864,0,0,0,0.4,0,0,0,9,
8808615,0.0116464,-0.128482,-0.604864,0,0,0,0.4,0,0,0,9,
8808675,0.0116464,-0.128482,-0.604864,0,0,0,0.4,0,0,0,9,
8808735,0.0116464,-0.128482,-0.604864,0,0,0,0.4,0,0,0,9,
8808795,0.0116464,-0.128482,-0.604864,0,0,0,0.4,0,0,0,9,
8808855,0.0116464,-0.128482,-0.604864,0,0,0,0.4,0,0,0,9,
8808915,0.0116464,-0.128482,-0.604864,0,0,0,0.4,0,0,0,9,
8808976,0.0116464,-0.128482,-0.604864,0,0,0,0.4,0,0,0,9,
8809036,0.0116464,-0.128482,-0.604864,0,0,0,0.4,0,0,0,9,
8809096,0.0116464,-0.128482,-0.604864,0,0,0,0.4,0,0,0,9,
8809156,0.0116604,-0.128506,-0.60485,0,0,0,0.4,0,0,0,9,
8809216,0.0116604,-0.128506,-0.60485,0,0,0,0.4,0,0,0,9,
8809276,0.0116604,-0.128506,-0.60485,0,0,0,0.4,0,0,0,9,
8809336,0.0116604,-0.128506,-0.60485,0,0,0,0.4,0,0,0,9,
8809396,0.0116604,-0.128506,-0.60485,0,0,0,0.4,0,0,0,9,
8809456,0.0116604,-0.128506,-0.60485,0,0,0,0.4,0,0,0,9,
8809516,0.0116604,-0.128506,-0.60485,0,0,0,0.4,0,0,0,9,
8809576,0.0116604,-0.128506,-0.60485,0,0,0,0.4,0,0,0,9,
8809636,0.0116604,-0.128506,-0.60485,0,0,0,0.4,0,0,0,9,
8809697,0.0116604,-0.128506,-0.60485,0,0,0,0.4,0,0,0,9,
8809757,0.0116604,-0.128506,-0.60485,0,0,0,0.4,0,0,0,9,
8809817,0.0116604,-0.128506,-0.60485,0,0,0,0.4,0,0,0,9,
8809877,0.0116604,-0.128506,-0.60485,0,0,0,0.4,0,0,0,9,
8809937,0.0116604,-0.128506,-0.60485,0,0,0,0.4,0,0,0,9,
8809997,0.0116604,-0.128506,-0.60485,0,0,0,0.4,0,0,0,9,
8810057,0.0116604,-0.128506,-0.60485,0,0,0,0.4,0,0,0,9,
8810117,0.0116604,-0.128506,-0.60485,0,0,0,0.4,0,0,0,9,
8810177,0.0116604,-0.128506,-0.60485,0,0,0,0.4,0,0,0,9,
8810237,0.0116604,-0.128506,-0.60485,0,0,0,0.4,0,0,0,9,
8810297,0.0116604,-0.128506,-0.60485,0,0,0,0.4,0,0,0,9,
8810358,0.0116604,-0.128506,-0.60485,0,0,0,0.4,0,0,0,9,
8810418,0.0116604,-0.128506,-0.60485,0,0,0,0.4,0,0,0,9,
8810478,0.0116604,-0.128506,-0.60485,0,0,0,0.4,0,0,0,9,
8810538,0.0116604,-0.128506,-0.60485,0,0,0,0.4,0,0,0,9,
8810598,0.0116604,-0.128506,-0.60485,0,0,0,0.4,0,0,0,9,
8810658,0.0116604,-0.128506,-0.60485,0,0,0,0.4,0,0,0,9,
8810718,0.0116604,-0.128506,-0.60485,0,0,0,0.4,0,0,0,9,
8810778,0.0116604,-0.128506,-0.60485,0,0,0,0.4,0,0,0,9,
8810838,0.0116604,-0.128506,-0.60485,0,0,0,0.4,0,0,0,9,
8810898,0.0116604,-0.128506,-0.60485,0,0,0,0.4,0,0,0,9,
8810958,0.0116604,-0.128506,-0.60485,0,0,0,0.4,0,0,0,0,
8811018,0.0116604,-0.128506,-0.60485,0,0,0,0.4,0,0,0,0,
8811079,0.0116604,-0.128506,-0.60485,0,0,0,0.4,0,0,0,0,
8811139,0.0116604,-0.128506,-0.60485,0,0,0,0.4,0,0,0,0,
8811199,0.0116604,-0.128506,-0.60485,0,0,0,0.4,0,0,0,0,
8811259,0.0116604,-0.128506,-0.60485,0,0,0,0.4,0,0,0,0,
8811319,0.0116604,-0.128506,-0.60485,0,0,0,0.4,0,0,0,0,
8811379,0.0116604,-0.128506,-0.60485,0,0,0,0.4,0,0,0,0,
8811439,0.0116604,-0.128506,-0.60485,0,0,0,0.4,0,0,0,0,
8811499,0.0116604,-0.128506,-0.60485,0,0,0,0.4,0,0,0,0,
8811559,0.0116604,-0.128506,-0.60485,0,0,0,0.4,0,0,0,0,
8811619,0.0116604,-0.128506,-0.60485,0,0,0,0.4,0,0,0,0,
8811679,0.0116604,-0.128506,-0.60485,0,0,0,0.4,0,0,0,0,
8811740,0.0116604,-0.128506,-0.60485,0,0,0,0.4,0,0,0,0,
8811800,0.0116604,-0.128506,-0.60485,0,0,0,0.4,0,0,0,0,
8811860,0.0116604,-0.128506,-0.60485,0,0,0,0.4,0,0,0,0,
8811920,0.0116604,-0.128506,-0.60485,0,0,0,0.4,0,0,0,0,
8811980,0.0116604,-0.128506,-0.60485,0,0,0,0.4,0,0,0,0,
8812040,0.0116604,-0.128506,-0.60485,0,0,0,0.4,0,0,0,0,
8812100,0.0116604,-0.128506,-0.60485,0,0,0,0.4,0,0,0,0,
8812160,0.0116604,-0.128506,-0.60485,0,0,0,0.4,0,0,0,0,
8812220,0.0116604,-0.128506,-0.60485,0,0,0,0.4,0,0,0,0,
8812280,0.0116604,-0.128506,-0.60485,0,0,0,0.4,0,0,0,0,
8812340,0.0116604,-0.128506,-0.60485,0,0,0,0.4,0,0,0,0,
8812400,0.0116604,-0.128506,-0.60485,0,0,0,0.4,0,0,0,0,
8812461,0.0116604,-0.128506,-0.60485,0,0,0,0.4,0,0,0,0,
8812521,0.0116604,-0.128506,-0.60485,0,0,0,0.4,0,0,0,0,
8812581,0.0116604,-0.128506,-0.60485,0,0,0,0.4,0,0,0,0,
8812641,0.0116604,-0.128506,-0.60485,0,0,0,0.4,0,0,0,0,
8812701,0.0116604,-0.128506,-0.60485,0,0,0,0.4,0,0,0,0,
8812761,0.0116604,-0.128506,-0.60485,0,0,0,0.4,0,0,0,0,
8812821,0.0116604,-0.128506,-0.60485,0,0,0,0.4,0,0,0,0,
8812881,0.0116604,-0.128506,-0.60485,0,0,0,0.4,0,0,0,0,
8812941,0.0116604,-0.128506,-0.60485,0,0,0,0.4,0,0,0,0,
8813001,0.0116604,-0.128506,-0.60485,0,0,0,0.4,0,0,0,0,
8813061,0.0116604,-0.128506,-0.60485,0,0,0,0.4,0,0,0,0,
8813121,0.0116604,-0.128506,-0.60485,0,0,0,0.4,0,0,0,0,
8813182,0.0116604,-0.128506,-0.60485,0,0,0,0.4,0,0,0,0,
8813242,0.0116604,-0.128506,-0.60485,0,0,0,0.4,0,0,0,0,
8813302,0.0116604,-0.128506,-0.60485,0,0,0,0.4,0,0,0,0,
8813362,0.0116604,-0.128506,-0.60485,0,0,0,0.4,0,0,0,0,
8813422,0.0116604,-0.128506,-0.60485,0,0,0,0.4,0,0,0,0,
8813482,0.0116604,-0.128506,-0.60485,0,0,0,0.4,0,0,0,0,
8813542,0.0116604,-0.128506,-0.60485,0,0,0,0.4,0,0,0,0,
8813602,0.0116604,-0.128506,-0.60485,0,0,0,0.4,0,0,0,0,
8813662,0.0116604,-0.128506,-0.60485,0,0,0,0.4,0,0,0,0,
8813722,0.0116604,-0.128506,-0.60485,0,0,0,0.4,0,0,0,0,
8813782,0.0116604,-0.128506,-0.60485,0,0,0,0.4,0,0,0,0,
8813843,0.0116604,-0.128506,-0.60485,0,0,0,0.4,0,0,0,0,
8813903,0.0116604,-0.128506,-0.60485,0,0,0,0.4,0,0,0,0,
8813963,0.0116604,-0.128506,-0.60485,0,0,0,0.4,0,0,0,0,
8814023,0.0116604,-0.128506,-0.60485,0,0,0,0.4,0,0,0,0,
8814083,0.0116604,-0.128506,-0.60485,0,0,0,0.4,0,0,0,0,
8814143,0.0116604,-0.128506,-0.60485,0,0,0,0.4,0,0,0,0,
8814203,0.0116604,-0.128506,-0.60485,0,0,0,0.4,0,0,0,0,
8814263,0.0116604,-0.128506,-0.60485,0,0,0,0.4,0,0,0,0,
8814323,0.0116604,-0.128506,-0.60485,0,0,0,0.4,0,0,0,0,
8814383,0.0116604,-0.128506,-0.60485,0,0,0,0.4,0,0,0,0,
8814443,0.0116604,-0.128506,-0.60485,0,0,0,0.4,0,0,0,0,
8814503,0.0116604,-0.128506,-0.60485,0,0,0,0.4,0,0,0,0,
8814564,0.0116604,-0.128506,-0.60485,0,0,0,0.4,0,0,0,0,
8814624,0.0116604,-0.128506,-0.60485,0,0,0,0.4,0,0,0,0,
8814684,0.0116604,-0.128506,-0.60485,0,0,0,0.4,0,0,0,0,
8814744,0.0116604,-0.128506,-0.60485,0,0,0,0.4,0,0,0,0,
8814804,0.0116604,-0.128506,-0.60485,0,0,0,0.4,0,0,0,0,
8814864,0.0116604,-0.128506,-0.60485,0,0,0,0.4,0,0,0,0,
8814924,0.0116604,-0.128506,-0.60485,0,0,0,0.4,0,0,0,0,
8814984,0.0116604,-0.128506,-0.60485,0,0,0,0.4,0,0,0,0,
8815044,0.0116604,-0.128506,-0.60485,0,0,0,0.4,0,0,0,0,
8815104,0.0116604,-0.128506,-0.60485,0,0,0,0.4,0,0,0,0,
8815164,0.0116604,-0.128506,-0.60485,0,0,0,0.4,0,0,0,0,
8815225,0.0116604,-0.128506,-0.60485,0,0,0,0.4,0,0,0,0,
8815285,0.0116604,-0.128506,-0.60485,0,0,0,0.4,0,0,0,0,
8815345,0.0116604,-0.128506,-0.60485,0,0,0,0.4,0,0,0,0,
8815405,0.0116604,-0.128506,-0.60485,0,0,0,0.4,0,0,0,0,
8815465,0.0116604,-0.128506,-0.60485,0,0,0,0.4,0,0,0,0,
8815525,0.0116604,-0.128506,-0.60485,0,0,0,0.4,0,0,0,0,
8815585,0.0116604,-0.128506,-0.60485,0,0,0,0.4,0,0,0,0,
8815645,0.0116604,-0.128506,-0.60485,0,0,0,0.4,0,0,0,0,
8815705,0.0116604,-0.128506,-0.60485,0,0,0,0.4,0,0,0,0,
8815765,0.0116604,-0.128506,-0.60485,0,0,0,0.4,0,0,0,0,
8815825,0.0116604,-0.128506,-0.60485,0,0,0,0.4,0,0,0,0,
8815885,0.0116604,-0.128506,-0.60485,0,0,0,0.4,0,0,0,0,
8815946,0.0116604,-0.128506,-0.60485,0,0,0,0.4,0,0,0,0,
8816006,0.0116604,-0.128506,-0.60485,0,0,0,0.4,0,0,0,0,
8816066,0.0116604,-0.128506,-0.60485,0,0,0,0.4,0,0,0,0,
8816136,0.0116604,-0.128506,-0.60485,0,0,0,0.4,0,0,0,0,
8816186,0.0116604,-0.128506,-0.60485,0,0,0,0.4,0,0,0,0,
8816246,0.0116604,-0.128506,-0.60485,0,0,0,0.4,0,0,0,0,
8816306,0.0116604,-0.128506,-0.60485,0,0,0,0.4,0,0,0,0,
8816366,0.0116604,-0.128506,-0.60485,0,0,0,0.4,0,0,0,0,
8816426,0.0116604,-0.128506,-0.60485,0,0,0,0.4,0,0,0,0,
8816486,0.0116604,-0.128506,-0.60485,0,0,0,0.4,0,0,0,0,
8816546,0.0116604,-0.128506,-0.60485,0,0,0,0.4,0,0,0,0,
8816606,0.0116604,-0.128506,-0.60485,0,0,0,0.4,0,0,0,0,
8816667,0.0116604,-0.128506,-0.60485,0,0,0,0.4,0,0,0,0,
8816727,0.0116604,-0.128506,-0.60485,0,0,0,0.4,0,0,0,0,
8816787,0.0116604,-0.128506,-0.60485,0,0,0,0.4,0,0,0,0,
8816847,0.0116604,-0.128506,-0.60485,0,0,0,0.4,0,0,0,0,
8816907,0.0116604,-0.128506,-0.60485,0,0,0,0.4,0,0,0,0,
8816967,0.0116604,-0.128506,-0.60485,0,0,0,0.4,0,0,0,0,
8817027,0.0116604,-0.128506,-0.60485,0,0,0,0.4,0,0,0,0,
8817087,0.0116604,-0.128506,-0.60485,0,0,0,0.4,0,0,0,0,
8817147,0.0116604,-0.128506,-0.60485,0,0,0,0.4,0,0,0,0,
8817207,0.0116604,-0.128506,-0.60485,0,0,0,0.4,0,0,0,0,
8817267,0.0116604,-0.128506,-0.60485,0,0,0,0.4,0,0,0,0,
8817328,0.0116604,-0.128506,-0.60485,0,0,0,0.4,0,0,0,0,
8817388,0.0116604,-0.128506,-0.60485,0,0,0,0.4,0,0,0,0,
8817448,0.0116604,-0.128506,-0.60485,0,0,0,0.4,0,0,0,0,
8817508,0.0116604,-0.128506,-0.60485,0,0,0,0.4,0,0,0,0,
8817568,0.0116604,-0.128506,-0.60485,0,0,0,0.4,0,0,0,0,
8817628,0.0116604,-0.128506,-0.60485,0,0,0,0.4,0,0,0,0,
8817688,0.0116604,-0.128506,-0.60485,0,0,0,0.4,0,0,0,0,
8817748,0.0116604,-0.128506,-0.60485,0,0,0,0.4,0,0,0,0,
8817808,0.0116604,-0.128506,-0.60485,0,0,0,0.4,0,0,0,0,
8817868,0.0116604,-0.128506,-0.60485,0,0,0,0.4,0,0,0,0,
8817928,0.0116604,-0.128506,-0.60485,0,0,0,0.4,0,0,0,0,
8817988,0.0116604,-0.128506,-0.60485,0,0,0,0.4,0,0,0,0,
8818049,0.0116604,-0.128506,-0.60485,0,0,0,0.4,0,0,0,0,
8818109,0.0116604,-0.128506,-0.60485,0,0,0,0.4,0,0,0,0,
8818169,0.0116604,-0.128506,-0.60485,0,0,0,0.4,0,0,0,0,
8818229,0.0116604,-0.128506,-0.60485,0,0,0,0.4,0,0,0,0,
8818289,0.0116604,-0.128506,-0.60485,0,0,0,0.4,0,0,0,0,
8818349,0.0116604,-0.128506,-0.60485,0,0,0,0.4,0,0,0,0,
8818409,0.0116604,-0.128506,-0.60485,0,0,0,0.4,0,0,0,0,
8818469,0.0116604,-0.128506,-0.60485,0,0,0,0.4,0,0,0,0,
8818529,0.0116604,-0.128506,-0.60485,0,0,0,0.4,0,0,0,0,
8818589,0.0116604,-0.128506,-0.60485,0,0,0,0.4,0,0,0,0,
8818659,0.0116604,-0.128506,-0.60485,0,0,0,0.4,0,0,0,0,
8818710,0.0116604,-0.128506,-0.60485,0,0,0,0.4,0,0,0,0,
8818770,0.0116604,-0.128506,-0.60485,0,0,0,0.4,0,0,0,0,
8818830,0.0116604,-0.128506,-0.60485,0,0,0,0.4,0,0,0,0,
8818890,0.0116604,-0.128506,-0.60485,0,0,0,0.4,0,0,0,0,
8818950,0.0116604,-0.128506,-0.60485,0,0,0,0.4,0,0,0,0,
8819010,0.0116604,-0.128506,-0.60485,0,0,0,0.4,0,0,0,0,
8819070,0.0116604,-0.128506,-0.60485,0,0,0,0.4,0,0,0,0,
8819140,0.0116604,-0.128506,-0.60485,0,0,0,0.4,0,0,0,0,
8819190,0.0116604,-0.128506,-0.60485,0,0,0,0.4,0,0,0,9,
8819250,0.0116604,-0.128506,-0.60485,0,0,0,0.4,0,0,0,9,
8819310,0.0116604,-0.128506,-0.60485,0,0,0,0.4,0,0,0,9,
8819370,0.0116604,-0.128506,-0.60485,0,0,0,0.4,0,0,0,9,
8819431,0.0116604,-0.128506,-0.60485,0,0,0,0.4,0,0,0,9,
8819491,0.0116604,-0.128506,-0.60485,0,0,0,0.4,0,0,0,9,
8819551,0.0116604,-0.128506,-0.60485,0,0,0,0.4,0,0,0,9,
8819611,0.0116604,-0.128506,-0.60485,0,0,0,0.4,0,0,0,9,
8819671,0.0116604,-0.128506,-0.60485,0,0,0,0.4,0,0,0,9,
8819731,0.0116604,-0.128506,-0.60485,0,0,0,0.4,0,0,0,9,
8819791,0.0116604,-0.128506,-0.60485,0,0,0,0.4,0,0,0,9,
8819851,0.0116604,-0.128506,-0.60485,0,0,0,0.4,0,0,0,9,
8819911,0.0116604,-0.128506,-0.60485,0,0,0,0.4,0,0,0,9,
8819971,0.0116604,-0.128506,-0.60485,0,0,0,0.4,0,0,0,9,
8820031,0.0116604,-0.128506,-0.60485,0,0,0,0.4,0,0,0,9,
8820092,0.0116604,-0.128506,-0.60485,0,0,0,0.4,0,0,0,9,
8820152,0.0116604,-0.128506,-0.60485,0,0,0,0.4,0,0,0,9,
8820212,0.0116604,-0.128506,-0.60485,0,0,0,0.4,0,0,0,9,
8820272,0.0116604,-0.128506,-0.60485,0,0,0,0.4,0,0,0,9,
8820332,0.0116604,-0.128506,-0.60485,0,0,0,0.4,0,0,0,9,
8820392,0.0116604,-0.128506,-0.60485,0,0,0,0.4,0,0,0,9,
8820452,0.0116604,-0.128506,-0.60485,0,0,0,0.4,0,0,0,9,
8820512,0.0116604,-0.128506,-0.60485,0,0,0,0.4,0,0,0,9,
8820572,0.0116604,-0.128506,-0.60485,0,0,0,0.4,0,0,0,9,
8820632,0.0116604,-0.128506,-0.60485,0,0,0,0.4,0,0,0,9,
8820692,0.0116604,-0.128506,-0.60485,0,0,0,0.4,0,0,0,9,
8820752,0.0116604,-0.128506,-0.60485,0,0,0,0.4,0,0,0,9,
8820813,0.0116604,-0.128506,-0.60485,0,0,0,0.4,0,0,0,9,
8820873,0.0116604,-0.128506,-0.60485,0,0,0,0.4,0,0,0,9,
8820933,0.0116604,-0.128506,-0.60485,0,0,0,0.4,0,0,0,9,
8820993,0.0116604,-0.128506,-0.60485,0,0,0,0.4,0,0,0,9,
8821053,0.0116604,-0.128506,-0.60485,0,0,0,0.4,0,0,0,9,
8821113,0.0116604,-0.128506,-0.60485,0,0,0,0.4,0,0,0,9,
8821173,0.0116604,-0.128506,-0.60485,0,0,0,0.4,0,0,0,9,
8821233,0.0116604,-0.128506,-0.60485,0,0,0,0.4,0,0,0,9,
8821293,0.0116604,-0.128506,-0.60485,0,0,0,0.4,0,0,0,9,
8821353,0.0116604,-0.128506,-0.60485,0,0,0,0.4,0,0,0,9,
8821413,0.0116604,-0.128506,-0.60485,0,0,0,0.4,0,0,0,9,
8821473,0.0116604,-0.128506,-0.60485,0,0,0,0.4,0,0,0,9,
8821534,0.0116604,-0.128506,-0.60485,0,0,0,0.4,0,0,0,9,
8821594,0.0116604,-0.128506,-0.60485,0,0,0,0.4,0,0,0,9,
8821654,0.0116604,-0.128506,-0.60485,0,0,0,0.4,0,0,0,9,
8821714,0.0116604,-0.128506,-0.60485,0,0,0,0.4,0,0,0,9,
8821774,0.0116604,-0.128506,-0.60485,0,0,0,0.4,0,0,0,9,
8821834,0.0116604,-0.128506,-0.60485,0,0,0,0.4,0,0,0,9,
8821894,0.0116604,-0.128506,-0.60485,0,0,0,0.4,0,0,0,9,
8821954,0.0116604,-0.128506,-0.60485,0,0,0,0.4,0,0,0,9,
8822014,0.0116604,-0.128506,-0.60485,0,0,0,0.4,0,0,0,9,
8822074,0.0116604,-0.128506,-0.60485,0,0,0,0.4,0,0,0,9,
8822144,0.0116604,-0.128506,-0.60485,0,0,0,0.4,0,0,0,9,
8822195,0.0116604,-0.128506,-0.60485,0,0,0,0.4,0,0,0,9,
8822255,0.0116604,-0.128506,-0.60485,0,0,0,0.4,0,0,0,9,
8822315,0.0116604,-0.128506,-0.60485,0,0,0,0.4,0,0,0,9,
8822375,0.0116604,-0.128506,-0.60485,0,0,0,0.4,0,0,0,9,
8822435,0.0116604,-0.128506,-0.60485,0,0,0,0.4,0,0,0,9,
8822495,0.0116604,-0.128506,-0.60485,0,0,0,0.4,0,0,0,9,
8822555,0.0116604,-0.128506,-0.60485,0,0,0,0.4,0,0,0,9,
8822615,0.0116604,-0.128506,-0.60485,0,0,0,0.4,0,0,0,9,
8822675,0.0116604,-0.128506,-0.60485,0,0,0,0.4,0,0,0,9,
8822735,0.0116604,-0.128506,-0.60485,0,0,0,0.4,0,0,0,9,
8822795,0.0116604,-0.128506,-0.60485,0,0,0,0.4,0,0,0,9,
8822855,0.0116604,-0.128506,-0.60485,0,0,0,0.4,0,0,0,9,
8822916,0.0116604,-0.128506,-0.60485,0,0,0,0.4,0,0,0,9,
8822976,0.0116604,-0.128506,-0.60485,0,0,0,0.4,0,0,0,9,
8823036,0.0116604,-0.128506,-0.60485,0,0,0,0.4,0,0,0,9,
8823096,0.0116604,-0.128506,-0.60485,0,0,0,0.4,0,0,0,9,
8823156,0.0116604,-0.128506,-0.60485,0,0,0,0.4,0,0,0,9,
8823216,0.0116604,-0.128506,-0.60485,0,0,0,0.4,0,0,0,9,
8823276,0.0116604,-0.128506,-0.60485,0,0,0,0.4,0,0,0,9,
8823336,0.0116604,-0.128506,-0.60485,0,0,0,0.4,0,0,0,9,
8823396,0.0116604,-0.128506,-0.60485,0,0,0,0.4,0,0,0,9,
8823456,0.0116604,-0.128506,-0.60485,0,0,0,0.4,0,0,0,9,
8823516,0.0116604,-0.128506,-0.60485,0,0,0,0.4,0,0,0,9,
8823577,0.0116604,-0.128506,-0.60485,0,0,0,0.4,0,0,0,9,
8823637,0.0116604,-0.128506,-0.60485,0,0,0,0.4,0,0,0,9,
8823697,0.0116604,-0.128506,-0.60485,0,0,0,0.4,0,0,0,9,
8823757,0.0116604,-0.128506,-0.60485,0,0,0,0.4,0,0,0,9,
8823817,0.0116604,-0.128506,-0.60485,0,0,0,0.4,0,0,0,9,
8823877,0.0116604,-0.128506,-0.60485,0,0,0,0.4,0,0,0,9,
8823937,0.0116604,-0.128506,-0.60485,0,0,0,0.4,0,0,0,9,
8823997,0.0116604,-0.128506,-0.60485,0,0,0,0.4,0,0,0,9,
8824057,0.0116604,-0.128506,-0.60485,0,0,0,0.4,0,0,0,9,
8824117,0.0116604,-0.128506,-0.60485,0,0,0,0.4,0,0,0,9,
8824177,0.0116604,-0.128506,-0.60485,0,0,0,0.4,0,0,0,9,
8824237,0.0116604,-0.128506,-0.60485,0,0,0,0.4,0,0,0,9,
8824298,0.0116604,-0.128506,-0.60485,0,0,0,0.4,0,0,0,9,
8824358,0.0116604,-0.128506,-0.60485,0,0,0,0.4,0,0,0,9,
8824418,0.0116604,-0.128506,-0.60485,0,0,0,0.4,0,0,0,9,
8824478,0.0116604,-0.128506,-0.60485,0,0,0,0.4,0,0,0,9,
8824538,0.0116604,-0.128506,-0.60485,0,0,0,0.4,0,0,0,9,
8824598,0.0116604,-0.128506,-0.60485,0,0,0,0.4,0,0,0,9,
8824658,0.0116604,-0.128506,-0.60485,0,0,0,0.4,0,0,0,9,
8824718,0.0116604,-0.128506,-0.60485,0,0,0,0.4,0,0,0,9,
8824778,0.0116604,-0.128506,-0.60485,0,0,0,0.4,0,0,0,9,
8824838,0.0116604,-0.128506,-0.60485,0,0,0,0.4,0,0,0,9,
8824898,0.0116604,-0.128506,-0.60485,0,0,0,0.4,0,0,0,9,
8824959,0.0116604,-0.128506,-0.60485,0,0,0,0.4,0,0,0,9,
8825019,0.0116604,-0.128506,-0.60485,0,0,0,0.4,0,0,0,9,
8825079,0.0116604,-0.128506,-0.60485,0,0,0,0.4,0,0,0,9,
8825149,0.0116604,-0.128506,-0.60485,0,0,0,0.4,0,0,0,9,
8825199,0.0116604,-0.128506,-0.60485,0,0,0,0.4,0,0,0,9,
8825259,0.0116604,-0.128506,-0.60485,0,0,0,0.4,0,0,0,9,
8825319,0.0116604,-0.128506,-0.60485,0,0,0,0.4,0,0,0,9,
8825379,0.0116604,-0.128506,-0.60485,0,0,0,0.4,0,0,0,9,
8825439,0.0116604,-0.128506,-0.60485,0,0,0,0.4,0,0,0,9,
8825499,0.0116604,-0.128506,-0.60485,0,0,0,0.4,0,0,0,9,
8825559,0.0116604,-0.128506,-0.60485,0,0,0,0.4,0,0,0,9,
8825619,0.0116604,-0.128506,-0.60485,0,0,0,0.4,0,0,0,9,
8825680,0.0116604,-0.128506,-0.60485,0,0,0,0.4,0,0,0,9,
8825740,0.0116604,-0.128506,-0.60485,0,0,0,0.4,0,0,0,9,
8825800,0.0116604,-0.128506,-0.60485,0,0,0,0.4,0,0,0,9,
8825860,0.0116604,-0.128506,-0.60485,0,0,0,0.4,0,0,0,9,
8825920,0.0116604,-0.128506,-0.60485,0,0,0,0.4,0,0,0,9,
8825980,0.0116604,-0.128506,-0.60485,0,0,0,0.4,0,0,0,9,
8826040,0.0116604,-0.128506,-0.60485,0,0,0,0.4,0,0,0,9,
8826100,0.0116604,-0.128506,-0.60485,0,0,0,0.4,0,0,0,9,
8826160,0.0116604,-0.128506,-0.60485,0,0,0,0.4,0,0,0,9,
8826220,0.0116604,-0.128506,-0.60485,0,0,0,0.4,0,0,0,9,
8826280,0.0116604,-0.128506,-0.60485,0,0,0,0.4,0,0,0,9,
8826340,0.0116604,-0.128506,-0.60485,0,0,0,0.4,0,0,0,9,
8826401,0.0116604,-0.128506,-0.60485,0,0,0,0.4,0,0,0,9,
8826461,0.0116604,-0.128506,-0.60485,0,0,0,0.4,0,0,0,9,
8826521,0.0116604,-0.128506,-0.60485,0,0,0,0.4,0,0,0,9,
8826581,0.0116604,-0.128506,-0.60485,0,0,0,0.4,0,0,0,9,
8826641,0.0116604,-0.128506,-0.60485,0,0,0,0.4,0,0,0,9,
8826701,0.0116604,-0.128506,-0.60485,0,0,0,0.4,0,0,0,9,
8826761,0.0116604,-0.128506,-0.60485,0,0,0,0.4,0,0,0,9,
8826821,0.0116604,-0.128506,-0.60485,0,0,0,0.4,0,0,0,9,
8826881,0.0116604,-0.128506,-0.60485,0,0,0,0.4,0,0,0,9,
8826941,0.0116604,-0.128506,-0.60485,0,0,0,0.4,0,0,0,9,
8827001,0.0116604,-0.128506,-0.60485,0,0,0,0.4,0,0,0,9,
8827062,0.0116604,-0.128506,-0.60485,0,0,0,0.4,0,0,0,9,
8827122,0.0116604,-0.128506,-0.60485,0,0,0,0.4,0,0,0,9,
8827182,0.0116604,-0.128506,-0.60485,0,0,0,0.4,0,0,0,9,
8827242,0.0116604,-0.128506,-0.60485,0,0,0,0.4,0,0,0,9,
8827302,0.0116604,-0.128506,-0.60485,0,0,0,0.4,0,0,0,9,
8827362,0.0116604,-0.128506,-0.60485,0,0,0,0.4,0,0,0,9,
8827422,0.0116604,-0.128506,-0.60485,0,0,0,0.4,0,0,0,9,
8827482,0.0116604,-0.128506,-0.60485,0,0,0,0.4,0,0,0,9,
8827542,0.0116604,-0.128506,-0.60485,0,0,0,0.4,0,0,0,9,
8827602,0.0116604,-0.128506,-0.60485,0,0,0,0.4,0,0,0,9,
8827662,0.0116604,-0.128506,-0.60485,0,0,0,0.4,0,0,0,9,
8827722,0.0116604,-0.128506,-0.60485,0,0,0,0.4,0,0,0,9,
8827783,0.0116604,-0.128506,-0.60485,0,0,0,0.4,0,0,0,9,
8827843,0.0116604,-0.128506,-0.60485,0,0,0,0.4,0,0,0,9,
8827903,0.0116604,-0.128506,-0.60485,0,0,0,0.4,0,0,0,9,
8827963,0.0116604,-0.128506,-0.60485,0,0,0,0.4,0,0,0,9,
8828023,0.0116604,-0.128506,-0.60485,0,0,0,0.4,0,0,0,9,
8828083,0.0116604,-0.128506,-0.60485,0,0,0,0.4,0,0,0,9,
8828153,0.0116604,-0.128506,-0.60485,0,0,0,0.4,0,0,0,9,
8828203,0.0116604,-0.128506,-0.60485,0,0,0,0.4,0,0,0,9,
8828263,0.0116604,-0.128506,-0.60485,0,0,0,0.4,0,0,0,9,
8828323,0.0116604,-0.128506,-0.60485,0,0,0,0.4,0,0,0,9,
8828383,0.0116463,-0.12853,-0.604864,0,0,0,0.4,0,0,0,9,
8828444,0.0116463,-0.12853,-0.604864,0,0,0,0.4,0,0,0,9,
8828504,0.0116463,-0.12853,-0.604864,0,0,0,0.4,0,0,0,9,
8828564,0.0116463,-0.12853,-0.604864,0,0,0,0.4,0,0,0,9,
8828624,0.0116463,-0.12853,-0.604864,0,0,0,0.4,0,0,0,9,
8828684,0.0116463,-0.12853,-0.604864,0,0,0,0.4,0,0,0,9,
8828744,0.0116463,-0.12853,-0.604864,0,0,0,0.4,0,0,0,9,
8828804,0.0116463,-0.12853,-0.604864,0,0,0,0.4,0,0,0,9,
8828864,0.0116463,-0.12853,-0.604864,0,0,0,0.4,0,0,0,9,
8828924,0.0116463,-0.12853,-0.604864,0,0,0,0.4,0,0,0,9,
8828984,0.0116463,-0.12853,-0.604864,0,0,0,0.4,0,0,0,9,
8829044,0.0116463,-0.12853,-0.604864,0,0,0,0.4,0,0,0,9,
8829104,0.0116463,-0.12853,-0.604864,0,0,0,0.4,0,0,0,9,
8829165,0.0116463,-0.12853,-0.604864,0,0,0,0.4,0,0,0,9,
8829225,0.0116463,-0.12853,-0.604864,0,0,0,0.4,0,0,0,9,
8829285,0.0116463,-0.12853,-0.604864,0,0,0,0.4,0,0,0,9,
8829345,0.0116463,-0.12853,-0.604864,0,0,0,0.4,0,0,0,9,
8829405,0.0116463,-0.12853,-0.604864,0,0,0,0.4,0,0,0,9,
8829465,0.0116463,-0.12853,-0.604864,0,0,0,0.4,0,0,0,9,
8829525,0.0116463,-0.12853,-0.604864,0,0,0,0.4,0,0,0,9,
8829585,0.0116463,-0.12853,-0.604864,0,0,0,0.4,0,0,0,9,
8829645,0.0116463,-0.12853,-0.604864,0,0,0,0.4,0,0,0,9,
8829705,0.0116463,-0.12853,-0.604864,0,0,0,0.4,0,0,0,9,
8829765,0.0116463,-0.12853,-0.604864,0,0,0,0.4,0,0,0,9,
8829826,0.0116463,-0.12853,-0.604864,0,0,0,0.4,0,0,0,9,
8829886,0.0116463,-0.12853,-0.604864,0,0,0,0.4,0,0,0,9,
