milisec,RacketX,RacketY,RacketZ,forceX,forceX,forceX,ForceRatio,FriendPoint,EnemyPoint,haptics,scene
5055338,0,0,0,0,0,0,2.8,0,0,0,0,
5055388,-0.00328353,-0.173619,-0.599671,0,0,0,0.4,0,0,0,0,
5055438,-0.00329783,-0.173547,-0.599629,0,0,0,0.4,0,0,0,0,
5055498,-0.00335433,-0.173403,-0.599544,0,0,0,0.4,0,0,0,0,
5055558,-0.00338254,-0.173355,-0.599516,0,0,0,0.4,0,0,0,0,
5055618,-0.00338254,-0.173355,-0.599516,0,0,0,0.4,0,0,0,0,
5055678,-0.00338254,-0.173355,-0.599516,0,0,0,0.4,0,0,0,0,
5055738,-0.00338254,-0.173355,-0.599516,0,0,0,0.4,0,0,0,0,
5055799,-0.0033966,-0.173331,-0.599502,0,0,0,0.4,0,0,0,0,
5055859,-0.0033966,-0.173331,-0.599502,0,0,0,0.4,0,0,0,0,
5055919,-0.0033966,-0.173331,-0.599502,0,0,0,0.4,0,0,0,0,
5055979,-0.0033966,-0.173331,-0.599502,0,0,0,0.4,0,0,0,0,
5056039,-0.0033966,-0.173331,-0.599502,0,0,0,0.4,0,0,0,0,
5056099,-0.0033966,-0.173331,-0.599502,0,0,0,0.4,0,0,0,0,
5056159,-0.0033966,-0.173331,-0.599502,0,0,0,0.4,0,0,0,0,
5056219,-0.0033966,-0.173331,-0.599502,0,0,0,0.4,0,0,0,0,
5056279,-0.0033966,-0.173331,-0.599502,0,0,0,0.4,0,0,0,0,
5056339,-0.0033966,-0.173331,-0.599502,0,0,0,0.4,0,0,0,0,
5056399,-0.0033966,-0.173331,-0.599502,0,0,0,0.4,0,0,0,0,
5056459,-0.0033966,-0.173331,-0.599502,0,0,0,0.4,0,0,0,0,
5056520,-0.0033966,-0.173331,-0.599502,0,0,0,0.4,0,0,0,0,
5056580,-0.0033966,-0.173331,-0.599502,0,0,0,0.4,0,0,0,0,
5056640,-0.0033966,-0.173331,-0.599502,0,0,0,0.4,0,0,0,0,
5056700,-0.0033966,-0.173331,-0.599502,0,0,0,0.4,0,0,0,0,
5056760,-0.0033966,-0.173331,-0.599502,0,0,0,0.4,0,0,0,0,
5056820,-0.0033966,-0.173331,-0.599502,0,0,0,0.4,0,0,0,0,
5056880,-0.0033966,-0.173331,-0.599502,0,0,0,0.4,0,0,0,0,
5056940,-0.0033966,-0.173331,-0.599502,0,0,0,0.4,0,0,0,0,
5057000,-0.0033966,-0.173331,-0.599502,0,0,0,0.4,0,0,0,0,
5057060,-0.0033966,-0.173331,-0.599502,0,0,0,0.4,0,0,0,0,
5057120,-0.0033966,-0.173331,-0.599502,0,0,0,0.4,0,0,0,0,
5057181,-0.0033966,-0.173331,-0.599502,0,0,0,0.4,0,0,0,0,
5057241,-0.0033966,-0.173331,-0.599502,0,0,0,0.4,0,0,0,0,
5057301,-0.0033966,-0.173331,-0.599502,0,0,0,0.4,0,0,0,0,
5057361,-0.0033966,-0.173331,-0.599502,0,0,0,0.4,0,0,0,0,
5057421,-0.0033966,-0.173331,-0.599502,0,0,0,0.4,0,0,0,0,
5057481,-0.0033966,-0.173331,-0.599502,0,0,0,0.4,0,0,0,0,
5057541,-0.0033966,-0.173331,-0.599502,0,0,0,0.4,0,0,0,0,
5057601,-0.0033966,-0.173331,-0.599502,0,0,0,0.4,0,0,0,0,
5057661,-0.0033966,-0.173331,-0.599502,0,0,0,0.4,0,0,0,0,
5057721,-0.0033966,-0.173331,-0.599502,0,0,0,0.4,0,0,0,0,
5057781,-0.0033966,-0.173331,-0.599502,0,0,0,0.4,0,0,0,0,
5057841,-0.0033966,-0.173331,-0.599502,0,0,0,0.4,0,0,0,0,
5057902,-0.0033966,-0.173331,-0.599502,0,0,0,0.4,0,0,0,0,
5057962,-0.0033966,-0.173331,-0.599502,0,0,0,0.4,0,0,0,0,
5058022,-0.0033966,-0.173331,-0.599502,0,0,0,0.4,0,0,0,0,
5058082,-0.0033966,-0.173331,-0.599502,0,0,0,0.4,0,0,0,0,
5058142,-0.0033966,-0.173331,-0.599502,0,0,0,0.4,0,0,0,0,
5058202,-0.0033966,-0.173331,-0.599502,0,0,0,0.4,0,0,0,0,
5058262,-0.0033966,-0.173331,-0.599502,0,0,0,0.4,0,0,0,0,
5058322,-0.0033966,-0.173331,-0.599502,0,0,0,0.4,0,0,0,0,
5058382,-0.0033966,-0.173331,-0.599502,0,0,0,0.4,0,0,0,0,
5058442,-0.0033966,-0.173331,-0.599502,0,0,0,0.4,0,0,0,0,
5058502,-0.0033966,-0.173331,-0.599502,0,0,0,0.4,0,0,0,0,
5058563,-0.0033966,-0.173331,-0.599502,0,0,0,0.4,0,0,0,0,
5058623,-0.0033966,-0.173331,-0.599502,0,0,0,0.4,0,0,0,0,
5058683,-0.0033966,-0.173331,-0.599502,0,0,0,0.4,0,0,0,0,
5058743,-0.0033966,-0.173331,-0.599502,0,0,0,0.4,0,0,0,0,
5058803,-0.0033966,-0.173331,-0.599502,0,0,0,0.4,0,0,0,0,
5058863,-0.0033966,-0.173331,-0.599502,0,0,0,0.4,0,0,0,0,
5058923,-0.0033966,-0.173331,-0.599502,0,0,0,0.4,0,0,0,0,
5058983,-0.0033966,-0.173331,-0.599502,0,0,0,0.4,0,0,0,0,
5059043,-0.0033966,-0.173331,-0.599502,0,0,0,0.4,0,0,0,0,
5059103,-0.0033966,-0.173331,-0.599502,0,0,0,0.4,0,0,0,0,
5059163,-0.0033966,-0.173331,-0.599502,0,0,0,0.4,0,0,0,0,
5059223,-0.0033966,-0.173331,-0.599502,0,0,0,0.4,0,0,0,0,
5059284,-0.0033966,-0.173331,-0.599502,0,0,0,0.4,0,0,0,0,
5059344,-0.0033966,-0.173331,-0.599502,0,0,0,0.4,0,0,0,0,
5059404,-0.0033966,-0.173331,-0.599502,0,0,0,0.4,0,0,0,0,
5059464,-0.0033966,-0.173331,-0.599502,0,0,0,0.4,0,0,0,0,
5059524,-0.0033966,-0.173331,-0.599502,0,0,0,0.4,0,0,0,0,
5059584,-0.0033966,-0.173331,-0.599502,0,0,0,0.4,0,0,0,0,
5059644,-0.0033966,-0.173331,-0.599502,0,0,0,0.4,0,0,0,0,
5059704,-0.0033966,-0.173331,-0.599502,0,0,0,0.4,0,0,0,0,
5059764,-0.0033966,-0.173331,-0.599502,0,0,0,0.4,0,0,0,0,
5059824,-0.0033966,-0.173331,-0.599502,0,0,0,0.4,0,0,0,0,
5059884,-0.0033966,-0.173331,-0.599502,0,0,0,0.4,0,0,0,0,
5059945,-0.0033966,-0.173331,-0.599502,0,0,0,0.4,0,0,0,0,
5060005,-0.0033966,-0.173331,-0.599502,0,0,0,0.4,0,0,0,0,
5060065,-0.0033966,-0.173331,-0.599502,0,0,0,0.4,0,0,0,0,
5060125,-0.0033966,-0.173331,-0.599502,0,0,0,0.4,0,0,0,0,
5060185,-0.0033966,-0.173331,-0.599502,0,0,0,0.4,0,0,0,0,
5060245,-0.0033966,-0.173331,-0.599502,0,0,0,0.4,0,0,0,0,
5060305,-0.0033966,-0.173331,-0.599502,0,0,0,0.4,0,0,0,0,
5060365,-0.0033966,-0.173331,-0.599502,0,0,0,0.4,0,0,0,0,
5060425,-0.0033966,-0.173331,-0.599502,0,0,0,0.4,0,0,0,0,
5060485,-0.0033966,-0.173331,-0.599502,0,0,0,0.4,0,0,0,0,
5060545,-0.0033966,-0.173331,-0.599502,0,0,0,0.4,0,0,0,0,
5060605,-0.0033966,-0.173331,-0.599502,0,0,0,0.4,0,0,0,0,
5060666,-0.0033966,-0.173331,-0.599502,0,0,0,0.4,0,0,0,0,
5060726,-0.0033966,-0.173331,-0.599502,0,0,0,0.4,0,0,0,0,
5060786,-0.0033966,-0.173331,-0.599502,0,0,0,0.4,0,0,0,0,
5060846,-0.0033966,-0.173331,-0.599502,0,0,0,0.4,0,0,0,0,
5060906,-0.0033966,-0.173331,-0.599502,0,0,0,0.4,0,0,0,0,
5060966,-0.0033966,-0.173331,-0.599502,0,0,0,0.4,0,0,0,0,
5061026,-0.0033966,-0.173331,-0.599502,0,0,0,0.4,0,0,0,0,
5061086,-0.0033966,-0.173331,-0.599502,0,0,0,0.4,0,0,0,0,
5061146,-0.0033966,-0.173331,-0.599502,0,0,0,0.4,0,0,0,0,
5061206,-0.0033966,-0.173331,-0.599502,0,0,0,0.4,0,0,0,0,
5061266,-0.0033966,-0.173331,-0.599502,0,0,0,0.4,0,0,0,0,
5061326,-0.0033966,-0.173331,-0.599502,0,0,0,0.4,0,0,0,0,
5061387,-0.0033966,-0.173331,-0.599502,0,0,0,0.4,0,0,0,0,
5061447,-0.0033966,-0.173331,-0.599502,0,0,0,0.4,0,0,0,0,
5061507,-0.0033966,-0.173331,-0.599502,0,0,0,0.4,0,0,0,0,
5061567,-0.0033966,-0.173331,-0.599502,0,0,0,0.4,0,0,0,0,
5061627,-0.0033966,-0.173331,-0.599502,0,0,0,0.4,0,0,0,0,
5061687,-0.0033966,-0.173331,-0.599502,0,0,0,0.4,0,0,0,0,
5061747,-0.0033966,-0.173331,-0.599502,0,0,0,0.4,0,0,0,0,
5061807,-0.0033966,-0.173331,-0.599502,0,0,0,0.4,0,0,0,0,
5061867,-0.0033966,-0.173331,-0.599502,0,0,0,0.4,0,0,0,0,
5061927,-0.0033966,-0.173331,-0.599502,0,0,0,0.4,0,0,0,0,
5061987,-0.0033966,-0.173331,-0.599502,0,0,0,0.4,0,0,0,0,
5062048,-0.0033966,-0.173331,-0.599502,0,0,0,0.4,0,0,0,0,
5062108,-0.0033966,-0.173331,-0.599502,0,0,0,0.4,0,0,0,0,
5062168,-0.0033966,-0.173331,-0.599502,0,0,0,0.4,0,0,0,0,
5062228,-0.0033966,-0.173331,-0.599502,0,0,0,0.4,0,0,0,0,
5062288,-0.0033966,-0.173331,-0.599502,0,0,0,0.4,0,0,0,0,
5062348,-0.0033966,-0.173331,-0.599502,0,0,0,0.4,0,0,0,0,
5062408,-0.0033966,-0.173331,-0.599502,0,0,0,0.4,0,0,0,0,
5062468,-0.0033966,-0.173331,-0.599502,0,0,0,0.4,0,0,0,0,
5062528,-0.0033966,-0.173331,-0.599502,0,0,0,0.4,0,0,0,0,
5062588,-0.0033966,-0.173331,-0.599502,0,0,0,0.4,0,0,0,0,
5062648,-0.0033966,-0.173331,-0.599502,0,0,0,0.4,0,0,0,0,
5062708,-0.0033966,-0.173331,-0.599502,0,0,0,0.4,0,0,0,0,
5062769,-0.0033966,-0.173331,-0.599502,0,0,0,0.4,0,0,0,0,
5062829,-0.0033966,-0.173331,-0.599502,0,0,0,0.4,0,0,0,0,
5062889,-0.0033966,-0.173331,-0.599502,0,0,0,0.4,0,0,0,0,
5062949,-0.0033966,-0.173331,-0.599502,0,0,0,0.4,0,0,0,0,
5063009,-0.0033966,-0.173331,-0.599502,0,0,0,0.4,0,0,0,0,
5063069,-0.0033966,-0.173331,-0.599502,0,0,0,0.4,0,0,0,0,
5063129,-0.0033966,-0.173331,-0.599502,0,0,0,0.4,0,0,0,0,
5063189,-0.0033966,-0.173331,-0.599502,0,0,0,0.4,0,0,0,0,
5063249,-0.0033966,-0.173331,-0.599502,0,0,0,0.4,0,0,0,0,
5063309,-0.0033966,-0.173331,-0.599502,0,0,0,0.4,0,0,0,0,
5063369,-0.0033966,-0.173331,-0.599502,0,0,0,0.4,0,0,0,0,
5063430,-0.0033966,-0.173331,-0.599502,0,0,0,0.4,0,0,0,0,
5063490,-0.0033966,-0.173331,-0.599502,0,0,0,0.4,0,0,0,0,
5063550,-0.0033966,-0.173331,-0.599502,0,0,0,0.4,0,0,0,0,
5063610,-0.0033966,-0.173331,-0.599502,0,0,0,0.4,0,0,0,0,
5063670,-0.0033966,-0.173331,-0.599502,0,0,0,0.4,0,0,0,0,
5063730,-0.0033966,-0.173331,-0.599502,0,0,0,0.4,0,0,0,0,
5063790,-0.0033966,-0.173331,-0.599502,0,0,0,0.4,0,0,0,0,
5063850,-0.0033966,-0.173331,-0.599502,0,0,0,0.4,0,0,0,0,
5063910,-0.0033966,-0.173331,-0.599502,0,0,0,0.4,0,0,0,0,
5063970,-0.0033966,-0.173331,-0.599502,0,0,0,0.4,0,0,0,0,
5064030,-0.0033966,-0.173331,-0.599502,0,0,0,0.4,0,0,0,0,
5064090,-0.0033966,-0.173331,-0.599502,0,0,0,0.4,0,0,0,0,
5064151,-0.0033966,-0.173331,-0.599502,0,0,0,0.4,0,0,0,0,
5064211,-0.0033966,-0.173331,-0.599502,0,0,0,0.4,0,0,0,0,
5064271,-0.0033966,-0.173331,-0.599502,0,0,0,0.4,0,0,0,0,
5064331,-0.0033966,-0.173331,-0.599502,0,0,0,0.4,0,0,0,0,
5064391,-0.0033966,-0.173331,-0.599502,0,0,0,0.4,0,0,0,0,
5064451,-0.0033966,-0.173331,-0.599502,0,0,0,0.4,0,0,0,0,
5064511,-0.0033966,-0.173331,-0.599502,0,0,0,0.4,0,0,0,0,
5064571,-0.0033966,-0.173331,-0.599502,0,0,0,0.4,0,0,0,0,
5064631,-0.0033966,-0.173331,-0.599502,0,0,0,0.4,0,0,0,0,
5064691,-0.0033966,-0.173331,-0.599502,0,0,0,0.4,0,0,0,0,
5064751,-0.0033966,-0.173331,-0.599502,0,0,0,0.4,0,0,0,0,
5064812,-0.0033966,-0.173331,-0.599502,0,0,0,0.4,0,0,0,0,
5064872,-0.0033966,-0.173331,-0.599502,0,0,0,0.4,0,0,0,0,
5064932,-0.0033966,-0.173331,-0.599502,0,0,0,0.4,0,0,0,0,
5064992,-0.0033966,-0.173331,-0.599502,0,0,0,0.4,0,0,0,0,
5065052,-0.0033966,-0.173331,-0.599502,0,0,0,0.4,0,0,0,0,
5065112,-0.0033966,-0.173331,-0.599502,0,0,0,0.4,0,0,0,0,
5065172,-0.0033966,-0.173331,-0.599502,0,0,0,0.4,0,0,0,0,
5065232,-0.0033966,-0.173331,-0.599502,0,0,0,0.4,0,0,0,0,
5065292,-0.0033966,-0.173331,-0.599502,0,0,0,0.4,0,0,0,0,
5065352,-0.0033966,-0.173331,-0.599502,0,0,0,0.4,0,0,0,0,
5065412,-0.0033966,-0.173331,-0.599502,0,0,0,0.4,0,0,0,0,
5065472,-0.0033966,-0.173331,-0.599502,0,0,0,0.4,0,0,0,0,
5065533,-0.0033966,-0.173331,-0.599502,0,0,0,0.4,0,0,0,0,
5065593,-0.0033966,-0.173331,-0.599502,0,0,0,0.4,0,0,0,0,
5065653,-0.0033966,-0.173331,-0.599502,0,0,0,0.4,0,0,0,0,
5065713,-0.0033966,-0.173331,-0.599502,0,0,0,0.4,0,0,0,0,
5065773,-0.0033966,-0.173331,-0.599502,0,0,0,0.4,0,0,0,0,
5065833,-0.0033966,-0.173331,-0.599502,0,0,0,0.4,0,0,0,0,
5065893,-0.0033966,-0.173331,-0.599502,0,0,0,0.4,0,0,0,0,
5065953,-0.0033966,-0.173331,-0.599502,0,0,0,0.4,0,0,0,0,
5066013,-0.0033966,-0.173331,-0.599502,0,0,0,0.4,0,0,0,0,
5066073,-0.0033966,-0.173331,-0.599502,0,0,0,0.4,0,0,0,0,
5066133,-0.0033966,-0.173331,-0.599502,0,0,0,0.4,0,0,0,0,
5066193,-0.0033966,-0.173331,-0.599502,0,0,0,0.4,0,0,0,0,
5066254,-0.0033966,-0.173331,-0.599502,0,0,0,0.4,0,0,0,0,
5066314,-0.0033966,-0.173331,-0.599502,0,0,0,0.4,0,0,0,0,
5066374,-0.0033966,-0.173331,-0.599502,0,0,0,0.4,0,0,0,0,
5066434,-0.0033966,-0.173331,-0.599502,0,0,0,0.4,0,0,0,0,
5066494,-0.0033966,-0.173331,-0.599502,0,0,0,0.4,0,0,0,0,
5066554,-0.0033966,-0.173331,-0.599502,0,0,0,0.4,0,0,0,0,
5066614,-0.0033966,-0.173331,-0.599502,0,0,0,0.4,0,0,0,0,
5066674,-0.0033966,-0.173331,-0.599502,0,0,0,0.4,0,0,0,0,
5066734,-0.0033966,-0.173331,-0.599502,0,0,0,0.4,0,0,0,0,
5066794,-0.0033966,-0.173331,-0.599502,0,0,0,0.4,0,0,0,0,
5066854,-0.0033966,-0.173331,-0.599502,0,0,0,0.4,0,0,0,0,
5066915,-0.0033966,-0.173331,-0.599502,0,0,0,0.4,0,0,0,0,
5066975,-0.0033966,-0.173331,-0.599502,0,0,0,0.4,0,0,0,0,
5067035,-0.0033966,-0.173331,-0.599502,0,0,0,0.4,0,0,0,0,
5067095,-0.0033966,-0.173331,-0.599502,0,0,0,0.4,0,0,0,0,
5067155,-0.0033966,-0.173331,-0.599502,0,0,0,0.4,0,0,0,0,
5067215,-0.0033966,-0.173331,-0.599502,0,0,0,0.4,0,0,0,0,
5067275,-0.0033966,-0.173331,-0.599502,0,0,0,0.4,0,0,0,0,
5067335,-0.0033966,-0.173331,-0.599502,0,0,0,0.4,0,0,0,0,
5067395,-0.0033966,-0.173331,-0.599502,0,0,0,0.4,0,0,0,0,
5067455,-0.0033966,-0.173331,-0.599502,0,0,0,0.4,0,0,0,0,
5067515,-0.0033966,-0.173331,-0.599502,0,0,0,0.4,0,0,0,0,
5067575,-0.0033966,-0.173331,-0.599502,0,0,0,0.4,0,0,0,0,
5067636,-0.0033966,-0.173331,-0.599502,0,0,0,0.4,0,0,0,0,
5067696,-0.0033966,-0.173331,-0.599502,0,0,0,0.4,0,0,0,0,
5067756,-0.0033966,-0.173331,-0.599502,0,0,0,0.4,0,0,0,0,
5067816,-0.0033966,-0.173331,-0.599502,0,0,0,0.4,0,0,0,0,
5067876,-0.0033966,-0.173331,-0.599502,0,0,0,0.4,0,0,0,0,
5067936,-0.0033966,-0.173331,-0.599502,0,0,0,0.4,0,0,0,0,
5067996,-0.0033966,-0.173331,-0.599502,0,0,0,0.4,0,0,0,0,
5068056,-0.0033966,-0.173331,-0.599502,0,0,0,0.4,0,0,0,0,
5068116,-0.0033966,-0.173331,-0.599502,0,0,0,0.4,0,0,0,0,
5068176,-0.00338266,-0.173355,-0.599488,0,0,0,0.4,0,0,0,0,
5068236,-0.00338266,-0.173355,-0.599488,0,0,0,0.4,0,0,0,0,
5068297,-0.00338266,-0.173355,-0.599488,0,0,0,0.4,0,0,0,0,
5068357,-0.00338266,-0.173355,-0.599488,0,0,0,0.4,0,0,0,0,
5068417,-0.00338266,-0.173355,-0.599488,0,0,0,0.4,0,0,0,0,
5068477,-0.00338266,-0.173355,-0.599488,0,0,0,0.4,0,0,0,0,
5068537,-0.00338266,-0.173355,-0.599488,0,0,0,0.4,0,0,0,0,
5068597,-0.00338266,-0.173355,-0.599488,0,0,0,0.4,0,0,0,0,
5068657,-0.00338266,-0.173355,-0.599488,0,0,0,0.4,0,0,0,0,
5068717,-0.00338266,-0.173355,-0.599488,0,0,0,0.4,0,0,0,0,
5068777,-0.00338266,-0.173355,-0.599488,0,0,0,0.4,0,0,0,0,
5068837,-0.00338266,-0.173355,-0.599488,0,0,0,0.4,0,0,0,0,
5068897,-0.00338266,-0.173355,-0.599488,0,0,0,0.4,0,0,0,0,
5068957,-0.00338266,-0.173355,-0.599488,0,0,0,0.4,0,0,0,0,
5069018,-0.00338266,-0.173355,-0.599488,0,0,0,0.4,0,0,0,0,
5069078,-0.00338266,-0.173355,-0.599488,0,0,0,0.4,0,0,0,0,
5069138,-0.00338266,-0.173355,-0.599488,0,0,0,0.4,0,0,0,0,
5069198,-0.00338266,-0.173355,-0.599488,0,0,0,0.4,0,0,0,0,
5069258,-0.00338266,-0.173355,-0.599488,0,0,0,0.4,0,0,0,0,
5069318,-0.00338266,-0.173355,-0.599488,0,0,0,0.4,0,0,0,0,
5069378,-0.00338266,-0.173355,-0.599488,0,0,0,0.4,0,0,0,0,
5069438,-0.00338266,-0.173355,-0.599488,0,0,0,0.4,0,0,0,0,
5069498,-0.00338266,-0.173355,-0.599488,0,0,0,0.4,0,0,0,0,
5069558,-0.00338266,-0.173355,-0.599488,0,0,0,0.4,0,0,0,0,
5069618,-0.00338266,-0.173355,-0.599488,0,0,0,0.4,0,0,0,0,
5069679,-0.00338266,-0.173355,-0.599488,0,0,0,0.4,0,0,0,0,
5069739,-0.00338266,-0.173355,-0.599488,0,0,0,0.4,0,0,0,0,
5069799,-0.00338266,-0.173355,-0.599488,0,0,0,0.4,0,0,0,0,
5069859,-0.00338266,-0.173355,-0.599488,0,0,0,0.4,0,0,0,0,
5069919,-0.00338266,-0.173355,-0.599488,0,0,0,0.4,0,0,0,0,
5069979,-0.00338266,-0.173355,-0.599488,0,0,0,0.4,0,0,0,0,
5070039,-0.00338266,-0.173355,-0.599488,0,0,0,0.4,0,0,0,0,
5070099,-0.00338266,-0.173355,-0.599488,0,0,0,0.4,0,0,0,0,
5070159,-0.00338266,-0.173355,-0.599488,0,0,0,0.4,0,0,0,0,
5070219,-0.00338266,-0.173355,-0.599488,0,0,0,0.4,0,0,0,0,
5070279,-0.00338266,-0.173355,-0.599488,0,0,0,0.4,0,0,0,0,
5070339,-0.00338266,-0.173355,-0.599488,0,0,0,0.4,0,0,0,0,
5070400,-0.00338266,-0.173355,-0.599488,0,0,0,0.4,0,0,0,0,
5070460,-0.00338266,-0.173355,-0.599488,0,0,0,0.4,0,0,0,0,
5070520,-0.00338266,-0.173355,-0.599488,0,0,0,0.4,0,0,0,0,
5070580,-0.00338266,-0.173355,-0.599488,0,0,0,0.4,0,0,0,0,
5070640,-0.00338266,-0.173355,-0.599488,0,0,0,0.4,0,0,0,0,
5070700,-0.00338266,-0.173355,-0.599488,0,0,0,0.4,0,0,0,0,
5070760,-0.00338266,-0.173355,-0.599488,0,0,0,0.4,0,0,0,0,
5070820,-0.00338266,-0.173355,-0.599488,0,0,0,0.4,0,0,0,0,
5070880,-0.00338266,-0.173355,-0.599488,0,0,0,0.4,0,0,0,0,
5070940,-0.00338266,-0.173355,-0.599488,0,0,0,0.4,0,0,0,0,
5071000,-0.00338266,-0.173355,-0.599488,0,0,0,0.4,0,0,0,0,
5071060,-0.00338266,-0.173355,-0.599488,0,0,0,0.4,0,0,0,0,
5071121,-0.00338266,-0.173355,-0.599488,0,0,0,0.4,0,0,0,0,
5071181,-0.00338266,-0.173355,-0.599488,0,0,0,0.4,0,0,0,0,
5071241,-0.00338266,-0.173355,-0.599488,0,0,0,0.4,0,0,0,0,
5071301,-0.00338266,-0.173355,-0.599488,0,0,0,0.4,0,0,0,0,
5071361,-0.00338266,-0.173355,-0.599488,0,0,0,0.4,0,0,0,0,
5071421,-0.00338266,-0.173355,-0.599488,0,0,0,0.4,0,0,0,0,
5071481,-0.00338266,-0.173355,-0.599488,0,0,0,0.4,0,0,0,0,
5071541,-0.00338266,-0.173355,-0.599488,0,0,0,0.4,0,0,0,0,
5071601,-0.00338266,-0.173355,-0.599488,0,0,0,0.4,0,0,0,0,
5071661,-0.00338266,-0.173355,-0.599488,0,0,0,0.4,0,0,0,0,
5071721,-0.00338266,-0.173355,-0.599488,0,0,0,0.4,0,0,0,0,
5071782,-0.00338266,-0.173355,-0.599488,0,0,0,0.4,0,0,0,0,
5071842,-0.00338266,-0.173355,-0.599488,0,0,0,0.4,0,0,0,0,
5071902,-0.00338266,-0.173355,-0.599488,0,0,0,0.4,0,0,0,0,
5071962,-0.00338266,-0.173355,-0.599488,0,0,0,0.4,0,0,0,0,
5072022,-0.00338266,-0.173355,-0.599488,0,0,0,0.4,0,0,0,0,
5072082,-0.00338266,-0.173355,-0.599488,0,0,0,0.4,0,0,0,0,
5072142,-0.00338266,-0.173355,-0.599488,0,0,0,0.4,0,0,0,0,
5072202,-0.00338266,-0.173355,-0.599488,0,0,0,0.4,0,0,0,0,
5072262,-0.00338266,-0.173355,-0.599488,0,0,0,0.4,0,0,0,0,
5072322,-0.00338266,-0.173355,-0.599488,0,0,0,0.4,0,0,0,0,
5072382,-0.00338266,-0.173355,-0.599488,0,0,0,0.4,0,0,0,0,
5072442,-0.00338266,-0.173355,-0.599488,0,0,0,0.4,0,0,0,0,
5072503,-0.00338266,-0.173355,-0.599488,0,0,0,0.4,0,0,0,0,
5072563,-0.00338266,-0.173355,-0.599488,0,0,0,0.4,0,0,0,0,
5072623,-0.00338266,-0.173355,-0.599488,0,0,0,0.4,0,0,0,0,
5072683,-0.00338266,-0.173355,-0.599488,0,0,0,0.4,0,0,0,0,
5072743,-0.00338266,-0.173355,-0.599488,0,0,0,0.4,0,0,0,0,
5072803,-0.00338266,-0.173355,-0.599488,0,0,0,0.4,0,0,0,0,
5072863,-0.00338266,-0.173355,-0.599488,0,0,0,0.4,0,0,0,0,
5072923,-0.00338266,-0.173355,-0.599488,0,0,0,0.4,0,0,0,0,
5072983,-0.00338266,-0.173355,-0.599488,0,0,0,0.4,0,0,0,0,
5073043,-0.00338266,-0.173355,-0.599488,0,0,0,0.4,0,0,0,0,
5073103,-0.00338266,-0.173355,-0.599488,0,0,0,0.4,0,0,0,0,
5073164,-0.00338266,-0.173355,-0.599488,0,0,0,0.4,0,0,0,0,
5073224,-0.00338266,-0.173355,-0.599488,0,0,0,0.4,0,0,0,0,
5073284,-0.00338266,-0.173355,-0.599488,0,0,0,0.4,0,0,0,0,
5073344,-0.00338266,-0.173355,-0.599488,0,0,0,0.4,0,0,0,0,
5073404,-0.00338266,-0.173355,-0.599488,0,0,0,0.4,0,0,0,0,
5073464,-0.00338266,-0.173355,-0.599488,0,0,0,0.4,0,0,0,0,
5073524,-0.00338266,-0.173355,-0.599488,0,0,0,0.4,0,0,0,0,
5073584,-0.00338266,-0.173355,-0.599488,0,0,0,0.4,0,0,0,0,
5073644,-0.00338266,-0.173355,-0.599488,0,0,0,0.4,0,0,0,0,
5073704,-0.00338266,-0.173355,-0.599488,0,0,0,0.4,0,0,0,0,
5073764,-0.00338266,-0.173355,-0.599488,0,0,0,0.4,0,0,0,0,
5073824,-0.00338266,-0.173355,-0.599488,0,0,0,0.4,0,0,0,0,
5073885,-0.00338266,-0.173355,-0.599488,0,0,0,0.4,0,0,0,0,
5073945,-0.00338266,-0.173355,-0.599488,0,0,0,0.4,0,0,0,0,
5074005,-0.00338266,-0.173355,-0.599488,0,0,0,0.4,0,0,0,0,
5074065,-0.00338266,-0.173355,-0.599488,0,0,0,0.4,0,0,0,0,
5074125,-0.00338266,-0.173355,-0.599488,0,0,0,0.4,0,0,0,0,
5074185,-0.00338266,-0.173355,-0.599488,0,0,0,0.4,0,0,0,0,
5074245,-0.00338266,-0.173355,-0.599488,0,0,0,0.4,0,0,0,0,
5074305,-0.00338266,-0.173355,-0.599488,0,0,0,0.4,0,0,0,0,
5074365,-0.00338266,-0.173355,-0.599488,0,0,0,0.4,0,0,0,0,
5074425,-0.00338266,-0.173355,-0.599488,0,0,0,0.4,0,0,0,0,
5074485,-0.00338266,-0.173355,-0.599488,0,0,0,0.4,0,0,0,0,
5074546,-0.00338266,-0.173355,-0.599488,0,0,0,0.4,0,0,0,0,
5074606,-0.00338266,-0.173355,-0.599488,0,0,0,0.4,0,0,0,0,
5074666,-0.00338266,-0.173355,-0.599488,0,0,0,0.4,0,0,0,0,
5074726,-0.00338266,-0.173355,-0.599488,0,0,0,0.4,0,0,0,0,
5074786,-0.00338266,-0.173355,-0.599488,0,0,0,0.4,0,0,0,0,
5074846,-0.00338266,-0.173355,-0.599488,0,0,0,0.4,0,0,0,0,
5074906,-0.00338266,-0.173355,-0.599488,0,0,0,0.4,0,0,0,0,
5074966,-0.00338266,-0.173355,-0.599488,0,0,0,0.4,0,0,0,0,
5075026,-0.00338266,-0.173355,-0.599488,0,0,0,0.4,0,0,0,0,
5075086,-0.00338266,-0.173355,-0.599488,0,0,0,0.4,0,0,0,0,
5075146,-0.00338266,-0.173355,-0.599488,0,0,0,0.4,0,0,0,0,
5075206,-0.00338266,-0.173355,-0.599488,0,0,0,0.4,0,0,0,0,
5075267,-0.00338266,-0.173355,-0.599488,0,0,0,0.4,0,0,0,0,
5075327,-0.00338266,-0.173355,-0.599488,0,0,0,0.4,0,0,0,0,
5075387,-0.00338266,-0.173355,-0.599488,0,0,0,0.4,0,0,0,0,
5075447,-0.00338266,-0.173355,-0.599488,0,0,0,0.4,0,0,0,0,
5075507,-0.00338266,-0.173355,-0.599488,0,0,0,0.4,0,0,0,0,
5075567,-0.00338266,-0.173355,-0.599488,0,0,0,0.4,0,0,0,0,
5075627,-0.00338266,-0.173355,-0.599488,0,0,0,0.4,0,0,0,0,
5075687,-0.00338266,-0.173355,-0.599488,0,0,0,0.4,0,0,0,0,
5075747,-0.00338266,-0.173355,-0.599488,0,0,0,0.4,0,0,0,0,
5075807,-0.00338266,-0.173355,-0.599488,0,0,0,0.4,0,0,0,0,
5075867,-0.00338266,-0.173355,-0.599488,0,0,0,0.4,0,0,0,0,
5075927,-0.00338266,-0.173355,-0.599488,0,0,0,0.4,0,0,0,0,
5075988,-0.00338266,-0.173355,-0.599488,0,0,0,0.4,0,0,0,0,
5076048,-0.00338266,-0.173355,-0.599488,0,0,0,0.4,0,0,0,0,
5076108,-0.00338266,-0.173355,-0.599488,0,0,0,0.4,0,0,0,0,
5076168,-0.00338266,-0.173355,-0.599488,0,0,0,0.4,0,0,0,0,
5076228,-0.00338266,-0.173355,-0.599488,0,0,0,0.4,0,0,0,0,
5076288,-0.00338266,-0.173355,-0.599488,0,0,0,0.4,0,0,0,0,
5076348,-0.00338266,-0.173355,-0.599488,0,0,0,0.4,0,0,0,0,
5076408,-0.00338266,-0.173355,-0.599488,0,0,0,0.4,0,0,0,0,
5076468,-0.00338266,-0.173355,-0.599488,0,0,0,0.4,0,0,0,0,
5076528,-0.00338266,-0.173355,-0.599488,0,0,0,0.4,0,0,0,0,
5076588,-0.00338266,-0.173355,-0.599488,0,0,0,0.4,0,0,0,0,
5076649,-0.00338266,-0.173355,-0.599488,0,0,0,0.4,0,0,0,0,
5076709,-0.00338266,-0.173355,-0.599488,0,0,0,0.4,0,0,0,0,
5076769,-0.00338266,-0.173355,-0.599488,0,0,0,0.4,0,0,0,0,
5076829,-0.00338266,-0.173355,-0.599488,0,0,0,0.4,0,0,0,0,
5076889,-0.00338266,-0.173355,-0.599488,0,0,0,0.4,0,0,0,0,
5076949,-0.00338266,-0.173355,-0.599488,0,0,0,0.4,0,0,0,0,
5077009,-0.00338266,-0.173355,-0.599488,0,0,0,0.4,0,0,0,0,
5077069,-0.00338266,-0.173355,-0.599488,0,0,0,0.4,0,0,0,0,
5077129,-0.00338266,-0.173355,-0.599488,0,0,0,0.4,0,0,0,0,
5077189,-0.00338266,-0.173355,-0.599488,0,0,0,0.4,0,0,0,0,
5077249,-0.00338266,-0.173355,-0.599488,0,0,0,0.4,0,0,0,0,
5077309,-0.00338266,-0.173355,-0.599488,0,0,0,0.4,0,0,0,0,
5077370,-0.00338266,-0.173355,-0.599488,0,0,0,0.4,0,0,0,0,
5077430,-0.00338266,-0.173355,-0.599488,0,0,0,0.4,0,0,0,0,
5077490,-0.00338266,-0.173355,-0.599488,0,0,0,0.4,0,0,0,0,
5077550,-0.00338266,-0.173355,-0.599488,0,0,0,0.4,0,0,0,0,
5077610,-0.00338266,-0.173355,-0.599488,0,0,0,0.4,0,0,0,0,
5077670,-0.00338266,-0.173355,-0.599488,0,0,0,0.4,0,0,0,0,
5077730,-0.00338266,-0.173355,-0.599488,0,0,0,0.4,0,0,0,0,
5077790,-0.00338266,-0.173355,-0.599488,0,0,0,0.4,0,0,0,0,
5077850,-0.00338266,-0.173355,-0.599488,0,0,0,0.4,0,0,0,0,
5077910,-0.00338266,-0.173355,-0.599488,0,0,0,0.4,0,0,0,0,
5077970,-0.00338266,-0.173355,-0.599488,0,0,0,0.4,0,0,0,0,
5078031,-0.00338266,-0.173355,-0.599488,0,0,0,0.4,0,0,0,0,
5078091,-0.00338266,-0.173355,-0.599488,0,0,0,0.4,0,0,0,0,
5078151,-0.00338266,-0.173355,-0.599488,0,0,0,0.4,0,0,0,0,
5078211,-0.00338266,-0.173355,-0.599488,0,0,0,0.4,0,0,0,0,
5078271,-0.00338266,-0.173355,-0.599488,0,0,0,0.4,0,0,0,0,
5078331,-0.00338266,-0.173355,-0.599488,0,0,0,0.4,0,0,0,0,
5078391,-0.00338266,-0.173355,-0.599488,0,0,0,0.4,0,0,0,0,
5078451,-0.00338266,-0.173355,-0.599488,0,0,0,0.4,0,0,0,0,
5078511,-0.00338266,-0.173355,-0.599488,0,0,0,0.4,0,0,0,0,
5078571,-0.00338266,-0.173355,-0.599488,0,0,0,0.4,0,0,0,0,
5078631,-0.00338266,-0.173355,-0.599488,0,0,0,0.4,0,0,0,0,
5078691,-0.00338266,-0.173355,-0.599488,0,0,0,0.4,0,0,0,0,
5078752,-0.00338266,-0.173355,-0.599488,0,0,0,0.4,0,0,0,0,
5078812,-0.00338266,-0.173355,-0.599488,0,0,0,0.4,0,0,0,0,
5078872,-0.00338266,-0.173355,-0.599488,0,0,0,0.4,0,0,0,0,
5078932,-0.00338266,-0.173355,-0.599488,0,0,0,0.4,0,0,0,0,
5078992,-0.00338266,-0.173355,-0.599488,0,0,0,0.4,0,0,0,0,
5079052,-0.00338266,-0.173355,-0.599488,0,0,0,0.4,0,0,0,0,
5079112,-0.00338266,-0.173355,-0.599488,0,0,0,0.4,0,0,0,0,
5079172,-0.00338266,-0.173355,-0.599488,0,0,0,0.4,0,0,0,0,
5079232,-0.00338266,-0.173355,-0.599488,0,0,0,0.4,0,0,0,0,
5079292,-0.00338266,-0.173355,-0.599488,0,0,0,0.4,0,0,0,0,
5079352,-0.00338266,-0.173355,-0.599488,0,0,0,0.4,0,0,0,0,
5079412,-0.00338266,-0.173355,-0.599488,0,0,0,0.4,0,0,0,0,
5079473,-0.00338266,-0.173355,-0.599488,0,0,0,0.4,0,0,0,0,
5079533,-0.00338266,-0.173355,-0.599488,0,0,0,0.4,0,0,0,0,
5079593,-0.00338266,-0.173355,-0.599488,0,0,0,0.4,0,0,0,0,
5079653,-0.00338266,-0.173355,-0.599488,0,0,0,0.4,0,0,0,0,
5079713,-0.00338266,-0.173355,-0.599488,0,0,0,0.4,0,0,0,0,
5079773,-0.00338266,-0.173355,-0.599488,0,0,0,0.4,0,0,0,0,
5079833,-0.00338266,-0.173355,-0.599488,0,0,0,0.4,0,0,0,0,
5079893,-0.00338266,-0.173355,-0.599488,0,0,0,0.4,0,0,0,0,
5079953,-0.00338266,-0.173355,-0.599488,0,0,0,0.4,0,0,0,0,
5080013,-0.00338266,-0.173355,-0.599488,0,0,0,0.4,0,0,0,0,
5080073,-0.00338266,-0.173355,-0.599488,0,0,0,0.4,0,0,0,0,
5080134,-0.00338266,-0.173355,-0.599488,0,0,0,0.4,0,0,0,0,
5080194,-0.00338266,-0.173355,-0.599488,0,0,0,0.4,0,0,0,0,
5080254,-0.00338266,-0.173355,-0.599488,0,0,0,0.4,0,0,0,0,
5080314,-0.00338266,-0.173355,-0.599488,0,0,0,0.4,0,0,0,0,
5080374,-0.00338266,-0.173355,-0.599488,0,0,0,0.4,0,0,0,0,
5080434,-0.00338266,-0.173355,-0.599488,0,0,0,0.4,0,0,0,0,
5080494,-0.00338266,-0.173355,-0.599488,0,0,0,0.4,0,0,0,0,
5080554,-0.00338266,-0.173355,-0.599488,0,0,0,0.4,0,0,0,0,
5080614,-0.00338266,-0.173355,-0.599488,0,0,0,0.4,0,0,0,0,
5080674,-0.00338266,-0.173355,-0.599488,0,0,0,0.4,0,0,0,0,
5080734,-0.00338266,-0.173355,-0.599488,0,0,0,0.4,0,0,0,0,
5080794,-0.00338266,-0.173355,-0.599488,0,0,0,0.4,0,0,0,0,
5080855,-0.00338266,-0.173355,-0.599488,0,0,0,0.4,0,0,0,0,
5080915,-0.00338266,-0.173355,-0.599488,0,0,0,0.4,0,0,0,0,
5080975,-0.00338266,-0.173355,-0.599488,0,0,0,0.4,0,0,0,0,
5081035,-0.00338266,-0.173355,-0.599488,0,0,0,0.4,0,0,0,0,
5081095,-0.00338266,-0.173355,-0.599488,0,0,0,0.4,0,0,0,0,
5081155,-0.00338266,-0.173355,-0.599488,0,0,0,0.4,0,0,0,0,
5081215,-0.00338266,-0.173355,-0.599488,0,0,0,0.4,0,0,0,0,
5081275,-0.00338266,-0.173355,-0.599488,0,0,0,0.4,0,0,0,0,
5081335,-0.00338266,-0.173355,-0.599488,0,0,0,0.4,0,0,0,0,
5081395,-0.00338266,-0.173355,-0.599488,0,0,0,0.4,0,0,0,0,
5081455,-0.00338266,-0.173355,-0.599488,0,0,0,0.4,0,0,0,0,
5081516,-0.00338266,-0.173355,-0.599488,0,0,0,0.4,0,0,0,0,
5081576,-0.00338266,-0.173355,-0.599488,0,0,0,0.4,0,0,0,0,
5081636,-0.00338266,-0.173355,-0.599488,0,0,0,0.4,0,0,0,0,
5081696,-0.00338266,-0.173355,-0.599488,0,0,0,0.4,0,0,0,0,
5081756,-0.00338266,-0.173355,-0.599488,0,0,0,0.4,0,0,0,0,
5081816,-0.00338266,-0.173355,-0.599488,0,0,0,0.4,0,0,0,0,
5081876,-0.00338266,-0.173355,-0.599488,0,0,0,0.4,0,0,0,0,
5081936,-0.00338266,-0.173355,-0.599488,0,0,0,0.4,0,0,0,0,
5081996,-0.00338266,-0.173355,-0.599488,0,0,0,0.4,0,0,0,0,
5082056,-0.00338266,-0.173355,-0.599488,0,0,0,0.4,0,0,0,0,
5082116,-0.00338266,-0.173355,-0.599488,0,0,0,0.4,0,0,0,0,
5082176,-0.00338266,-0.173355,-0.599488,0,0,0,0.4,0,0,0,0,
5082237,-0.00338266,-0.173355,-0.599488,0,0,0,0.4,0,0,0,0,
5082297,-0.00338266,-0.173355,-0.599488,0,0,0,0.4,0,0,0,0,
5082357,-0.00338266,-0.173355,-0.599488,0,0,0,0.4,0,0,0,0,
5082417,-0.00338266,-0.173355,-0.599488,0,0,0,0.4,0,0,0,0,
5082477,-0.00338266,-0.173355,-0.599488,0,0,0,0.4,0,0,0,0,
5082537,-0.00338266,-0.173355,-0.599488,0,0,0,0.4,0,0,0,0,
5082597,-0.00338266,-0.173355,-0.599488,0,0,0,0.4,0,0,0,0,
5082657,-0.00338266,-0.173355,-0.599488,0,0,0,0.4,0,0,0,0,
5082717,-0.00338266,-0.173355,-0.599488,0,0,0,0.4,0,0,0,0,
5082777,-0.00338266,-0.173355,-0.599488,0,0,0,0.4,0,0,0,0,
5082837,-0.00338266,-0.173355,-0.599488,0,0,0,0.4,0,0,0,0,
5082898,-0.00338266,-0.173355,-0.599488,0,0,0,0.4,0,0,0,0,
5082958,-0.00338266,-0.173355,-0.599488,0,0,0,0.4,0,0,0,0,
5083018,-0.00338266,-0.173355,-0.599488,0,0,0,0.4,0,0,0,0,
5083078,-0.00338266,-0.173355,-0.599488,0,0,0,0.4,0,0,0,0,
5083138,-0.00338266,-0.173355,-0.599488,0,0,0,0.4,0,0,0,0,
5083198,-0.00338266,-0.173355,-0.599488,0,0,0,0.4,0,0,0,0,
5083258,-0.00338266,-0.173355,-0.599488,0,0,0,0.4,0,0,0,0,
5083318,-0.00338266,-0.173355,-0.599488,0,0,0,0.4,0,0,0,0,
5083378,-0.00338266,-0.173355,-0.599488,0,0,0,0.4,0,0,0,0,
5083438,-0.00338266,-0.173355,-0.599488,0,0,0,0.4,0,0,0,0,
5083498,-0.00338266,-0.173355,-0.599488,0,0,0,0.4,0,0,0,0,
5083558,-0.00338266,-0.173355,-0.599488,0,0,0,0.4,0,0,0,0,
5083619,-0.00338266,-0.173355,-0.599488,0,0,0,0.4,0,0,0,0,
5083679,-0.00338266,-0.173355,-0.599488,0,0,0,0.4,0,0,0,0,
5083739,-0.00338266,-0.173355,-0.599488,0,0,0,0.4,0,0,0,0,
5083799,-0.00338266,-0.173355,-0.599488,0,0,0,0.4,0,0,0,0,
5083859,-0.00338266,-0.173355,-0.599488,0,0,0,0.4,0,0,0,0,
5083919,-0.00338266,-0.173355,-0.599488,0,0,0,0.4,0,0,0,0,
5083979,-0.00338266,-0.173355,-0.599488,0,0,0,0.4,0,0,0,0,
5084039,-0.00338266,-0.173355,-0.599488,0,0,0,0.4,0,0,0,0,
5084099,-0.00338266,-0.173355,-0.599488,0,0,0,0.4,0,0,0,0,
5084159,-0.00338266,-0.173355,-0.599488,0,0,0,0.4,0,0,0,0,
5084219,-0.00338266,-0.173355,-0.599488,0,0,0,0.4,0,0,0,0,
5084279,-0.00338266,-0.173355,-0.599488,0,0,0,0.4,0,0,0,0,
5084340,-0.00338266,-0.173355,-0.599488,0,0,0,0.4,0,0,0,0,
5084400,-0.00338266,-0.173355,-0.599488,0,0,0,0.4,0,0,0,0,
5084460,-0.00338266,-0.173355,-0.599488,0,0,0,0.4,0,0,0,0,
5084520,-0.00338266,-0.173355,-0.599488,0,0,0,0.4,0,0,0,0,
5084580,-0.00338266,-0.173355,-0.599488,0,0,0,0.4,0,0,0,0,
5084640,-0.00338266,-0.173355,-0.599488,0,0,0,0.4,0,0,0,0,
5084700,-0.00338266,-0.173355,-0.599488,0,0,0,0.4,0,0,0,0,
5084760,-0.00338266,-0.173355,-0.599488,0,0,0,0.4,0,0,0,0,
5084820,-0.00338266,-0.173355,-0.599488,0,0,0,0.4,0,0,0,0,
5084880,-0.00338266,-0.173355,-0.599488,0,0,0,0.4,0,0,0,0,
5084940,-0.00338266,-0.173355,-0.599488,0,0,0,0.4,0,0,0,0,
5085001,-0.00338266,-0.173355,-0.599488,0,0,0,0.4,0,0,0,0,
5085061,-0.00338266,-0.173355,-0.599488,0,0,0,0.4,0,0,0,0,
5085121,-0.00338266,-0.173355,-0.599488,0,0,0,0.4,0,0,0,0,
5085181,-0.00338266,-0.173355,-0.599488,0,0,0,0.4,0,0,0,0,
5085241,-0.00338266,-0.173355,-0.599488,0,0,0,0.4,0,0,0,0,
5085301,-0.00338266,-0.173355,-0.599488,0,0,0,0.4,0,0,0,0,
5085361,-0.00338266,-0.173355,-0.599488,0,0,0,0.4,0,0,0,0,
5085421,-0.00338266,-0.173355,-0.599488,0,0,0,0.4,0,0,0,0,
5085481,-0.00338266,-0.173355,-0.599488,0,0,0,0.4,0,0,0,0,
5085541,-0.00338266,-0.173355,-0.599488,0,0,0,0.4,0,0,0,0,
5085601,-0.00338266,-0.173355,-0.599488,0,0,0,0.4,0,0,0,0,
5085661,-0.00338266,-0.173355,-0.599488,0,0,0,0.4,0,0,0,0,
5085722,-0.00338266,-0.173355,-0.599488,0,0,0,0.4,0,0,0,0,
5085782,-0.00338266,-0.173355,-0.599488,0,0,0,0.4,0,0,0,0,
5085842,-0.00338266,-0.173355,-0.599488,0,0,0,0.4,0,0,0,0,
5085902,-0.00338266,-0.173355,-0.599488,0,0,0,0.4,0,0,0,0,
5085962,-0.00338266,-0.173355,-0.599488,0,0,0,0.4,0,0,0,0,
5086022,-0.00338266,-0.173355,-0.599488,0,0,0,0.4,0,0,0,0,
5086082,-0.00338266,-0.173355,-0.599488,0,0,0,0.4,0,0,0,0,
5086142,-0.00338266,-0.173355,-0.599488,0,0,0,0.4,0,0,0,0,
5086202,-0.00338266,-0.173355,-0.599488,0,0,0,0.4,0,0,0,0,
5086262,-0.00338266,-0.173355,-0.599488,0,0,0,0.4,0,0,0,0,
5086322,-0.00338266,-0.173355,-0.599488,0,0,0,0.4,0,0,0,0,
5086383,-0.00338266,-0.173355,-0.599488,0,0,0,0.4,0,0,0,0,
5086443,-0.00338266,-0.173355,-0.599488,0,0,0,0.4,0,0,0,0,
5086503,-0.00338266,-0.173355,-0.599488,0,0,0,0.4,0,0,0,0,
5086563,-0.00338266,-0.173355,-0.599488,0,0,0,0.4,0,0,0,0,
5086623,-0.00338266,-0.173355,-0.599488,0,0,0,0.4,0,0,0,0,
5086683,-0.00338266,-0.173355,-0.599488,0,0,0,0.4,0,0,0,0,
5086743,-0.00338266,-0.173355,-0.599488,0,0,0,0.4,0,0,0,0,
5086803,-0.00338266,-0.173355,-0.599488,0,0,0,0.4,0,0,0,0,
5086863,-0.00338266,-0.173355,-0.599488,0,0,0,0.4,0,0,0,0,
5086923,-0.00338266,-0.173355,-0.599488,0,0,0,0.4,0,0,0,0,
5086983,-0.00338266,-0.173355,-0.599488,0,0,0,0.4,0,0,0,0,
5087043,-0.00338266,-0.173355,-0.599488,0,0,0,0.4,0,0,0,0,
5087104,-0.00338266,-0.173355,-0.599488,0,0,0,0.4,0,0,0,0,
5087164,-0.00338266,-0.173355,-0.599488,0,0,0,0.4,0,0,0,0,
5087224,-0.00338266,-0.173355,-0.599488,0,0,0,0.4,0,0,0,0,
5087284,-0.00338266,-0.173355,-0.599488,0,0,0,0.4,0,0,0,0,
5087344,-0.00338266,-0.173355,-0.599488,0,0,0,0.4,0,0,0,0,
5087404,-0.00338266,-0.173355,-0.599488,0,0,0,0.4,0,0,0,0,
5087464,-0.00338266,-0.173355,-0.599488,0,0,0,0.4,0,0,0,0,
5087524,-0.00338266,-0.173355,-0.599488,0,0,0,0.4,0,0,0,0,
5087584,-0.00338266,-0.173355,-0.599488,0,0,0,0.4,0,0,0,0,
5087644,-0.00338266,-0.173355,-0.599488,0,0,0,0.4,0,0,0,0,
5087704,-0.00338266,-0.173355,-0.599488,0,0,0,0.4,0,0,0,0,
5087765,-0.00338266,-0.173355,-0.599488,0,0,0,0.4,0,0,0,0,
5087825,-0.00338266,-0.173355,-0.599488,0,0,0,0.4,0,0,0,0,
5087885,-0.00338266,-0.173355,-0.599488,0,0,0,0.4,0,0,0,0,
5087945,-0.00338266,-0.173355,-0.599488,0,0,0,0.4,0,0,0,0,
5088005,-0.00338266,-0.173355,-0.599488,0,0,0,0.4,0,0,0,0,
5088065,-0.00338266,-0.173355,-0.599488,0,0,0,0.4,0,0,0,0,
5088125,-0.00338266,-0.173355,-0.599488,0,0,0,0.4,0,0,0,0,
5088185,-0.00338266,-0.173355,-0.599488,0,0,0,0.4,0,0,0,0,
5088245,-0.00338266,-0.173355,-0.599488,0,0,0,0.4,0,0,0,0,
5088305,-0.00338266,-0.173355,-0.599488,0,0,0,0.4,0,0,0,0,
5088365,-0.00338266,-0.173355,-0.599488,0,0,0,0.4,0,0,0,0,
5088425,-0.00338266,-0.173355,-0.599488,0,0,0,0.4,0,0,0,0,
5088486,-0.00338266,-0.173355,-0.599488,0,0,0,0.4,0,0,0,0,
5088546,-0.00338266,-0.173355,-0.599488,0,0,0,0.4,0,0,0,0,
5088606,-0.00338266,-0.173355,-0.599488,0,0,0,0.4,0,0,0,0,
5088666,-0.00338266,-0.173355,-0.599488,0,0,0,0.4,0,0,0,0,
5088726,-0.00338266,-0.173355,-0.599488,0,0,0,0.4,0,0,0,0,
5088786,-0.00338266,-0.173355,-0.599488,0,0,0,0.4,0,0,0,0,
5088846,-0.00338266,-0.173355,-0.599488,0,0,0,0.4,0,0,0,0,
5088906,-0.00338266,-0.173355,-0.599488,0,0,0,0.4,0,0,0,0,
5088966,-0.00338266,-0.173355,-0.599488,0,0,0,0.4,0,0,0,0,
5089026,-0.00338266,-0.173355,-0.599488,0,0,0,0.4,0,0,0,0,
5089086,-0.00338266,-0.173355,-0.599488,0,0,0,0.4,0,0,0,0,
5089146,-0.00338266,-0.173355,-0.599488,0,0,0,0.4,0,0,0,0,
5089207,-0.00338266,-0.173355,-0.599488,0,0,0,0.4,0,0,0,0,
5089267,-0.00338266,-0.173355,-0.599488,0,0,0,0.4,0,0,0,0,
5089327,-0.00338266,-0.173355,-0.599488,0,0,0,0.4,0,0,0,0,
5089387,-0.00338266,-0.173355,-0.599488,0,0,0,0.4,0,0,0,0,
5089447,-0.00338266,-0.173355,-0.599488,0,0,0,0.4,0,0,0,0,
5089507,-0.00338266,-0.173355,-0.599488,0,0,0,0.4,0,0,0,0,
5089567,-0.00338266,-0.173355,-0.599488,0,0,0,0.4,0,0,0,0,
5089627,-0.00338266,-0.173355,-0.599488,0,0,0,0.4,0,0,0,0,
5089687,-0.00338266,-0.173355,-0.599488,0,0,0,0.4,0,0,0,0,
5089747,-0.00338266,-0.173355,-0.599488,0,0,0,0.4,0,0,0,0,
5089807,-0.00338266,-0.173355,-0.599488,0,0,0,0.4,0,0,0,0,
5089868,-0.00338266,-0.173355,-0.599488,0,0,0,0.4,0,0,0,0,
5089928,-0.00338266,-0.173355,-0.599488,0,0,0,0.4,0,0,0,0,
5089988,-0.00338266,-0.173355,-0.599488,0,0,0,0.4,0,0,0,0,
5090048,-0.00338266,-0.173355,-0.599488,0,0,0,0.4,0,0,0,0,
5090108,-0.00338266,-0.173355,-0.599488,0,0,0,0.4,0,0,0,0,
5090168,-0.00338266,-0.173355,-0.599488,0,0,0,0.4,0,0,0,0,
5090228,-0.00338266,-0.173355,-0.599488,0,0,0,0.4,0,0,0,0,
5090288,-0.00338266,-0.173355,-0.599488,0,0,0,0.4,0,0,0,0,
5090348,-0.00338266,-0.173355,-0.599488,0,0,0,0.4,0,0,0,0,
5090408,-0.00338266,-0.173355,-0.599488,0,0,0,0.4,0,0,0,0,
5090468,-0.00338266,-0.173355,-0.599488,0,0,0,0.4,0,0,0,0,
5090528,-0.00338266,-0.173355,-0.599488,0,0,0,0.4,0,0,0,0,
5090589,-0.00338266,-0.173355,-0.599488,0,0,0,0.4,0,0,0,0,
5090649,-0.00338266,-0.173355,-0.599488,0,0,0,0.4,0,0,0,0,
5090709,-0.00338266,-0.173355,-0.599488,0,0,0,0.4,0,0,0,0,
5090769,-0.00338266,-0.173355,-0.599488,0,0,0,0.4,0,0,0,0,
5090829,-0.00338266,-0.173355,-0.599488,0,0,0,0.4,0,0,0,0,
5090889,-0.00339674,-0.173331,-0.599474,0,0,0,0.4,0,0,0,0,
5090949,-0.00339674,-0.173331,-0.599474,0,0,0,0.4,0,0,0,0,
5091009,-0.00339674,-0.173331,-0.599474,0,0,0,0.4,0,0,0,0,
5091069,-0.00339674,-0.173331,-0.599474,0,0,0,0.4,0,0,0,0,
5091129,-0.00339674,-0.173331,-0.599474,0,0,0,0.4,0,0,0,0,
5091189,-0.00339674,-0.173331,-0.599474,0,0,0,0.4,0,0,0,0,
5091250,-0.00339674,-0.173331,-0.599474,0,0,0,0.4,0,0,0,0,
5091310,-0.00339674,-0.173331,-0.599474,0,0,0,0.4,0,0,0,0,
5091370,-0.00339674,-0.173331,-0.599474,0,0,0,0.4,0,0,0,0,
5091430,-0.00339674,-0.173331,-0.599474,0,0,0,0.4,0,0,0,0,
5091490,-0.00339674,-0.173331,-0.599474,0,0,0,0.4,0,0,0,0,
5091550,-0.00339674,-0.173331,-0.599474,0,0,0,0.4,0,0,0,0,
5091610,-0.00339674,-0.173331,-0.599474,0,0,0,0.4,0,0,0,0,
5091670,-0.00339674,-0.173331,-0.599474,0,0,0,0.4,0,0,0,0,
5091730,-0.00339674,-0.173331,-0.599474,0,0,0,0.4,0,0,0,0,
5091790,-0.00339674,-0.173331,-0.599474,0,0,0,0.4,0,0,0,0,
5091850,-0.00339674,-0.173331,-0.599474,0,0,0,0.4,0,0,0,0,
5091910,-0.00339674,-0.173331,-0.599474,0,0,0,0.4,0,0,0,0,
5091971,-0.00339674,-0.173331,-0.599474,0,0,0,0.4,0,0,0,0,
5092031,-0.00339674,-0.173331,-0.599474,0,0,0,0.4,0,0,0,0,
5092091,-0.00339674,-0.173331,-0.599474,0,0,0,0.4,0,0,0,0,
5092151,-0.00339674,-0.173331,-0.599474,0,0,0,0.4,0,0,0,0,
5092211,-0.00339674,-0.173331,-0.599474,0,0,0,0.4,0,0,0,0,
5092271,-0.00339674,-0.173331,-0.599474,0,0,0,0.4,0,0,0,0,
5092331,-0.00339674,-0.173331,-0.599474,0,0,0,0.4,0,0,0,0,
5092391,-0.00339674,-0.173331,-0.599474,0,0,0,0.4,0,0,0,0,
5092451,-0.00339674,-0.173331,-0.599474,0,0,0,0.4,0,0,0,0,
5092511,-0.00339674,-0.173331,-0.599474,0,0,0,0.4,0,0,0,0,
5092571,-0.00339674,-0.173331,-0.599474,0,0,0,0.4,0,0,0,0,
5092632,-0.00339674,-0.173331,-0.599474,0,0,0,0.4,0,0,0,0,
5092692,-0.00339674,-0.173331,-0.599474,0,0,0,0.4,0,0,0,0,
5092752,-0.00339674,-0.173331,-0.599474,0,0,0,0.4,0,0,0,0,
5092812,-0.00339674,-0.173331,-0.599474,0,0,0,0.4,0,0,0,0,
5092872,-0.00339674,-0.173331,-0.599474,0,0,0,0.4,0,0,0,0,
5092932,-0.00339674,-0.173331,-0.599474,0,0,0,0.4,0,0,0,0,
5092992,-0.00339674,-0.173331,-0.599474,0,0,0,0.4,0,0,0,0,
5093052,-0.00339674,-0.173331,-0.599474,0,0,0,0.4,0,0,0,0,
5093112,-0.00339674,-0.173331,-0.599474,0,0,0,0.4,0,0,0,0,
5093172,-0.00339674,-0.173331,-0.599474,0,0,0,0.4,0,0,0,0,
5093232,-0.00339674,-0.173331,-0.599474,0,0,0,0.4,0,0,0,0,
5093292,-0.00339674,-0.173331,-0.599474,0,0,0,0.4,0,0,0,0,
5093353,-0.00339674,-0.173331,-0.599474,0,0,0,0.4,0,0,0,0,
5093413,-0.00339674,-0.173331,-0.599474,0,0,0,0.4,0,0,0,0,
5093473,-0.00339674,-0.173331,-0.599474,0,0,0,0.4,0,0,0,0,
5093533,-0.00339674,-0.173331,-0.599474,0,0,0,0.4,0,0,0,0,
5093593,-0.00339674,-0.173331,-0.599474,0,0,0,0.4,0,0,0,0,
5093653,-0.00339674,-0.173331,-0.599474,0,0,0,0.4,0,0,0,0,
5093713,-0.00339674,-0.173331,-0.599474,0,0,0,0.4,0,0,0,0,
5093773,-0.00339674,-0.173331,-0.599474,0,0,0,0.4,0,0,0,0,
5093833,-0.00339674,-0.173331,-0.599474,0,0,0,0.4,0,0,0,0,
5093893,-0.00339674,-0.173331,-0.599474,0,0,0,0.4,0,0,0,0,
5093953,-0.00339674,-0.173331,-0.599474,0,0,0,0.4,0,0,0,0,
5094013,-0.00339674,-0.173331,-0.599474,0,0,0,0.4,0,0,0,0,
5094074,-0.00339674,-0.173331,-0.599474,0,0,0,0.4,0,0,0,0,
5094134,-0.00339674,-0.173331,-0.599474,0,0,0,0.4,0,0,0,0,
5094194,-0.00339674,-0.173331,-0.599474,0,0,0,0.4,0,0,0,0,
5094254,-0.00339674,-0.173331,-0.599474,0,0,0,0.4,0,0,0,0,
5094314,-0.00339674,-0.173331,-0.599474,0,0,0,0.4,0,0,0,0,
5094374,-0.00339674,-0.173331,-0.599474,0,0,0,0.4,0,0,0,0,
5094434,-0.00339674,-0.173331,-0.599474,0,0,0,0.4,0,0,0,0,
5094494,-0.00339674,-0.173331,-0.599474,0,0,0,0.4,0,0,0,0,
5094554,-0.00339674,-0.173331,-0.599474,0,0,0,0.4,0,0,0,0,
5094614,-0.00339674,-0.173331,-0.599474,0,0,0,0.4,0,0,0,0,
5094674,-0.00339674,-0.173331,-0.599474,0,0,0,0.4,0,0,0,0,
5094735,-0.00339674,-0.173331,-0.599474,0,0,0,0.4,0,0,0,0,
5094795,-0.00339674,-0.173331,-0.599474,0,0,0,0.4,0,0,0,0,
5094855,-0.00339674,-0.173331,-0.599474,0,0,0,0.4,0,0,0,0,
5094915,-0.00339674,-0.173331,-0.599474,0,0,0,0.4,0,0,0,0,
5094975,-0.00339674,-0.173331,-0.599474,0,0,0,0.4,0,0,0,0,
5095035,-0.00339674,-0.173331,-0.599474,0,0,0,0.4,0,0,0,0,
5095095,-0.00339674,-0.173331,-0.599474,0,0,0,0.4,0,0,0,0,
5095155,-0.00339674,-0.173331,-0.599474,0,0,0,0.4,0,0,0,0,
5095215,-0.00339674,-0.173331,-0.599474,0,0,0,0.4,0,0,0,0,
5095275,-0.00339674,-0.173331,-0.599474,0,0,0,0.4,0,0,0,0,
5095335,-0.00339674,-0.173331,-0.599474,0,0,0,0.4,0,0,0,0,
5095395,-0.00339674,-0.173331,-0.599474,0,0,0,0.4,0,0,0,0,
5095456,-0.00339674,-0.173331,-0.599474,0,0,0,0.4,0,0,0,0,
5095516,-0.00339674,-0.173331,-0.599474,0,0,0,0.4,0,0,0,0,
5095576,-0.00339674,-0.173331,-0.599474,0,0,0,0.4,0,0,0,0,
5095636,-0.00339674,-0.173331,-0.599474,0,0,0,0.4,0,0,0,0,
5095696,-0.00339674,-0.173331,-0.599474,0,0,0,0.4,0,0,0,0,
5095756,-0.00339674,-0.173331,-0.599474,0,0,0,0.4,0,0,0,0,
5095816,-0.00339674,-0.173331,-0.599474,0,0,0,0.4,0,0,0,0,
5095876,-0.00339674,-0.173331,-0.599474,0,0,0,0.4,0,0,0,0,
5095936,-0.00339674,-0.173331,-0.599474,0,0,0,0.4,0,0,0,0,
5095996,-0.00339674,-0.173331,-0.599474,0,0,0,0.4,0,0,0,0,
5096056,-0.00339674,-0.173331,-0.599474,0,0,0,0.4,0,0,0,0,
5096117,-0.00339674,-0.173331,-0.599474,0,0,0,0.4,0,0,0,0,
5096177,-0.00339674,-0.173331,-0.599474,0,0,0,0.4,0,0,0,0,
5096237,-0.00339674,-0.173331,-0.599474,0,0,0,0.4,0,0,0,1,
5096297,-0.00339674,-0.173331,-0.599474,0,0,0,0.4,0,0,0,1,
5096357,-0.00339674,-0.173331,-0.599474,0,0,0,0.4,0,0,0,1,
5096417,-0.00339674,-0.173331,-0.599474,0,0,0,0.4,0,0,0,1,
5096477,-0.00339674,-0.173331,-0.599474,0,0,0,0.4,0,0,0,1,
5096537,-0.00339674,-0.173331,-0.599474,0,0,0,0.4,0,0,0,1,
5096597,-0.00339674,-0.173331,-0.599474,0,0,0,0.4,0,0,0,1,
5096657,-0.00339674,-0.173331,-0.599474,0,0,0,0.4,0,0,0,1,
5096717,-0.00339674,-0.173331,-0.599474,0,0,0,0.4,0,0,0,1,
5096777,-0.00339674,-0.173331,-0.599474,0,0,0,0.4,0,0,0,1,
5096838,-0.00339674,-0.173331,-0.599474,0,0,0,0.4,0,0,0,1,
5096898,-0.00339674,-0.173331,-0.599474,0,0,0,0.4,0,0,0,1,
5096958,-0.00339674,-0.173331,-0.599474,0,0,0,0.4,0,0,0,1,
5097018,-0.00339674,-0.173331,-0.599474,0,0,0,0.4,0,0,0,1,
5097078,-0.00339674,-0.173331,-0.599474,0,0,0,0.4,0,0,0,1,
5097138,-0.00339674,-0.173331,-0.599474,0,0,0,0.4,0,0,0,1,
5097198,-0.00339674,-0.173331,-0.599474,0,0,0,0.4,0,0,0,1,
5097258,-0.00339674,-0.173331,-0.599474,0,0,0,0.4,0,0,0,0,
5097318,-0.00339674,-0.173331,-0.599474,0,0,0,0.4,0,0,0,0,
5097378,-0.00339674,-0.173331,-0.599474,0,0,0,0.4,0,0,0,0,
5097438,-0.00339674,-0.173331,-0.599474,0,0,0,0.4,0,0,0,0,
5097499,-0.00339674,-0.173331,-0.599474,0,0,0,0.4,0,0,0,0,
5097559,-0.00339674,-0.173331,-0.599474,0,0,0,0.4,0,0,0,0,
5097619,-0.00339674,-0.173331,-0.599474,0,0,0,0.4,0,0,0,0,
5097679,-0.00339674,-0.173331,-0.599474,0,0,0,0.4,0,0,0,0,
5097739,-0.00339674,-0.173331,-0.599474,0,0,0,0.4,0,0,0,0,
5097799,-0.00339674,-0.173331,-0.599474,0,0,0,0.4,0,0,0,0,
5097859,-0.00339674,-0.173331,-0.599474,0,0,0,0.4,0,0,0,0,
5097919,-0.00339674,-0.173331,-0.599474,0,0,0,0.4,0,0,0,0,
5097979,-0.00339674,-0.173331,-0.599474,0,0,0,0.4,0,0,0,0,
5098039,-0.00339674,-0.173331,-0.599474,0,0,0,0.4,0,0,0,0,
5098099,-0.00339674,-0.173331,-0.599474,0,0,0,0.4,0,0,0,0,
5098159,-0.00339674,-0.173331,-0.599474,0,0,0,0.4,0,0,0,0,
5098220,-0.00339674,-0.173331,-0.599474,0,0,0,0.4,0,0,0,9,
5098280,-0.00339674,-0.173331,-0.599474,0,0,0,0.4,0,0,0,9,
5098340,-0.00339674,-0.173331,-0.599474,0,0,0,0.4,0,0,0,9,
5098400,-0.00339674,-0.173331,-0.599474,0,0,0,0.4,0,0,0,9,
5098460,-0.00339674,-0.173331,-0.599474,0,0,0,0.4,0,0,0,9,
5098520,-0.00339674,-0.173331,-0.599474,0,0,0,0.4,0,0,0,9,
5098580,-0.00339674,-0.173331,-0.599474,0,0,0,0.4,0,0,0,9,
5098640,-0.00339674,-0.173331,-0.599474,0,0,0,0.4,0,0,0,9,
5098700,-0.00339674,-0.173331,-0.599474,0,0,0,0.4,0,0,0,9,
5098760,-0.00339674,-0.173331,-0.599474,0,0,0,0.4,0,0,0,9,
5098820,-0.00339674,-0.173331,-0.599474,0,0,0,0.4,0,0,0,9,
5098880,-0.00339674,-0.173331,-0.599474,0,0,0,0.4,0,0,0,9,
5098941,-0.00339674,-0.173331,-0.599474,0,0,0,0.4,0,0,0,9,
5099001,-0.00339674,-0.173331,-0.599474,0,0,0,0.4,0,0,0,9,
5099061,-0.00339674,-0.173331,-0.599474,0,0,0,0.4,0,0,0,9,
5099121,-0.00339674,-0.173331,-0.599474,0,0,0,0.4,0,0,0,9,
5099181,-0.00339674,-0.173331,-0.599474,0,0,0,0.4,0,0,0,9,
5099241,-0.00339674,-0.173331,-0.599474,0,0,0,0.4,0,0,0,9,
5099301,-0.00339674,-0.173331,-0.599474,0,0,0,0.4,0,0,0,9,
