milisec,RacketX,RacketY,RacketZ,forceX,forceX,forceX,ForceRatio,FriendPoint,EnemyPoint,haptics,scene
281188608,0,0,0,8092.55,4320.58,-8942.97,8.4,0,0,0,0,
281188636,-1.49585,-0.88,1.48283,1378.07,737.66,-1512.01,1.4,0,0,0,0,
281188650,-1.49585,-0.88,1.48283,787.468,421.52,-864.006,0.8,0,0,0,0,
281188690,-1.49585,-0.88,1.48283,1968.67,1053.8,-2160.01,2,0,0,0,0,
281188731,-1.49585,-0.88,1.48283,1968.67,1053.8,-2160.01,2,0,0,0,0,
281188770,-1.49585,-0.88,1.48283,1968.67,1053.8,-2160.01,2,0,0,0,0,
281188810,-1.49585,-0.88,1.48283,1968.67,1053.8,-2160.01,2,0,0,0,0,
281188864,-1.49585,-0.88,1.48283,2559.27,1369.94,-2808.02,2.6,0,0,0,0,
281188890,-1.49585,-0.88,1.48283,1378.07,737.66,-1512.01,1.4,0,0,0,0,
281188935,-1.49585,-0.88,1.48283,2165.54,1159.18,-2376.02,2.2,0,0,0,0,
281188970,-1.49585,-0.88,1.48283,1771.8,948.42,-1944.01,1.8,0,0,0,0,
281189010,-1.49585,-0.88,1.48283,1968.67,1053.8,-2160.01,2,0,0,0,0,
281189051,-1.49585,-0.88,1.48283,1968.67,1053.8,-2160.01,2,0,0,0,0,
281189090,-1.49585,-0.88,1.48283,1968.67,1053.8,-2160.01,2,0,0,0,0,
281189130,-1.49585,-0.88,1.48283,1968.67,1053.8,-2160.01,2,0,0,0,0,
281189170,-1.49585,-0.88,1.48283,1968.67,1053.8,-2160.01,2,0,0,0,0,
281189210,-1.49585,-0.88,1.48283,1968.67,1053.8,-2160.01,2,0,0,0,0,
281189250,-1.49585,-0.88,1.48283,1968.67,1053.8,-2160.01,2,0,0,0,0,
281189290,-1.49585,-0.88,1.48283,1968.67,1053.8,-2160.01,2,0,0,0,0,
281189330,-1.49585,-0.88,1.48283,1968.67,1053.8,-2160.01,2,0,0,0,0,
281189371,-1.49585,-0.88,1.48283,1968.67,1053.8,-2160.01,2,0,0,0,0,
281189410,-1.49585,-0.88,1.48283,1968.67,1053.8,-2160.01,2,0,0,0,0,
281189450,-1.49585,-0.88,1.48283,1968.67,1053.8,-2160.01,2,0,0,0,0,
281189490,-1.49585,-0.88,1.48283,1968.67,1053.8,-2160.01,2,0,0,0,0,
281189530,-1.49585,-0.88,1.48283,1968.67,1053.8,-2160.01,2,0,0,0,0,
281189570,-1.49585,-0.88,1.48283,1968.67,1053.8,-2160.01,2,0,0,0,0,
281189610,-1.49585,-0.88,1.48283,1968.67,1053.8,-2160.01,2,0,0,0,0,
281189650,-1.49585,-0.88,1.48283,1968.67,1053.8,-2160.01,2,0,0,0,0,
281189691,-1.49585,-0.88,1.48283,1968.67,1053.8,-2160.01,2,0,0,0,0,
281189730,-1.49585,-0.88,1.48283,1968.67,1053.8,-2160.01,2,0,0,0,0,
281189770,-1.49585,-0.88,1.48283,1968.67,1053.8,-2160.01,2,0,0,0,0,
281189810,-1.49585,-0.88,1.48283,1968.67,1053.8,-2160.01,2,0,0,0,0,
281189850,-1.49585,-0.88,1.48283,1968.67,1053.8,-2160.01,2,0,0,0,0,
281189890,-1.49585,-0.88,1.48283,1968.67,1053.8,-2160.01,2,0,0,0,0,
281189930,-1.49585,-0.88,1.48283,1968.67,1053.8,-2160.01,2,0,0,0,0,
281189971,-1.49585,-0.88,1.48283,1968.67,1053.8,-2160.01,2,0,0,0,0,
281190011,-1.49585,-0.88,1.48283,1968.67,1053.8,-2160.01,2,0,0,0,0,
281190050,-1.49585,-0.88,1.48283,1968.67,1053.8,-2160.01,2,0,0,0,0,
281190090,-1.49585,-0.88,1.48283,1968.67,1053.8,-2160.01,2,0,0,0,0,
281190130,-1.49585,-0.88,1.48283,1968.67,1053.8,-2160.01,2,0,0,0,0,
281190170,-1.49585,-0.88,1.48283,1968.67,1053.8,-2160.01,2,0,0,0,0,
281190210,-1.49585,-0.88,1.48283,1968.67,1053.8,-2160.01,2,0,0,0,0,
281190250,-1.49585,-0.88,1.48283,1968.67,1053.8,-2160.01,2,0,0,0,0,
281190291,-1.49585,-0.88,1.48283,1968.67,1053.8,-2160.01,2,0,0,0,0,
281190330,-1.49585,-0.88,1.48283,1968.67,1053.8,-2160.01,2,0,0,0,0,
281190370,-1.49585,-0.88,1.48283,1968.67,1053.8,-2160.01,2,0,0,0,0,
281190410,-1.49585,-0.88,1.48283,1968.67,1053.8,-2160.01,2,0,0,0,0,
281190450,-1.49585,-0.88,1.48283,1968.67,1053.8,-2160.01,2,0,0,0,0,
281190490,-1.49585,-0.88,1.48283,1968.67,1053.8,-2160.01,2,0,0,0,0,
281190530,-1.49585,-0.88,1.48283,1968.67,1053.8,-2160.01,2,0,0,0,0,
281190570,-1.49585,-0.88,1.48283,1968.67,1053.8,-2160.01,2,0,0,0,0,
281190611,-1.49585,-0.88,1.48283,1968.67,1053.8,-2160.01,2,0,0,0,0,
281190650,-1.49585,-0.88,1.48283,1968.67,1053.8,-2160.01,2,0,0,0,0,
281190707,-1.49585,-0.88,1.48283,2756.14,1475.32,-3024.02,2.8,0,0,0,0,
281190730,-1.49585,-0.88,1.48283,1181.2,632.28,-1296.01,1.2,0,0,0,0,
281190770,-1.49585,-0.88,1.48283,1968.67,1053.8,-2160.01,2,0,0,0,0,
281190810,-1.49585,-0.88,1.48283,1968.67,1053.8,-2160.01,2,0,0,0,0,
281190850,-1.49585,-0.88,1.48283,1968.67,1053.8,-2160.01,2,0,0,0,0,
281190890,-1.49585,-0.88,1.48283,1968.67,1053.8,-2160.01,2,0,0,0,0,
281190931,-1.49585,-0.88,1.48283,1968.67,1053.8,-2160.01,2,0,0,0,0,
281190970,-1.49585,-0.88,1.48283,1968.67,1053.8,-2160.01,2,0,0,0,0,
281191010,-1.49585,-0.88,1.48283,1968.67,1053.8,-2160.01,2,0,0,0,0,
281191050,-1.49585,-0.88,1.48283,1968.67,1053.8,-2160.01,2,0,0,0,0,
281191090,-1.49585,-0.88,1.48283,1968.67,1053.8,-2160.01,2,0,0,0,0,
281191130,-1.49585,-0.88,1.48283,1968.67,1053.8,-2160.01,2,0,0,0,0,
281191170,-1.49585,-0.88,1.48283,1968.67,1053.8,-2160.01,2,0,0,0,0,
281191210,-1.49585,-0.88,1.48283,1968.67,1053.8,-2160.01,2,0,0,0,0,
281191251,-1.49585,-0.88,1.48283,1968.67,1053.8,-2160.01,2,0,0,0,0,
281191290,-1.49585,-0.88,1.48283,1968.67,1053.8,-2160.01,2,0,0,0,0,
281191330,-1.49585,-0.88,1.48283,1968.67,1053.8,-2160.01,2,0,0,0,0,
281191370,-1.49585,-0.88,1.48283,1968.67,1053.8,-2160.01,2,0,0,0,0,
281191410,-1.49585,-0.88,1.48283,1968.67,1053.8,-2160.01,2,0,0,0,0,
281191450,-1.49585,-0.88,1.48283,1968.67,1053.8,-2160.01,2,0,0,0,0,
281191490,-1.49585,-0.88,1.48283,1968.67,1053.8,-2160.01,2,0,0,0,0,
281191530,-1.49585,-0.88,1.48283,1968.67,1053.8,-2160.01,2,0,0,0,0,
281191571,-1.49585,-0.88,1.48283,1968.67,1053.8,-2160.01,2,0,0,0,0,
281191610,-1.49585,-0.88,1.48283,1968.67,1053.8,-2160.01,2,0,0,0,0,
281191650,-1.49585,-0.88,1.48283,1968.67,1053.8,-2160.01,2,0,0,0,0,
281191690,-1.49585,-0.88,1.48283,1968.67,1053.8,-2160.01,2,0,0,0,0,
281191730,-1.49585,-0.88,1.48283,1968.67,1053.8,-2160.01,2,0,0,0,0,
281191770,-1.49585,-0.88,1.48283,1968.67,1053.8,-2160.01,2,0,0,0,0,
281191810,-1.49585,-0.88,1.48283,1968.67,1053.8,-2160.01,2,0,0,0,0,
281191851,-1.49585,-0.88,1.48283,1968.67,1053.8,-2160.01,2,0,0,0,0,
281191891,-1.49585,-0.88,1.48283,1968.67,1053.8,-2160.01,2,0,0,0,0,
281191930,-1.49585,-0.88,1.48283,1968.67,1053.8,-2160.01,2,0,0,0,0,
281191970,-1.49585,-0.88,1.48283,1968.67,1053.8,-2160.01,2,0,0,0,0,
281192010,-1.49585,-0.88,1.48283,1968.67,1053.8,-2160.01,2,0,0,0,0,
281192050,-1.49585,-0.88,1.48283,1968.67,1053.8,-2160.01,2,0,0,0,0,
281192090,-1.49585,-0.88,1.48283,1968.67,1053.8,-2160.01,2,0,0,0,0,
281192130,-1.49585,-0.88,1.48283,1968.67,1053.8,-2160.01,2,0,0,0,0,
281192171,-1.49585,-0.88,1.48283,1968.67,1053.8,-2160.01,2,0,0,0,0,
281192211,-1.49585,-0.88,1.48283,1968.67,1053.8,-2160.01,2,0,0,0,0,
281192250,-1.49585,-0.88,1.48283,1968.67,1053.8,-2160.01,2,0,0,0,0,
281192290,-1.49585,-0.88,1.48283,1968.67,1053.8,-2160.01,2,0,0,0,0,
281192330,-1.49585,-0.88,1.48283,1968.67,1053.8,-2160.01,2,0,0,0,0,
281192370,-1.49585,-0.88,1.48283,1968.67,1053.8,-2160.01,2,0,0,0,0,
281192410,-1.49585,-0.88,1.48283,1968.67,1053.8,-2160.01,2,0,0,0,0,
281192450,-1.49585,-0.88,1.48283,1968.67,1053.8,-2160.01,2,0,0,0,0,
281192491,-1.49585,-0.88,1.48283,1968.67,1053.8,-2160.01,2,0,0,0,0,
281192530,-1.49585,-0.88,1.48283,1968.67,1053.8,-2160.01,2,0,0,0,0,
281192570,-1.49585,-0.88,1.48283,1968.67,1053.8,-2160.01,2,0,0,0,0,
281192610,-1.49585,-0.88,1.48283,1968.67,1053.8,-2160.01,2,0,0,0,0,
281192650,-1.49585,-0.88,1.48283,1968.67,1053.8,-2160.01,2,0,0,0,0,
281192690,-1.49585,-0.88,1.48283,1968.67,1053.8,-2160.01,2,0,0,0,0,
281192730,-1.49585,-0.88,1.48283,1968.67,1053.8,-2160.01,2,0,0,0,0,
281192770,-1.49585,-0.88,1.48283,1968.67,1053.8,-2160.01,2,0,0,0,0,
281192811,-1.49585,-0.88,1.48283,1968.67,1053.8,-2160.01,2,0,0,0,0,
281192850,-1.49585,-0.88,1.48283,1968.67,1053.8,-2160.01,2,0,0,0,0,
281192890,-1.49585,-0.88,1.48283,1968.67,1053.8,-2160.01,2,0,0,0,0,
281192930,-1.49585,-0.88,1.48283,1968.67,1053.8,-2160.01,2,0,0,0,0,
281192970,-1.49585,-0.88,1.48283,1968.67,1053.8,-2160.01,2,0,0,0,0,
281193010,-1.49585,-0.88,1.48283,1968.67,1053.8,-2160.01,2,0,0,0,0,
281193050,-1.49585,-0.88,1.48283,1968.67,1053.8,-2160.01,2,0,0,0,0,
281193090,-1.49585,-0.88,1.48283,1968.67,1053.8,-2160.01,2,0,0,0,0,
281193131,-1.49585,-0.88,1.48283,1968.67,1053.8,-2160.01,2,0,0,0,0,
281193170,-1.49585,-0.88,1.48283,1968.67,1053.8,-2160.01,2,0,0,0,0,
281193210,-1.49585,-0.88,1.48283,1968.67,1053.8,-2160.01,2,0,0,0,0,
281193250,-1.49585,-0.88,1.48283,1968.67,1053.8,-2160.01,2,0,0,0,0,
281193290,-1.49585,-0.88,1.48283,1968.67,1053.8,-2160.01,2,0,0,0,0,
281193330,-1.49585,-0.88,1.48283,1968.67,1053.8,-2160.01,2,0,0,0,0,
281193370,-1.49585,-0.88,1.48283,1968.67,1053.8,-2160.01,2,0,0,0,0,
281193410,-1.49585,-0.88,1.48283,1968.67,1053.8,-2160.01,2,0,0,0,0,
281193451,-1.49585,-0.88,1.48283,1968.67,1053.8,-2160.01,2,0,0,0,0,
281193490,-1.49585,-0.88,1.48283,1968.67,1053.8,-2160.01,2,0,0,0,0,
281193530,-1.49585,-0.88,1.48283,1968.67,1053.8,-2160.01,2,0,0,0,0,
281193570,-1.49585,-0.88,1.48283,1968.67,1053.8,-2160.01,2,0,0,0,0,
281193610,-1.49585,-0.88,1.48283,1968.67,1053.8,-2160.01,2,0,0,0,0,
281193650,-1.49585,-0.88,1.48283,1968.67,1053.8,-2160.01,2,0,0,0,0,
281193690,-1.49585,-0.88,1.48283,1968.67,1053.8,-2160.01,2,0,0,0,0,
281193730,-1.49585,-0.88,1.48283,1968.67,1053.8,-2160.01,2,0,0,0,0,
281193771,-1.49585,-0.88,1.48283,1968.67,1053.8,-2160.01,2,0,0,0,0,
281193810,-1.49585,-0.88,1.48283,1968.67,1053.8,-2160.01,2,0,0,0,0,
281193850,-1.49585,-0.88,1.48283,1968.67,1053.8,-2160.01,2,0,0,0,0,
281193890,-1.49585,-0.88,1.48283,1968.67,1053.8,-2160.01,2,0,0,0,0,
281193930,-1.49585,-0.88,1.48283,1968.67,1053.8,-2160.01,2,0,0,0,0,
281193970,-1.49585,-0.88,1.48283,1968.67,1053.8,-2160.01,2,0,0,0,0,
281194010,-1.49585,-0.88,1.48283,1968.67,1053.8,-2160.01,2,0,0,0,0,
281194051,-1.49585,-0.88,1.48283,1968.67,1053.8,-2160.01,2,0,0,0,0,
281194091,-1.49585,-0.88,1.48283,1968.67,1053.8,-2160.01,2,0,0,0,0,
281194130,-1.49585,-0.88,1.48283,1968.67,1053.8,-2160.01,2,0,0,0,0,
281194170,-1.49585,-0.88,1.48283,1968.67,1053.8,-2160.01,2,0,0,0,0,
281194210,-1.49585,-0.88,1.48283,1968.67,1053.8,-2160.01,2,0,0,0,0,
281194250,-1.49585,-0.88,1.48283,1968.67,1053.8,-2160.01,2,0,0,0,0,
281194290,-1.49585,-0.88,1.48283,1968.67,1053.8,-2160.01,2,0,0,0,0,
281194330,-1.49585,-0.88,1.48283,1968.67,1053.8,-2160.01,2,0,0,0,0,
281194371,-1.49585,-0.88,1.48283,1968.67,1053.8,-2160.01,2,0,0,0,0,
281194410,-1.49585,-0.88,1.48283,1968.67,1053.8,-2160.01,2,0,0,0,0,
281194450,-1.49585,-0.88,1.48283,1968.67,1053.8,-2160.01,2,0,0,0,0,
281194490,-1.49585,-0.88,1.48283,1968.67,1053.8,-2160.01,2,0,0,0,0,
281194530,-1.49585,-0.88,1.48283,1968.67,1053.8,-2160.01,2,0,0,0,0,
281194570,-1.49585,-0.88,1.48283,1968.67,1053.8,-2160.01,2,0,0,0,0,
281194610,-1.49585,-0.88,1.48283,1968.67,1053.8,-2160.01,2,0,0,0,0,
281194650,-1.49585,-0.88,1.48283,1968.67,1053.8,-2160.01,2,0,0,0,0,
281194691,-1.49585,-0.88,1.48283,1968.67,1053.8,-2160.01,2,0,0,0,0,
281194730,-1.49585,-0.88,1.48283,1968.67,1053.8,-2160.01,2,0,0,0,0,
281194770,-1.49585,-0.88,1.48283,1968.67,1053.8,-2160.01,2,0,0,0,0,
281194810,-1.49585,-0.88,1.48283,1968.67,1053.8,-2160.01,2,0,0,0,0,
281194850,-1.49585,-0.88,1.48283,1968.67,1053.8,-2160.01,2,0,0,0,0,
281194890,-1.49585,-0.88,1.48283,1968.67,1053.8,-2160.01,2,0,0,0,0,
281194930,-1.49585,-0.88,1.48283,1968.67,1053.8,-2160.01,2,0,0,0,0,
281194970,-1.49585,-0.88,1.48283,1968.67,1053.8,-2160.01,2,0,0,0,0,
281195011,-1.49585,-0.88,1.48283,1968.67,1053.8,-2160.01,2,0,0,0,0,
281195050,-1.49585,-0.88,1.48283,1968.67,1053.8,-2160.01,2,0,0,0,0,
281195090,-1.49585,-0.88,1.48283,1968.67,1053.8,-2160.01,2,0,0,0,0,
281195130,-1.49585,-0.88,1.48283,1968.67,1053.8,-2160.01,2,0,0,0,0,
281195170,-1.49585,-0.88,1.48283,1968.67,1053.8,-2160.01,2,0,0,0,0,
281195210,-1.49585,-0.88,1.48283,1968.67,1053.8,-2160.01,2,0,0,0,0,
281195250,-1.49585,-0.88,1.48283,1968.67,1053.8,-2160.01,2,0,0,0,0,
281195290,-1.49585,-0.88,1.48283,1968.67,1053.8,-2160.01,2,0,0,0,0,
281195331,-1.49585,-0.88,1.48283,1968.67,1053.8,-2160.01,2,0,0,0,0,
281195370,-1.49585,-0.88,1.48283,1968.67,1053.8,-2160.01,2,0,0,0,0,
281195410,-1.49585,-0.88,1.48283,1968.67,1053.8,-2160.01,2,0,0,0,0,
281195450,-1.49585,-0.88,1.48283,1968.67,1053.8,-2160.01,2,0,0,0,0,
281195490,-1.49585,-0.88,1.48283,1968.67,1053.8,-2160.01,2,0,0,0,0,
281195530,-1.49585,-0.88,1.48283,1968.67,1053.8,-2160.01,2,0,0,0,0,
281195570,-1.49585,-0.88,1.48283,1968.67,1053.8,-2160.01,2,0,0,0,0,
281195610,-1.49585,-0.88,1.48283,1968.67,1053.8,-2160.01,2,0,0,0,0,
281195651,-1.49585,-0.88,1.48283,1968.67,1053.8,-2160.01,2,0,0,0,0,
281195690,-1.49585,-0.88,1.48283,1968.67,1053.8,-2160.01,2,0,0,0,0,
281195730,-1.49585,-0.88,1.48283,1968.67,1053.8,-2160.01,2,0,0,0,0,
281195770,-1.49585,-0.88,1.48283,1968.67,1053.8,-2160.01,2,0,0,0,0,
281195810,-1.49585,-0.88,1.48283,1968.67,1053.8,-2160.01,2,0,0,0,0,
281195850,-1.49585,-0.88,1.48283,1968.67,1053.8,-2160.01,2,0,0,0,0,
281195890,-1.49585,-0.88,1.48283,1968.67,1053.8,-2160.01,2,0,0,0,0,
281195931,-1.49585,-0.88,1.48283,1968.67,1053.8,-2160.01,2,0,0,0,0,
281195971,-1.49585,-0.88,1.48283,1968.67,1053.8,-2160.01,2,0,0,0,0,
281196010,-1.49585,-0.88,1.48283,1968.67,1053.8,-2160.01,2,0,0,0,0,
281196050,-1.49585,-0.88,1.48283,1968.67,1053.8,-2160.01,2,0,0,0,0,
281196090,-1.49585,-0.88,1.48283,1968.67,1053.8,-2160.01,2,0,0,0,0,
281196130,-1.49585,-0.88,1.48283,1968.67,1053.8,-2160.01,2,0,0,0,0,
281196170,-1.49585,-0.88,1.48283,1968.67,1053.8,-2160.01,2,0,0,0,0,
281196210,-1.49585,-0.88,1.48283,1968.67,1053.8,-2160.01,2,0,0,0,0,
281196251,-1.49585,-0.88,1.48283,1968.67,1053.8,-2160.01,2,0,0,0,0,
281196290,-1.49585,-0.88,1.48283,1968.67,1053.8,-2160.01,2,0,0,0,0,
281196330,-1.49585,-0.88,1.48283,1968.67,1053.8,-2160.01,2,0,0,0,0,
281196370,-1.49585,-0.88,1.48283,1968.67,1053.8,-2160.01,2,0,0,0,0,
281196410,-1.49585,-0.88,1.48283,1968.67,1053.8,-2160.01,2,0,0,0,0,
281196450,-1.49585,-0.88,1.48283,1968.67,1053.8,-2160.01,2,0,0,0,0,
281196490,-1.49585,-0.88,1.48283,1968.67,1053.8,-2160.01,2,0,0,0,0,
281196530,-1.49585,-0.88,1.48283,1968.67,1053.8,-2160.01,2,0,0,0,0,
281196571,-1.49585,-0.88,1.48283,1968.67,1053.8,-2160.01,2,0,0,0,0,
281196610,-1.49585,-0.88,1.48283,1968.67,1053.8,-2160.01,2,0,0,0,0,
281196650,-1.49585,-0.88,1.48283,1968.67,1053.8,-2160.01,2,0,0,0,0,
281196690,-1.49585,-0.88,1.48283,1968.67,1053.8,-2160.01,2,0,0,0,0,
281196730,-1.49585,-0.88,1.48283,1968.67,1053.8,-2160.01,2,0,0,0,0,
281196770,-1.49585,-0.88,1.48283,1968.67,1053.8,-2160.01,2,0,0,0,0,
281196810,-1.49585,-0.88,1.48283,1968.67,1053.8,-2160.01,2,0,0,0,0,
281196850,-1.49585,-0.88,1.48283,1968.67,1053.8,-2160.01,2,0,0,0,0,
281196891,-1.49585,-0.88,1.48283,1968.67,1053.8,-2160.01,2,0,0,0,0,
281196930,-1.49585,-0.88,1.48283,1968.67,1053.8,-2160.01,2,0,0,0,0,
281196970,-1.49585,-0.88,1.48283,1968.67,1053.8,-2160.01,2,0,0,0,0,
281197010,-1.49585,-0.88,1.48283,1968.67,1053.8,-2160.01,2,0,0,0,0,
281197050,-1.49585,-0.88,1.48283,1968.67,1053.8,-2160.01,2,0,0,0,0,
281197090,-1.49585,-0.88,1.48283,1968.67,1053.8,-2160.01,2,0,0,0,0,
281197130,-1.49585,-0.88,1.48283,1968.67,1053.8,-2160.01,2,0,0,0,0,
281197170,-1.49585,-0.88,1.48283,1968.67,1053.8,-2160.01,2,0,0,0,0,
281197211,-1.49585,-0.88,1.48283,1968.67,1053.8,-2160.01,2,0,0,0,0,
281197250,-1.49585,-0.88,1.48283,1968.67,1053.8,-2160.01,2,0,0,0,0,
281197290,-1.49585,-0.88,1.48283,1968.67,1053.8,-2160.01,2,0,0,0,0,
281197330,-1.49585,-0.88,1.48283,1968.67,1053.8,-2160.01,2,0,0,0,0,
281197370,-1.49585,-0.88,1.48283,1968.67,1053.8,-2160.01,2,0,0,0,0,
281197410,-1.49585,-0.88,1.48283,1968.67,1053.8,-2160.01,2,0,0,0,0,
281197450,-1.49585,-0.88,1.48283,1968.67,1053.8,-2160.01,2,0,0,0,0,
281197490,-1.49585,-0.88,1.48283,1968.67,1053.8,-2160.01,2,0,0,0,0,
281197531,-1.49585,-0.88,1.48283,1968.67,1053.8,-2160.01,2,0,0,0,0,
281197570,-1.49585,-0.88,1.48283,1968.67,1053.8,-2160.01,2,0,0,0,0,
281197610,-1.49585,-0.88,1.48283,1968.67,1053.8,-2160.01,2,0,0,0,0,
281197650,-1.49585,-0.88,1.48283,1968.67,1053.8,-2160.01,2,0,0,0,0,
281197690,-1.49585,-0.88,1.48283,1968.67,1053.8,-2160.01,2,0,0,0,0,
281197730,-1.49585,-0.88,1.48283,1968.67,1053.8,-2160.01,2,0,0,0,0,
281197770,-1.49585,-0.88,1.48283,1968.67,1053.8,-2160.01,2,0,0,0,0,
281197811,-1.49585,-0.88,1.48283,1968.67,1053.8,-2160.01,2,0,0,0,0,
281197851,-1.49585,-0.88,1.48283,1968.67,1053.8,-2160.01,2,0,0,0,0,
281197890,-1.49585,-0.88,1.48283,1968.67,1053.8,-2160.01,2,0,0,0,0,
281197930,-1.49585,-0.88,1.48283,1968.67,1053.8,-2160.01,2,0,0,0,0,
281197970,-1.49585,-0.88,1.48283,1968.67,1053.8,-2160.01,2,0,0,0,0,
281198010,-1.49585,-0.88,1.48283,1968.67,1053.8,-2160.01,2,0,0,0,0,
281198050,-1.49585,-0.88,1.48283,1968.67,1053.8,-2160.01,2,0,0,0,0,
281198090,-1.49585,-0.88,1.48283,1968.67,1053.8,-2160.01,2,0,0,0,0,
281198131,-1.49585,-0.88,1.48283,1968.67,1053.8,-2160.01,2,0,0,0,0,
281198170,-1.49585,-0.88,1.48283,1968.67,1053.8,-2160.01,2,0,0,0,0,
281198210,-1.49585,-0.88,1.48283,1968.67,1053.8,-2160.01,2,0,0,0,0,
281198250,-1.49585,-0.88,1.48283,1968.67,1053.8,-2160.01,2,0,0,0,0,
281198290,-1.49585,-0.88,1.48283,1968.67,1053.8,-2160.01,2,0,0,0,0,
281198330,-1.49585,-0.88,1.48283,1968.67,1053.8,-2160.01,2,0,0,0,0,
281198370,-1.49585,-0.88,1.48283,1968.67,1053.8,-2160.01,2,0,0,0,0,
281198410,-1.49585,-0.88,1.48283,1968.67,1053.8,-2160.01,2,0,0,0,0,
281198451,-1.49585,-0.88,1.48283,1968.67,1053.8,-2160.01,2,0,0,0,0,
281198490,-1.49585,-0.88,1.48283,1968.67,1053.8,-2160.01,2,0,0,0,0,
281198530,-1.49585,-0.88,1.48283,1968.67,1053.8,-2160.01,2,0,0,0,0,
281198570,-1.49585,-0.88,1.48283,1968.67,1053.8,-2160.01,2,0,0,0,0,
281198610,-1.49585,-0.88,1.48283,1968.67,1053.8,-2160.01,2,0,0,0,0,
281198650,-1.49585,-0.88,1.48283,1968.67,1053.8,-2160.01,2,0,0,0,0,
281198690,-1.49585,-0.88,1.48283,1968.67,1053.8,-2160.01,2,0,0,0,0,
281198730,-1.49585,-0.88,1.48283,1968.67,1053.8,-2160.01,2,0,0,0,0,
281198771,-1.49585,-0.88,1.48283,1968.67,1053.8,-2160.01,2,0,0,0,0,
281198810,-1.49585,-0.88,1.48283,1968.67,1053.8,-2160.01,2,0,0,0,0,
281198850,-1.49585,-0.88,1.48283,1968.67,1053.8,-2160.01,2,0,0,0,0,
281198890,-1.49585,-0.88,1.48283,1968.67,1053.8,-2160.01,2,0,0,0,0,
281198930,-1.49585,-0.88,1.48283,1968.67,1053.8,-2160.01,2,0,0,0,0,
281198970,-1.49585,-0.88,1.48283,1968.67,1053.8,-2160.01,2,0,0,0,0,
281199010,-1.49585,-0.88,1.48283,1968.67,1053.8,-2160.01,2,0,0,0,0,
281199050,-1.49585,-0.88,1.48283,1968.67,1053.8,-2160.01,2,0,0,0,0,
281199091,-1.49585,-0.88,1.48283,1968.67,1053.8,-2160.01,2,0,0,0,0,
281199130,-1.49585,-0.88,1.48283,1968.67,1053.8,-2160.01,2,0,0,0,0,
281199170,-1.49585,-0.88,1.48283,1968.67,1053.8,-2160.01,2,0,0,0,0,
281199210,-1.49585,-0.88,1.48283,1968.67,1053.8,-2160.01,2,0,0,0,0,
281199250,-1.49585,-0.88,1.48283,1968.67,1053.8,-2160.01,2,0,0,0,0,
281199290,-1.49585,-0.88,1.48283,1968.67,1053.8,-2160.01,2,0,0,0,0,
281199330,-1.49585,-0.88,1.48283,1968.67,1053.8,-2160.01,2,0,0,0,0,
281199370,-1.49585,-0.88,1.48283,1968.67,1053.8,-2160.01,2,0,0,0,0,
281199411,-1.49585,-0.88,1.48283,1968.67,1053.8,-2160.01,2,0,0,0,0,
281199450,-1.49585,-0.88,1.48283,1968.67,1053.8,-2160.01,2,0,0,0,0,
281199490,-1.49585,-0.88,1.48283,1968.67,1053.8,-2160.01,2,0,0,0,0,
281199530,-1.49585,-0.88,1.48283,1968.67,1053.8,-2160.01,2,0,0,0,0,
281199570,-1.49585,-0.88,1.48283,1968.67,1053.8,-2160.01,2,0,0,0,0,
281199610,-1.49585,-0.88,1.48283,1968.67,1053.8,-2160.01,2,0,0,0,0,
281199650,-1.49585,-0.88,1.48283,1968.67,1053.8,-2160.01,2,0,0,0,0,
281199691,-1.49585,-0.88,1.48283,1968.67,1053.8,-2160.01,2,0,0,0,0,
281199731,-1.49585,-0.88,1.48283,1968.67,1053.8,-2160.01,2,0,0,0,0,
281199770,-1.49585,-0.88,1.48283,1968.67,1053.8,-2160.01,2,0,0,0,0,
281199810,-1.49585,-0.88,1.48283,1968.67,1053.8,-2160.01,2,0,0,0,0,
281199850,-1.49585,-0.88,1.48283,1968.67,1053.8,-2160.01,2,0,0,0,0,
281199890,-1.49585,-0.88,1.48283,1968.67,1053.8,-2160.01,2,0,0,0,0,
281199930,-1.49585,-0.88,1.48283,1968.67,1053.8,-2160.01,2,0,0,0,0,
281199970,-1.49585,-0.88,1.48283,1968.67,1053.8,-2160.01,2,0,0,0,0,
281200011,-1.49585,-0.88,1.48283,1968.67,1053.8,-2160.01,2,0,0,0,0,
281200050,-1.49585,-0.88,1.48283,1968.67,1053.8,-2160.01,2,0,0,0,0,
281200090,-1.49585,-0.88,1.48283,1968.67,1053.8,-2160.01,2,0,0,0,0,
281200130,-1.49585,-0.88,1.48283,1968.67,1053.8,-2160.01,2,0,0,0,0,
281200170,-1.49585,-0.88,1.48283,1968.67,1053.8,-2160.01,2,0,0,0,0,
281200210,-1.49585,-0.88,1.48283,1968.67,1053.8,-2160.01,2,0,0,0,0,
281200250,-1.49585,-0.88,1.48283,1968.67,1053.8,-2160.01,2,0,0,0,0,
281200290,-1.49585,-0.88,1.48283,1968.67,1053.8,-2160.01,2,0,0,0,0,
281200331,-1.49585,-0.88,1.48283,1968.67,1053.8,-2160.01,2,0,0,0,0,
281200370,-1.49585,-0.88,1.48283,1968.67,1053.8,-2160.01,2,0,0,0,0,
281200410,-1.49585,-0.88,1.48283,1968.67,1053.8,-2160.01,2,0,0,0,0,
281200450,-1.49585,-0.88,1.48283,1968.67,1053.8,-2160.01,2,0,0,0,0,
281200490,-1.49585,-0.88,1.48283,1968.67,1053.8,-2160.01,2,0,0,0,0,
281200530,-1.49585,-0.88,1.48283,1968.67,1053.8,-2160.01,2,0,0,0,0,
281200570,-1.49585,-0.88,1.48283,1968.67,1053.8,-2160.01,2,0,0,0,0,
281200610,-1.49585,-0.88,1.48283,1968.67,1053.8,-2160.01,2,0,0,0,0,
281200651,-1.49585,-0.88,1.48283,1968.67,1053.8,-2160.01,2,0,0,0,0,
281200690,-1.49585,-0.88,1.48283,1968.67,1053.8,-2160.01,2,0,0,0,0,
281200730,-1.49585,-0.88,1.48283,1968.67,1053.8,-2160.01,2,0,0,0,0,
281200770,-1.49585,-0.88,1.48283,1968.67,1053.8,-2160.01,2,0,0,0,0,
281200810,-1.49585,-0.88,1.48283,1968.67,1053.8,-2160.01,2,0,0,0,0,
281200850,-1.49585,-0.88,1.48283,1968.67,1053.8,-2160.01,2,0,0,0,0,
281200890,-1.49585,-0.88,1.48283,1968.67,1053.8,-2160.01,2,0,0,0,0,
281200930,-1.49585,-0.88,1.48283,1968.67,1053.8,-2160.01,2,0,0,0,0,
281200971,-1.49585,-0.88,1.48283,1968.67,1053.8,-2160.01,2,0,0,0,0,
281201010,-1.49585,-0.88,1.48283,1968.67,1053.8,-2160.01,2,0,0,0,0,
281201050,-1.49585,-0.88,1.48283,1968.67,1053.8,-2160.01,2,0,0,0,0,
281201090,-1.49585,-0.88,1.48283,1968.67,1053.8,-2160.01,2,0,0,0,0,
281201130,-1.49585,-0.88,1.48283,1968.67,1053.8,-2160.01,2,0,0,0,0,
281201170,-1.49585,-0.88,1.48283,1968.67,1053.8,-2160.01,2,0,0,0,0,
281201210,-1.49585,-0.88,1.48283,1968.67,1053.8,-2160.01,2,0,0,0,0,
281201250,-1.49585,-0.88,1.48283,1968.67,1053.8,-2160.01,2,0,0,0,0,
281201291,-1.49585,-0.88,1.48283,1968.67,1053.8,-2160.01,2,0,0,0,0,
281201330,-1.49585,-0.88,1.48283,1968.67,1053.8,-2160.01,2,0,0,0,0,
281201370,-1.49585,-0.88,1.48283,1968.67,1053.8,-2160.01,2,0,0,0,0,
281201410,-1.49585,-0.88,1.48283,1968.67,1053.8,-2160.01,2,0,0,0,0,
281201450,-1.49585,-0.88,1.48283,1968.67,1053.8,-2160.01,2,0,0,0,0,
281201490,-1.49585,-0.88,1.48283,1968.67,1053.8,-2160.01,2,0,0,0,0,
281201530,-1.49585,-0.88,1.48283,1968.67,1053.8,-2160.01,2,0,0,0,0,
281201571,-1.49585,-0.88,1.48283,1968.67,1053.8,-2160.01,2,0,0,0,0,
281201611,-1.49585,-0.88,1.48283,1968.67,1053.8,-2160.01,2,0,0,0,0,
281201650,-1.49585,-0.88,1.48283,1968.67,1053.8,-2160.01,2,0,0,0,0,
281201690,-1.49585,-0.88,1.48283,1968.67,1053.8,-2160.01,2,0,0,0,0,
281201730,-1.49585,-0.88,1.48283,1968.67,1053.8,-2160.01,2,0,0,0,0,
281201770,-1.49585,-0.88,1.48283,1968.67,1053.8,-2160.01,2,0,0,0,0,
281201810,-1.49585,-0.88,1.48283,1968.67,1053.8,-2160.01,2,0,0,0,0,
281201850,-1.49585,-0.88,1.48283,1968.67,1053.8,-2160.01,2,0,0,0,0,
281201891,-1.49585,-0.88,1.48283,1968.67,1053.8,-2160.01,2,0,0,0,0,
281201930,-1.49585,-0.88,1.48283,1968.67,1053.8,-2160.01,2,0,0,0,0,
281201970,-1.49585,-0.88,1.48283,1968.67,1053.8,-2160.01,2,0,0,0,0,
281202010,-1.49585,-0.88,1.48283,1968.67,1053.8,-2160.01,2,0,0,0,0,
281202050,-1.49585,-0.88,1.48283,1968.67,1053.8,-2160.01,2,0,0,0,0,
281202090,-1.49585,-0.88,1.48283,1968.67,1053.8,-2160.01,2,0,0,0,0,
281202130,-1.49585,-0.88,1.48283,1968.67,1053.8,-2160.01,2,0,0,0,0,
281202170,-1.49585,-0.88,1.48283,1968.67,1053.8,-2160.01,2,0,0,0,9,
281202211,-1.49585,-0.88,1.48283,1968.67,1053.8,-2160.01,2,0,0,0,9,
281202250,-1.49585,-0.88,1.48283,1968.67,1053.8,-2160.01,2,0,0,0,9,
281202290,-1.49585,-0.88,1.48283,1968.67,1053.8,-2160.01,2,0,0,0,9,
281202330,-1.49585,-0.88,1.48283,1968.67,1053.8,-2160.01,2,0,0,0,9,
281202370,-1.49585,-0.88,1.48283,1968.67,1053.8,-2160.01,2,0,0,0,9,
281202410,-1.49585,-0.88,1.48283,1968.67,1053.8,-2160.01,2,0,0,0,9,
281202450,-1.49585,-0.88,1.48283,1968.67,1053.8,-2160.01,2,0,0,0,9,
281202490,-1.49585,-0.88,1.48283,1968.67,1053.8,-2160.01,2,0,0,0,9,
281202531,-1.49585,-0.88,1.48283,1968.67,1053.8,-2160.01,2,0,0,0,9,
281202570,-1.49585,-0.88,1.48283,1968.67,1053.8,-2160.01,2,0,0,0,9,
281202610,-1.49585,-0.88,1.48283,1968.67,1053.8,-2160.01,2,0,0,0,9,
281202650,-1.49585,-0.88,1.48283,1968.67,1053.8,-2160.01,2,0,0,0,9,
281202690,-1.49585,-0.88,1.48283,1968.67,1053.8,-2160.01,2,0,0,0,9,
281202730,-1.49585,-0.88,1.48283,1968.67,1053.8,-2160.01,2,0,0,0,9,
281202770,-1.49585,-0.88,1.48283,1968.67,1053.8,-2160.01,2,0,0,0,9,
281202810,-1.49585,-0.88,1.48283,1968.67,1053.8,-2160.01,2,0,0,0,9,
281202851,-1.49585,-0.88,1.48283,1968.67,1053.8,-2160.01,2,0,0,0,9,
281202890,-1.49585,-0.88,1.48283,1968.67,1053.8,-2160.01,2,0,0,0,9,
281202930,-1.49585,-0.88,1.48283,1968.67,1053.8,-2160.01,2,0,0,0,9,
281202970,-1.49585,-0.88,1.48283,1968.67,1053.8,-2160.01,2,0,0,0,9,
281203010,-1.49585,-0.88,1.48283,1968.67,1053.8,-2160.01,2,0,0,0,9,
281203050,-1.49585,-0.88,1.48283,1968.67,1053.8,-2160.01,2,0,0,0,9,
281203090,-1.49585,-0.88,1.48283,1968.67,1053.8,-2160.01,2,0,0,0,9,
281203130,-1.49585,-0.88,1.48283,1968.67,1053.8,-2160.01,2,0,0,0,9,
281203171,-1.49585,-0.88,1.48283,1968.67,1053.8,-2160.01,2,0,0,0,9,
281203210,-1.49585,-0.88,1.48283,1968.67,1053.8,-2160.01,2,0,0,0,9,
281203250,-1.49585,-0.88,1.48283,1968.67,1053.8,-2160.01,2,0,0,0,9,
281203290,-1.49585,-0.88,1.48283,1968.67,1053.8,-2160.01,2,0,0,0,9,
281203330,-1.49585,-0.88,1.48283,1968.67,1053.8,-2160.01,2,0,0,0,9,
281203370,-1.49585,-0.88,1.48283,1968.67,1053.8,-2160.01,2,0,0,0,9,
281203410,-1.49585,-0.88,1.48283,1968.67,1053.8,-2160.01,2,0,0,0,9,
281203451,-1.49585,-0.88,1.48283,1968.67,1053.8,-2160.01,2,0,0,0,9,
281203491,-1.49585,-0.88,1.48283,1968.67,1053.8,-2160.01,2,0,0,0,9,
281203530,-1.49585,-0.88,1.48283,1968.67,1053.8,-2160.01,2,0,0,0,9,
281203570,-1.49585,-0.88,1.48283,1968.67,1053.8,-2160.01,2,0,0,0,9,
281203610,-1.49585,-0.88,1.48283,1968.67,1053.8,-2160.01,2,0,0,0,9,
281203650,-1.49585,-0.88,1.48283,1968.67,1053.8,-2160.01,2,0,0,0,9,
281203690,-1.49585,-0.88,1.48283,1968.67,1053.8,-2160.01,2,0,0,0,9,
281203730,-1.49585,-0.88,1.48283,1968.67,1053.8,-2160.01,2,0,0,0,9,
281203771,-1.49585,-0.88,1.48283,1968.67,1053.8,-2160.01,2,0,0,0,9,
281203811,-1.49585,-0.88,1.48283,1968.67,1053.8,-2160.01,2,0,0,0,9,
281203850,-1.49585,-0.88,1.48283,1968.67,1053.8,-2160.01,2,0,0,0,9,
281203890,-1.49585,-0.88,1.48283,1968.67,1053.8,-2160.01,2,0,0,0,9,
281203930,-1.49585,-0.88,1.48283,1968.67,1053.8,-2160.01,2,0,0,0,9,
281203970,-1.49585,-0.88,1.48283,1968.67,1053.8,-2160.01,2,0,0,0,9,
281204010,-1.49585,-0.88,1.48283,1968.67,1053.8,-2160.01,2,0,0,0,9,
281204050,-1.49585,-0.88,1.48283,1968.67,1053.8,-2160.01,2,0,0,0,9,
281204091,-1.49585,-0.88,1.48283,1968.67,1053.8,-2160.01,2,0,0,0,9,
281204130,-1.49585,-0.88,1.48283,1968.67,1053.8,-2160.01,2,0,0,0,9,
281204170,-1.49585,-0.88,1.48283,1968.67,1053.8,-2160.01,2,0,0,0,9,
281204210,-1.49585,-0.88,1.48283,1968.67,1053.8,-2160.01,2,0,0,0,9,
281204250,-1.49585,-0.88,1.48283,1968.67,1053.8,-2160.01,2,0,0,0,9,
281204290,-1.49585,-0.88,1.48283,1968.67,1053.8,-2160.01,2,0,0,0,9,
281204330,-1.49585,-0.88,1.48283,1968.67,1053.8,-2160.01,2,0,0,0,9,
281204370,-1.49585,-0.88,1.48283,1968.67,1053.8,-2160.01,2,0,0,0,9,
281204411,-1.49585,-0.88,1.48283,1968.67,1053.8,-2160.01,2,0,0,0,9,
281204450,-1.49585,-0.88,1.48283,1968.67,1053.8,-2160.01,2,0,0,0,9,
281204490,-1.49585,-0.88,1.48283,1968.67,1053.8,-2160.01,2,0,0,0,9,
281204530,-1.49585,-0.88,1.48283,1968.67,1053.8,-2160.01,2,0,0,0,9,
281204570,-1.49585,-0.88,1.48283,1968.67,1053.8,-2160.01,2,0,0,0,9,
281204610,-1.49585,-0.88,1.48283,1968.67,1053.8,-2160.01,2,0,0,0,9,
281204650,-1.49585,-0.88,1.48283,1968.67,1053.8,-2160.01,2,0,0,0,9,
281204690,-1.49585,-0.88,1.48283,1968.67,1053.8,-2160.01,2,0,0,0,9,
281204731,-1.49585,-0.88,1.48283,1968.67,1053.8,-2160.01,2,0,0,0,9,
281204770,-1.49585,-0.88,1.48283,1968.67,1053.8,-2160.01,2,0,0,0,9,
281204810,-1.49585,-0.88,1.48283,1968.67,1053.8,-2160.01,2,0,0,0,9,
281204850,-1.49585,-0.88,1.48283,1968.67,1053.8,-2160.01,2,0,0,0,9,
281204890,-1.49585,-0.88,1.48283,1968.67,1053.8,-2160.01,2,0,0,0,9,
281204930,-1.49585,-0.88,1.48283,1968.67,1053.8,-2160.01,2,0,0,0,9,
281204970,-1.49585,-0.88,1.48283,1968.67,1053.8,-2160.01,2,0,0,0,9,
281205010,-1.49585,-0.88,1.48283,1968.67,1053.8,-2160.01,2,0,0,0,9,
281205051,-1.49585,-0.88,1.48283,1968.67,1053.8,-2160.01,2,0,0,0,9,
281205090,-1.49585,-0.88,1.48283,1968.67,1053.8,-2160.01,2,0,0,0,9,
281205130,-1.49585,-0.88,1.48283,1968.67,1053.8,-2160.01,2,0,0,0,9,
281205170,-1.49585,-0.88,1.48283,1968.67,1053.8,-2160.01,2,0,0,0,9,
281205210,-1.49585,-0.88,1.48283,1968.67,1053.8,-2160.01,2,0,0,0,9,
281205250,-1.49585,-0.88,1.48283,1968.67,1053.8,-2160.01,2,0,0,0,9,
281205290,-1.49585,-0.88,1.48283,1968.67,1053.8,-2160.01,2,0,0,0,9,
281205330,-1.49585,-0.88,1.48283,1968.67,1053.8,-2160.01,2,0,0,0,9,
281205371,-1.49585,-0.88,1.48283,1968.67,1053.8,-2160.01,2,0,0,0,9,
281205410,-1.49585,-0.88,1.48283,1968.67,1053.8,-2160.01,2,0,0,0,9,
281205450,-1.49585,-0.88,1.48283,1968.67,1053.8,-2160.01,2,0,0,0,9,
281205490,-1.49585,-0.88,1.48283,1968.67,1053.8,-2160.01,2,0,0,0,9,
281205530,-1.49585,-0.88,1.48283,1968.67,1053.8,-2160.01,2,0,0,0,9,
281205570,-1.49585,-0.88,1.48283,1968.67,1053.8,-2160.01,2,0,0,0,9,
281205610,-1.49585,-0.88,1.48283,1968.67,1053.8,-2160.01,2,0,0,0,9,
281205651,-1.49585,-0.88,1.48283,1968.67,1053.8,-2160.01,2,0,0,0,9,
281205691,-1.49585,-0.88,1.48283,1968.67,1053.8,-2160.01,2,0,0,0,9,
281205730,-1.49585,-0.88,1.48283,1968.67,1053.8,-2160.01,2,0,0,0,9,
281205770,-1.49585,-0.88,1.48283,1968.67,1053.8,-2160.01,2,0,0,0,9,
281205810,-1.49585,-0.88,1.48283,1968.67,1053.8,-2160.01,2,0,0,0,9,
281205850,-1.49585,-0.88,1.48283,1968.67,1053.8,-2160.01,2,0,0,0,9,
281205890,-1.49585,-0.88,1.48283,1968.67,1053.8,-2160.01,2,0,0,0,9,
281205930,-1.49585,-0.88,1.48283,1968.67,1053.8,-2160.01,2,0,0,0,9,
281205971,-1.49585,-0.88,1.48283,1968.67,1053.8,-2160.01,2,0,0,0,9,
281206010,-1.49585,-0.88,1.48283,1968.67,1053.8,-2160.01,2,0,0,0,9,
281206050,-1.49585,-0.88,1.48283,1968.67,1053.8,-2160.01,2,0,0,0,9,
281206090,-1.49585,-0.88,1.48283,1968.67,1053.8,-2160.01,2,0,0,0,9,
281206130,-1.49585,-0.88,1.48283,1968.67,1053.8,-2160.01,2,0,0,0,9,
281206170,-1.49585,-0.88,1.48283,1968.67,1053.8,-2160.01,2,0,0,0,9,
281206210,-1.49585,-0.88,1.48283,1968.67,1053.8,-2160.01,2,0,0,0,9,
281206250,-1.49585,-0.88,1.48283,1968.67,1053.8,-2160.01,2,0,0,0,9,
281206291,-1.49585,-0.88,1.48283,1968.67,1053.8,-2160.01,2,0,0,0,9,
281206330,-1.49585,-0.88,1.48283,1968.67,1053.8,-2160.01,2,0,0,0,9,
281206370,-1.49585,-0.88,1.48283,1968.67,1053.8,-2160.01,2,0,0,0,9,
281206410,-1.49585,-0.88,1.48283,1968.67,1053.8,-2160.01,2,0,0,0,9,
281206450,-1.49585,-0.88,1.48283,1968.67,1053.8,-2160.01,2,0,0,0,9,
281206490,-1.49585,-0.88,1.48283,1968.67,1053.8,-2160.01,2,0,0,0,9,
281206530,-1.49585,-0.88,1.48283,1968.67,1053.8,-2160.01,2,0,0,0,9,
281206570,-1.49585,-0.88,1.48283,1968.67,1053.8,-2160.01,2,0,0,0,9,
281206611,-1.49585,-0.88,1.48283,1968.67,1053.8,-2160.01,2,0,0,0,9,
281206650,-1.49585,-0.88,1.48283,1968.67,1053.8,-2160.01,2,0,0,0,9,
281206690,-1.49585,-0.88,1.48283,1968.67,1053.8,-2160.01,2,0,0,0,9,
281206730,-1.49585,-0.88,1.48283,1968.67,1053.8,-2160.01,2,0,0,0,9,
281206770,-1.49585,-0.88,1.48283,1968.67,1053.8,-2160.01,2,0,0,0,9,
281206810,-1.49585,-0.88,1.48283,1968.67,1053.8,-2160.01,2,0,0,0,9,
281206850,-1.49585,-0.88,1.48283,1968.67,1053.8,-2160.01,2,0,0,0,9,
281206890,-1.49585,-0.88,1.48283,1968.67,1053.8,-2160.01,2,0,0,0,9,
281206931,-1.49585,-0.88,1.48283,1968.67,1053.8,-2160.01,2,0,0,0,9,
281206970,-1.49585,-0.88,1.48283,1968.67,1053.8,-2160.01,2,0,0,0,9,
281207010,-1.49585,-0.88,1.48283,1968.67,1053.8,-2160.01,2,0,0,0,9,
281207050,-1.49585,-0.88,1.48283,1968.67,1053.8,-2160.01,2,0,0,0,9,
281207090,-1.49585,-0.88,1.48283,1968.67,1053.8,-2160.01,2,0,0,0,9,
281207130,-1.49585,-0.88,1.48283,1968.67,1053.8,-2160.01,2,0,0,0,9,
281207170,-1.49585,-0.88,1.48283,1968.67,1053.8,-2160.01,2,0,0,0,9,
281207210,-1.49585,-0.88,1.48283,1968.67,1053.8,-2160.01,2,0,0,0,9,
281207251,-1.49585,-0.88,1.48283,1968.67,1053.8,-2160.01,2,0,0,0,9,
281207290,-1.49585,-0.88,1.48283,1968.67,1053.8,-2160.01,2,0,0,0,9,
281207330,-1.49585,-0.88,1.48283,1968.67,1053.8,-2160.01,2,0,0,0,9,
281207370,-1.49585,-0.88,1.48283,1968.67,1053.8,-2160.01,2,0,0,0,9,
281207410,-1.49585,-0.88,1.48283,1968.67,1053.8,-2160.01,2,0,0,0,9,
281207450,-1.49585,-0.88,1.48283,1968.67,1053.8,-2160.01,2,0,0,0,9,
281207490,-1.49585,-0.88,1.48283,1968.67,1053.8,-2160.01,2,0,0,0,9,
281207531,-1.49585,-0.88,1.48283,1968.67,1053.8,-2160.01,2,0,0,0,9,
281207571,-1.49585,-0.88,1.48283,1968.67,1053.8,-2160.01,2,0,0,0,9,
281207610,-1.49585,-0.88,1.48283,1968.67,1053.8,-2160.01,2,0,0,0,9,
281207650,-1.49585,-0.88,1.48283,1968.67,1053.8,-2160.01,2,0,0,0,9,
281207690,-1.49585,-0.88,1.48283,1968.67,1053.8,-2160.01,2,0,0,0,9,
281207730,-1.49585,-0.88,1.48283,1968.67,1053.8,-2160.01,2,0,0,0,9,
281207770,-1.49585,-0.88,1.48283,1968.67,1053.8,-2160.01,2,0,0,0,9,
281207810,-1.49585,-0.88,1.48283,1968.67,1053.8,-2160.01,2,0,0,0,9,
281207851,-1.49585,-0.88,1.48283,1968.67,1053.8,-2160.01,2,0,0,0,9,
281207890,-1.49585,-0.88,1.48283,1968.67,1053.8,-2160.01,2,0,0,0,9,
281207930,-1.49585,-0.88,1.48283,1968.67,1053.8,-2160.01,2,0,0,0,9,
281207970,-1.49585,-0.88,1.48283,1968.67,1053.8,-2160.01,2,0,0,0,9,
281208010,-1.49585,-0.88,1.48283,1968.67,1053.8,-2160.01,2,0,0,0,9,
281208050,-1.49585,-0.88,1.48283,1968.67,1053.8,-2160.01,2,0,0,0,9,
281208090,-1.49585,-0.88,1.48283,1968.67,1053.8,-2160.01,2,0,0,0,9,
281208130,-1.49585,-0.88,1.48283,1968.67,1053.8,-2160.01,2,0,0,0,9,
281208171,-1.49585,-0.88,1.48283,1968.67,1053.8,-2160.01,2,0,0,0,9,
281208210,-1.49585,-0.88,1.48283,1968.67,1053.8,-2160.01,2,0,0,0,9,
281208250,-1.49585,-0.88,1.48283,1968.67,1053.8,-2160.01,2,0,0,0,9,
281208290,-1.49585,-0.88,1.48283,1968.67,1053.8,-2160.01,2,0,0,0,9,
281208330,-1.49585,-0.88,1.48283,1968.67,1053.8,-2160.01,2,0,0,0,9,
281208370,-1.49585,-0.88,1.48283,1968.67,1053.8,-2160.01,2,0,0,0,9,
281208410,-1.49585,-0.88,1.48283,1968.67,1053.8,-2160.01,2,0,0,0,9,
281208450,-1.49585,-0.88,1.48283,1968.67,1053.8,-2160.01,2,0,0,0,9,
281208491,-1.49585,-0.88,1.48283,1968.67,1053.8,-2160.01,2,0,0,0,9,
281208530,-1.49585,-0.88,1.48283,1968.67,1053.8,-2160.01,2,0,0,0,9,
281208570,-1.49585,-0.88,1.48283,1968.67,1053.8,-2160.01,2,0,0,0,9,
281208610,-1.49585,-0.88,1.48283,1968.67,1053.8,-2160.01,2,0,0,0,9,
281208650,-1.49585,-0.88,1.48283,1968.67,1053.8,-2160.01,2,0,0,0,9,
281208690,-1.49585,-0.88,1.48283,1968.67,1053.8,-2160.01,2,0,0,0,9,
281208730,-1.49585,-0.88,1.48283,1968.67,1053.8,-2160.01,2,0,0,0,9,
281208770,-1.49585,-0.88,1.48283,1968.67,1053.8,-2160.01,2,0,0,0,9,
281208811,-1.49585,-0.88,1.48283,1968.67,1053.8,-2160.01,2,0,0,0,9,
281208850,-1.49585,-0.88,1.48283,1968.67,1053.8,-2160.01,2,0,0,0,9,
281208890,-1.49585,-0.88,1.48283,1968.67,1053.8,-2160.01,2,0,0,0,9,
281208930,-1.49585,-0.88,1.48283,1968.67,1053.8,-2160.01,2,0,0,0,9,
281208970,-1.49585,-0.88,1.48283,1968.67,1053.8,-2160.01,2,0,0,0,9,
281209010,-1.49585,-0.88,1.48283,1968.67,1053.8,-2160.01,2,0,0,0,9,
281209050,-1.49585,-0.88,1.48283,1968.67,1053.8,-2160.01,2,0,0,0,9,
281209090,-1.49585,-0.88,1.48283,1968.67,1053.8,-2160.01,2,0,0,0,9,
281209131,-1.49585,-0.88,1.48283,1968.67,1053.8,-2160.01,2,0,0,0,9,
281209170,-1.49585,-0.88,1.48283,1968.67,1053.8,-2160.01,2,0,0,0,9,
281209210,-1.49585,-0.88,1.48283,1968.67,1053.8,-2160.01,2,0,0,0,9,
281209250,-1.49585,-0.88,1.48283,1968.67,1053.8,-2160.01,2,0,0,0,9,
281209290,-1.49585,-0.88,1.48283,1968.67,1053.8,-2160.01,2,0,0,0,9,
281209330,-1.49585,-0.88,1.48283,1968.67,1053.8,-2160.01,2,0,0,0,9,
281209370,-1.49585,-0.88,1.48283,1968.67,1053.8,-2160.01,2,0,0,0,9,
281209411,-1.49585,-0.88,1.48283,1968.67,1053.8,-2160.01,2,0,0,0,9,
281209451,-1.49585,-0.88,1.48283,1968.67,1053.8,-2160.01,2,0,0,0,9,
281209490,-1.49585,-0.88,1.48283,1968.67,1053.8,-2160.01,2,0,0,0,9,
281209530,-1.49585,-0.88,1.48283,1968.67,1053.8,-2160.01,2,0,0,0,9,
281209570,-1.49585,-0.88,1.48283,1968.67,1053.8,-2160.01,2,0,0,0,9,
281209610,-1.49585,-0.88,1.48283,1968.67,1053.8,-2160.01,2,0,0,0,9,
281209650,-1.49585,-0.88,1.48283,1968.67,1053.8,-2160.01,2,0,0,0,9,
281209690,-1.49585,-0.88,1.48283,1968.67,1053.8,-2160.01,2,0,0,0,9,
281209731,-1.49585,-0.88,1.48283,1968.67,1053.8,-2160.01,2,0,0,0,9,
281209770,-1.49585,-0.88,1.48283,1968.67,1053.8,-2160.01,2,0,0,0,9,
281209810,-1.49585,-0.88,1.48283,1968.67,1053.8,-2160.01,2,0,0,0,9,
281209850,-1.49585,-0.88,1.48283,1968.67,1053.8,-2160.01,2,0,0,0,9,
281209890,-1.49585,-0.88,1.48283,1968.67,1053.8,-2160.01,2,0,0,0,9,
281209930,-1.49585,-0.88,1.48283,1968.67,1053.8,-2160.01,2,0,0,0,9,
281209970,-1.49585,-0.88,1.48283,1968.67,1053.8,-2160.01,2,0,0,0,9,
281210010,-1.49585,-0.88,1.48283,1968.67,1053.8,-2160.01,2,0,0,0,9,
281210051,-1.49585,-0.88,1.48283,1968.67,1053.8,-2160.01,2,0,0,0,9,
281210090,-1.49585,-0.88,1.48283,1968.67,1053.8,-2160.01,2,0,0,0,9,
281210130,-1.49585,-0.88,1.48283,1968.67,1053.8,-2160.01,2,0,0,0,9,
281210170,-1.49585,-0.88,1.48283,1968.67,1053.8,-2160.01,2,0,0,0,9,
281210210,-1.49585,-0.88,1.48283,1968.67,1053.8,-2160.01,2,0,0,0,9,
281210250,-1.49585,-0.88,1.48283,1968.67,1053.8,-2160.01,2,0,0,0,9,
281210290,-1.49585,-0.88,1.48283,1968.67,1053.8,-2160.01,2,0,0,0,9,
281210330,-1.49585,-0.88,1.48283,1968.67,1053.8,-2160.01,2,0,0,0,9,
281210371,-1.49585,-0.88,1.48283,1968.67,1053.8,-2160.01,2,0,0,0,9,
281210410,-1.49585,-0.88,1.48283,1968.67,1053.8,-2160.01,2,0,0,0,9,
281210450,-1.49585,-0.88,1.48283,1968.67,1053.8,-2160.01,2,0,0,0,9,
281210490,-1.49585,-0.88,1.48283,1968.67,1053.8,-2160.01,2,0,0,0,9,
281210530,-1.49585,-0.88,1.48283,1968.67,1053.8,-2160.01,2,0,0,0,9,
281210570,-1.49585,-0.88,1.48283,1968.67,1053.8,-2160.01,2,0,0,0,9,
281210610,-1.49585,-0.88,1.48283,1968.67,1053.8,-2160.01,2,0,0,0,9,
281210650,-1.49585,-0.88,1.48283,1968.67,1053.8,-2160.01,2,0,0,0,9,
281210691,-1.49585,-0.88,1.48283,1968.67,1053.8,-2160.01,2,0,0,0,9,
281210730,-1.49585,-0.88,1.48283,1968.67,1053.8,-2160.01,2,0,0,0,9,
281210770,-1.49585,-0.88,1.48283,1968.67,1053.8,-2160.01,2,0,0,0,9,
281210810,-1.49585,-0.88,1.48283,1968.67,1053.8,-2160.01,2,0,0,0,9,
281210850,-1.49585,-0.88,1.48283,1968.67,1053.8,-2160.01,2,0,0,0,9,
281210890,-1.49585,-0.88,1.48283,1968.67,1053.8,-2160.01,2,0,0,0,9,
281210930,-1.49585,-0.88,1.48283,1968.67,1053.8,-2160.01,2,0,0,0,9,
281210970,-1.49585,-0.88,1.48283,1968.67,1053.8,-2160.01,2,0,0,0,9,
281211011,-1.49585,-0.88,1.48283,1968.67,1053.8,-2160.01,2,0,0,0,9,
281211050,-1.49585,-0.88,1.48283,1968.67,1053.8,-2160.01,2,0,0,0,9,
281211090,-1.49585,-0.88,1.48283,1968.67,1053.8,-2160.01,2,0,0,0,9,
281211130,-1.49585,-0.88,1.48283,1968.67,1053.8,-2160.01,2,0,0,0,9,
281211170,-1.49585,-0.88,1.48283,1968.67,1053.8,-2160.01,2,0,0,0,9,
281211210,-1.49585,-0.88,1.48283,1968.67,1053.8,-2160.01,2,0,0,0,9,
281211250,-1.49585,-0.88,1.48283,1968.67,1053.8,-2160.01,2,0,0,0,9,
