milisec,RacketX,RacketY,RacketZ,forceX,forceX,forceX,ForceRatio,FriendPoint,EnemyPoint,haptics,scene
282040040,0,0,0,8451.65,8799.12,-9403.24,8.8,0,0,0,0,
282040072,-1.48855,-0.88,1.48976,1562.09,1635.04,-1740.22,1.6,0,0,0,0,
282040082,-1.48855,-0.88,1.48976,585.783,613.14,-652.583,0.6,0,0,0,0,
282040123,-1.48855,-0.88,1.48976,1952.61,2043.8,-2175.28,2,0,0,0,0,
282040163,-1.48855,-0.88,1.48976,1952.61,2043.8,-2175.28,2,0,0,0,0,
282040202,-1.48855,-0.88,1.48976,1952.61,2043.8,-2175.28,2,0,0,0,0,
282040242,-1.48855,-0.88,1.48976,1952.61,2043.8,-2175.28,2,0,0,0,0,
282040303,-1.48855,-0.88,1.48976,2928.92,3065.7,-3262.92,3,0,0,0,0,
282040322,-1.48855,-0.88,1.48976,976.305,1021.9,-1087.64,1,0,0,0,0,
282040375,-1.48855,-0.88,1.48976,2538.39,2656.94,-2827.86,2.6,0,0,0,0,
282040402,-1.48855,-0.88,1.48976,1366.83,1430.66,-1522.69,1.4,0,0,0,0,
282040443,-1.48855,-0.88,1.48976,1952.61,2043.8,-2175.28,2,0,0,0,0,
282040483,-1.48855,-0.88,1.48976,1952.61,2043.8,-2175.28,2,0,0,0,0,
282040522,-1.48855,-0.88,1.48976,1952.61,2043.8,-2175.28,2,0,0,0,0,
282040562,-1.48855,-0.88,1.48976,1952.61,2043.8,-2175.28,2,0,0,0,0,
282040602,-1.48855,-0.88,1.48976,1952.61,2043.8,-2175.28,2,0,0,0,0,
282040642,-1.48855,-0.88,1.48976,1952.61,2043.8,-2175.28,2,0,0,0,0,
282040682,-1.48855,-0.88,1.48976,1952.61,2043.8,-2175.28,2,0,0,0,0,
282040722,-1.48855,-0.88,1.48976,1952.61,2043.8,-2175.28,2,0,0,0,0,
282040763,-1.48855,-0.88,1.48976,1952.61,2043.8,-2175.28,2,0,0,0,0,
282040803,-1.48855,-0.88,1.48976,1952.61,2043.8,-2175.28,2,0,0,0,0,
282040842,-1.48855,-0.88,1.48976,1952.61,2043.8,-2175.28,2,0,0,0,0,
282040882,-1.48855,-0.88,1.48976,1952.61,2043.8,-2175.28,2,0,0,0,0,
282040922,-1.48855,-0.88,1.48976,1952.61,2043.8,-2175.28,2,0,0,0,0,
282040962,-1.48855,-0.88,1.48976,1952.61,2043.8,-2175.28,2,0,0,0,0,
282041002,-1.48855,-0.88,1.48976,1952.61,2043.8,-2175.28,2,0,0,0,0,
282041042,-1.48855,-0.88,1.48976,1952.61,2043.8,-2175.28,2,0,0,0,0,
282041083,-1.48855,-0.88,1.48976,1952.61,2043.8,-2175.28,2,0,0,0,0,
282041123,-1.48855,-0.88,1.48976,1952.61,2043.8,-2175.28,2,0,0,0,0,
282041162,-1.48855,-0.88,1.48976,1952.61,2043.8,-2175.28,2,0,0,0,0,
282041202,-1.48855,-0.88,1.48976,1952.61,2043.8,-2175.28,2,0,0,0,0,
282041242,-1.48855,-0.88,1.48976,1952.61,2043.8,-2175.28,2,0,0,0,0,
282041282,-1.48855,-0.88,1.48976,1952.61,2043.8,-2175.28,2,0,0,0,0,
282041322,-1.48855,-0.88,1.48976,1952.61,2043.8,-2175.28,2,0,0,0,0,
282041363,-1.48855,-0.88,1.48976,1952.61,2043.8,-2175.28,2,0,0,0,0,
282041403,-1.48855,-0.88,1.48976,1952.61,2043.8,-2175.28,2,0,0,0,0,
282041442,-1.48855,-0.88,1.48976,1952.61,2043.8,-2175.28,2,0,0,0,0,
282041482,-1.48855,-0.88,1.48976,1952.61,2043.8,-2175.28,2,0,0,0,0,
282041522,-1.48855,-0.88,1.48976,1952.61,2043.8,-2175.28,2,0,0,0,0,
282041562,-1.48855,-0.88,1.48976,1952.61,2043.8,-2175.28,2,0,0,0,0,
282041602,-1.48855,-0.88,1.48976,1952.61,2043.8,-2175.28,2,0,0,0,0,
282041642,-1.48855,-0.88,1.48976,1952.61,2043.8,-2175.28,2,0,0,0,0,
282041683,-1.48855,-0.88,1.48976,1952.61,2043.8,-2175.28,2,0,0,0,0,
282041723,-1.48855,-0.88,1.48976,1952.61,2043.8,-2175.28,2,0,0,0,0,
282041762,-1.48855,-0.88,1.48976,1952.61,2043.8,-2175.28,2,0,0,0,0,
282041802,-1.48855,-0.88,1.48976,1952.61,2043.8,-2175.28,2,0,0,0,0,
282041842,-1.48855,-0.88,1.48976,1952.61,2043.8,-2175.28,2,0,0,0,0,
282041882,-1.48855,-0.88,1.48976,1952.61,2043.8,-2175.28,2,0,0,0,0,
282041922,-1.48855,-0.88,1.48976,1952.61,2043.8,-2175.28,2,0,0,0,0,
282041962,-1.48855,-0.88,1.48976,1952.61,2043.8,-2175.28,2,0,0,0,0,
282042003,-1.48855,-0.88,1.48976,1952.61,2043.8,-2175.28,2,0,0,0,0,
282042045,-1.48855,-0.88,1.48976,1952.61,2043.8,-2175.28,2,0,0,0,0,
282042082,-1.48855,-0.88,1.48976,1952.61,2043.8,-2175.28,2,0,0,0,0,
282042122,-1.48855,-0.88,1.48976,1952.61,2043.8,-2175.28,2,0,0,0,0,
282042162,-1.48855,-0.88,1.48976,1952.61,2043.8,-2175.28,2,0,0,0,0,
282042202,-1.48855,-0.88,1.48976,1952.61,2043.8,-2175.28,2,0,0,0,0,
282042242,-0.355,-0.88,0.476287,1952.61,2043.8,-2175.28,2,0,0,0,0,
282042282,-0.355,-0.88,0.476287,0,2043.8,0,2,0,0,0,0,
282042323,-0.3852,-0.88,0.589275,0,2043.8,-19.833,2,0,0,0,0,
282042363,-0.4801,-0.88,0.828862,0,2043.8,-430.056,2,0,0,0,0,
282042402,-0.49005,-0.88,0.84,0,2043.8,-740.9,2,0,0,0,0,
282042442,-0.49005,-0.88,0.84,0,2043.8,-745.8,2,0,0,0,0,
282042482,-0.49005,-0.88,0.84,0,2043.8,-745.8,2,0,0,0,0,
282042522,-0.49005,-0.88,0.84,0,2043.8,-745.8,2,0,0,0,0,
282042562,-0.49005,-0.88,0.84,0,2043.8,-745.8,2,0,0,0,0,
282042602,-0.49005,-0.88,0.84,0,2043.8,-745.8,2,0,0,0,0,
282042643,-0.49005,-0.88,0.84,0,2043.8,-745.8,2,0,0,0,0,
282042683,-0.49005,-0.88,0.84,0,2043.8,-745.8,2,0,0,0,0,
282042722,-0.49005,-0.88,0.84,0,2043.8,-745.8,2,0,0,0,0,
282042762,-0.49005,-0.88,0.84,0,2043.8,-745.8,2,0,0,0,0,
282042802,-0.49005,-0.88,0.84,0,2043.8,-745.8,2,0,0,0,0,
282042842,-0.49005,-0.88,0.84,0,2043.8,-745.8,2,0,0,0,0,
282042882,-0.49005,-0.88,0.84,0,2043.8,-745.8,2,0,0,0,0,
282042922,-0.49005,-0.88,0.84,0,2043.8,-745.8,2,0,0,0,0,
282042963,-0.49005,-0.88,0.84,0,2043.8,-745.8,2,0,0,0,0,
282043003,-0.49005,-0.88,0.84,0,2043.8,-745.8,2,0,0,0,0,
282043042,-0.49005,-0.88,0.84,0,2043.8,-745.8,2,0,0,0,0,
282043082,-0.49005,-0.88,0.84,0,2043.8,-745.8,2,0,0,0,0,
282043122,-0.49005,-0.88,0.84,0,2043.8,-745.8,2,0,0,0,0,
282043162,-0.49005,-0.88,0.84,0,2043.8,-745.8,2,0,0,0,0,
282043202,-0.49005,-0.88,0.84,0,2043.8,-745.8,2,0,0,0,0,
282043243,-0.49005,-0.88,0.84,0,2043.8,-745.8,2,0,0,0,0,
282043283,-0.49005,-0.88,0.84,0,2043.8,-745.8,2,0,0,0,0,
282043322,-0.49005,-0.88,0.84,0,2043.8,-745.8,2,0,0,0,0,
282043362,-0.49005,-0.88,0.84,0,2043.8,-745.8,2,0,0,0,0,
282043402,-0.49005,-0.88,0.84,0,2043.8,-745.8,2,0,0,0,0,
282043442,-0.49005,-0.88,0.84,0,2043.8,-745.8,2,0,0,0,0,
282043482,-0.49005,-0.88,0.84,0,2043.8,-745.8,2,0,0,0,0,
282043522,-0.49005,-0.88,0.84,0,2043.8,-745.8,2,0,0,0,8,
282043563,-0.49005,-0.88,0.84,0,2043.8,-745.8,2,0,0,0,8,
282043603,-0.49005,-0.88,0.84,0,2043.8,-745.8,2,0,0,0,8,
282043642,-0.49005,-0.88,0.84,0,2043.8,-745.8,2,0,0,0,8,
282043682,-0.49005,-0.88,0.84,0,2043.8,-745.8,2,0,0,0,8,
282043722,-0.49005,-0.88,0.84,0,2043.8,-745.8,2,0,0,0,8,
282043762,-0.49005,-0.88,0.84,0,2043.8,-745.8,2,0,0,0,8,
282043802,-0.49005,-0.88,0.84,0,2043.8,-745.8,2,0,0,0,8,
282043842,-0.49005,-0.88,0.84,0,2043.8,-745.8,2,0,0,0,8,
282043883,-0.49005,-0.88,0.84,0,2043.8,-745.8,2,0,0,0,8,
282043923,-0.49005,-0.88,0.84,0,2043.8,-745.8,2,0,0,0,8,
282043962,-0.49005,-0.88,0.84,0,2043.8,-745.8,2,0,0,0,8,
282044002,-0.49005,-0.88,0.84,0,2043.8,-745.8,2,0,0,0,8,
282044042,-0.49005,-0.88,0.84,0,2043.8,-745.8,2,0,0,0,8,
282044082,-0.49005,-0.88,0.84,0,2043.8,-745.8,2,0,0,0,8,
282044122,-0.49005,-0.88,0.84,0,2043.8,-745.8,2,0,0,0,8,
282044162,-0.49005,-0.88,0.84,0,2043.8,-745.8,2,0,0,0,8,
282044203,-0.49005,-0.88,0.84,0,2043.8,-745.8,2,0,0,0,8,
282044243,-0.49005,-0.88,0.84,0,2043.8,-745.8,2,0,0,0,8,
282044282,-0.49005,-0.88,0.84,0,2043.8,-745.8,2,0,0,0,8,
282044322,-0.49005,-0.88,0.84,0,2043.8,-745.8,2,0,0,0,8,
282044362,-0.49005,-0.88,0.84,0,2043.8,-745.8,2,0,0,0,8,
282044402,-0.49005,-0.88,0.84,0,2043.8,-745.8,2,0,0,0,8,
282044442,-0.49005,-0.88,0.84,0,2043.8,-745.8,2,0,0,0,8,
282044482,-0.49005,-0.88,0.84,0,2043.8,-745.8,2,0,0,0,8,
282044523,-0.49005,-0.88,0.84,0,2043.8,-745.8,2,0,0,0,8,
282044563,-0.49005,-0.88,0.84,0,2043.8,-745.8,2,0,0,0,8,
282044602,-0.49005,-0.88,0.84,0,2043.8,-745.8,2,0,0,0,8,
282044642,-0.49005,-0.88,0.84,0,2043.8,-745.8,2,0,0,0,8,
282044682,-0.49005,-0.88,0.84,0,2043.8,-745.8,2,0,0,0,8,
282044722,-0.49005,-0.88,0.84,0,2043.8,-745.8,2,0,0,0,8,
282044762,-0.49005,-0.88,0.84,0,2043.8,-745.8,2,0,0,0,8,
282044802,-0.49005,-0.88,0.84,0,2043.8,-745.8,2,0,0,0,8,
282044843,-0.49005,-0.88,0.84,0,2043.8,-745.8,2,0,0,0,8,
282044883,-0.49005,-0.88,0.84,0,2043.8,-745.8,2,0,0,0,8,
282044922,-0.49005,-0.88,0.84,0,2043.8,-745.8,2,0,0,0,8,
282044962,-0.49005,-0.88,0.84,0,2043.8,-745.8,2,0,0,0,8,
282045002,-0.49005,-0.88,0.84,0,2043.8,-745.8,2,0,0,0,8,
282045042,-0.49005,-0.88,0.84,0,2043.8,-745.8,2,0,0,0,8,
282045082,-0.49005,-0.88,0.84,0,2043.8,-745.8,2,0,0,0,8,
282045123,-0.49005,-0.88,0.84,0,2043.8,-745.8,2,0,0,0,8,
282045163,-0.49005,-0.88,0.84,0,2043.8,-745.8,2,0,0,0,8,
282045203,-0.49005,-0.88,0.84,0,2043.8,-745.8,2,0,0,0,8,
282045242,-0.49005,-0.88,0.84,0,2043.8,-745.8,2,0,0,0,8,
282045282,-0.49005,-0.88,0.84,0,2043.8,-745.8,2,0,0,0,8,
282045322,-0.49005,-0.88,0.84,0,2043.8,-745.8,2,0,0,0,8,
282045363,-0.49005,-0.88,0.84,0,2043.8,-745.8,2,0,0,0,8,
282045402,-0.49005,-0.88,0.84,0,2043.8,-745.8,2,0,0,0,8,
282045443,-0.49005,-0.88,0.84,0,2043.8,-745.8,2,0,0,0,8,
282045483,-0.49005,-0.88,0.84,0,2043.8,-745.8,2,0,0,0,8,
282045522,-0.49005,-0.88,0.84,0,2043.8,-745.8,2,0,0,0,8,
282045562,-0.49005,-0.88,0.84,0,2043.8,-745.8,2,0,0,0,8,
282045602,-0.49005,-0.88,0.84,0,2043.8,-745.8,2,0,0,0,8,
282045642,-0.49005,-0.88,0.84,0,2043.8,-745.8,2,0,0,0,8,
282045682,-0.49005,-0.88,0.84,0,2043.8,-745.8,2,0,0,0,8,
282045722,-0.49005,-0.88,0.84,0,2043.8,-745.8,2,0,0,0,8,
282045763,-0.49005,-0.88,0.84,0,2043.8,-745.8,2,0,0,0,8,
282045803,-0.49005,-0.88,0.84,0,2043.8,-745.8,2,0,0,0,8,
282045842,-0.49005,-0.88,0.84,0,2043.8,-745.8,2,0,0,0,8,
282045882,-0.49005,-0.88,0.84,0,2043.8,-745.8,2,0,0,0,8,
282045922,-0.49005,-0.88,0.84,0,2043.8,-745.8,2,0,0,0,8,
282045962,-0.49005,-0.88,0.84,0,2043.8,-745.8,2,0,0,0,8,
282046002,-0.49005,-0.88,0.84,0,2043.8,-745.8,2,0,0,0,8,
282046042,-0.49005,-0.88,0.84,0,2043.8,-745.8,2,0,0,0,8,
282046083,-0.49005,-0.88,0.84,0,2043.8,-745.8,2,0,0,0,8,
282046123,-0.49005,-0.88,0.84,0,2043.8,-745.8,2,0,0,0,8,
282046162,-0.49005,-0.88,0.84,0,2043.8,-745.8,2,0,0,0,8,
282046202,-0.49005,-0.88,0.84,0,2043.8,-745.8,2,0,0,0,8,
282046242,-0.49005,-0.88,0.84,0,2043.8,-745.8,2,0,0,0,8,
282046282,-0.49005,-0.88,0.84,0,2043.8,-745.8,2,0,0,0,8,
282046322,-0.49005,-0.88,0.84,0,2043.8,-745.8,2,0,0,0,8,
282046362,-0.49005,-0.88,0.84,0,2043.8,-745.8,2,0,0,0,8,
282046403,-0.49005,-0.88,0.84,0,2043.8,-745.8,2,0,0,0,8,
282046443,-0.49005,-0.88,0.84,0,2043.8,-745.8,2,0,0,0,8,
282046482,-0.49005,-0.88,0.84,0,2043.8,-745.8,2,0,0,0,8,
282046522,-0.49005,-0.88,0.84,0,2043.8,-745.8,2,0,0,0,8,
282046562,-0.49005,-0.88,0.84,0,2043.8,-745.8,2,0,0,0,8,
282046602,-0.49005,-0.88,0.84,0,2043.8,-745.8,2,0,0,0,8,
282046642,-0.49005,-0.88,0.84,0,2043.8,-745.8,2,0,0,0,8,
282046682,-0.49005,-0.88,0.84,0,2043.8,-745.8,2,0,0,0,8,
282046723,-0.49005,-0.88,0.84,0,2043.8,-745.8,2,0,0,0,8,
282046763,-0.49005,-0.88,0.84,0,2043.8,-745.8,2,0,0,0,8,
282046802,-0.49005,-0.88,0.84,0,2043.8,-745.8,2,0,0,0,8,
282046842,-0.49005,-0.88,0.84,0,2043.8,-745.8,2,0,0,0,8,
282046882,-0.49005,-0.88,0.84,0,2043.8,-745.8,2,0,0,0,8,
282046922,-0.49005,-0.88,0.84,0,2043.8,-745.8,2,0,0,0,8,
282046962,-0.49005,-0.88,0.84,0,2043.8,-745.8,2,0,0,0,8,
282047003,-0.49005,-0.88,0.84,0,2043.8,-745.8,2,0,0,0,8,
282047043,-0.49005,-0.88,0.84,0,2043.8,-745.8,2,0,0,0,8,
282047083,-0.49005,-0.88,0.84,0,2043.8,-745.8,2,0,0,0,8,
282047122,-0.49005,-0.88,0.84,0,2043.8,-745.8,2,0,0,0,8,
282047162,-0.49005,-0.88,0.84,0,2043.8,-745.8,2,0,0,0,8,
282047202,-0.49005,-0.88,0.84,0,2043.8,-745.8,2,0,0,0,8,
282047242,-0.49005,-0.88,0.84,0,2043.8,-745.8,2,0,0,0,8,
282047282,-0.49005,-0.88,0.84,0,2043.8,-745.8,2,0,0,0,8,
282047323,-0.49005,-0.88,0.84,0,2043.8,-745.8,2,0,0,0,8,
282047363,-0.49005,-0.88,0.84,0,2043.8,-745.8,2,0,0,0,8,
282047402,-0.49005,-0.88,0.84,0,2043.8,-745.8,2,0,0,0,8,
282047442,-0.49005,-0.88,0.84,0,2043.8,-745.8,2,0,0,0,8,
282047482,-0.49005,-0.88,0.84,0,2043.8,-745.8,2,0,0,0,8,
282047522,-0.49005,-0.88,0.84,0,2043.8,-745.8,2,0,0,0,8,
282047562,-0.49005,-0.88,0.84,0,2043.8,-745.8,2,0,0,0,8,
282047602,-0.49005,-0.88,0.84,0,2043.8,-745.8,2,0,0,0,8,
282047643,-0.49005,-0.88,0.84,0,2043.8,-745.8,2,0,0,0,8,
282047683,-0.49005,-0.88,0.84,0,2043.8,-745.8,2,0,0,0,8,
282047722,-0.49005,-0.88,0.84,0,2043.8,-745.8,2,0,0,0,8,
282047762,-0.49005,-0.88,0.84,0,2043.8,-745.8,2,0,0,0,8,
282047802,-0.49005,-0.88,0.84,0,2043.8,-745.8,2,0,0,0,8,
282047842,-0.49005,-0.88,0.84,0,2043.8,-745.8,2,0,0,0,8,
282047882,-0.49005,-0.88,0.84,0,2043.8,-745.8,2,0,0,0,8,
282047922,-0.49005,-0.88,0.84,0,2043.8,-745.8,2,0,0,0,8,
282047963,-0.49005,-0.88,0.84,0,2043.8,-745.8,2,0,0,0,8,
282048003,-0.49005,-0.88,0.84,0,2043.8,-745.8,2,0,0,0,8,
282048042,-0.49005,-0.88,0.84,0,2043.8,-745.8,2,0,0,0,8,
282048082,-0.49005,-0.88,0.84,0,2043.8,-745.8,2,0,0,0,8,
282048122,-0.49005,-0.88,0.84,0,2043.8,-745.8,2,0,0,0,8,
282048162,-0.49005,-0.88,0.84,0,2043.8,-745.8,2,0,0,0,8,
282048202,-0.49005,-0.88,0.84,0,2043.8,-745.8,2,0,0,0,8,
282048242,-0.49005,-0.88,0.84,0,2043.8,-745.8,2,0,0,0,8,
282048283,-0.49005,-0.88,0.84,0,2043.8,-745.8,2,0,0,0,8,
282048323,-0.49005,-0.88,0.84,0,2043.8,-745.8,2,0,0,0,8,
282048362,-0.49005,-0.88,0.84,0,2043.8,-745.8,2,0,0,0,8,
282048402,-0.49005,-0.88,0.84,0,2043.8,-745.8,2,0,0,0,8,
282048442,-0.49005,-0.88,0.84,0,2043.8,-745.8,2,0,0,0,8,
282048482,-0.49005,-0.88,0.84,0,2043.8,-745.8,2,0,0,0,8,
282048522,-0.49005,-0.88,0.84,0,2043.8,-745.8,2,0,0,0,8,
282048562,-0.49005,-0.88,0.84,0,2043.8,-745.8,2,0,0,0,8,
282048604,-0.49005,-0.88,0.84,0,2043.8,-745.8,2,0,0,0,8,
282048643,-0.49005,-0.88,0.84,0,2043.8,-745.8,2,0,0,0,8,
282048682,-0.49005,-0.88,0.84,0,2043.8,-745.8,2,0,0,0,8,
282048722,-0.49005,-0.88,0.84,0,2043.8,-745.8,2,0,0,0,8,
282048762,-0.49005,-0.88,0.84,0,2043.8,-745.8,2,0,0,0,8,
282048802,-0.49005,-0.88,0.84,0,2043.8,-745.8,2,0,0,0,8,
282048842,-0.49005,-0.88,0.84,0,2043.8,-745.8,2,0,0,0,8,
282048883,-0.49005,-0.88,0.84,0,2043.8,-745.8,2,0,0,0,8,
282048923,-0.49005,-0.88,0.84,0,2043.8,-745.8,2,0,0,0,8,
282048963,-0.49005,-0.88,0.84,0,2043.8,-745.8,2,0,0,0,8,
282049002,-0.49005,-0.88,0.84,0,2043.8,-745.8,2,0,0,0,8,
282049042,-0.49005,-0.88,0.84,0,2043.8,-745.8,2,0,0,0,8,
282049082,-0.49005,-0.88,0.84,0,2043.8,-745.8,2,0,0,0,8,
282049122,-0.49005,-0.88,0.84,0,2043.8,-745.8,2,0,0,0,8,
282049162,-0.49005,-0.88,0.84,0,2043.8,-745.8,2,0,0,0,8,
282049203,-0.49005,-0.88,0.84,0,2043.8,-745.8,2,0,0,0,8,
282049243,-0.49005,-0.88,0.84,0,2043.8,-745.8,2,0,0,0,8,
282049282,-0.49005,-0.88,0.84,0,2043.8,-745.8,2,0,0,0,8,
282049322,-0.49005,-0.88,0.84,0,2043.8,-745.8,2,0,0,0,8,
282049362,-0.49005,-0.88,0.84,0,2043.8,-745.8,2,0,0,0,8,
282049402,-0.49005,-0.88,0.84,0,2043.8,-745.8,2,0,0,0,8,
282049442,-0.49005,-0.88,0.84,0,2043.8,-745.8,2,0,0,0,8,
282049482,-0.49005,-0.88,0.84,0,2043.8,-745.8,2,0,0,0,8,
282049523,-0.49005,-0.88,0.84,0,2043.8,-745.8,2,0,0,0,8,
282049563,-0.49005,-0.88,0.84,0,2043.8,-745.8,2,0,0,0,8,
282049602,-0.49005,-0.88,0.84,0,2043.8,-745.8,2,0,0,0,8,
282049642,-0.49005,-0.88,0.84,0,2043.8,-745.8,2,0,0,0,8,
282049682,-0.49005,-0.88,0.84,0,2043.8,-745.8,2,0,0,0,8,
282049722,-0.49005,-0.88,0.84,0,2043.8,-745.8,2,0,0,0,8,
282049762,-0.49005,-0.88,0.84,0,2043.8,-745.8,2,0,0,0,8,
282049802,-0.49005,-0.88,0.84,0,2043.8,-745.8,2,0,0,0,8,
282049843,-0.49005,-0.88,0.84,0,2043.8,-745.8,2,0,0,0,8,
282049883,-0.49005,-0.88,0.84,0,2043.8,-745.8,2,0,0,0,8,
282049922,-0.49005,-0.88,0.84,0,2043.8,-745.8,2,0,0,0,8,
282049962,-0.49005,-0.88,0.84,0,2043.8,-745.8,2,0,0,0,8,
282050002,-0.49005,-0.88,0.84,0,2043.8,-745.8,2,0,0,0,8,
282050042,-0.49005,-0.88,0.84,0,2043.8,-745.8,2,0,0,0,8,
282050082,-0.49005,-0.88,0.84,0,2043.8,-745.8,2,0,0,0,8,
282050122,-0.49005,-0.88,0.84,0,2043.8,-745.8,2,0,0,0,8,
282050163,-0.49005,-0.88,0.84,0,2043.8,-745.8,2,0,0,0,8,
282050203,-0.49005,-0.88,0.84,0,2043.8,-745.8,2,0,0,0,8,
282050242,-0.49005,-0.88,0.84,0,2043.8,-745.8,2,0,0,0,8,
282050282,-0.49005,-0.88,0.84,0,2043.8,-745.8,2,0,0,0,8,
282050322,-0.49005,-0.88,0.84,0,2043.8,-745.8,2,0,0,0,8,
282050362,-0.49005,-0.88,0.84,0,2043.8,-745.8,2,0,0,0,8,
282050402,-0.49005,-0.88,0.84,0,2043.8,-745.8,2,0,0,0,8,
282050442,-0.49005,-0.88,0.84,0,2043.8,-745.8,2,0,0,0,8,
282050483,-0.49005,-0.88,0.84,0,2043.8,-745.8,2,0,0,0,8,
282050523,-0.49005,-0.88,0.84,0,2043.8,-745.8,2,0,0,0,8,
282050562,-0.49005,-0.88,0.84,0,2043.8,-745.8,2,0,0,0,8,
282050602,-0.49005,-0.88,0.84,0,2043.8,-745.8,2,0,0,0,8,
282050642,-0.49005,-0.88,0.84,0,2043.8,-745.8,2,0,0,0,8,
282050682,-0.49005,-0.88,0.84,0,2043.8,-745.8,2,0,0,0,8,
282050722,-0.49005,-0.88,0.84,0,2043.8,-745.8,2,0,0,0,8,
282050763,-0.49005,-0.88,0.84,0,2043.8,-745.8,2,0,0,0,8,
282050803,-0.49005,-0.88,0.84,0,2043.8,-745.8,2,0,0,0,8,
282050843,-0.49005,-0.88,0.84,0,2043.8,-745.8,2,0,0,0,8,
282050882,-0.49005,-0.88,0.84,0,2043.8,-745.8,2,0,0,0,8,
282050922,-0.49005,-0.88,0.84,0,2043.8,-745.8,2,0,0,0,8,
282050962,-0.49005,-0.88,0.84,0,2043.8,-745.8,2,0,0,0,8,
282051002,-0.49005,-0.88,0.84,0,2043.8,-745.8,2,0,0,0,8,
282051042,-0.49005,-0.88,0.84,0,2043.8,-745.8,2,0,0,0,8,
282051083,-0.49005,-0.88,0.84,0,2043.8,-745.8,2,0,0,0,8,
282051123,-0.49005,-0.88,0.84,0,2043.8,-745.8,2,0,0,0,8,
282051162,-0.49005,-0.88,0.84,0,2043.8,-745.8,2,0,0,0,8,
282051202,-0.49005,-0.88,0.84,0,2043.8,-745.8,2,0,0,0,8,
282051242,-0.49005,-0.88,0.84,0,2043.8,-745.8,2,0,0,0,8,
282051282,-0.49005,-0.88,0.84,0,2043.8,-745.8,2,0,0,0,8,
282051322,-0.49005,-0.88,0.84,0,2043.8,-745.8,2,0,0,0,8,
282051362,-0.49005,-0.88,0.84,0,2043.8,-745.8,2,0,0,0,8,
282051403,-0.49005,-0.88,0.84,0,2043.8,-745.8,2,0,0,0,8,
282051443,-0.49005,-0.88,0.84,0,2043.8,-745.8,2,0,0,0,8,
282051482,-0.49005,-0.88,0.84,0,2043.8,-745.8,2,0,0,0,8,
282051522,-0.49005,-0.88,0.84,0,2043.8,-745.8,2,0,0,0,8,
282051562,-0.49005,-0.88,0.84,0,2043.8,-745.8,2,0,0,0,8,
282051602,-0.49005,-0.88,0.84,0,2043.8,-745.8,2,0,0,0,8,
282051642,-0.49005,-0.88,0.84,0,2043.8,-745.8,2,0,0,0,8,
282051682,-0.49005,-0.88,0.84,0,2043.8,-745.8,2,0,0,0,8,
282051723,-0.49005,-0.88,0.84,0,2043.8,-745.8,2,0,0,0,8,
282051763,-0.49005,-0.88,0.84,0,2043.8,-745.8,2,0,0,0,8,
282051802,-0.49005,-0.88,0.84,0,2043.8,-745.8,2,0,0,0,8,
282051842,-0.49005,-0.88,0.84,0,2043.8,-745.8,2,0,0,0,8,
282051882,-0.49005,-0.88,0.84,0,2043.8,-745.8,2,0,0,0,8,
282051922,-0.49005,-0.88,0.84,0,2043.8,-745.8,2,0,0,0,8,
282051962,-0.49005,-0.88,0.84,0,2043.8,-745.8,2,0,0,0,8,
282052002,-0.49005,-0.88,0.84,0,2043.8,-745.8,2,0,0,0,8,
282052043,-0.49005,-0.88,0.84,0,2043.8,-745.8,2,0,0,0,8,
282052083,-0.49005,-0.88,0.84,0,2043.8,-745.8,2,0,0,0,8,
282052122,-0.49005,-0.88,0.84,0,2043.8,-745.8,2,0,0,0,8,
282052162,-0.49005,-0.88,0.84,0,2043.8,-745.8,2,0,0,0,8,
282052202,-0.49005,-0.88,0.84,0,2043.8,-745.8,2,0,0,0,8,
282052242,-0.49005,-0.88,0.84,0,2043.8,-745.8,2,0,0,0,8,
282052282,-0.49005,-0.88,0.84,0,2043.8,-745.8,2,0,0,0,8,
282052322,-0.49005,-0.88,0.84,0,2043.8,-745.8,2,0,0,0,8,
282052363,-0.49005,-0.88,0.84,0,2043.8,-745.8,2,0,0,0,8,
282052403,-0.49005,-0.88,0.84,0,2043.8,-745.8,2,0,0,0,8,
282052442,-0.49005,-0.88,0.84,0,2043.8,-745.8,2,0,0,0,8,
282052482,-0.49005,-0.88,0.84,0,2043.8,-745.8,2,0,0,0,8,
282052522,-0.49005,-0.88,0.84,0,2043.8,-745.8,2,0,0,0,8,
282052562,-0.49005,-0.88,0.84,0,2043.8,-745.8,2,0,0,0,8,
282052602,-0.49005,-0.88,0.84,0,2043.8,-745.8,2,0,0,0,8,
282052642,-0.49005,-0.88,0.84,0,2043.8,-745.8,2,0,0,0,8,
282052683,-0.49005,-0.88,0.84,0,2043.8,-745.8,2,0,0,0,8,
282052723,-0.49005,-0.88,0.84,0,2043.8,-745.8,2,0,0,0,8,
282052762,-0.49005,-0.88,0.84,0,2043.8,-745.8,2,0,0,0,8,
282052802,-0.49005,-0.88,0.84,0,2043.8,-745.8,2,0,0,0,8,
282052842,-0.49005,-0.88,0.84,0,2043.8,-745.8,2,0,0,0,8,
282052882,-0.49005,-0.88,0.84,0,2043.8,-745.8,2,0,0,0,8,
282052922,-0.49005,-0.88,0.84,0,2043.8,-745.8,2,0,0,0,8,
282052963,-0.49005,-0.88,0.84,0,2043.8,-745.8,2,0,0,0,8,
282053003,-0.49005,-0.88,0.84,0,2043.8,-745.8,2,0,0,0,8,
282053042,-0.49005,-0.88,0.84,0,2043.8,-745.8,2,0,0,0,8,
282053082,-0.49005,-0.88,0.84,0,2043.8,-745.8,2,0,0,0,8,
282053122,-0.49005,-0.88,0.84,0,2043.8,-745.8,2,0,0,0,8,
282053162,-0.49005,-0.88,0.84,0,2043.8,-745.8,2,0,0,0,8,
282053202,-0.49005,-0.88,0.84,0,2043.8,-745.8,2,0,0,0,8,
282053242,-0.49005,-0.88,0.84,0,2043.8,-745.8,2,0,0,0,8,
282053283,-0.49005,-0.88,0.84,0,2043.8,-745.8,2,0,0,0,8,
282053323,-0.49005,-0.88,0.84,0,2043.8,-745.8,2,0,0,0,8,
282053362,-0.49005,-0.88,0.84,0,2043.8,-745.8,2,0,0,0,8,
282053402,-0.49005,-0.88,0.84,0,2043.8,-745.8,2,0,0,0,8,
282053442,-0.49005,-0.88,0.84,0,2043.8,-745.8,2,0,0,0,8,
282053482,-0.49005,-0.88,0.84,0,2043.8,-745.8,2,0,0,0,8,
282053522,-0.49005,-0.88,0.84,0,2043.8,-745.8,2,0,0,0,8,
282053562,-0.49005,-0.88,0.84,0,2043.8,-745.8,2,0,0,0,8,
282053603,-0.49005,-0.88,0.84,0,2043.8,-745.8,2,0,0,0,8,
282053643,-0.49005,-0.88,0.84,0,2043.8,-745.8,2,0,0,0,8,
282053682,-0.49005,-0.88,0.84,0,2043.8,-745.8,2,0,0,0,8,
282053722,-0.49005,-0.88,0.84,0,2043.8,-745.8,2,0,0,0,8,
282053762,-0.49005,-0.88,0.84,0,2043.8,-745.8,2,0,0,0,8,
282053802,-0.49005,-0.88,0.84,0,2043.8,-745.8,2,0,0,0,8,
282053842,-0.49005,-0.88,0.84,0,2043.8,-745.8,2,0,0,0,8,
282053882,-0.49005,-0.88,0.84,0,2043.8,-745.8,2,0,0,0,8,
282053923,-0.49005,-0.88,0.84,0,2043.8,-745.8,2,0,0,0,8,
282053963,-0.49005,-0.88,0.84,0,2043.8,-745.8,2,0,0,0,8,
282054002,-0.49005,-0.88,0.84,0,2043.8,-745.8,2,0,0,0,8,
282054042,-0.49005,-0.88,0.84,0,2043.8,-745.8,2,0,0,0,8,
282054082,-0.49005,-0.88,0.84,0,2043.8,-745.8,2,0,0,0,8,
282054122,-0.49005,-0.88,0.84,0,2043.8,-745.8,2,0,0,0,8,
282054162,-0.49005,-0.88,0.84,0,2043.8,-745.8,2,0,0,0,8,
282054202,-0.49005,-0.88,0.84,0,2043.8,-745.8,2,0,0,0,8,
282054243,-0.49005,-0.88,0.84,0,2043.8,-745.8,2,0,0,0,8,
282054283,-0.49005,-0.88,0.84,0,2043.8,-745.8,2,0,0,0,8,
282054322,-0.49005,-0.88,0.84,0,2043.8,-745.8,2,0,0,0,8,
282054362,-0.49005,-0.88,0.84,0,2043.8,-745.8,2,0,0,0,8,
282054402,-0.49005,-0.88,0.84,0,2043.8,-745.8,2,0,0,0,8,
282054442,-0.49005,-0.88,0.84,0,2043.8,-745.8,2,0,0,0,8,
282054482,-0.49005,-0.88,0.84,0,2043.8,-745.8,2,0,0,0,8,
282054522,-0.49005,-0.88,0.84,0,2043.8,-745.8,2,0,0,0,8,
282054563,-0.49005,-0.88,0.84,0,2043.8,-745.8,2,0,0,0,8,
282054603,-0.49005,-0.88,0.84,0,2043.8,-745.8,2,0,0,0,8,
282054642,-0.49005,-0.88,0.84,0,2043.8,-745.8,2,0,0,0,8,
282054682,-0.49005,-0.88,0.84,0,2043.8,-745.8,2,0,0,0,8,
282054722,-0.49005,-0.88,0.84,0,2043.8,-745.8,2,0,0,0,8,
282054762,-0.49005,-0.88,0.84,0,2043.8,-745.8,2,0,0,0,8,
282054802,-0.49005,-0.88,0.84,0,2043.8,-745.8,2,0,0,0,8,
282054843,-0.49005,-0.88,0.84,0,2043.8,-745.8,2,0,0,0,8,
282054883,-0.49005,-0.88,0.84,0,2043.8,-745.8,2,0,0,0,8,
282054922,-0.49005,-0.88,0.84,0,2043.8,-745.8,2,0,0,0,8,
282054962,-0.49005,-0.88,0.84,0,2043.8,-745.8,2,0,0,0,8,
282055002,-0.49005,-0.88,0.84,0,2043.8,-745.8,2,0,0,0,8,
282055042,-0.49005,-0.88,0.84,0,2043.8,-745.8,2,0,0,0,8,
282055082,-0.49005,-0.88,0.84,0,2043.8,-745.8,2,0,0,0,8,
282055122,-0.49005,-0.88,0.84,0,2043.8,-745.8,2,0,0,0,8,
282055163,-0.49005,-0.88,0.84,0,2043.8,-745.8,2,0,0,0,8,
282055203,-0.49005,-0.88,0.84,0,2043.8,-745.8,2,0,0,0,8,
282055242,-0.49005,-0.88,0.84,0,2043.8,-745.8,2,0,0,0,8,
282055282,-0.49005,-0.88,0.84,0,2043.8,-745.8,2,0,0,0,8,
282055322,-0.49005,-0.88,0.84,0,2043.8,-745.8,2,0,0,0,8,
282055362,-0.49005,-0.88,0.84,0,2043.8,-745.8,2,0,0,0,8,
282055402,-0.49005,-0.88,0.84,0,2043.8,-745.8,2,0,0,0,8,
282055442,-0.49005,-0.88,0.84,0,2043.8,-745.8,2,0,0,0,8,
282055483,-0.49005,-0.88,0.84,0,2043.8,-745.8,2,0,0,0,8,
282055523,-0.49005,-0.88,0.84,0,2043.8,-745.8,2,0,0,0,8,
282055562,-0.49005,-0.88,0.84,0,2043.8,-745.8,2,0,0,0,8,
282055602,-0.49005,-0.88,0.84,0,2043.8,-745.8,2,0,0,0,8,
282055642,-0.49005,-0.88,0.84,0,2043.8,-745.8,2,0,0,0,8,
282055682,-0.49005,-0.88,0.84,0,2043.8,-745.8,2,0,0,0,8,
282055722,-0.49005,-0.88,0.84,0,2043.8,-745.8,2,0,0,0,8,
282055762,-0.49005,-0.88,0.84,0,2043.8,-745.8,2,0,0,0,8,
282055803,-0.49005,-0.88,0.84,0,2043.8,-745.8,2,0,0,0,8,
282055843,-0.49005,-0.88,0.84,0,2043.8,-745.8,2,0,0,0,8,
282055882,-0.49005,-0.88,0.84,0,2043.8,-745.8,2,0,0,0,8,
282055922,-0.49005,-0.88,0.84,0,2043.8,-745.8,2,0,0,0,8,
282055962,-0.49005,-0.88,0.84,0,2043.8,-745.8,2,0,0,0,8,
282056002,-0.49005,-0.88,0.84,0,2043.8,-745.8,2,0,0,0,8,
282056042,-0.49005,-0.88,0.84,0,2043.8,-745.8,2,0,0,0,8,
282056082,-0.49005,-0.88,0.84,0,2043.8,-745.8,2,0,0,0,8,
282056123,-0.49005,-0.88,0.84,0,2043.8,-745.8,2,0,0,0,8,
282056163,-0.49005,-0.88,0.84,0,2043.8,-745.8,2,0,0,0,8,
282056202,-0.49005,-0.88,0.84,0,2043.8,-745.8,2,0,0,0,8,
282056242,-0.49005,-0.88,0.84,0,2043.8,-745.8,2,0,0,0,8,
282056282,-0.49005,-0.88,0.84,0,2043.8,-745.8,2,0,0,0,8,
282056322,-0.49005,-0.88,0.84,0,2043.8,-745.8,2,0,0,0,8,
282056362,-0.49005,-0.88,0.84,0,2043.8,-745.8,2,0,0,0,8,
282056402,-0.49005,-0.88,0.84,0,2043.8,-745.8,2,0,0,0,8,
282056443,-0.49005,-0.88,0.84,0,2043.8,-745.8,2,0,0,0,8,
282056483,-0.49005,-0.88,0.84,0,2043.8,-745.8,2,0,0,0,8,
282056522,-0.49005,-0.88,0.84,0,2043.8,-745.8,2,0,0,0,8,
282056562,-0.49005,-0.88,0.84,0,2043.8,-745.8,2,0,0,0,8,
282056602,-0.49005,-0.88,0.84,0,2043.8,-745.8,2,0,0,0,8,
282056642,-0.49005,-0.88,0.84,0,2043.8,-745.8,2,0,0,0,8,
282056682,-0.49005,-0.88,0.84,0,2043.8,-745.8,2,0,0,0,8,
282056723,-0.49005,-0.88,0.84,0,2043.8,-745.8,2,0,0,0,8,
282056763,-0.49005,-0.88,0.84,0,2043.8,-745.8,2,0,0,0,8,
282056802,-0.49005,-0.88,0.84,0,2043.8,-745.8,2,0,0,0,8,
282056842,-0.49005,-0.88,0.84,0,2043.8,-745.8,2,0,0,0,8,
282056882,-0.49005,-0.88,0.84,0,2043.8,-745.8,2,0,0,0,8,
282056922,-0.49005,-0.88,0.84,0,2043.8,-745.8,2,0,0,0,8,
282056962,-0.49005,-0.88,0.84,0,2043.8,-745.8,2,0,0,0,8,
282057002,-0.49005,-0.88,0.84,0,2043.8,-745.8,2,0,0,0,8,
282057043,-0.49005,-0.88,0.84,0,2043.8,-745.8,2,0,0,0,8,
282057083,-0.49005,-0.88,0.84,0,2043.8,-745.8,2,0,0,0,8,
282057122,-0.49005,-0.88,0.84,0,2043.8,-745.8,2,0,0,0,8,
282057162,-0.49005,-0.88,0.84,0,2043.8,-745.8,2,0,0,0,8,
282057202,-0.49005,-0.88,0.84,0,2043.8,-745.8,2,0,0,0,8,
282057242,-0.49005,-0.88,0.84,0,2043.8,-745.8,2,0,0,0,8,
282057282,-0.49005,-0.88,0.84,0,2043.8,-745.8,2,0,0,0,8,
282057322,-0.49005,-0.88,0.84,0,2043.8,-745.8,2,0,0,0,8,
282057363,-0.49005,-0.88,0.84,0,2043.8,-745.8,2,0,0,0,8,
282057403,-0.49005,-0.88,0.84,0,2043.8,-745.8,2,0,0,0,8,
282057442,-0.49005,-0.88,0.84,0,2043.8,-745.8,2,0,0,0,8,
282057482,-0.49005,-0.88,0.84,0,2043.8,-745.8,2,0,0,0,8,
282057522,-0.49005,-0.88,0.84,0,2043.8,-745.8,2,0,0,0,8,
282057562,-0.49005,-0.88,0.84,0,2043.8,-745.8,2,0,0,0,8,
282057602,-0.49005,-0.88,0.84,0,2043.8,-745.8,2,0,0,0,8,
282057642,-0.49005,-0.88,0.84,0,2043.8,-745.8,2,0,0,0,8,
282057683,-0.49005,-0.88,0.84,0,2043.8,-745.8,2,0,0,0,8,
282057723,-0.49005,-0.88,0.84,0,2043.8,-745.8,2,0,0,0,8,
282057762,-0.49005,-0.88,0.84,0,2043.8,-745.8,2,0,0,0,8,
282057802,-0.49005,-0.88,0.84,0,2043.8,-745.8,2,0,0,0,8,
282057842,-0.49005,-0.88,0.84,0,2043.8,-745.8,2,0,0,0,8,
282057882,-0.49005,-0.88,0.84,0,2043.8,-745.8,2,0,0,0,8,
282057922,-0.49005,-0.88,0.84,0,2043.8,-745.8,2,0,0,0,8,
282057962,-0.49005,-0.88,0.84,0,2043.8,-745.8,2,0,0,0,8,
282058003,-0.49005,-0.88,0.84,0,2043.8,-745.8,2,0,0,0,8,
282058043,-0.49005,-0.88,0.84,0,2043.8,-745.8,2,0,0,0,8,
282058082,-0.49005,-0.88,0.84,0,2043.8,-745.8,2,0,0,0,8,
282058122,-0.49005,-0.88,0.84,0,2043.8,-745.8,2,0,0,0,8,
282058162,-0.49005,-0.88,0.84,0,2043.8,-745.8,2,0,0,0,8,
282058202,-0.49005,-0.88,0.84,0,2043.8,-745.8,2,0,0,0,8,
282058242,-0.49005,-0.88,0.84,0,2043.8,-745.8,2,0,0,0,8,
282058282,-0.49005,-0.88,0.84,0,2043.8,-745.8,2,0,0,0,8,
282058323,-0.49005,-0.88,0.84,0,2043.8,-745.8,2,0,0,0,8,
282058363,-0.49005,-0.88,0.84,0,2043.8,-745.8,2,0,0,0,8,
282058402,-0.49005,-0.88,0.84,0,2043.8,-745.8,2,0,0,0,8,
282058442,-0.49005,-0.88,0.84,0,2043.8,-745.8,2,0,0,0,8,
282058496,-0.49005,-0.88,0.84,0,2656.94,-969.54,2.6,0,0,0,8,
282058522,-0.49005,-0.88,0.84,0,1430.66,-522.06,1.4,0,0,0,8,
282058562,-0.49005,-0.88,0.84,0,2043.8,-745.8,2,0,0,0,8,
282058603,-0.49005,-0.88,0.84,0,2043.8,-745.8,2,0,0,0,8,
282058643,-0.49005,-0.88,0.84,0,2043.8,-745.8,2,0,0,0,8,
282058683,-0.49005,-0.88,0.84,0,2043.8,-745.8,2,0,0,0,8,
282058722,-0.49005,-0.88,0.84,0,2043.8,-745.8,2,0,0,0,8,
282058762,-0.49005,-0.88,0.84,0,2043.8,-745.8,2,0,0,0,8,
282058802,-0.49005,-0.88,0.84,0,2043.8,-745.8,2,0,0,0,8,
282058842,-0.49005,-0.88,0.84,0,2043.8,-745.8,2,0,0,0,8,
282058882,-0.49005,-0.88,0.84,0,2043.8,-745.8,2,0,0,0,8,
282058923,-0.49005,-0.88,0.84,0,2043.8,-745.8,2,0,0,0,8,
282058963,-0.49005,-0.88,0.84,0,2043.8,-745.8,2,0,0,0,8,
282059002,-0.49005,-0.88,0.84,0,2043.8,-745.8,2,0,0,0,8,
282059042,-0.49005,-0.88,0.84,0,2043.8,-745.8,2,0,0,0,8,
282059082,-0.49005,-0.88,0.84,0,2043.8,-745.8,2,0,0,0,8,
282059122,-0.49005,-0.88,0.84,0,2043.8,-745.8,2,0,0,0,8,
282059162,-0.49005,-0.88,0.84,0,2043.8,-745.8,2,0,0,0,8,
282059202,-0.49005,-0.88,0.84,0,2043.8,-745.8,2,0,0,0,8,
282059243,-0.49005,-0.88,0.84,0,2043.8,-745.8,2,0,0,0,8,
282059283,-0.49005,-0.88,0.84,0,2043.8,-745.8,2,0,0,0,8,
282059322,-0.49005,-0.88,0.84,0,2043.8,-745.8,2,0,0,0,8,
282059362,-0.49005,-0.88,0.84,0,2043.8,-745.8,2,0,0,0,8,
282059402,-0.49005,-0.88,0.84,0,2043.8,-745.8,2,0,0,0,8,
282059442,-0.49005,-0.88,0.84,0,2043.8,-745.8,2,0,0,0,8,
282059482,-0.49005,-0.88,0.84,0,2043.8,-745.8,2,0,0,0,8,
282059522,-0.49005,-0.88,0.84,0,2043.8,-745.8,2,0,0,0,8,
282059563,-0.49005,-0.88,0.84,0,2043.8,-745.8,2,0,0,0,8,
282059603,-0.49005,-0.88,0.84,0,2043.8,-745.8,2,0,0,0,8,
282059642,-0.49005,-0.88,0.84,0,2043.8,-745.8,2,0,0,0,8,
282059682,-0.49005,-0.88,0.84,0,2043.8,-745.8,2,0,0,0,8,
282059722,-0.49005,-0.88,0.84,0,2043.8,-745.8,2,0,0,0,8,
282059762,-0.49005,-0.88,0.84,0,2043.8,-745.8,2,0,0,0,8,
282059802,-0.49005,-0.88,0.84,0,2043.8,-745.8,2,0,0,0,8,
282059842,-0.49005,-0.88,0.84,0,2043.8,-745.8,2,0,0,0,8,
282059883,-0.49005,-0.88,0.84,0,2043.8,-745.8,2,0,0,0,8,
282059923,-0.49005,-0.88,0.84,0,2043.8,-745.8,2,0,0,0,8,
282059962,-0.49005,-0.88,0.84,0,2043.8,-745.8,2,0,0,0,8,
282060002,-0.49005,-0.88,0.84,0,2043.8,-745.8,2,0,0,0,8,
282060042,-0.49005,-0.88,0.84,0,2043.8,-745.8,2,0,0,0,8,
282060082,-0.49005,-0.88,0.84,0,2043.8,-745.8,2,0,0,0,8,
282060122,-0.49005,-0.88,0.84,0,2043.8,-745.8,2,0,0,0,8,
282060162,-0.49005,-0.88,0.84,0,2043.8,-745.8,2,0,0,0,8,
282060203,-0.49005,-0.88,0.84,0,2043.8,-745.8,2,0,0,0,8,
282060243,-0.49005,-0.88,0.84,0,2043.8,-745.8,2,0,0,0,8,
282060282,-0.49005,-0.88,0.84,0,2043.8,-745.8,2,0,0,0,8,
282060322,-0.49005,-0.88,0.84,0,2043.8,-745.8,2,0,0,0,8,
282060362,-0.49005,-0.88,0.84,0,2043.8,-745.8,2,0,0,0,8,
282060402,-0.49005,-0.88,0.84,0,2043.8,-745.8,2,0,0,0,8,
282060442,-0.49005,-0.88,0.84,0,2043.8,-745.8,2,0,0,0,8,
282060483,-0.49005,-0.88,0.84,0,2043.8,-745.8,2,0,0,0,8,
282060523,-0.49005,-0.88,0.84,0,2043.8,-745.8,2,0,0,0,8,
282060563,-0.49005,-0.88,0.84,0,2043.8,-745.8,2,0,0,0,8,
282060602,-0.49005,-0.88,0.84,0,2043.8,-745.8,2,0,0,0,8,
282060642,-0.49005,-0.88,0.84,0,2043.8,-745.8,2,0,0,0,8,
282060682,-0.49005,-0.88,0.84,0,2043.8,-745.8,2,0,0,0,8,
282060722,-0.49005,-0.88,0.84,0,2043.8,-745.8,2,0,0,0,8,
282060762,-0.49005,-0.88,0.84,0,2043.8,-745.8,2,0,0,0,8,
282060803,-0.49005,-0.88,0.84,0,2043.8,-745.8,2,0,0,0,8,
282060843,-0.49005,-0.88,0.84,0,2043.8,-745.8,2,0,0,0,8,
282060882,-0.49005,-0.88,0.84,0,2043.8,-745.8,2,0,0,0,8,
282060922,-0.49005,-0.88,0.84,0,2043.8,-745.8,2,0,0,0,8,
282060962,-0.49005,-0.88,0.84,0,2043.8,-745.8,2,0,0,0,8,
282061002,-0.49005,-0.88,0.84,0,2043.8,-745.8,2,0,0,0,8,
282061042,-0.49005,-0.88,0.84,0,2043.8,-745.8,2,0,0,0,8,
282061082,-0.49005,-0.88,0.84,0,2043.8,-745.8,2,0,0,0,8,
282061123,-0.49005,-0.88,0.84,0,2043.8,-745.8,2,0,0,0,8,
282061163,-0.49005,-0.88,0.84,0,2043.8,-745.8,2,0,0,0,8,
282061202,-0.49005,-0.88,0.84,0,2043.8,-745.8,2,0,0,0,8,
282061242,-0.49005,-0.88,0.84,0,2043.8,-745.8,2,0,0,0,8,
282061282,-0.49005,-0.88,0.84,0,2043.8,-745.8,2,0,0,0,8,
282061322,-0.49005,-0.88,0.84,0,2043.8,-745.8,2,0,0,0,8,
282061362,-0.49005,-0.88,0.84,0,2043.8,-745.8,2,0,0,0,8,
282061402,-0.49005,-0.88,0.84,0,2043.8,-745.8,2,0,0,0,8,
282061443,-0.49005,-0.88,0.84,0,2043.8,-745.8,2,0,0,0,8,
282061483,-0.49005,-0.88,0.84,0,2043.8,-745.8,2,0,0,0,8,
282061522,-0.49005,-0.88,0.84,0,2043.8,-745.8,2,0,0,0,8,
282061562,-0.49005,-0.88,0.84,0,2043.8,-745.8,2,0,0,0,8,
282061602,-0.49005,-0.88,0.84,0,2043.8,-745.8,2,0,0,0,8,
282061642,-0.49005,-0.88,0.84,0,2043.8,-745.8,2,0,0,0,8,
282061682,-0.49005,-0.88,0.84,0,2043.8,-745.8,2,0,0,0,8,
282061722,-0.49005,-0.88,0.84,0,2043.8,-745.8,2,0,0,0,8,
282061763,-0.49005,-0.88,0.84,0,2043.8,-745.8,2,0,0,0,8,
282061803,-0.49005,-0.88,0.84,0,2043.8,-745.8,2,0,0,0,8,
282061842,-0.49005,-0.88,0.84,0,2043.8,-745.8,2,0,0,0,8,
282061882,-0.49005,-0.88,0.84,0,2043.8,-745.8,2,0,0,0,8,
282061922,-0.49005,-0.88,0.84,0,2043.8,-745.8,2,0,0,0,8,
282061962,-0.49005,-0.88,0.84,0,2043.8,-745.8,2,0,0,0,8,
282062002,-0.49005,-0.88,0.84,0,2043.8,-745.8,2,0,0,0,8,
282062042,-0.49005,-0.88,0.84,0,2043.8,-745.8,2,0,0,0,8,
282062083,-0.49005,-0.88,0.84,0,2043.8,-745.8,2,0,0,0,8,
282062123,-0.49005,-0.88,0.84,0,2043.8,-745.8,2,0,0,0,8,
282062162,-0.49005,-0.88,0.84,0,2043.8,-745.8,2,0,0,0,8,
282062202,-0.49005,-0.88,0.84,0,2043.8,-745.8,2,0,0,0,8,
282062242,-0.49005,-0.88,0.84,0,2043.8,-745.8,2,0,0,0,8,
282062282,-0.49005,-0.88,0.84,0,2043.8,-745.8,2,0,0,0,8,
282062322,-0.49005,-0.88,0.84,0,2043.8,-745.8,2,0,0,0,8,
282062363,-0.49005,-0.88,0.84,0,2043.8,-745.8,2,0,0,0,8,
282062403,-0.49005,-0.88,0.84,0,2043.8,-745.8,2,0,0,0,8,
282062443,-0.49005,-0.88,0.84,0,2043.8,-745.8,2,0,0,0,8,
282062482,-0.49005,-0.88,0.84,0,2043.8,-745.8,2,0,0,0,8,
282062522,-0.49005,-0.88,0.84,0,2043.8,-745.8,2,0,0,0,8,
282062562,-0.49005,-0.88,0.84,0,2043.8,-745.8,2,0,0,0,8,
282062602,-0.49005,-0.88,0.84,0,2043.8,-745.8,2,0,0,0,8,
282062642,-0.49005,-0.88,0.84,0,2043.8,-745.8,2,0,0,0,8,
282062683,-0.49005,-0.88,0.84,0,2043.8,-745.8,2,0,0,0,8,
282062723,-0.49005,-0.88,0.84,0,2043.8,-745.8,2,0,0,0,8,
282062762,-0.49005,-0.88,0.84,0,2043.8,-745.8,2,0,0,0,8,
282062802,-0.49005,-0.88,0.84,0,2043.8,-745.8,2,0,0,0,8,
282062842,-0.49005,-0.88,0.84,0,2043.8,-745.8,2,0,0,0,8,
282062882,-0.49005,-0.88,0.84,0,2043.8,-745.8,2,0,0,0,8,
282062922,-0.49005,-0.88,0.84,0,2043.8,-745.8,2,0,0,0,8,
282062962,-0.49005,-0.88,0.84,0,2043.8,-745.8,2,0,0,0,8,
282063003,-0.49005,-0.88,0.84,0,2043.8,-745.8,2,0,0,0,8,
282063043,-0.49005,-0.88,0.84,0,2043.8,-745.8,2,0,0,0,8,
282063082,-0.49005,-0.88,0.84,0,2043.8,-745.8,2,0,0,0,8,
282063122,-0.49005,-0.88,0.84,0,2043.8,-745.8,2,0,0,0,8,
282063162,-0.49005,-0.88,0.84,0,2043.8,-745.8,2,0,0,0,8,
282063202,-0.49005,-0.88,0.84,0,2043.8,-745.8,2,0,0,0,8,
282063242,-0.49005,-0.88,0.84,0,2043.8,-745.8,2,0,0,0,8,
282063282,-0.49005,-0.88,0.84,0,2043.8,-745.8,2,0,0,0,8,
282063323,-0.49005,-0.88,0.84,0,2043.8,-745.8,2,0,0,0,8,
282063363,-0.49005,-0.88,0.84,0,2043.8,-745.8,2,0,0,0,8,
282063402,-0.49005,-0.88,0.84,0,2043.8,-745.8,2,0,0,0,8,
282063442,-0.49005,-0.88,0.84,0,2043.8,-745.8,2,0,0,0,8,
282063482,-0.49005,-0.88,0.84,0,2043.8,-745.8,2,0,0,0,8,
282063522,-0.49005,-0.88,0.84,0,2043.8,-745.8,2,0,0,0,8,
282063562,-0.49005,-0.88,0.84,0,2043.8,-745.8,2,0,0,0,8,
282063602,-0.49005,-0.88,0.84,0,2043.8,-745.8,2,0,0,0,8,
282063643,-0.49005,-0.88,0.84,0,2043.8,-745.8,2,0,0,0,8,
282063683,-0.49005,-0.88,0.84,0,2043.8,-745.8,2,0,0,0,8,
282063722,-0.49005,-0.88,0.84,0,2043.8,-745.8,2,0,0,0,8,
282063762,-0.49005,-0.88,0.84,0,2043.8,-745.8,2,0,0,0,8,
282063802,-0.49005,-0.88,0.84,0,2043.8,-745.8,2,0,0,0,8,
282063842,-0.49005,-0.88,0.84,0,2043.8,-745.8,2,0,0,0,8,
282063882,-0.49005,-0.88,0.84,0,2043.8,-745.8,2,0,0,0,8,
282063922,-0.49005,-0.88,0.84,0,2043.8,-745.8,2,0,0,0,2,
282063963,-0.49005,-0.88,0.84,0,2043.8,-745.8,2,0,0,0,2,
282064003,-0.49005,-0.88,0.84,0,2043.8,-745.8,2,0,0,0,2,
282064042,-0.49005,-0.88,0.84,0,2043.8,-745.8,2,0,0,0,2,
282064082,-0.49005,-0.88,0.84,0,2043.8,-745.8,2,0,0,0,2,
282064122,-0.49005,-0.88,0.84,0,2043.8,-745.8,2,0,0,0,2,
282064162,-0.49005,-0.88,0.84,0,2043.8,-745.8,2,0,0,0,2,
282064202,-0.49005,-0.88,0.84,0,2043.8,-745.8,2,0,0,0,2,
282064242,-0.49005,-0.88,0.84,0,2043.8,-745.8,2,0,0,0,2,
282064283,-0.49005,-0.88,0.84,0,2043.8,-745.8,2,0,0,0,2,
282064323,-0.49005,-0.88,0.84,0,2043.8,-745.8,2,0,0,0,2,
282064362,-0.49005,-0.88,0.84,0,2043.8,-745.8,2,0,0,0,2,
282064402,-0.49005,-0.88,0.84,0,2043.8,-745.8,2,0,0,0,2,
282064442,-0.49005,-0.88,0.84,0,2043.8,-745.8,2,0,0,0,2,
282064482,-0.49005,-0.88,0.84,0,2043.8,-745.8,2,0,0,0,2,
282064522,-0.49005,-0.88,0.84,0,2043.8,-745.8,2,0,0,0,2,
282064563,-0.49005,-0.88,0.84,0,2043.8,-745.8,2,0,0,0,2,
282064603,-0.49005,-0.88,0.84,0,2043.8,-745.8,2,0,0,0,2,
282064642,-0.49005,-0.88,0.84,0,2043.8,-745.8,2,0,0,0,2,
282064682,-0.49005,-0.88,0.84,0,2043.8,-745.8,2,0,0,0,2,
282064722,-0.49005,-0.88,0.84,0,2043.8,-745.8,2,0,0,0,2,
282064762,-0.49005,-0.88,0.84,0,2043.8,-745.8,2,0,0,0,2,
282064802,-0.49005,-0.88,0.84,0,2043.8,-745.8,2,0,0,0,2,
282064842,-0.49005,-0.88,0.84,0,2043.8,-745.8,2,0,0,0,2,
282064883,-0.49005,-0.88,0.84,0,2043.8,-745.8,2,0,0,0,2,
282064923,-0.49005,-0.88,0.84,0,2043.8,-745.8,2,0,0,0,2,
282064962,-0.49005,-0.88,0.84,0,2043.8,-745.8,2,0,0,0,2,
282065002,-0.49005,-0.88,0.84,0,2043.8,-745.8,2,0,0,0,2,
282065042,-0.49005,-0.88,0.84,0,2043.8,-745.8,2,0,0,0,2,
282065082,-0.49005,-0.88,0.84,0,2043.8,-745.8,2,0,0,0,2,
282065122,-0.49005,-0.88,0.84,0,2043.8,-745.8,2,0,0,0,2,
282065162,-0.49005,-0.88,0.84,0,2043.8,-745.8,2,0,0,0,3,
282065209,-0.49005,-0.88,0.84,0,2248.18,-820.38,2.2,0,0,0,3,
282065243,-0.49005,-0.88,0.84,0,1839.42,-671.22,1.8,0,0,0,3,
282065282,-0.49005,-0.88,0.84,0,2043.8,-745.8,2,0,0,0,3,
282065322,-0.49005,-0.88,0.84,0,2043.8,-745.8,2,0,0,0,3,
282065362,-0.49005,-0.88,0.84,0,2043.8,-745.8,2,0,0,0,3,
282065402,-0.49005,-0.88,0.84,0,2043.8,-745.8,2,0,0,0,3,
282065442,-0.49005,-0.88,0.84,0,2043.8,-745.8,2,0,0,0,3,
282065482,-0.49005,-0.88,0.84,0,2043.8,-745.8,2,0,0,0,3,
282065523,-0.49005,-0.88,0.84,0,2043.8,-745.8,2,0,0,0,3,
282065563,-0.49005,-0.88,0.84,0,2043.8,-745.8,2,0,0,0,3,
282065602,-0.49005,-0.88,0.84,0,2043.8,-745.8,2,0,0,0,3,
282065642,-0.49005,-0.88,0.84,0,2043.8,-745.8,2,0,0,0,3,
282065682,-0.49005,-0.88,0.84,0,2043.8,-745.8,2,0,0,0,3,
282065722,-0.49005,-0.88,0.84,0,2043.8,-745.8,2,0,0,0,3,
282065762,-0.49005,-0.88,0.84,0,2043.8,-745.8,2,0,0,0,3,
282065802,-0.49005,-0.88,0.84,0,2043.8,-745.8,2,0,0,0,3,
282065843,-0.49005,-0.88,0.84,0,2043.8,-745.8,2,0,0,0,3,
282065883,-0.49005,-0.88,0.84,0,2043.8,-745.8,2,0,0,0,3,
282065922,-0.49005,-0.88,0.84,0,2043.8,-745.8,2,0,0,0,3,
282065962,-0.49005,-0.88,0.84,0,2043.8,-745.8,2,0,0,0,3,
282066002,-0.49005,-0.88,0.84,0,2043.8,-745.8,2,0,0,0,3,
282066042,-0.49005,-0.88,0.84,0,2043.8,-745.8,2,0,0,0,3,
282066082,-0.49005,-0.88,0.84,0,2043.8,-745.8,2,0,0,0,3,
282066122,-0.49005,-0.88,0.84,0,2043.8,-745.8,2,0,0,0,3,
282066163,-0.49005,-0.88,0.84,0,2043.8,-745.8,2,0,0,0,3,
282066203,-0.49005,-0.88,0.84,0,2043.8,-745.8,2,0,0,0,3,
282066242,-0.49005,-0.88,0.84,0,2043.8,-745.8,2,0,0,0,3,
282066282,-0.49005,-0.88,0.84,0,2043.8,-745.8,2,0,0,0,3,
282066322,-0.49005,-0.88,0.84,0,2043.8,-745.8,2,0,0,0,3,
282066362,-0.49005,-0.88,0.84,0,2043.8,-745.8,2,0,0,0,3,
282066402,-0.49005,-0.88,0.84,0,2043.8,-745.8,2,0,0,0,3,
282066443,-0.49005,-0.88,0.84,0,2043.8,-745.8,2,0,0,0,3,
282066483,-0.49005,-0.88,0.84,0,2043.8,-745.8,2,0,0,0,3,
282066522,-0.49005,-0.88,0.84,0,2043.8,-745.8,2,0,0,0,3,
282066562,-0.49005,-0.88,0.84,0,2043.8,-745.8,2,0,0,0,3,
282066602,-0.49005,-0.88,0.84,0,2043.8,-745.8,2,0,0,0,3,
282066642,-0.49005,-0.88,0.84,0,2043.8,-745.8,2,0,0,0,3,
282066682,-0.49005,-0.88,0.84,0,2043.8,-745.8,2,0,0,0,3,
282066722,-0.49005,-0.88,0.84,0,2043.8,-745.8,2,0,0,0,3,
282066763,-0.49005,-0.88,0.84,0,2043.8,-745.8,2,0,0,0,3,
282066803,-0.49005,-0.88,0.84,0,2043.8,-745.8,2,0,0,0,3,
282066842,-0.49005,-0.88,0.84,0,2043.8,-745.8,2,0,0,0,3,
282066882,-0.49005,-0.88,0.84,0,2043.8,-745.8,2,0,0,0,3,
282066922,-0.49005,-0.88,0.84,0,2043.8,-745.8,2,0,0,0,3,
282066962,-0.49005,-0.88,0.84,0,2043.8,-745.8,2,0,0,0,3,
282067002,-0.49005,-0.88,0.84,0,2043.8,-745.8,2,0,0,0,3,
282067042,-0.49005,-0.88,0.84,0,2043.8,-745.8,2,0,0,0,3,
282067083,-0.49005,-0.88,0.84,0,2043.8,-745.8,2,0,0,0,3,
282067123,-0.49005,-0.88,0.84,0,2043.8,-745.8,2,0,0,0,3,
282067162,-0.49005,-0.88,0.84,0,2043.8,-745.8,2,0,0,0,3,
282067202,-0.49005,-0.88,0.84,0,2043.8,-745.8,2,0,0,0,3,
282067242,-0.49005,-0.88,0.84,0,2043.8,-745.8,2,0,0,0,3,
282067282,-0.49005,-0.88,0.84,0,2043.8,-745.8,2,0,0,0,3,
282067322,-0.49005,-0.88,0.84,0,2043.8,-745.8,2,0,0,0,3,
282067362,-0.49005,-0.88,0.84,0,2043.8,-745.8,2,0,0,0,3,
282067403,-0.49005,-0.88,0.84,0,2043.8,-745.8,2,0,0,0,3,
282067443,-0.49005,-0.88,0.84,0,2043.8,-745.8,2,0,0,0,3,
282067482,-0.49005,-0.88,0.84,0,2043.8,-745.8,2,0,0,0,3,
282067522,-0.49005,-0.88,0.84,0,2043.8,-745.8,2,0,0,0,3,
282067562,-0.49005,-0.88,0.84,0,2043.8,-745.8,2,0,0,0,3,
282067602,-0.49005,-0.88,0.84,0,2043.8,-745.8,2,0,0,0,3,
282067642,-0.49005,-0.88,0.84,0,2043.8,-745.8,2,0,0,0,3,
282067682,-0.49005,-0.88,0.84,0,2043.8,-745.8,2,0,0,0,3,
282067723,-0.49005,-0.88,0.84,0,2043.8,-745.8,2,0,0,0,3,
282067763,-0.49005,-0.88,0.84,0,2043.8,-745.8,2,0,0,0,3,
282067802,-0.49005,-0.88,0.84,0,2043.8,-745.8,2,0,0,0,3,
282067842,-0.49005,-0.88,0.84,0,2043.8,-745.8,2,0,0,0,3,
282067882,-0.49005,-0.88,0.84,0,2043.8,-745.8,2,0,0,0,3,
282067922,-0.49005,-0.88,0.84,0,2043.8,-745.8,2,0,0,0,3,
282067962,-0.49005,-0.88,0.84,0,2043.8,-745.8,2,0,0,0,3,
282068002,-0.49005,-0.88,0.84,0,2043.8,-745.8,2,0,0,0,3,
282068043,-0.49005,-0.88,0.84,0,2043.8,-745.8,2,0,0,0,3,
282068083,-0.49005,-0.88,0.84,0,2043.8,-745.8,2,0,0,0,3,
282068122,-0.49005,-0.88,0.84,0,2043.8,-745.8,2,0,0,0,3,
282068162,-0.49005,-0.88,0.84,0,2043.8,-745.8,2,0,0,0,3,
282068202,-0.49005,-0.88,0.84,0,2043.8,-745.8,2,0,0,0,3,
282068242,-0.49005,-0.88,0.84,0,2043.8,-745.8,2,0,0,0,3,
282068282,-0.49005,-0.88,0.84,0,2043.8,-745.8,2,0,0,0,3,
282068323,-0.49005,-0.88,0.84,0,2043.8,-745.8,2,0,0,0,3,
282068363,-0.49005,-0.88,0.84,0,2043.8,-745.8,2,0,0,0,3,
282068402,-0.49005,-0.88,0.84,0,2043.8,-745.8,2,0,0,0,3,
282068442,-0.49005,-0.88,0.84,0,2043.8,-745.8,2,0,0,0,3,
282068482,-0.49005,-0.88,0.84,0,2043.8,-745.8,2,0,0,0,3,
282068522,-0.49005,-0.88,0.84,0,2043.8,-745.8,2,0,0,0,3,
282068572,-0.49005,-0.88,0.84,0,2452.56,-894.96,2.4,0,0,0,8,
282068602,-0.49005,-0.88,0.84,0,1635.04,-596.64,1.6,0,0,0,8,
282068643,-0.49005,-0.88,0.84,0,2043.8,-745.8,2,0,0,0,8,
282068683,-0.49005,-0.88,0.84,0,2043.8,-745.8,2,0,0,0,8,
282068722,-0.49005,-0.88,0.84,0,2043.8,-745.8,2,0,0,0,8,
282068762,-0.49005,-0.88,0.84,0,2043.8,-745.8,2,0,0,0,8,
282068802,-0.49005,-0.88,0.84,0,2043.8,-745.8,2,0,0,0,8,
282068842,-0.49005,-0.88,0.84,0,2043.8,-745.8,2,0,0,0,8,
282068882,-0.49005,-0.88,0.84,0,2043.8,-745.8,2,0,0,0,8,
282068922,-0.49005,-0.88,0.84,0,2043.8,-745.8,2,0,0,0,8,
282068963,-0.49005,-0.88,0.84,0,2043.8,-745.8,2,0,0,0,8,
282069003,-0.49005,-0.88,0.84,0,2043.8,-745.8,2,0,0,0,8,
282069042,-0.49005,-0.88,0.84,0,2043.8,-745.8,2,0,0,0,8,
282069082,-0.49005,-0.88,0.84,0,2043.8,-745.8,2,0,0,0,8,
282069122,-0.49005,-0.88,0.84,0,2043.8,-745.8,2,0,0,0,8,
282069162,-0.49005,-0.88,0.84,0,2043.8,-745.8,2,0,0,0,8,
282069202,-0.49005,-0.88,0.84,0,2043.8,-745.8,2,0,0,0,8,
282069242,-0.49005,-0.88,0.84,0,2043.8,-745.8,2,0,0,0,8,
282069283,-0.49005,-0.88,0.84,0,2043.8,-745.8,2,0,0,0,8,
282069323,-0.49005,-0.88,0.84,0,2043.8,-745.8,2,0,0,0,8,
282069362,-0.49005,-0.88,0.84,0,2043.8,-745.8,2,0,0,0,8,
282069402,-0.49005,-0.88,0.84,0,2043.8,-745.8,2,0,0,0,8,
282069442,-0.49005,-0.88,0.84,0,2043.8,-745.8,2,0,0,0,8,
282069482,-0.49005,-0.88,0.84,0,2043.8,-745.8,2,0,0,0,8,
282069522,-0.49005,-0.88,0.84,0,2043.8,-745.8,2,0,0,0,8,
282069562,-0.49005,-0.88,0.84,0,2043.8,-745.8,2,0,0,0,8,
282069603,-0.49005,-0.88,0.84,0,2043.8,-745.8,2,0,0,0,8,
282069643,-0.49005,-0.88,0.84,0,2043.8,-745.8,2,0,0,0,8,
282069682,-0.49005,-0.88,0.84,0,2043.8,-745.8,2,0,0,0,8,
282069722,-0.49005,-0.88,0.84,0,2043.8,-745.8,2,0,0,0,8,
282069762,-0.49005,-0.88,0.84,0,2043.8,-745.8,2,0,0,0,8,
282069802,-0.49005,-0.88,0.84,0,2043.8,-745.8,2,0,0,0,8,
282069842,-0.49005,-0.88,0.84,0,2043.8,-745.8,2,0,0,0,8,
282069882,-0.49005,-0.88,0.84,0,2043.8,-745.8,2,0,0,0,8,
282069923,-0.49005,-0.88,0.84,0,2043.8,-745.8,2,0,0,0,8,
282069963,-0.49005,-0.88,0.84,0,2043.8,-745.8,2,0,0,0,8,
282070002,-0.49005,-0.88,0.84,0,2043.8,-745.8,2,0,0,0,8,
282070042,-0.49005,-0.88,0.84,0,2043.8,-745.8,2,0,0,0,8,
282070082,-0.49005,-0.88,0.84,0,2043.8,-745.8,2,0,0,0,8,
282070122,-0.49005,-0.88,0.84,0,2043.8,-745.8,2,0,0,0,8,
282070162,-0.49005,-0.88,0.84,0,2043.8,-745.8,2,0,0,0,8,
282070203,-0.49005,-0.88,0.84,0,2043.8,-745.8,2,0,0,0,8,
282070243,-0.49005,-0.88,0.84,0,2043.8,-745.8,2,0,0,0,8,
282070283,-0.49005,-0.88,0.84,0,2043.8,-745.8,2,0,0,0,8,
282070322,-0.49005,-0.88,0.84,0,2043.8,-745.8,2,0,0,0,8,
282070362,-0.49005,-0.88,0.84,0,2043.8,-745.8,2,0,0,0,8,
282070402,-0.49005,-0.88,0.84,0,2043.8,-745.8,2,0,0,0,8,
282070442,-0.49005,-0.88,0.84,0,2043.8,-745.8,2,0,0,0,8,
282070482,-0.49005,-0.88,0.84,0,2043.8,-745.8,2,0,0,0,8,
282070523,-0.49005,-0.88,0.84,0,2043.8,-745.8,2,0,0,0,8,
282070563,-0.49005,-0.88,0.84,0,2043.8,-745.8,2,0,0,0,8,
282070602,-0.49005,-0.88,0.84,0,2043.8,-745.8,2,0,0,0,8,
282070642,-0.49005,-0.88,0.84,0,2043.8,-745.8,2,0,0,0,8,
282070682,-0.49005,-0.88,0.84,0,2043.8,-745.8,2,0,0,0,8,
282070722,-0.49005,-0.88,0.84,0,2043.8,-745.8,2,0,0,0,8,
282070762,-0.49005,-0.88,0.84,0,2043.8,-745.8,2,0,0,0,8,
282070802,-0.49005,-0.88,0.84,0,2043.8,-745.8,2,0,0,0,8,
282070843,-0.49005,-0.88,0.84,0,2043.8,-745.8,2,0,0,0,8,
282070883,-0.49005,-0.88,0.84,0,2043.8,-745.8,2,0,0,0,8,
282070922,-0.49005,-0.88,0.84,0,2043.8,-745.8,2,0,0,0,8,
282070962,-0.49005,-0.88,0.84,0,2043.8,-745.8,2,0,0,0,8,
282071002,-0.49005,-0.88,0.84,0,2043.8,-745.8,2,0,0,0,8,
282071042,-0.49005,-0.88,0.84,0,2043.8,-745.8,2,0,0,0,8,
282071082,-0.49005,-0.88,0.84,0,2043.8,-745.8,2,0,0,0,8,
282071122,-0.49005,-0.88,0.84,0,2043.8,-745.8,2,0,0,0,8,
282071163,-0.49005,-0.88,0.84,0,2043.8,-745.8,2,0,0,0,8,
282071203,-0.49005,-0.88,0.84,0,2043.8,-745.8,2,0,0,0,8,
282071242,-0.49005,-0.88,0.84,0,2043.8,-745.8,2,0,0,0,8,
282071282,-0.49005,-0.88,0.84,0,2043.8,-745.8,2,0,0,0,8,
282071322,-0.49005,-0.88,0.84,0,2043.8,-745.8,2,0,0,0,8,
282071362,-0.49005,-0.88,0.84,0,2043.8,-745.8,2,0,0,0,8,
282071402,-0.49005,-0.88,0.84,0,2043.8,-745.8,2,0,0,0,8,
282071442,-0.49005,-0.88,0.84,0,2043.8,-745.8,2,0,0,0,8,
282071483,-0.49005,-0.88,0.84,0,2043.8,-745.8,2,0,0,0,8,
282071523,-0.49005,-0.88,0.84,0,2043.8,-745.8,2,0,0,0,8,
282071562,-0.49005,-0.88,0.84,0,2043.8,-745.8,2,0,0,0,8,
282071602,-0.49005,-0.88,0.84,0,2043.8,-745.8,2,0,0,0,8,
282071642,-0.49005,-0.88,0.84,0,2043.8,-745.8,2,0,0,0,8,
282071682,-0.49005,-0.88,0.84,0,2043.8,-745.8,2,0,0,0,8,
282071722,-0.49005,-0.88,0.84,0,2043.8,-745.8,2,0,0,0,8,
282071762,-0.49005,-0.88,0.84,0,2043.8,-745.8,2,0,0,0,8,
282071803,-0.49005,-0.88,0.84,0,2043.8,-745.8,2,0,0,0,8,
282071843,-0.49005,-0.88,0.84,0,2043.8,-745.8,2,0,0,0,8,
282071882,-0.49005,-0.88,0.84,0,2043.8,-745.8,2,0,0,0,8,
282071922,-0.49005,-0.88,0.84,0,2043.8,-745.8,2,0,0,0,8,
282071962,-0.49005,-0.88,0.84,0,2043.8,-745.8,2,0,0,0,8,
282072002,-0.49005,-0.88,0.84,0,2043.8,-745.8,2,0,0,0,8,
282072042,-0.49005,-0.88,0.84,0,2043.8,-745.8,2,0,0,0,8,
282072083,-0.49005,-0.88,0.84,0,2043.8,-745.8,2,0,0,0,8,
282072123,-0.49005,-0.88,0.84,0,2043.8,-745.8,2,0,0,0,8,
282072163,-0.49005,-0.88,0.84,0,2043.8,-745.8,2,0,0,0,8,
282072202,-0.49005,-0.88,0.84,0,2043.8,-745.8,2,0,0,0,8,
282072242,-0.49005,-0.88,0.84,0,2043.8,-745.8,2,0,0,0,8,
282072282,-0.49005,-0.88,0.84,0,2043.8,-745.8,2,0,0,0,8,
282072322,-0.49005,-0.88,0.84,0,2043.8,-745.8,2,0,0,0,8,
282072362,-0.49005,-0.88,0.84,0,2043.8,-745.8,2,0,0,0,8,
282072403,-0.49005,-0.88,0.84,0,2043.8,-745.8,2,0,0,0,8,
282072443,-0.49005,-0.88,0.84,0,2043.8,-745.8,2,0,0,0,8,
282072482,-0.49005,-0.88,0.84,0,2043.8,-745.8,2,0,0,0,8,
282072522,-0.49005,-0.88,0.84,0,2043.8,-745.8,2,0,0,0,8,
282072564,-0.49005,-0.88,0.84,0,2043.8,-745.8,2,0,0,0,8,
282072602,-0.49005,-0.88,0.84,0,2043.8,-745.8,2,0,0,0,8,
282072642,-0.49005,-0.88,0.84,0,2043.8,-745.8,2,0,0,0,8,
282072682,-0.49005,-0.88,0.84,0,2043.8,-745.8,2,0,0,0,8,
282072723,-0.49005,-0.88,0.84,0,2043.8,-745.8,2,0,0,0,8,
282072763,-0.49005,-0.88,0.84,0,2043.8,-745.8,2,0,0,0,8,
282072802,-0.49005,-0.88,0.84,0,2043.8,-745.8,2,0,0,0,8,
282072842,-0.49005,-0.88,0.84,0,2043.8,-745.8,2,0,0,0,8,
282072882,-0.49005,-0.88,0.84,0,2043.8,-745.8,2,0,0,0,8,
282072922,-0.49005,-0.88,0.84,0,2043.8,-745.8,2,0,0,0,8,
282072962,-0.49005,-0.88,0.84,0,2043.8,-745.8,2,0,0,0,8,
282073002,-0.49005,-0.88,0.84,0,2043.8,-745.8,2,0,0,0,8,
282073043,-0.49005,-0.88,0.84,0,2043.8,-745.8,2,0,0,0,8,
282073083,-0.49005,-0.88,0.84,0,2043.8,-745.8,2,0,0,0,8,
282073122,-0.49005,-0.88,0.84,0,2043.8,-745.8,2,0,0,0,8,
282073162,-0.49005,-0.88,0.84,0,2043.8,-745.8,2,0,0,0,8,
282073202,-0.49005,-0.88,0.84,0,2043.8,-745.8,2,0,0,0,8,
282073242,-0.49005,-0.88,0.84,0,2043.8,-745.8,2,0,0,0,8,
282073282,-0.49005,-0.88,0.84,0,2043.8,-745.8,2,0,0,0,8,
282073322,-0.49005,-0.88,0.84,0,2043.8,-745.8,2,0,0,0,8,
282073363,-0.49005,-0.88,0.84,0,2043.8,-745.8,2,0,0,0,8,
282073403,-0.49005,-0.88,0.84,0,2043.8,-745.8,2,0,0,0,8,
282073442,-0.49005,-0.88,0.84,0,2043.8,-745.8,2,0,0,0,8,
282073482,-0.49005,-0.88,0.84,0,2043.8,-745.8,2,0,0,0,8,
282073522,-0.49005,-0.88,0.84,0,2043.8,-745.8,2,0,0,0,8,
282073562,-0.49005,-0.88,0.84,0,2043.8,-745.8,2,0,0,0,8,
282073602,-0.49005,-0.88,0.84,0,2043.8,-745.8,2,0,0,0,8,
282073642,-0.49005,-0.88,0.84,0,2043.8,-745.8,2,0,0,0,8,
282073683,-0.49005,-0.88,0.84,0,2043.8,-745.8,2,0,0,0,8,
282073723,-0.49005,-0.88,0.84,0,2043.8,-745.8,2,0,0,0,8,
282073762,-0.49005,-0.88,0.84,0,2043.8,-745.8,2,0,0,0,8,
282073802,-0.49005,-0.88,0.84,0,2043.8,-745.8,2,0,0,0,8,
282073842,-0.49005,-0.88,0.84,0,2043.8,-745.8,2,0,0,0,8,
282073882,-0.49005,-0.88,0.84,0,2043.8,-745.8,2,0,0,0,8,
282073922,-0.49005,-0.88,0.84,0,2043.8,-745.8,2,0,0,0,8,
282073963,-0.49005,-0.88,0.84,0,2043.8,-745.8,2,0,0,0,8,
282074003,-0.49005,-0.88,0.84,0,2043.8,-745.8,2,0,0,0,8,
282074043,-0.49005,-0.88,0.84,0,2043.8,-745.8,2,0,0,0,8,
282074082,-0.49005,-0.88,0.84,0,2043.8,-745.8,2,0,0,0,8,
282074122,-0.49005,-0.88,0.84,0,2043.8,-745.8,2,0,0,0,8,
282074162,-0.49005,-0.88,0.84,0,2043.8,-745.8,2,0,0,0,8,
282074202,-0.49005,-0.88,0.84,0,2043.8,-745.8,2,0,0,0,8,
282074242,-0.49005,-0.88,0.84,0,2043.8,-745.8,2,0,0,0,8,
282074283,-0.49005,-0.88,0.84,0,2043.8,-745.8,2,0,0,0,8,
282074323,-0.49005,-0.88,0.84,0,2043.8,-745.8,2,0,0,0,8,
282074362,-0.49005,-0.88,0.84,0,2043.8,-745.8,2,0,0,0,8,
282074402,-0.49005,-0.88,0.84,0,2043.8,-745.8,2,0,0,0,8,
282074442,-0.49005,-0.88,0.84,0,2043.8,-745.8,2,0,0,0,8,
282074482,-0.49005,-0.88,0.84,0,2043.8,-745.8,2,0,0,0,8,
282074522,-0.49005,-0.88,0.84,0,2043.8,-745.8,2,0,0,0,8,
282074562,-0.49005,-0.88,0.84,0,2043.8,-745.8,2,0,0,0,8,
282074603,-0.49005,-0.88,0.84,0,2043.8,-745.8,2,0,0,0,8,
282074643,-0.49005,-0.88,0.84,0,2043.8,-745.8,2,0,0,0,8,
282074682,-0.49005,-0.88,0.84,0,2043.8,-745.8,2,0,0,0,8,
282074722,-0.49005,-0.88,0.84,0,2043.8,-745.8,2,0,0,0,8,
282074762,-0.49005,-0.88,0.84,0,2043.8,-745.8,2,0,0,0,8,
282074802,-0.49005,-0.88,0.84,0,2043.8,-745.8,2,0,0,0,8,
282074842,-0.49005,-0.88,0.84,0,2043.8,-745.8,2,0,0,0,8,
282074882,-0.49005,-0.88,0.84,0,2043.8,-745.8,2,0,0,0,8,
282074923,-0.49005,-0.88,0.84,0,2043.8,-745.8,2,0,0,0,8,
282074963,-0.49005,-0.88,0.84,0,2043.8,-745.8,2,0,0,0,8,
282075002,-0.49005,-0.88,0.84,0,2043.8,-745.8,2,0,0,0,8,
282075042,-0.49005,-0.88,0.84,0,2043.8,-745.8,2,0,0,0,8,
282075082,-0.49005,-0.88,0.84,0,2043.8,-745.8,2,0,0,0,8,
282075122,-0.49005,-0.88,0.84,0,2043.8,-745.8,2,0,0,0,8,
282075162,-0.49005,-0.88,0.84,0,2043.8,-745.8,2,0,0,0,8,
282075202,-0.49005,-0.88,0.84,0,2043.8,-745.8,2,0,0,0,8,
282075243,-0.49005,-0.88,0.84,0,2043.8,-745.8,2,0,0,0,8,
282075283,-0.49005,-0.88,0.84,0,2043.8,-745.8,2,0,0,0,8,
282075322,-0.49005,-0.88,0.84,0,2043.8,-745.8,2,0,0,0,8,
282075362,-0.49005,-0.88,0.84,0,2043.8,-745.8,2,0,0,0,8,
282075402,-0.49005,-0.88,0.84,0,2043.8,-745.8,2,0,0,0,8,
282075442,-0.49005,-0.88,0.84,0,2043.8,-745.8,2,0,0,0,8,
282075482,-0.49005,-0.88,0.84,0,2043.8,-745.8,2,0,0,0,8,
282075522,-0.49005,-0.88,0.84,0,2043.8,-745.8,2,0,0,0,8,
282075563,-0.49005,-0.88,0.84,0,2043.8,-745.8,2,0,0,0,8,
282075603,-0.49005,-0.88,0.84,0,2043.8,-745.8,2,0,0,0,8,
282075642,-0.49005,-0.88,0.84,0,2043.8,-745.8,2,0,0,0,8,
282075682,-0.49005,-0.88,0.84,0,2043.8,-745.8,2,0,0,0,8,
282075722,-0.49005,-0.88,0.84,0,2043.8,-745.8,2,0,0,0,8,
282075762,-0.49005,-0.88,0.84,0,2043.8,-745.8,2,0,0,0,8,
282075802,-0.49005,-0.88,0.84,0,2043.8,-745.8,2,0,0,0,8,
282075843,-0.49005,-0.88,0.84,0,2043.8,-745.8,2,0,0,0,8,
282075883,-0.49005,-0.88,0.84,0,2043.8,-745.8,2,0,0,0,8,
282075923,-0.49005,-0.88,0.84,0,2043.8,-745.8,2,0,0,0,8,
282075962,-0.49005,-0.88,0.84,0,2043.8,-745.8,2,0,0,0,8,
282076003,-0.49005,-0.88,0.84,0,2043.8,-745.8,2,0,0,0,8,
282076042,-0.49005,-0.88,0.84,0,2043.8,-745.8,2,0,0,0,8,
282076082,-0.49005,-0.88,0.84,0,2043.8,-745.8,2,0,0,0,8,
282076122,-0.49005,-0.88,0.84,0,2043.8,-745.8,2,0,0,0,8,
282076163,-0.49005,-0.88,0.84,0,2043.8,-745.8,2,0,0,0,8,
282076203,-0.49005,-0.88,0.84,0,2043.8,-745.8,2,0,0,0,8,
282076242,-0.49005,-0.88,0.84,0,2043.8,-745.8,2,0,0,0,8,
282076282,-0.49005,-0.88,0.84,0,2043.8,-745.8,2,0,0,0,8,
282076322,-0.49005,-0.88,0.84,0,2043.8,-745.8,2,0,0,0,8,
282076362,-0.49005,-0.88,0.84,0,2043.8,-745.8,2,0,0,0,8,
282076402,-0.49005,-0.88,0.84,0,2043.8,-745.8,2,0,0,0,8,
282076442,-0.49005,-0.88,0.84,0,2043.8,-745.8,2,0,0,0,8,
282076483,-0.49005,-0.88,0.84,0,2043.8,-745.8,2,0,0,0,8,
282076523,-0.49005,-0.88,0.84,0,2043.8,-745.8,2,0,0,0,8,
282076562,-0.49005,-0.88,0.84,0,2043.8,-745.8,2,0,0,0,8,
282076602,-0.49005,-0.88,0.84,0,2043.8,-745.8,2,0,0,0,8,
282076643,-0.49005,-0.88,0.84,0,2043.8,-745.8,2,0,0,0,8,
282076682,-0.49005,-0.88,0.84,0,2043.8,-745.8,2,0,0,0,8,
282076722,-0.49005,-0.88,0.84,0,2043.8,-745.8,2,0,0,0,8,
282076762,-0.49005,-0.88,0.84,0,2043.8,-745.8,2,0,0,0,8,
282076803,-0.49005,-0.88,0.84,0,2043.8,-745.8,2,0,0,0,8,
282076843,-0.49005,-0.88,0.84,0,2043.8,-745.8,2,0,0,0,8,
282076882,-0.49005,-0.88,0.84,0,2043.8,-745.8,2,0,0,0,8,
282076922,-0.49005,-0.88,0.84,0,2043.8,-745.8,2,0,0,0,8,
282076962,-0.49005,-0.88,0.84,0,2043.8,-745.8,2,0,0,0,8,
282077002,-0.49005,-0.88,0.84,0,2043.8,-745.8,2,0,0,0,8,
282077042,-0.49005,-0.88,0.84,0,2043.8,-745.8,2,0,0,0,8,
282077082,-0.49005,-0.88,0.84,0,2043.8,-745.8,2,0,0,0,8,
282077123,-0.49005,-0.88,0.84,0,2043.8,-745.8,2,0,0,0,8,
282077163,-0.49005,-0.88,0.84,0,2043.8,-745.8,2,0,0,0,8,
282077202,-0.49005,-0.88,0.84,0,2043.8,-745.8,2,0,0,0,8,
282077242,-0.49005,-0.88,0.84,0,2043.8,-745.8,2,0,0,0,8,
282077282,-0.49005,-0.88,0.84,0,2043.8,-745.8,2,0,0,0,8,
282077322,-0.49005,-0.88,0.84,0,2043.8,-745.8,2,0,0,0,8,
282077362,-0.49005,-0.88,0.84,0,2043.8,-745.8,2,0,0,0,8,
282077402,-0.49005,-0.88,0.84,0,2043.8,-745.8,2,0,0,0,8,
282077443,-0.49005,-0.88,0.84,0,2043.8,-745.8,2,0,0,0,8,
282077483,-0.49005,-0.88,0.84,0,2043.8,-745.8,2,0,0,0,8,
282077522,-0.49005,-0.88,0.84,0,2043.8,-745.8,2,0,0,0,8,
282077562,-0.49005,-0.88,0.84,0,2043.8,-745.8,2,0,0,0,8,
282077602,-0.49005,-0.88,0.84,0,2043.8,-745.8,2,0,0,0,8,
282077642,-0.49005,-0.88,0.84,0,2043.8,-745.8,2,0,0,0,8,
282077682,-0.49005,-0.88,0.84,0,2043.8,-745.8,2,0,0,0,8,
282077722,-0.49005,-0.88,0.84,0,2043.8,-745.8,2,0,0,0,8,
282077763,-0.49005,-0.88,0.84,0,2043.8,-745.8,2,0,0,0,8,
282077803,-0.49005,-0.88,0.84,0,2043.8,-745.8,2,0,0,0,8,
282077842,-0.49005,-0.88,0.84,0,2043.8,-745.8,2,0,0,0,8,
282077882,-0.49005,-0.88,0.84,0,2043.8,-745.8,2,0,0,0,8,
282077922,-0.49005,-0.88,0.84,0,2043.8,-745.8,2,0,0,0,8,
282077962,-0.49005,-0.88,0.84,0,2043.8,-745.8,2,0,0,0,8,
282078002,-0.49005,-0.88,0.84,0,2043.8,-745.8,2,0,0,0,8,
282078043,-0.49005,-0.88,0.84,0,2043.8,-745.8,2,0,0,0,8,
282078083,-0.49005,-0.88,0.84,0,2043.8,-745.8,2,0,0,0,8,
282078122,-0.49005,-0.88,0.84,0,2043.8,-745.8,2,0,0,0,8,
282078162,-0.49005,-0.88,0.84,0,2043.8,-745.8,2,0,0,0,8,
282078202,-0.49005,-0.88,0.84,0,2043.8,-745.8,2,0,0,0,8,
282078242,-0.49005,-0.88,0.84,0,2043.8,-745.8,2,0,0,0,8,
282078282,-0.49005,-0.88,0.84,0,2043.8,-745.8,2,0,0,0,8,
282078322,-0.49005,-0.88,0.84,0,2043.8,-745.8,2,0,0,0,8,
282078363,-0.49005,-0.88,0.84,0,2043.8,-745.8,2,0,0,0,8,
282078403,-0.49005,-0.88,0.84,0,2043.8,-745.8,2,0,0,0,8,
282078442,-0.49005,-0.88,0.84,0,2043.8,-745.8,2,0,0,0,8,
282078482,-0.49005,-0.88,0.84,0,2043.8,-745.8,2,0,0,0,8,
282078522,-0.49005,-0.88,0.84,0,2043.8,-745.8,2,0,0,0,8,
282078562,-0.49005,-0.88,0.84,0,2043.8,-745.8,2,0,0,0,8,
282078602,-0.49005,-0.88,0.84,0,2043.8,-745.8,2,0,0,0,8,
282078643,-0.49005,-0.88,0.84,0,2043.8,-745.8,2,0,0,0,8,
282078683,-0.49005,-0.88,0.84,0,2043.8,-745.8,2,0,0,0,8,
282078723,-0.49005,-0.88,0.84,0,2043.8,-745.8,2,0,0,0,8,
282078762,-0.49005,-0.88,0.84,0,2043.8,-745.8,2,0,0,0,8,
282078802,-0.49005,-0.88,0.84,0,2043.8,-745.8,2,0,0,0,8,
282078842,-0.49005,-0.88,0.84,0,2043.8,-745.8,2,0,0,0,8,
282078882,-0.49005,-0.88,0.84,0,2043.8,-745.8,2,0,0,0,8,
282078922,-0.49005,-0.88,0.84,0,2043.8,-745.8,2,0,0,0,8,
282078962,-0.49005,-0.88,0.84,0,2043.8,-745.8,2,0,0,0,8,
282079003,-0.49005,-0.88,0.84,0,2043.8,-745.8,2,0,0,0,8,
282079043,-0.49005,-0.88,0.84,0,2043.8,-745.8,2,0,0,0,8,
282079082,-0.49005,-0.88,0.84,0,2043.8,-745.8,2,0,0,0,8,
282079122,-0.49005,-0.88,0.84,0,2043.8,-745.8,2,0,0,0,8,
282079162,-0.49005,-0.88,0.84,0,2043.8,-745.8,2,0,0,0,8,
282079202,-0.49005,-0.88,0.84,0,2043.8,-745.8,2,0,0,0,8,
282079242,-0.49005,-0.88,0.84,0,2043.8,-745.8,2,0,0,0,8,
282079282,-0.49005,-0.88,0.84,0,2043.8,-745.8,2,0,0,0,8,
282079323,-0.49005,-0.88,0.84,0,2043.8,-745.8,2,0,0,0,8,
282079363,-0.49005,-0.88,0.84,0,2043.8,-745.8,2,0,0,0,8,
282079402,-0.49005,-0.88,0.84,0,2043.8,-745.8,2,0,0,0,8,
282079442,-0.49005,-0.88,0.84,0,2043.8,-745.8,2,0,0,0,8,
282079482,-0.49005,-0.88,0.84,0,2043.8,-745.8,2,0,0,0,8,
282079522,-0.49005,-0.88,0.84,0,2043.8,-745.8,2,0,0,0,8,
282079562,-0.49005,-0.88,0.84,0,2043.8,-745.8,2,0,0,0,8,
282079602,-0.49005,-0.88,0.84,0,2043.8,-745.8,2,0,0,0,8,
282079645,-0.49005,-0.88,0.84,0,2043.8,-745.8,2,0,0,0,8,
282079683,-0.49005,-0.88,0.84,0,2043.8,-745.8,2,0,0,0,8,
282079722,-0.49005,-0.88,0.84,0,2043.8,-745.8,2,0,0,0,8,
282079762,-0.49005,-0.88,0.84,0,2043.8,-745.8,2,0,0,0,8,
282079802,-0.49005,-0.88,0.84,0,2043.8,-745.8,2,0,0,0,8,
282079842,-0.49005,-0.88,0.84,0,2043.8,-745.8,2,0,0,0,8,
282079882,-0.49005,-0.88,0.84,0,2043.8,-745.8,2,0,0,0,8,
282079923,-0.49005,-0.88,0.84,0,2043.8,-745.8,2,0,0,0,8,
282079963,-0.49005,-0.88,0.84,0,2043.8,-745.8,2,0,0,0,8,
282080002,-0.49005,-0.88,0.84,0,2043.8,-745.8,2,0,0,0,8,
282080042,-0.49005,-0.88,0.84,0,2043.8,-745.8,2,0,0,0,8,
282080082,-0.49005,-0.88,0.84,0,2043.8,-745.8,2,0,0,0,8,
282080122,-0.49005,-0.88,0.84,0,2043.8,-745.8,2,0,0,0,8,
282080162,-0.49005,-0.88,0.84,0,2043.8,-745.8,2,0,0,0,8,
282080202,-0.49005,-0.88,0.84,0,2043.8,-745.8,2,0,0,0,8,
282080243,-0.49005,-0.88,0.84,0,2043.8,-745.8,2,0,0,0,8,
282080283,-0.49005,-0.88,0.84,0,2043.8,-745.8,2,0,0,0,8,
282080322,-0.49005,-0.88,0.84,0,2043.8,-745.8,2,0,0,0,8,
282080362,-0.49005,-0.88,0.84,0,2043.8,-745.8,2,0,0,0,8,
282080402,-0.49005,-0.88,0.84,0,2043.8,-745.8,2,0,0,0,8,
282080442,-0.49005,-0.88,0.84,0,2043.8,-745.8,2,0,0,0,8,
282080482,-0.49005,-0.88,0.84,0,2043.8,-745.8,2,0,0,0,8,
282080522,-0.49005,-0.88,0.84,0,2043.8,-745.8,2,0,0,0,8,
282080563,-0.49005,-0.88,0.84,0,2043.8,-745.8,2,0,0,0,8,
282080603,-0.49005,-0.88,0.84,0,2043.8,-745.8,2,0,0,0,8,
282080642,-0.49005,-0.88,0.84,0,2043.8,-745.8,2,0,0,0,8,
282080682,-0.49005,-0.88,0.84,0,2043.8,-745.8,2,0,0,0,8,
282080722,-0.49005,-0.88,0.84,0,2043.8,-745.8,2,0,0,0,8,
282080762,-0.49005,-0.88,0.84,0,2043.8,-745.8,2,0,0,0,8,
282080802,-0.49005,-0.88,0.84,0,2043.8,-745.8,2,0,0,0,8,
282080842,-0.49005,-0.88,0.84,0,2043.8,-745.8,2,0,0,0,8,
282080883,-0.49005,-0.88,0.84,0,2043.8,-745.8,2,0,0,0,8,
282080923,-0.49005,-0.88,0.84,0,2043.8,-745.8,2,0,0,0,8,
282080962,-0.49005,-0.88,0.84,0,2043.8,-745.8,2,0,0,0,8,
282081002,-0.49005,-0.88,0.84,0,2043.8,-745.8,2,0,0,0,8,
282081042,-0.49005,-0.88,0.84,0,2043.8,-745.8,2,0,0,0,8,
282081082,-0.49005,-0.88,0.84,0,2043.8,-745.8,2,0,0,0,8,
282081122,-0.49005,-0.88,0.84,0,2043.8,-745.8,2,0,0,0,8,
282081162,-0.49005,-0.88,0.84,0,2043.8,-745.8,2,0,0,0,8,
282081203,-0.49005,-0.88,0.84,0,2043.8,-745.8,2,0,0,0,8,
282081243,-0.49005,-0.88,0.84,0,2043.8,-745.8,2,0,0,0,8,
282081282,-0.49005,-0.88,0.84,0,2043.8,-745.8,2,0,0,0,8,
282081322,-0.49005,-0.88,0.84,0,2043.8,-745.8,2,0,0,0,8,
282081362,-0.49005,-0.88,0.84,0,2043.8,-745.8,2,0,0,0,8,
282081402,-0.49005,-0.88,0.84,0,2043.8,-745.8,2,0,0,0,8,
282081442,-0.49005,-0.88,0.84,0,2043.8,-745.8,2,0,0,0,8,
282081482,-0.49005,-0.88,0.84,0,2043.8,-745.8,2,0,0,0,8,
282081523,-0.49005,-0.88,0.84,0,2043.8,-745.8,2,0,0,0,8,
282081563,-0.49005,-0.88,0.84,0,2043.8,-745.8,2,0,0,0,8,
282081602,-0.49005,-0.88,0.84,0,2043.8,-745.8,2,0,0,0,8,
282081642,-0.49005,-0.88,0.84,0,2043.8,-745.8,2,0,0,0,8,
282081682,-0.49005,-0.88,0.84,0,2043.8,-745.8,2,0,0,0,8,
282081722,-0.49005,-0.88,0.84,0,2043.8,-745.8,2,0,0,0,8,
282081762,-0.49005,-0.88,0.84,0,2043.8,-745.8,2,0,0,0,8,
282081803,-0.49005,-0.88,0.84,0,2043.8,-745.8,2,0,0,0,8,
282081843,-0.49005,-0.88,0.84,0,2043.8,-745.8,2,0,0,0,8,
282081882,-0.49005,-0.88,0.84,0,2043.8,-745.8,2,0,0,0,8,
282081922,-0.49005,-0.88,0.84,0,2043.8,-745.8,2,0,0,0,8,
282081962,-0.49005,-0.88,0.84,0,2043.8,-745.8,2,0,0,0,8,
282082002,-0.49005,-0.88,0.84,0,2043.8,-745.8,2,0,0,0,8,
282082042,-0.49005,-0.88,0.84,0,2043.8,-745.8,2,0,0,0,8,
282082082,-0.49005,-0.88,0.84,0,2043.8,-745.8,2,0,0,0,8,
282082123,-0.49005,-0.88,0.84,0,2043.8,-745.8,2,0,0,0,8,
282082163,-0.49005,-0.88,0.84,0,2043.8,-745.8,2,0,0,0,8,
282082202,-0.49005,-0.88,0.84,0,2043.8,-745.8,2,0,0,0,8,
282082242,-0.49005,-0.88,0.84,0,2043.8,-745.8,2,0,0,0,8,
282082282,-0.49005,-0.88,0.84,0,2043.8,-745.8,2,0,0,0,8,
282082322,-0.49005,-0.88,0.84,0,2043.8,-745.8,2,0,0,0,8,
282082362,-0.49005,-0.88,0.84,0,2043.8,-745.8,2,0,0,0,8,
282082402,-0.49005,-0.88,0.84,0,2043.8,-745.8,2,0,0,0,8,
282082443,-0.49005,-0.88,0.84,0,2043.8,-745.8,2,0,0,0,8,
282082483,-0.49005,-0.88,0.84,0,2043.8,-745.8,2,0,0,0,8,
282082522,-0.49005,-0.88,0.84,0,2043.8,-745.8,2,0,0,0,8,
282082562,-0.49005,-0.88,0.84,0,2043.8,-745.8,2,0,0,0,8,
282082602,-0.49005,-0.88,0.84,0,2043.8,-745.8,2,0,0,0,8,
282082642,-0.49005,-0.88,0.84,0,2043.8,-745.8,2,0,0,0,8,
282082682,-0.49005,-0.88,0.84,0,2043.8,-745.8,2,0,0,0,8,
282082722,-0.49005,-0.88,0.84,0,2043.8,-745.8,2,0,0,0,8,
282082763,-0.49005,-0.88,0.84,0,2043.8,-745.8,2,0,0,0,8,
282082803,-0.49005,-0.88,0.84,0,2043.8,-745.8,2,0,0,0,8,
282082842,-0.49005,-0.88,0.84,0,2043.8,-745.8,2,0,0,0,8,
282082882,-0.49005,-0.88,0.84,0,2043.8,-745.8,2,0,0,0,9,
282082922,-0.49005,-0.88,0.84,0,2043.8,-745.8,2,0,0,0,9,
282082962,-0.49005,-0.88,0.84,0,2043.8,-745.8,2,0,0,0,9,
282083002,-0.49005,-0.88,0.84,0,2043.8,-745.8,2,0,0,0,9,
282083042,-0.49005,-0.88,0.84,0,2043.8,-745.8,2,0,0,0,9,
282083083,-0.49005,-0.88,0.84,0,2043.8,-745.8,2,0,0,0,9,
282083123,-0.49005,-0.88,0.84,0,2043.8,-745.8,2,0,0,0,9,
282083162,-0.49005,-0.88,0.84,0,2043.8,-745.8,2,0,0,0,9,
282083202,-0.49005,-0.88,0.84,0,2043.8,-745.8,2,0,0,0,9,
282083242,-0.49005,-0.88,0.84,0,2043.8,-745.8,2,0,0,0,9,
282083282,-0.49005,-0.88,0.84,0,2043.8,-745.8,2,0,0,0,9,
282083322,-0.49005,-0.88,0.84,0,2043.8,-745.8,2,0,0,0,9,
282083362,-0.49005,-0.88,0.84,0,2043.8,-745.8,2,0,0,0,9,
282083403,-0.49005,-0.88,0.84,0,2043.8,-745.8,2,0,0,0,9,
282083443,-0.49005,-0.88,0.84,0,2043.8,-745.8,2,0,0,0,9,
282083482,-0.49005,-0.88,0.84,0,2043.8,-745.8,2,0,0,0,9,
282083522,-0.49005,-0.88,0.84,0,2043.8,-745.8,2,0,0,0,9,
282083562,-0.49005,-0.88,0.84,0,2043.8,-745.8,2,0,0,0,9,
282083602,-0.49005,-0.88,0.84,0,2043.8,-745.8,2,0,0,0,9,
282083642,-0.49005,-0.88,0.84,0,2043.8,-745.8,2,0,0,0,9,
282083683,-0.49005,-0.88,0.84,0,2043.8,-745.8,2,0,0,0,9,
282083723,-0.49005,-0.88,0.84,0,2043.8,-745.8,2,0,0,0,9,
282083763,-0.49005,-0.88,0.84,0,2043.8,-745.8,2,0,0,0,9,
282083802,-0.49005,-0.88,0.84,0,2043.8,-745.8,2,0,0,0,9,
282083842,-0.49005,-0.88,0.84,0,2043.8,-745.8,2,0,0,0,9,
282083882,-0.49005,-0.88,0.84,0,2043.8,-745.8,2,0,0,0,9,
282083922,-0.49005,-0.88,0.84,0,2043.8,-745.8,2,0,0,0,9,
282083962,-0.49005,-0.88,0.84,0,2043.8,-745.8,2,0,0,0,9,
282084003,-0.49005,-0.88,0.84,0,2043.8,-745.8,2,0,0,0,9,
282084043,-0.49005,-0.88,0.84,0,2043.8,-745.8,2,0,0,0,9,
282084082,-0.49005,-0.88,0.84,0,2043.8,-745.8,2,0,0,0,9,
282084122,-0.49005,-0.88,0.84,0,2043.8,-745.8,2,0,0,0,9,
282084162,-0.49005,-0.88,0.84,0,2043.8,-745.8,2,0,0,0,9,
282084202,-0.49005,-0.88,0.84,0,2043.8,-745.8,2,0,0,0,9,
282084242,-0.49005,-0.88,0.84,0,2043.8,-745.8,2,0,0,0,9,
282084282,-0.49005,-0.88,0.84,0,2043.8,-745.8,2,0,0,0,9,
282084323,-0.49005,-0.88,0.84,0,2043.8,-745.8,2,0,0,0,9,
282084363,-0.49005,-0.88,0.84,0,2043.8,-745.8,2,0,0,0,9,
282084402,-0.49005,-0.88,0.84,0,2043.8,-745.8,2,0,0,0,9,
282084442,-0.49005,-0.88,0.84,0,2043.8,-745.8,2,0,0,0,9,
282084482,-0.49005,-0.88,0.84,0,2043.8,-745.8,2,0,0,0,9,
282084522,-0.49005,-0.88,0.84,0,2043.8,-745.8,2,0,0,0,9,
282084562,-0.49005,-0.88,0.84,0,2043.8,-745.8,2,0,0,0,9,
282084602,-0.49005,-0.88,0.84,0,2043.8,-745.8,2,0,0,0,9,
282084643,-0.49005,-0.88,0.84,0,2043.8,-745.8,2,0,0,0,9,
282084683,-0.49005,-0.88,0.84,0,2043.8,-745.8,2,0,0,0,9,
282084722,-0.49005,-0.88,0.84,0,2043.8,-745.8,2,0,0,0,9,
282084762,-0.49005,-0.88,0.84,0,2043.8,-745.8,2,0,0,0,9,
282084802,-0.49005,-0.88,0.84,0,2043.8,-745.8,2,0,0,0,9,
282084842,-0.49005,-0.88,0.84,0,2043.8,-745.8,2,0,0,0,9,
282084882,-0.49005,-0.88,0.84,0,2043.8,-745.8,2,0,0,0,9,
282084922,-0.49005,-0.88,0.84,0,2043.8,-745.8,2,0,0,0,9,
282084963,-0.49005,-0.88,0.84,0,2043.8,-745.8,2,0,0,0,9,
282085003,-0.49005,-0.88,0.84,0,2043.8,-745.8,2,0,0,0,9,
282085042,-0.49005,-0.88,0.84,0,2043.8,-745.8,2,0,0,0,9,
282085082,-0.49005,-0.88,0.84,0,2043.8,-745.8,2,0,0,0,9,
282085122,-0.49005,-0.88,0.84,0,2043.8,-745.8,2,0,0,0,9,
282085162,-0.49005,-0.88,0.84,0,2043.8,-745.8,2,0,0,0,9,
282085202,-0.49005,-0.88,0.84,0,2043.8,-745.8,2,0,0,0,9,
282085242,-0.49005,-0.88,0.84,0,2043.8,-745.8,2,0,0,0,9,
282085283,-0.49005,-0.88,0.84,0,2043.8,-745.8,2,0,0,0,9,
282085323,-0.49005,-0.88,0.84,0,2043.8,-745.8,2,0,0,0,9,
282085362,-0.49005,-0.88,0.84,0,2043.8,-745.8,2,0,0,0,9,
282085402,-0.49005,-0.88,0.84,0,2043.8,-745.8,2,0,0,0,9,
282085442,-0.49005,-0.88,0.84,0,2043.8,-745.8,2,0,0,0,9,
282085482,-0.49005,-0.88,0.84,0,2043.8,-745.8,2,0,0,0,9,
282085522,-0.49005,-0.88,0.84,0,2043.8,-745.8,2,0,0,0,9,
282085563,-0.49005,-0.88,0.84,0,2043.8,-745.8,2,0,0,0,9,
282085603,-0.49005,-0.88,0.84,0,2043.8,-745.8,2,0,0,0,9,
282085643,-0.49005,-0.88,0.84,0,2043.8,-745.8,2,0,0,0,9,
282085682,-0.49005,-0.88,0.84,0,2043.8,-745.8,2,0,0,0,9,
282085722,-0.49005,-0.88,0.84,0,2043.8,-745.8,2,0,0,0,9,
282085762,-0.49005,-0.88,0.84,0,2043.8,-745.8,2,0,0,0,9,
282085802,-0.49005,-0.88,0.84,0,2043.8,-745.8,2,0,0,0,9,
282085842,-0.49005,-0.88,0.84,0,2043.8,-745.8,2,0,0,0,9,
282085883,-0.49005,-0.88,0.84,0,2043.8,-745.8,2,0,0,0,9,
282085923,-0.49005,-0.88,0.84,0,2043.8,-745.8,2,0,0,0,9,
282085962,-0.49005,-0.88,0.84,0,2043.8,-745.8,2,0,0,0,9,
282086002,-0.49005,-0.88,0.84,0,2043.8,-745.8,2,0,0,0,9,
282086042,-0.49005,-0.88,0.84,0,2043.8,-745.8,2,0,0,0,9,
282086082,-0.49005,-0.88,0.84,0,2043.8,-745.8,2,0,0,0,9,
282086122,-0.49005,-0.88,0.84,0,2043.8,-745.8,2,0,0,0,9,
282086162,-0.49005,-0.88,0.84,0,2043.8,-745.8,2,0,0,0,9,
282086203,-0.49005,-0.88,0.84,0,2043.8,-745.8,2,0,0,0,9,
282086243,-0.49005,-0.88,0.84,0,2043.8,-745.8,2,0,0,0,9,
282086282,-0.49005,-0.88,0.84,0,2043.8,-745.8,2,0,0,0,9,
282086322,-0.49005,-0.88,0.84,0,2043.8,-745.8,2,0,0,0,9,
282086362,-0.49005,-0.88,0.84,0,2043.8,-745.8,2,0,0,0,9,
282086402,-0.49005,-0.88,0.84,0,2043.8,-745.8,2,0,0,0,9,
282086442,-0.49005,-0.88,0.84,0,2043.8,-745.8,2,0,0,0,9,
282086482,-0.49005,-0.88,0.84,0,2043.8,-745.8,2,0,0,0,9,
282086523,-0.49005,-0.88,0.84,0,2043.8,-745.8,2,0,0,0,9,
282086563,-0.49005,-0.88,0.84,0,2043.8,-745.8,2,0,0,0,9,
282086602,-0.49005,-0.88,0.84,0,2043.8,-745.8,2,0,0,0,9,
282086642,-0.49005,-0.88,0.84,0,2043.8,-745.8,2,0,0,0,9,
282086682,-0.49005,-0.88,0.84,0,2043.8,-745.8,2,0,0,0,9,
282086722,-0.49005,-0.88,0.84,0,2043.8,-745.8,2,0,0,0,9,
282086762,-0.49005,-0.88,0.84,0,2043.8,-745.8,2,0,0,0,9,
282086802,-0.49005,-0.88,0.84,0,2043.8,-745.8,2,0,0,0,9,
282086843,-0.49005,-0.88,0.84,0,2043.8,-745.8,2,0,0,0,9,
282086883,-0.49005,-0.88,0.84,0,2043.8,-745.8,2,0,0,0,9,
282086922,-0.49005,-0.88,0.84,0,2043.8,-745.8,2,0,0,0,9,
282086962,-0.49005,-0.88,0.84,0,2043.8,-745.8,2,0,0,0,9,
282087002,-0.49005,-0.88,0.84,0,2043.8,-745.8,2,0,0,0,9,
282087042,-0.49005,-0.88,0.84,0,2043.8,-745.8,2,0,0,0,9,
282087082,-0.49005,-0.88,0.84,0,2043.8,-745.8,2,0,0,0,9,
282087122,-0.49005,-0.88,0.84,0,2043.8,-745.8,2,0,0,0,9,
282087163,-0.49005,-0.88,0.84,0,2043.8,-745.8,2,0,0,0,9,
282087203,-0.49005,-0.88,0.84,0,2043.8,-745.8,2,0,0,0,9,
282087242,-0.49005,-0.88,0.84,0,2043.8,-745.8,2,0,0,0,9,
282087282,-0.49005,-0.88,0.84,0,2043.8,-745.8,2,0,0,0,9,
282087322,-0.49005,-0.88,0.84,0,2043.8,-745.8,2,0,0,0,9,
282087362,-0.49005,-0.88,0.84,0,2043.8,-745.8,2,0,0,0,9,
282087402,-0.49005,-0.88,0.84,0,2043.8,-745.8,2,0,0,0,9,
282087443,-0.49005,-0.88,0.84,0,2043.8,-745.8,2,0,0,0,9,
282087483,-0.49005,-0.88,0.84,0,2043.8,-745.8,2,0,0,0,9,
282087523,-0.49005,-0.88,0.84,0,2043.8,-745.8,2,0,0,0,9,
282087562,-0.49005,-0.88,0.84,0,2043.8,-745.8,2,0,0,0,9,
282087602,-0.49005,-0.88,0.84,0,2043.8,-745.8,2,0,0,0,9,
282087642,-0.49005,-0.88,0.84,0,2043.8,-745.8,2,0,0,0,9,
282087682,-0.49005,-0.88,0.84,0,2043.8,-745.8,2,0,0,0,9,
282087722,-0.49005,-0.88,0.84,0,2043.8,-745.8,2,0,0,0,9,
282087763,-0.49005,-0.88,0.84,0,2043.8,-745.8,2,0,0,0,9,
282087803,-0.49005,-0.88,0.84,0,2043.8,-745.8,2,0,0,0,9,
282087842,-0.49005,-0.88,0.84,0,2043.8,-745.8,2,0,0,0,9,
282087882,-0.49005,-0.88,0.84,0,2043.8,-745.8,2,0,0,0,9,
282087922,-0.49005,-0.88,0.84,0,2043.8,-745.8,2,0,0,0,9,
282087962,-0.49005,-0.88,0.84,0,2043.8,-745.8,2,0,0,0,9,
282088002,-0.49005,-0.88,0.84,0,2043.8,-745.8,2,0,0,0,9,
282088042,-0.49005,-0.88,0.84,0,2043.8,-745.8,2,0,0,0,9,
282088083,-0.49005,-0.88,0.84,0,2043.8,-745.8,2,0,0,0,9,
282088123,-0.49005,-0.88,0.84,0,2043.8,-745.8,2,0,0,0,9,
282088162,-0.49005,-0.88,0.84,0,2043.8,-745.8,2,0,0,0,9,
282088202,-0.49005,-0.88,0.84,0,2043.8,-745.8,2,0,0,0,9,
282088242,-0.49005,-0.88,0.84,0,2043.8,-745.8,2,0,0,0,9,
282088282,-0.49005,-0.88,0.84,0,2043.8,-745.8,2,0,0,0,9,
282088322,-0.49005,-0.88,0.84,0,2043.8,-745.8,2,0,0,0,9,
282088362,-0.49005,-0.88,0.84,0,2043.8,-745.8,2,0,0,0,9,
282088403,-0.49005,-0.88,0.84,0,2043.8,-745.8,2,0,0,0,9,
282088443,-0.49005,-0.88,0.84,0,2043.8,-745.8,2,0,0,0,9,
282088482,-0.49005,-0.88,0.84,0,2043.8,-745.8,2,0,0,0,9,
282088522,-0.49005,-0.88,0.84,0,2043.8,-745.8,2,0,0,0,9,
282088562,-0.49005,-0.88,0.84,0,2043.8,-745.8,2,0,0,0,9,
282088602,-0.49005,-0.88,0.84,0,2043.8,-745.8,2,0,0,0,9,
282088642,-0.49005,-0.88,0.84,0,2043.8,-745.8,2,0,0,0,9,
282088682,-0.49005,-0.88,0.84,0,2043.8,-745.8,2,0,0,0,9,
282088723,-0.49005,-0.88,0.84,0,2043.8,-745.8,2,0,0,0,9,
282088763,-0.49005,-0.88,0.84,0,2043.8,-745.8,2,0,0,0,9,
282088802,-0.49005,-0.88,0.84,0,2043.8,-745.8,2,0,0,0,9,
282088842,-0.49005,-0.88,0.84,0,2043.8,-745.8,2,0,0,0,9,
282088882,-0.49005,-0.88,0.84,0,2043.8,-745.8,2,0,0,0,9,
282088922,-0.49005,-0.88,0.84,0,2043.8,-745.8,2,0,0,0,9,
282088962,-0.49005,-0.88,0.84,0,2043.8,-745.8,2,0,0,0,9,
282089002,-0.49005,-0.88,0.84,0,2043.8,-745.8,2,0,0,0,9,
282089043,-0.49005,-0.88,0.84,0,2043.8,-745.8,2,0,0,0,9,
282089083,-0.49005,-0.88,0.84,0,2043.8,-745.8,2,0,0,0,9,
282089122,-0.49005,-0.88,0.84,0,2043.8,-745.8,2,0,0,0,9,
282089162,-0.49005,-0.88,0.84,0,2043.8,-745.8,2,0,0,0,9,
282089202,-0.49005,-0.88,0.84,0,2043.8,-745.8,2,0,0,0,9,
282089242,-0.49005,-0.88,0.84,0,2043.8,-745.8,2,0,0,0,9,
282089282,-0.49005,-0.88,0.84,0,2043.8,-745.8,2,0,0,0,9,
282089322,-0.49005,-0.88,0.84,0,2043.8,-745.8,2,0,0,0,9,
282089363,-0.49005,-0.88,0.84,0,2043.8,-745.8,2,0,0,0,9,
282089403,-0.49005,-0.88,0.84,0,2043.8,-745.8,2,0,0,0,9,
282089442,-0.49005,-0.88,0.84,0,2043.8,-745.8,2,0,0,0,9,
282089482,-0.49005,-0.88,0.84,0,2043.8,-745.8,2,0,0,0,9,
282089522,-0.49005,-0.88,0.84,0,2043.8,-745.8,2,0,0,0,9,
282089562,-0.49005,-0.88,0.84,0,2043.8,-745.8,2,0,0,0,9,
282089602,-0.49005,-0.88,0.84,0,2043.8,-745.8,2,0,0,0,9,
282089643,-0.49005,-0.88,0.84,0,2043.8,-745.8,2,0,0,0,9,
282089683,-0.49005,-0.88,0.84,0,2043.8,-745.8,2,0,0,0,9,
282089722,-0.49005,-0.88,0.84,0,2043.8,-745.8,2,0,0,0,9,
282089762,-0.49005,-0.88,0.84,0,2043.8,-745.8,2,0,0,0,9,
282089802,-0.49005,-0.88,0.84,0,2043.8,-745.8,2,0,0,0,9,
282089842,-0.49005,-0.88,0.84,0,2043.8,-745.8,2,0,0,0,9,
282089882,-0.49005,-0.88,0.84,0,2043.8,-745.8,2,0,0,0,9,
282089922,-0.49005,-0.88,0.84,0,2043.8,-745.8,2,0,0,0,9,
282089963,-0.49005,-0.88,0.84,0,2043.8,-745.8,2,0,0,0,9,
282090003,-0.49005,-0.88,0.84,0,2043.8,-745.8,2,0,0,0,9,
282090042,-0.49005,-0.88,0.84,0,2043.8,-745.8,2,0,0,0,9,
282090082,-0.49005,-0.88,0.84,0,2043.8,-745.8,2,0,0,0,9,
282090122,-0.49005,-0.88,0.84,0,2043.8,-745.8,2,0,0,0,9,
282090162,-0.49005,-0.88,0.84,0,2043.8,-745.8,2,0,0,0,9,
282090202,-0.49005,-0.88,0.84,0,2043.8,-745.8,2,0,0,0,9,
282090242,-0.49005,-0.88,0.84,0,2043.8,-745.8,2,0,0,0,9,
282090283,-0.49005,-0.88,0.84,0,2043.8,-745.8,2,0,0,0,9,
282090323,-0.49005,-0.88,0.84,0,2043.8,-745.8,2,0,0,0,9,
282090362,-0.49005,-0.88,0.84,0,2043.8,-745.8,2,0,0,0,9,
282090402,-0.49005,-0.88,0.84,0,2043.8,-745.8,2,0,0,0,9,
282090442,-0.49505,-0.88,0.839962,0,2043.8,-745.767,2,0,0,0,9,
282090482,-0.49505,-0.88,0.839962,0,2043.8,-745.717,2,0,0,0,9,
282090522,-0.49505,-0.88,0.839962,0,2043.8,-745.717,2,0,0,0,9,
282090562,-0.49505,-0.88,0.839962,0,2043.8,-745.717,2,0,0,0,9,
282090603,-0.49505,-0.88,0.839962,0,2043.8,-745.717,2,0,0,0,9,
282090643,-0.49505,-0.88,0.839962,0,2043.8,-745.717,2,0,0,0,9,
282090682,-0.49505,-0.88,0.839962,0,2043.8,-745.717,2,0,0,0,9,
282090722,-0.49505,-0.88,0.839962,0,2043.8,-745.717,2,0,0,0,9,
282090762,-0.49505,-0.88,0.839962,0,2043.8,-745.717,2,0,0,0,9,
282090802,-0.49505,-0.88,0.839962,0,2043.8,-745.717,2,0,0,0,9,
282090842,-0.49505,-0.88,0.839962,0,2043.8,-745.717,2,0,0,0,9,
282090882,-0.49505,-0.88,0.839962,0,2043.8,-745.717,2,0,0,0,9,
282090923,-0.49505,-0.88,0.839962,0,2043.8,-745.717,2,0,0,0,9,
282090963,-0.49505,-0.88,0.839962,0,2043.8,-745.717,2,0,0,0,9,
282091002,-0.49505,-0.88,0.839962,0,2043.8,-745.717,2,0,0,0,9,
282091042,-0.49505,-0.88,0.839962,0,2043.8,-745.717,2,0,0,0,9,
282091082,-0.49505,-0.88,0.839962,0,2043.8,-745.717,2,0,0,0,9,
282091122,-0.49505,-0.88,0.839962,0,2043.8,-745.717,2,0,0,0,9,
282091162,-0.49505,-0.88,0.839962,0,2043.8,-745.717,2,0,0,0,9,
282091202,-0.49505,-0.88,0.839962,0,2043.8,-745.717,2,0,0,0,9,
282091243,-0.49505,-0.88,0.839962,0,2043.8,-745.717,2,0,0,0,9,
282091283,-0.49505,-0.88,0.839962,0,2043.8,-745.717,2,0,0,0,9,
282091322,-0.49505,-0.88,0.839962,0,2043.8,-745.717,2,0,0,0,9,
282091362,-0.49505,-0.88,0.839962,0,2043.8,-745.717,2,0,0,0,9,
282091402,-0.49505,-0.88,0.839962,0,2043.8,-745.717,2,0,0,0,9,
282091442,-0.49505,-0.88,0.839962,0,2043.8,-745.717,2,0,0,0,9,
282091482,-0.49505,-0.88,0.839962,0,2043.8,-745.717,2,0,0,0,9,
282091523,-0.49505,-0.88,0.839962,0,2043.8,-745.717,2,0,0,0,9,
282091563,-0.49505,-0.88,0.839962,0,2043.8,-745.717,2,0,0,0,9,
282091602,-0.49505,-0.88,0.839962,0,2043.8,-745.717,2,0,0,0,9,
282091642,-0.49505,-0.88,0.839962,0,2043.8,-745.717,2,0,0,0,9,
282091682,-0.49505,-0.88,0.839962,0,2043.8,-745.717,2,0,0,0,9,
282091722,-0.49505,-0.88,0.839962,0,2043.8,-745.717,2,0,0,0,9,
282091762,-0.49505,-0.88,0.839962,0,2043.8,-745.717,2,0,0,0,9,
282091802,-0.49505,-0.88,0.839962,0,2043.8,-745.717,2,0,0,0,9,
282091843,-0.49505,-0.88,0.839962,0,2043.8,-745.717,2,0,0,0,9,
282091883,-0.49505,-0.88,0.839962,0,2043.8,-745.717,2,0,0,0,9,
282091922,-0.49505,-0.88,0.839962,0,2043.8,-745.717,2,0,0,0,9,
282091962,-0.49505,-0.88,0.839962,0,2043.8,-745.717,2,0,0,0,9,
282092002,-0.49505,-0.88,0.839962,0,2043.8,-745.717,2,0,0,0,9,
282092042,-0.49505,-0.88,0.839962,0,2043.8,-745.717,2,0,0,0,9,
282092082,-0.49505,-0.88,0.839962,0,2043.8,-745.717,2,0,0,0,9,
282092122,-0.49505,-0.88,0.839962,0,2043.8,-745.717,2,0,0,0,9,
282092163,-0.49505,-0.88,0.839962,0,2043.8,-745.717,2,0,0,0,9,
282092203,-0.49505,-0.88,0.839962,0,2043.8,-745.717,2,0,0,0,9,
