milisec,RacketX,RacketY,RacketZ,forceX,forceX,forceX,ForceRatio,FriendPoint,EnemyPoint,haptics,scene
281334531,0,0,0,8289.2,4425.96,-9159.13,8.6,0,0,0,0,
281334562,-1.4958,-0.88,1.48286,1574.85,843.04,-1728.08,1.6,0,0,0,0,
281334574,-1.4958,-0.88,1.48286,590.568,316.14,-648.029,0.6,0,0,0,0,
281334614,-1.4958,-0.88,1.48286,1968.56,1053.8,-2160.1,2,0,0,0,0,
281334655,-1.4958,-0.88,1.48286,1968.56,1053.8,-2160.1,2,0,0,0,0,
281334694,-1.4958,-0.88,1.48286,1968.56,1053.8,-2160.1,2,0,0,0,0,
281334734,-1.4958,-0.88,1.48286,1968.56,1053.8,-2160.1,2,0,0,0,0,
281334778,-1.4958,-0.88,1.48286,2165.42,1159.18,-2376.11,2.2,0,0,0,0,
281334814,-1.4958,-0.88,1.48286,1771.7,948.42,-1944.09,1.8,0,0,0,0,
281334854,-1.4958,-0.88,1.48286,1968.56,1053.8,-2160.1,2,0,0,0,0,
281334894,-1.4958,-0.88,1.48286,1968.56,1053.8,-2160.1,2,0,0,0,0,
281334934,-1.4958,-0.88,1.48286,1968.56,1053.8,-2160.1,2,0,0,0,0,
281334975,-1.4958,-0.88,1.48286,1968.56,1053.8,-2160.1,2,0,0,0,0,
281335014,-1.4958,-0.88,1.48286,1968.56,1053.8,-2160.1,2,0,0,0,0,
281335054,-1.4958,-0.88,1.48286,1968.56,1053.8,-2160.1,2,0,0,0,0,
281335094,-1.4958,-0.88,1.48286,1968.56,1053.8,-2160.1,2,0,0,0,0,
281335134,-1.4958,-0.88,1.48286,1968.56,1053.8,-2160.1,2,0,0,0,0,
281335174,-1.4958,-0.88,1.48286,1968.56,1053.8,-2160.1,2,0,0,0,0,
281335214,-1.4958,-0.88,1.48286,1968.56,1053.8,-2160.1,2,0,0,0,0,
281335254,-1.4958,-0.88,1.48286,1968.56,1053.8,-2160.1,2,0,0,0,0,
281335295,-1.4958,-0.88,1.48286,1968.56,1053.8,-2160.1,2,0,0,0,0,
281335334,-1.4958,-0.88,1.48286,1968.56,1053.8,-2160.1,2,0,0,0,0,
281335374,-1.4958,-0.88,1.48286,1968.56,1053.8,-2160.1,2,0,0,0,0,
281335414,-1.4958,-0.88,1.48286,1968.56,1053.8,-2160.1,2,0,0,0,0,
281335454,-1.4958,-0.88,1.48286,1968.56,1053.8,-2160.1,2,0,0,0,0,
281335494,-1.4958,-0.88,1.48286,1968.56,1053.8,-2160.1,2,0,0,0,0,
281335534,-1.4958,-0.88,1.48286,1968.56,1053.8,-2160.1,2,0,0,0,0,
281335574,-1.4958,-0.88,1.48286,1968.56,1053.8,-2160.1,2,0,0,0,0,
281335615,-1.4958,-0.88,1.48286,1968.56,1053.8,-2160.1,2,0,0,0,0,
281335654,-1.4958,-0.88,1.48286,1968.56,1053.8,-2160.1,2,0,0,0,0,
281335694,-1.4958,-0.88,1.48286,1968.56,1053.8,-2160.1,2,0,0,0,0,
281335734,-1.4958,-0.88,1.48286,1968.56,1053.8,-2160.1,2,0,0,0,0,
281335774,-1.4958,-0.88,1.48286,1968.56,1053.8,-2160.1,2,0,0,0,0,
281335814,-1.4958,-0.88,1.48286,1968.56,1053.8,-2160.1,2,0,0,0,0,
281335854,-1.4958,-0.88,1.48286,1968.56,1053.8,-2160.1,2,0,0,0,0,
281335895,-1.4958,-0.88,1.48286,1968.56,1053.8,-2160.1,2,0,0,0,0,
281335935,-1.4958,-0.88,1.48286,1968.56,1053.8,-2160.1,2,0,0,0,0,
281335974,-1.4958,-0.88,1.48286,1968.56,1053.8,-2160.1,2,0,0,0,0,
281336014,-1.4958,-0.88,1.48286,1968.56,1053.8,-2160.1,2,0,0,0,0,
281336054,-1.4958,-0.88,1.48286,1968.56,1053.8,-2160.1,2,0,0,0,0,
281336094,-1.4958,-0.88,1.48286,1968.56,1053.8,-2160.1,2,0,0,0,0,
281336134,-1.4958,-0.88,1.48286,1968.56,1053.8,-2160.1,2,0,0,0,0,
281336174,-1.4958,-0.88,1.48286,1968.56,1053.8,-2160.1,2,0,0,0,0,
281336215,-1.4958,-0.88,1.48286,1968.56,1053.8,-2160.1,2,0,0,0,0,
281336254,-1.4958,-0.88,1.48286,1968.56,1053.8,-2160.1,2,0,0,0,0,
281336294,-1.4958,-0.88,1.48286,1968.56,1053.8,-2160.1,2,0,0,0,0,
281336334,-1.4958,-0.88,1.48286,1968.56,1053.8,-2160.1,2,0,0,0,0,
281336374,-1.4958,-0.88,1.48286,1968.56,1053.8,-2160.1,2,0,0,0,0,
281336414,-1.4958,-0.88,1.48286,1968.56,1053.8,-2160.1,2,0,0,0,0,
281336454,-1.4958,-0.88,1.48286,1968.56,1053.8,-2160.1,2,0,0,0,0,
281336494,-1.4958,-0.88,1.48286,1968.56,1053.8,-2160.1,2,0,0,0,0,
281336535,-1.4958,-0.88,1.48286,1968.56,1053.8,-2160.1,2,0,0,0,0,
281336574,-1.4958,-0.88,1.48286,1968.56,1053.8,-2160.1,2,0,0,0,0,
281336614,-1.4958,-0.88,1.48286,1968.56,1053.8,-2160.1,2,0,0,0,0,
281336654,-1.4958,-0.88,1.48286,1968.56,1053.8,-2160.1,2,0,0,0,0,
281336694,-1.4958,-0.88,1.48286,1968.56,1053.8,-2160.1,2,0,0,0,0,
281336734,-1.4958,-0.88,1.48286,1968.56,1053.8,-2160.1,2,0,0,0,0,
281336774,-1.4958,-0.88,1.48286,1968.56,1053.8,-2160.1,2,0,0,0,0,
281336814,-1.4958,-0.88,1.48286,1968.56,1053.8,-2160.1,2,0,0,0,0,
281336855,-1.4958,-0.88,1.48286,1968.56,1053.8,-2160.1,2,0,0,0,0,
281336894,-1.4958,-0.88,1.48286,1968.56,1053.8,-2160.1,2,0,0,0,0,
281336934,-1.4958,-0.88,1.48286,1968.56,1053.8,-2160.1,2,0,0,0,0,
281336974,-1.4958,-0.88,1.48286,1968.56,1053.8,-2160.1,2,0,0,0,0,
281337014,-1.4958,-0.88,1.48286,1968.56,1053.8,-2160.1,2,0,0,0,0,
281337054,-1.4958,-0.88,1.48286,1968.56,1053.8,-2160.1,2,0,0,0,0,
281337094,-1.4958,-0.88,1.48286,1968.56,1053.8,-2160.1,2,0,0,0,0,
281337134,-1.4958,-0.88,1.48286,1968.56,1053.8,-2160.1,2,0,0,0,0,
281337175,-1.4958,-0.88,1.48286,1968.56,1053.8,-2160.1,2,0,0,0,0,
281337214,-1.4958,-0.88,1.48286,1968.56,1053.8,-2160.1,2,0,0,0,0,
281337254,-1.4958,-0.88,1.48286,1968.56,1053.8,-2160.1,2,0,0,0,0,
281337294,-1.4958,-0.88,1.48286,1968.56,1053.8,-2160.1,2,0,0,0,0,
281337334,-1.4958,-0.88,1.48286,1968.56,1053.8,-2160.1,2,0,0,0,0,
281337374,-1.4958,-0.88,1.48286,1968.56,1053.8,-2160.1,2,0,0,0,0,
281337414,-1.4958,-0.88,1.48286,1968.56,1053.8,-2160.1,2,0,0,0,0,
281337454,-1.4958,-0.88,1.48286,1968.56,1053.8,-2160.1,2,0,0,0,0,
281337495,-1.4958,-0.88,1.48286,1968.56,1053.8,-2160.1,2,0,0,0,0,
281337534,-1.4958,-0.88,1.48286,1968.56,1053.8,-2160.1,2,0,0,0,0,
281337574,-1.4958,-0.88,1.48286,1968.56,1053.8,-2160.1,2,0,0,0,0,
281337614,-1.4958,-0.88,1.48286,1968.56,1053.8,-2160.1,2,0,0,0,0,
281337654,-1.4958,-0.88,1.48286,1968.56,1053.8,-2160.1,2,0,0,0,0,
281337694,-1.4958,-0.88,1.48286,1968.56,1053.8,-2160.1,2,0,0,0,0,
281337734,-1.4958,-0.88,1.48286,1968.56,1053.8,-2160.1,2,0,0,0,0,
281337774,-1.4958,-0.88,1.48286,1968.56,1053.8,-2160.1,2,0,0,0,0,
281337815,-1.4958,-0.88,1.48286,1968.56,1053.8,-2160.1,2,0,0,0,0,
281337854,-1.4958,-0.88,1.48286,1968.56,1053.8,-2160.1,2,0,0,0,0,
281337894,-1.4958,-0.88,1.48286,1968.56,1053.8,-2160.1,2,0,0,0,0,
281337934,-1.4958,-0.88,1.48286,1968.56,1053.8,-2160.1,2,0,0,0,0,
281337974,-1.4958,-0.88,1.48286,1968.56,1053.8,-2160.1,2,0,0,0,0,
281338014,-1.4958,-0.88,1.48286,1968.56,1053.8,-2160.1,2,0,0,0,0,
281338054,-1.4958,-0.88,1.48286,1968.56,1053.8,-2160.1,2,0,0,0,9,
281338095,-1.4958,-0.88,1.48286,1968.56,1053.8,-2160.1,2,0,0,0,9,
281338134,-1.4958,-0.88,1.48286,1968.56,1053.8,-2160.1,2,0,0,0,9,
281338174,-1.4958,-0.88,1.48286,1968.56,1053.8,-2160.1,2,0,0,0,9,
281338214,-1.4958,-0.88,1.48286,1968.56,1053.8,-2160.1,2,0,0,0,9,
281338254,-1.4958,-0.88,1.48286,1968.56,1053.8,-2160.1,2,0,0,0,9,
281338294,-1.4958,-0.88,1.48286,1968.56,1053.8,-2160.1,2,0,0,0,9,
281338334,-1.4958,-0.88,1.48286,1968.56,1053.8,-2160.1,2,0,0,0,9,
281338374,-1.4958,-0.88,1.48286,1968.56,1053.8,-2160.1,2,0,0,0,9,
281338415,-1.4958,-0.88,1.48286,1968.56,1053.8,-2160.1,2,0,0,0,9,
281338454,-1.4958,-0.88,1.48286,1968.56,1053.8,-2160.1,2,0,0,0,9,
281338494,-1.4958,-0.88,1.48286,1968.56,1053.8,-2160.1,2,0,0,0,9,
281338534,-1.4958,-0.88,1.48286,1968.56,1053.8,-2160.1,2,0,0,0,9,
281338574,-1.4958,-0.88,1.48286,1968.56,1053.8,-2160.1,2,0,0,0,9,
281338614,-1.4958,-0.88,1.48286,1968.56,1053.8,-2160.1,2,0,0,0,9,
281338654,-1.4958,-0.88,1.48286,1968.56,1053.8,-2160.1,2,0,0,0,9,
281338694,-1.4958,-0.88,1.48286,1968.56,1053.8,-2160.1,2,0,0,0,9,
281338735,-1.4958,-0.88,1.48286,1968.56,1053.8,-2160.1,2,0,0,0,9,
281338774,-1.4958,-0.88,1.48286,1968.56,1053.8,-2160.1,2,0,0,0,9,
281338814,-1.4958,-0.88,1.48286,1968.56,1053.8,-2160.1,2,0,0,0,9,
281338854,-1.4958,-0.88,1.48286,1968.56,1053.8,-2160.1,2,0,0,0,9,
281338894,-1.4958,-0.88,1.48286,1968.56,1053.8,-2160.1,2,0,0,0,9,
281338934,-1.4958,-0.88,1.48286,1968.56,1053.8,-2160.1,2,0,0,0,0,
281338974,-1.4958,-0.88,1.48286,1968.56,1053.8,-2160.1,2,0,0,0,0,
281339014,-1.4958,-0.88,1.48286,1968.56,1053.8,-2160.1,2,0,0,0,0,
281339055,-1.4958,-0.88,1.48286,1968.56,1053.8,-2160.1,2,0,0,0,0,
281339094,-1.4958,-0.88,1.48286,1968.56,1053.8,-2160.1,2,0,0,0,0,
281339134,-1.4958,-0.88,1.48286,1968.56,1053.8,-2160.1,2,0,0,0,0,
281339174,-1.4958,-0.88,1.48286,1968.56,1053.8,-2160.1,2,0,0,0,0,
281339214,-1.4958,-0.88,1.48286,1968.56,1053.8,-2160.1,2,0,0,0,0,
281339254,-1.4958,-0.88,1.48286,1968.56,1053.8,-2160.1,2,0,0,0,0,
281339294,-1.4958,-0.88,1.48286,1968.56,1053.8,-2160.1,2,0,0,0,0,
281339334,-1.4958,-0.88,1.48286,1968.56,1053.8,-2160.1,2,0,0,0,0,
281339375,-1.4958,-0.88,1.48286,1968.56,1053.8,-2160.1,2,0,0,0,0,
281339414,-1.4958,-0.88,1.48286,1968.56,1053.8,-2160.1,2,0,0,0,0,
281339454,-1.4958,-0.88,1.48286,1968.56,1053.8,-2160.1,2,0,0,0,0,
281339494,-1.4958,-0.88,1.48286,1968.56,1053.8,-2160.1,2,0,0,0,0,
281339534,-1.4958,-0.88,1.48286,1968.56,1053.8,-2160.1,2,0,0,0,0,
281339574,-1.4958,-0.88,1.48286,1968.56,1053.8,-2160.1,2,0,0,0,0,
281339614,-1.4958,-0.88,1.48286,1968.56,1053.8,-2160.1,2,0,0,0,0,
281339654,-1.4958,-0.88,1.48286,1968.56,1053.8,-2160.1,2,0,0,0,0,
281339695,-1.4958,-0.88,1.48286,1968.56,1053.8,-2160.1,2,0,0,0,0,
281339734,-1.4958,-0.88,1.48286,1968.56,1053.8,-2160.1,2,0,0,0,0,
281339774,-1.4958,-0.88,1.48286,1968.56,1053.8,-2160.1,2,0,0,0,0,
281339814,-1.4958,-0.88,1.48286,1968.56,1053.8,-2160.1,2,0,0,0,0,
281339854,-1.4958,-0.88,1.48286,1968.56,1053.8,-2160.1,2,0,0,0,0,
281339894,-1.4958,-0.88,1.48286,1968.56,1053.8,-2160.1,2,0,0,0,0,
281339934,-1.4958,-0.88,1.48286,1968.56,1053.8,-2160.1,2,0,0,0,0,
281339975,-1.4958,-0.88,1.48286,1968.56,1053.8,-2160.1,2,0,0,0,0,
281340014,-1.4958,-0.88,1.48286,1968.56,1053.8,-2160.1,2,0,0,0,0,
281340054,-1.4958,-0.88,1.48286,1968.56,1053.8,-2160.1,2,0,0,0,0,
281340094,-1.4958,-0.88,1.48286,1968.56,1053.8,-2160.1,2,0,0,0,0,
281340134,-1.4958,-0.88,1.48286,1968.56,1053.8,-2160.1,2,0,0,0,0,
281340174,-1.4958,-0.88,1.48286,1968.56,1053.8,-2160.1,2,0,0,0,0,
281340214,-1.4958,-0.88,1.48286,1968.56,1053.8,-2160.1,2,0,0,0,0,
281340254,-1.4958,-0.88,1.48286,1968.56,1053.8,-2160.1,2,0,0,0,0,
281340295,-1.4958,-0.88,1.48286,1968.56,1053.8,-2160.1,2,0,0,0,0,
281340334,-1.4958,-0.88,1.48286,1968.56,1053.8,-2160.1,2,0,0,0,0,
281340374,-1.4958,-0.88,1.48286,1968.56,1053.8,-2160.1,2,0,0,0,0,
281340414,-1.4958,-0.88,1.48286,1968.56,1053.8,-2160.1,2,0,0,0,0,
281340454,-1.4958,-0.88,1.48286,1968.56,1053.8,-2160.1,2,0,0,0,0,
281340494,-1.4958,-0.88,1.48286,1968.56,1053.8,-2160.1,2,0,0,0,0,
281340534,-1.4958,-0.88,1.48286,1968.56,1053.8,-2160.1,2,0,0,0,0,
281340574,-1.4958,-0.88,1.48286,1968.56,1053.8,-2160.1,2,0,0,0,0,
281340615,-1.4958,-0.88,1.48286,1968.56,1053.8,-2160.1,2,0,0,0,0,
281340654,-1.4958,-0.88,1.48286,1968.56,1053.8,-2160.1,2,0,0,0,0,
281340694,-1.4958,-0.88,1.48286,1968.56,1053.8,-2160.1,2,0,0,0,0,
281340734,-1.4958,-0.88,1.48286,1968.56,1053.8,-2160.1,2,0,0,0,0,
281340774,-1.4958,-0.88,1.48286,1968.56,1053.8,-2160.1,2,0,0,0,0,
281340814,-1.4958,-0.88,1.48286,1968.56,1053.8,-2160.1,2,0,0,0,0,
281340854,-1.4958,-0.88,1.48286,1968.56,1053.8,-2160.1,2,0,0,0,0,
281340894,-1.4958,-0.88,1.48286,1968.56,1053.8,-2160.1,2,0,0,0,0,
281340935,-1.4958,-0.88,1.48286,1968.56,1053.8,-2160.1,2,0,0,0,0,
281340974,-1.4958,-0.88,1.48286,1968.56,1053.8,-2160.1,2,0,0,0,0,
281341014,-1.4958,-0.88,1.48286,1968.56,1053.8,-2160.1,2,0,0,0,0,
281341054,-1.4958,-0.88,1.48286,1968.56,1053.8,-2160.1,2,0,0,0,0,
281341094,-1.4958,-0.88,1.48286,1968.56,1053.8,-2160.1,2,0,0,0,0,
281341134,-1.4958,-0.88,1.48286,1968.56,1053.8,-2160.1,2,0,0,0,0,
281341174,-1.4958,-0.88,1.48286,1968.56,1053.8,-2160.1,2,0,0,0,0,
281341214,-1.4958,-0.88,1.48286,1968.56,1053.8,-2160.1,2,0,0,0,0,
281341255,-1.4958,-0.88,1.48286,1968.56,1053.8,-2160.1,2,0,0,0,0,
281341294,-1.4958,-0.88,1.48286,1968.56,1053.8,-2160.1,2,0,0,0,0,
281341334,-1.4958,-0.88,1.48286,1968.56,1053.8,-2160.1,2,0,0,0,0,
281341374,-1.4958,-0.88,1.48286,1968.56,1053.8,-2160.1,2,0,0,0,0,
281341414,-1.4958,-0.88,1.48286,1968.56,1053.8,-2160.1,2,0,0,0,0,
281341454,-1.4958,-0.88,1.48286,1968.56,1053.8,-2160.1,2,0,0,0,0,
281341494,-1.4958,-0.88,1.48286,1968.56,1053.8,-2160.1,2,0,0,0,0,
281341534,-1.4958,-0.88,1.48286,1968.56,1053.8,-2160.1,2,0,0,0,0,
281341575,-1.4958,-0.88,1.48286,1968.56,1053.8,-2160.1,2,0,0,0,0,
281341614,-1.4958,-0.88,1.48286,1968.56,1053.8,-2160.1,2,0,0,0,0,
281341654,-1.4958,-0.88,1.48286,1968.56,1053.8,-2160.1,2,0,0,0,0,
281341694,-1.4958,-0.88,1.48286,1968.56,1053.8,-2160.1,2,0,0,0,0,
281341734,-1.4958,-0.88,1.48286,1968.56,1053.8,-2160.1,2,0,0,0,0,
281341774,-1.4958,-0.88,1.48286,1968.56,1053.8,-2160.1,2,0,0,0,0,
281341814,-1.4958,-0.88,1.48286,1968.56,1053.8,-2160.1,2,0,0,0,0,
281341855,-1.4958,-0.88,1.48286,1968.56,1053.8,-2160.1,2,0,0,0,0,
281341894,-1.4958,-0.88,1.48286,1968.56,1053.8,-2160.1,2,0,0,0,0,
281341934,-1.4958,-0.88,1.48286,1968.56,1053.8,-2160.1,2,0,0,0,0,
281341974,-1.4958,-0.88,1.48286,1968.56,1053.8,-2160.1,2,0,0,0,0,
281342014,-1.4958,-0.88,1.48286,1968.56,1053.8,-2160.1,2,0,0,0,0,
281342054,-1.4958,-0.88,1.48286,1968.56,1053.8,-2160.1,2,0,0,0,0,
281342094,-1.4958,-0.88,1.48286,1968.56,1053.8,-2160.1,2,0,0,0,0,
281342134,-1.4958,-0.88,1.48286,1968.56,1053.8,-2160.1,2,0,0,0,0,
281342175,-1.4958,-0.88,1.48286,1968.56,1053.8,-2160.1,2,0,0,0,0,
281342214,-1.4958,-0.88,1.48286,1968.56,1053.8,-2160.1,2,0,0,0,0,
281342254,-1.4958,-0.88,1.48286,1968.56,1053.8,-2160.1,2,0,0,0,0,
281342294,-1.4958,-0.88,1.48286,1968.56,1053.8,-2160.1,2,0,0,0,0,
281342334,-1.4958,-0.88,1.48286,1968.56,1053.8,-2160.1,2,0,0,0,0,
281342374,-1.4958,-0.88,1.48286,1968.56,1053.8,-2160.1,2,0,0,0,0,
281342414,-1.4958,-0.88,1.48286,1968.56,1053.8,-2160.1,2,0,0,0,0,
281342454,-1.4958,-0.88,1.48286,1968.56,1053.8,-2160.1,2,0,0,0,0,
281342495,-1.4958,-0.88,1.48286,1968.56,1053.8,-2160.1,2,0,0,0,0,
281342534,-1.4958,-0.88,1.48286,1968.56,1053.8,-2160.1,2,0,0,0,0,
281342574,-1.4958,-0.88,1.48286,1968.56,1053.8,-2160.1,2,0,0,0,0,
281342614,-1.4958,-0.88,1.48286,1968.56,1053.8,-2160.1,2,0,0,0,0,
