milisec,RacketX,RacketY,RacketZ,forceX,forceX,forceX,ForceRatio,FriendPoint,EnemyPoint,haptics,scene
221625049,0,0,0,0,0,0,0,0,0,0,0,
221625149,0,0,0,0,0,0,0,0,0,0,0,
221625219,0,0,0,0,0,0,0,0,0,0,0,
221625269,0,0,0,0,0,0,0,0,0,0,0,
221625329,0,0,0,0,0,0,0,0,0,0,0,
221625389,0,0,0,0,0,0,0,0,0,0,0,
221625449,0,0,0,0,0,0,0,0,0,0,0,
221625509,0,0,0,0,0,0,0,0,0,0,0,
221625589,0,0,0,0,0,0,0,0,0,0,0,
221625630,0,0,0,0,0,0,0,0,0,0,0,
221625690,0,0,0,0,0,0,0,0,0,0,0,
221625750,0,0,0,0,0,0,0,0,0,0,0,
221625810,0,0,0,0,0,0,0,0,0,0,0,
221625870,0,0,0,0,0,0,0,0,0,0,0,
221625930,0,0,0,0,0,0,0,0,0,0,0,
221625990,0,0,0,0,0,0,0,0,0,0,0,
221626130,0,0,0,0,0,0,0,0,0,0,0,
221626240,0,0,0,0,0,0,0,0,0,0,0,
221626321,0,0,0,0,0,0,0,0,0,0,0,
221626351,0,0,0,0,0,0,0,0,0,0,0,
221626411,0,0,0,0,0,0,0,0,0,0,0,
221626471,0,0,0,0,0,0,0,0,0,0,0,
221626531,0,0,0,0,0,0,0,0,0,0,0,
221626591,0,0,0,0,0,0,0,0,0,0,0,
221626651,0,0,0,0,0,0,0,0,0,0,0,
221626711,0,0,0,0,0,0,0,0,0,0,0,
221626771,0,0,0,0,0,0,0,0,0,0,0,
221626831,0,0,0,0,0,0,0,0,0,0,0,
221626891,0,0,0,0,0,0,0,0,0,0,0,
221626951,0,0,0,0,0,0,0,0,0,0,0,
221627011,0,0,0,0,0,0,0,0,0,0,0,
221627072,0,0,0,0,0,0,0,0,0,0,0,
221627132,0,0,0,0,0,0,0,0,0,0,0,
221627192,0,0,0,0,0,0,0,0,0,0,0,
221627252,0,0,0,0,0,0,0,0,0,0,0,
221627312,0,0,0,0,0,0,0,0,0,0,0,
221627372,0,0,0,0,0,0,0,0,0,0,0,
221627432,0,0,0,0,0,0,0,0,0,0,0,
221627492,0,0,0,0,0,0,0,0,0,0,0,
221627552,0,0,0,0,0,0,0,0,0,0,0,
221627612,0,0,0,0,0,0,0,0,0,0,0,
221627672,0,0,0,0,0,0,0,0,0,0,0,
221627733,0,0,0,0,0,0,0,0,0,0,0,
221627793,0,0,0,0,0,0,0,0,0,0,0,
221627853,0,0,0,0,0,0,0,0,0,0,0,
221627913,0,0,0,0,0,0,0,0,0,0,0,
221627973,0,0,0,0,0,0,0,0,0,0,0,
221628033,0,0,0,0,0,0,0,0,0,0,0,
221628093,0,0,0,0,0,0,0,0,0,0,0,
221628153,0,0,0,0,0,0,0,0,0,0,0,
221628213,0,0,0,0,0,0,0,0,0,0,0,
221628273,0,0,0,0,0,0,0,0,0,0,0,
221628333,0,0,0,0,0,0,0,0,0,0,0,
221628393,0,0,0,0,0,0,0,0,0,0,0,
221628454,0,0,0,0,0,0,0,0,0,0,0,
221628514,0,0,0,0,0,0,0,0,0,0,0,
221628574,0,0,0,0,0,0,0,0,0,0,0,
221628634,0,0,0,0,0,0,0,0,0,0,0,
221628694,0,0,0,0,0,0,0,0,0,0,0,
221628754,0,0,0,0,0,0,0,0,0,0,0,
221628814,0,0,0,0,0,0,0,0,0,0,0,
221628874,0,0,0,0,0,0,0,0,0,0,0,
221628934,0,0,0,0,0,0,0,0,0,0,0,
221628994,0,0,0,0,0,0,0,0,0,0,0,
221629054,0,0,0,0,0,0,0,0,0,0,0,
221629115,0,0,0,0,0,0,0,0,0,0,0,
221629175,0,0,0,0,0,0,0,0,0,0,0,
221629235,0,0,0,0,0,0,0,0,0,0,0,
221629295,0,0,0,0,0,0,0,0,0,0,0,
221629355,0,0,0,0,0,0,0,0,0,0,0,
221629415,0,0,0,0,0,0,0,0,0,0,0,
221629475,0,0,0,0,0,0,0,0,0,0,0,
221629535,0,0,0,0,0,0,0,0,0,0,0,
221629595,0,0,0,0,0,0,0,0,0,0,0,
221629655,0,0,0,0,0,0,0,0,0,0,0,
221629715,0,0,0,0,0,0,0,0,0,0,0,
221629775,0,0,0,0,0,0,0,0,0,0,0,
221629836,0,0,0,0,0,0,0,0,0,0,0,
221629896,0,0,0,0,0,0,0,0,0,0,0,
221629956,0,0,0,0,0,0,0,0,0,0,0,
221630016,0,0,0,0,0,0,0,0,0,0,0,
221630076,0,0,0,0,0,0,0,0,0,0,0,
221630136,0,0,0,0,0,0,0,0,0,0,0,
221630196,0,0,0,0,0,0,0,0,0,0,0,
221630256,0,0,0,0,0,0,0,0,0,0,0,
221630316,0,0,0,0,0,0,0,0,0,0,0,
221630376,0,0,0,0,0,0,0,0,0,0,0,
221630436,0,0,0,0,0,0,0,0,0,0,0,
221630497,0,0,0,0,0,0,0,0,0,0,0,
221630557,0,0,0,0,0,0,0,0,0,0,0,
221630617,0,0,0,0,0,0,0,0,0,0,0,
221630677,0,0,0,0,0,0,0,0,0,0,0,
221630737,0,0,0,0,0,0,0,0,0,0,0,
221630797,0,0,0,0,0,0,0,0,0,0,0,
221630857,0,0,0,0,0,0,0,0,0,0,0,
221630917,0,0,0,0,0,0,0,0,0,0,0,
221630977,0,0,0,0,0,0,0,0,0,0,0,
221631037,0,0,0,0,0,0,0,0,0,0,0,
221631097,0,0,0,0,0,0,0,0,0,0,0,
221631157,0,0,0,0,0,0,0,0,0,0,0,
221631218,0,0,0,0,0,0,0,0,0,0,0,
221631278,0,0,0,0,0,0,0,0,0,0,0,
221631338,0,0,0,0,0,0,0,0,0,0,0,
221631398,0,0,0,0,0,0,0,0,0,0,0,
221631458,0,0,0,0,0,0,0,0,0,0,0,
221631518,0,0,0,0,0,0,0,0,0,0,0,
221631578,0,0,0,0,0,0,0,0,0,0,0,
221631638,0,0,0,0,0,0,0,0,0,0,0,
221631698,0,0,0,0,0,0,0,0,0,0,0,
221631758,0,0,0,0,0,0,0,0,0,0,0,
221631818,0,0,0,0,0,0,0,0,0,0,0,
221631878,0,0,0,0,0,0,0,0,0,0,0,
221631939,0,0,0,0,0,0,0,0,0,0,0,
221631999,0,0,0,0,0,0,0,0,0,0,0,
221632059,0,0,0,0,0,0,0,0,0,0,0,
221632119,0,0,0,0,0,0,0,0,0,0,0,
221632179,0,0,0,0,0,0,0,0,0,0,0,
221632239,0,0,0,0,0,0,0,0,0,0,0,
221632299,0,0,0,0,0,0,0,0,0,0,0,
221632359,0,0,0,0,0,0,0,0,0,0,0,
221632419,0,0,0,0,0,0,0,0,0,0,0,
221632479,0,0,0,0,0,0,0,0,0,0,0,
221632539,0,0,0,0,0,0,0,0,0,0,0,
221632600,0,0,0,0,0,0,0,0,0,0,0,
221632660,0,0,0,0,0,0,0,0,0,0,0,
221632720,0,0,0,0,0,0,0,0,0,0,0,
221632780,0,0,0,0,0,0,0,0,0,0,0,
221632840,0,0,0,0,0,0,0,0,0,0,0,
221632900,0,0,0,0,0,0,0,0,0,0,0,
221632960,0,0,0,0,0,0,0,0,0,0,0,
221633020,0,0,0,0,0,0,0,0,0,0,0,
221633080,0,0,0,0,0,0,0,0,0,0,0,
221633140,0,0,0,0,0,0,0,0,0,0,0,
221633200,0,0,0,0,0,0,0,0,0,0,0,
221633260,0,0,0,0,0,0,0,0,0,0,0,
221633321,0,0,0,0,0,0,0,0,0,0,0,
221633381,0,0,0,0,0,0,0,0,0,0,0,
221633441,0,0,0,0,0,0,0,0,0,0,0,
221633501,0,0,0,0,0,0,0,0,0,0,0,
221633561,0,0,0,0,0,0,0,0,0,0,0,
221633621,0,0,0,0,0,0,0,0,0,0,0,
221633681,0,0,0,0,0,0,0,0,0,0,0,
221633741,0,0,0,0,0,0,0,0,0,0,0,
221633801,0,0,0,0,0,0,0,0,0,0,0,
221633861,0,0,0,0,0,0,0,0,0,0,0,
221633921,0,0,0,0,0,0,0,0,0,0,0,
221633982,0,0,0,0,0,0,0,0,0,0,0,
221634042,0,0,0,0,0,0,0,0,0,0,0,
221634102,0,0,0,0,0,0,0,0,0,0,0,
221634162,0,0,0,0,0,0,0,0,0,0,0,
221634222,0,0,0,0,0,0,0,0,0,0,0,
221634282,0,0,0,0,0,0,0,0,0,0,0,
221634342,0,0,0,0,0,0,0,0,0,0,0,
221634402,0,0,0,0,0,0,0,0,0,0,0,
221634462,0,0,0,0,0,0,0,0,0,0,0,
221634522,0,0,0,0,0,0,0,0,0,0,0,
221634582,0,0,0,0,0,0,0,0,0,0,0,
221634642,0,0,0,0,0,0,0,0,0,0,0,
221634703,0,0,0,0,0,0,0,0,0,0,0,
221634763,0,0,0,0,0,0,0,0,0,0,0,
221634823,0,0,0,0,0,0,0,0,0,0,0,
221634883,0,0,0,0,0,0,0,0,0,0,0,
221634943,0,0,0,0,0,0,0,0,0,0,0,
221635003,0,0,0,0,0,0,0,0,0,0,0,
221635063,0,0,0,0,0,0,0,0,0,0,0,
221635123,0,0,0,0,0,0,0,0,0,0,0,
221635183,0,0,0,0,0,0,0,0,0,0,0,
221635243,0,0,0,0,0,0,0,0,0,0,0,
221635303,0,0,0,0,0,0,0,0,0,0,0,
221635364,0,0,0,0,0,0,0,0,0,0,0,
221635424,0,0,0,0,0,0,0,0,0,0,0,
221635484,0,0,0,0,0,0,0,0,0,0,0,
221635544,0,0,0,0,0,0,0,0,0,0,0,
221635604,0,0,0,0,0,0,0,0,0,0,0,
221635664,0,0,0,0,0,0,0,0,0,0,0,
221635724,0,0,0,0,0,0,0,0,0,0,0,
221635784,0,0,0,0,0,0,0,0,0,0,0,
221635844,0,0,0,0,0,0,0,0,0,0,0,
221635904,0,0,0,0,0,0,0,0,0,0,0,
221635964,0,0,0,0,0,0,0,0,0,0,0,
221636024,0,0,0,0,0,0,0,0,0,0,0,
221636085,0,0,0,0,0,0,0,0,0,0,0,
221636145,0,0,0,0,0,0,0,0,0,0,0,
221636205,0,0,0,0,0,0,0,0,0,0,0,
221636265,0,0,0,0,0,0,0,0,0,0,0,
221636325,0,0,0,0,0,0,0,0,0,0,0,
221636385,0,0,0,0,0,0,0,0,0,0,0,
221636445,0,0,0,0,0,0,0,0,0,0,0,
221636505,0,0,0,0,0,0,0,0,0,0,0,
221636565,0,0,0,0,0,0,0,0,0,0,0,
221636625,0,0,0,0,0,0,0,0,0,0,0,
221636685,0,0,0,0,0,0,0,0,0,0,0,
221636745,0,0,0,0,0,0,0,0,0,0,0,
221636806,0,0,0,0,0,0,0,0,0,0,0,
221636866,0,0,0,0,0,0,0,0,0,0,0,
221636926,0,0,0,0,0,0,0,0,0,0,0,
221636986,0,0,0,0,0,0,0,0,0,0,0,
221637046,0,0,0,0,0,0,0,0,0,0,0,
221637106,0,0,0,0,0,0,0,0,0,0,0,
221637166,0,0,0,0,0,0,0,0,0,0,0,
221637226,0,0,0,0,0,0,0,0,0,0,0,
221637286,0,0,0,0,0,0,0,0,0,0,0,
221637346,0,0,0,0,0,0,0,0,0,0,0,
221637406,0,0,0,0,0,0,0,0,0,0,0,
221637467,0,0,0,0,0,0,0,0,0,0,0,
221637527,0,0,0,0,0,0,0,0,0,0,0,
221637587,0,0,0,0,0,0,0,0,0,0,0,
221637647,0,0,0,0,0,0,0,0,0,0,0,
221637707,0,0,0,0,0,0,0,0,0,0,0,
221637767,0,0,0,0,0,0,0,0,0,0,0,
221637827,0,0,0,0,0,0,0,0,0,0,0,
221637887,0,0,0,0,0,0,0,0,0,0,0,
221637947,0,0,0,0,0,0,0,0,0,0,0,
221638007,0,0,0,0,0,0,0,0,0,0,0,
221638067,0,0,0,0,0,0,0,0,0,0,0,
221638127,0,0,0,0,0,0,0,0,0,0,0,
221638188,0,0,0,0,0,0,0,0,0,0,0,
221638248,0,0,0,0,0,0,0,0,0,0,0,
221638308,0,0,0,0,0,0,0,0,0,0,0,
221638368,0,0,0,0,0,0,0,0,0,0,0,
221638428,0,0,0,0,0,0,0,0,0,0,0,
221638488,0,0,0,0,0,0,0,0,0,0,0,
221638548,0,0,0,0,0,0,0,0,0,0,0,
221638608,0,0,0,0,0,0,0,0,0,0,0,
221638668,0,0,0,0,0,0,0,0,0,0,0,
221638728,0,0,0,0,0,0,0,0,0,0,0,
221638788,0,0,0,0,0,0,0,0,0,0,0,
221638849,0,0,0,0,0,0,0,0,0,0,0,
221638909,0,0,0,0,0,0,0,0,0,0,0,
221638969,0,0,0,0,0,0,0,0,0,0,0,
221639029,0,0,0,0,0,0,0,0,0,0,0,
221639089,0,0,0,0,0,0,0,0,0,0,0,
221639149,0,0,0,0,0,0,0,0,0,0,0,
221639209,0,0,0,0,0,0,0,0,0,0,0,
221639269,0,0,0,0,0,0,0,0,0,0,0,
221639329,0,0,0,0,0,0,0,0,0,0,0,
221639389,0,0,0,0,0,0,0,0,0,0,0,
221639449,0,0,0,0,0,0,0,0,0,0,0,
221639509,0,0,0,0,0,0,0,0,0,0,0,
221639570,0,0,0,0,0,0,0,0,0,0,0,
221639630,0,0,0,0,0,0,0,0,0,0,0,
221639690,0,0,0,0,0,0,0,0,0,0,0,
221639750,0,0,0,0,0,0,0,0,0,0,0,
221639810,0,0,0,0,0,0,0,0,0,0,0,
221639870,0,0,0,0,0,0,0,0,0,0,0,
221639930,0,0,0,0,0,0,0,0,0,0,0,
221639990,0,0,0,0,0,0,0,0,0,0,0,
221640050,0,0,0,0,0,0,0,0,0,0,0,
221640110,0,0,0,0,0,0,0,0,0,0,0,
221640170,0,0,0,0,0,0,0,0,0,0,0,
221640231,0,0,0,0,0,0,0,0,0,0,0,
221640291,0,0,0,0,0,0,0,0,0,0,0,
221640351,0,0,0,0,0,0,0,0,0,0,0,
221640411,0,0,0,0,0,0,0,0,0,0,0,
221640471,0,0,0,0,0,0,0,0,0,0,0,
221640531,0,0,0,0,0,0,0,0,0,0,0,
221640591,0,0,0,0,0,0,0,0,0,0,0,
221640651,0,0,0,0,0,0,0,0,0,0,0,
221640711,0,0,0,0,0,0,0,0,0,0,0,
221640771,0,0,0,0,0,0,0,0,0,0,0,
221640831,0,0,0,0,0,0,0,0,0,0,0,
221640891,0,0,0,0,0,0,0,0,0,0,0,
221640952,0,0,0,0,0,0,0,0,0,0,0,
221641012,0,0,0,0,0,0,0,0,0,0,0,
221641082,0,0,0,0,0,0,0,0,0,0,0,
221641132,0,0,0,0,0,0,0,0,0,0,0,
221641192,0,0,0,0,0,0,0,0,0,0,0,
221641252,0,0,0,0,0,0,0,0,0,0,0,
221641312,0,0,0,0,0,0,0,0,0,0,0,
221641372,0,0,0,0,0,0,0,0,0,0,0,
221641432,0,0,0,0,0,0,0,0,0,0,0,
221641492,0,0,0,0,0,0,0,0,0,0,0,
221641552,0,0,0,0,0,0,0,0,0,0,0,
221641612,0,0,0,0,0,0,0,0,0,0,0,
221641743,0,0,0,0,0,0,0,0,0,0,0,
221641813,0,0,0,0,0,0,0,0,0,0,0,
221641863,0,0,0,0,0,0,0,0,0,0,0,
221641923,0,0,0,0,0,0,0,0,0,0,0,
221641983,0,0,0,0,0,0,0,0,0,0,0,
221642043,0,0,0,0,0,0,0,0,0,0,0,
221642113,0,0,0,0,0,0,0,0,0,0,0,
221642183,0,0,0,0,0,0,0,0,0,0,0,
221642223,0,0,0,0,0,0,0,0,0,0,0,
221642283,0,0,0,0,0,0,0,0,0,0,0,
221642344,0,0,0,0,0,0,0,0,0,0,0,
221642404,0,0,0,0,0,0,0,0,0,0,0,
221642464,0,0,0,0,0,0,0,0,0,0,0,
221642524,0,0,0,0,0,0,0,0,0,0,0,
221642584,0,0,0,0,0,0,0,0,0,0,0,
221642644,0,0,0,0,0,0,0,0,0,0,0,
221642704,0,0,0,0,0,0,0,0,0,0,0,
221642764,0,0,0,0,0,0,0,0,0,0,0,
221642824,0,0,0,0,0,0,0,0,0,0,0,
221642884,0,0,0,0,0,0,0,0,0,0,0,
221642944,0,0,0,0,0,0,0,0,0,0,0,
221643004,0,0,0,0,0,0,0,0,0,0,0,
221643065,0,0,0,0,0,0,0,0,0,0,0,
221643125,0,0,0,0,0,0,0,0,0,0,0,
221643185,0,0,0,0,0,0,0,0,0,0,0,
221643245,0,0,0,0,0,0,0,0,0,0,0,
221643305,0,0,0,0,0,0,0,0,0,0,0,
221643365,0,0,0,0,0,0,0,0,0,0,0,
221643425,0,0,0,0,0,0,0,0,0,0,0,
221643485,0,0,0,0,0,0,0,0,0,0,0,
221643545,0,0,0,0,0,0,0,0,0,0,0,
221643605,0,0,0,0,0,0,0,0,0,0,0,
221643665,0,0,0,0,0,0,0,0,0,0,0,
221643726,0,0,0,0,0,0,0,0,0,0,0,
221643786,0,0,0,0,0,0,0,0,0,0,0,
221643846,0,0,0,0,0,0,0,0,0,0,0,
221643906,0,0,0,0,0,0,0,0,0,0,0,
221643966,0,0,0,0,0,0,0,0,0,0,0,
221644026,0,0,0,0,0,0,0,0,0,0,0,
221644086,0,0,0,0,0,0,0,0,0,0,0,
221644146,0,0,0,0,0,0,0,0,0,0,0,
221644206,0,0,0,0,0,0,0,0,0,0,0,
221644266,0,0,0,0,0,0,0,0,0,0,0,
221644326,0,0,0,0,0,0,0,0,0,0,0,
221644386,0,0,0,0,0,0,0,0,0,0,0,
221644447,0,0,0,0,0,0,0,0,0,0,0,
221644507,0,0,0,0,0,0,0,0,0,0,0,
221644587,0,0,0,0,0,0,0,0,0,0,0,
221644627,0,0,0,0,0,0,0,0,0,0,0,
221644687,0,0,0,0,0,0,0,0,0,0,0,
221644747,0,0,0,0,0,0,0,0,0,0,0,
221644807,0,0,0,0,0,0,0,0,0,0,0,
221644867,0,0,0,0,0,0,0,0,0,0,0,
221644927,0,0,0,0,0,0,0,0,0,0,0,
221644987,0,0,0,0,0,0,0,0,0,0,0,
221645047,0,0,0,0,0,0,0,0,0,0,0,
221645108,0,0,0,0,0,0,0,0,0,0,0,
221645168,0,0,0,0,0,0,0,0,0,0,0,
221645228,0,0,0,0,0,0,0,0,0,0,0,
221645288,0,0,0,0,0,0,0,0,0,0,0,
221645348,0,0,0,0,0,0,0,0,0,0,0,
221645408,0,0,0,0,0,0,0,0,0,0,0,
221645468,0,0,0,0,0,0,0,0,0,0,0,
221645528,0,0,0,0,0,0,0,0,0,0,0,
221645588,0,0,0,0,0,0,0,0,0,0,0,
221645648,0,0,0,0,0,0,0,0,0,0,0,
221645708,0,0,0,0,0,0,0,0,0,0,0,
221645768,0,0,0,0,0,0,0,0,0,0,0,
221645829,0,0,0,0,0,0,0,0,0,0,0,
221645889,0,0,0,0,0,0,0,0,0,0,0,
221645949,0,0,0,0,0,0,0,0,0,0,0,
221646009,0,0,0,0,0,0,0,0,0,0,0,
221646069,0,0,0,0,0,0,0,0,0,0,0,
221646129,0,0,0,0,0,0,0,0,0,0,0,
221646189,0,0,0,0,0,0,0,0,0,0,0,
221646249,0,0,0,0,0,0,0,0,0,0,0,
221646309,0,0,0,0,0,0,0,0,0,0,0,
221646369,0,0,0,0,0,0,0,0,0,0,0,
221646429,0,0,0,0,0,0,0,0,0,0,0,
221646490,0,0,0,0,0,0,0,0,0,0,0,
221646550,0,0,0,0,0,0,0,0,0,0,0,
221646610,0,0,0,0,0,0,0,0,0,0,0,
221646670,0,0,0,0,0,0,0,0,0,0,0,
221646730,0,0,0,0,0,0,0,0,0,0,0,
221646790,0,0,0,0,0,0,0,0,0,0,0,
221646850,0,0,0,0,0,0,0,0,0,0,0,
221646910,0,0,0,0,0,0,0,0,0,0,0,
221646970,0,0,0,0,0,0,0,0,0,0,0,
221647030,0,0,0,0,0,0,0,0,0,0,0,
221647090,0,0,0,0,0,0,0,0,0,0,0,
221647150,0,0,0,0,0,0,0,0,0,0,0,
221647211,0,0,0,0,0,0,0,0,0,0,0,
221647271,0,0,0,0,0,0,0,0,0,0,0,
221647331,0,0,0,0,0,0,0,0,0,0,0,
221647391,0,0,0,0,0,0,0,0,0,0,0,
221647451,0,0,0,0,0,0,0,0,0,0,0,
221647511,0,0,0,0,0,0,0,0,0,0,0,
221647571,0,0,0,0,0,0,0,0,0,0,0,
221647631,0,0,0,0,0,0,0,0,0,0,0,
221647691,0,0,0,0,0,0,0,0,0,0,0,
221647751,0,0,0,0,0,0,0,0,0,0,0,
221647811,0,0,0,0,0,0,0,0,0,0,0,
221647871,0,0,0,0,0,0,0,0,0,0,0,
221647932,0,0,0,0,0,0,0,0,0,0,0,
221647992,0,0,0,0,0,0,0,0,0,0,0,
221648052,0,0,0,0,0,0,0,0,0,0,0,
221648112,0,0,0,0,0,0,0,0,0,0,0,
221648172,0,0,0,0,0,0,0,0,0,0,0,
221648242,0,0,0,0,0,0,0,0,0,0,0,
221648292,0,0,0,0,0,0,0,0,0,0,0,
221648352,0,0,0,0,0,0,0,0,0,0,0,
221648412,0,0,0,0,0,0,0,0,0,0,0,
221648472,0,0,0,0,0,0,0,0,0,0,0,
221648532,0,0,0,0,0,0,0,0,0,0,0,
221648593,0,0,0,0,0,0,0,0,0,0,0,
221648653,0,0,0,0,0,0,0,0,0,0,0,
221648713,0,0,0,0,0,0,0,0,0,0,0,
221648773,0,0,0,0,0,0,0,0,0,0,0,
221648833,0,0,0,0,0,0,0,0,0,0,0,
221648893,0,0,0,0,0,0,0,0,0,0,0,
221648953,0,0,0,0,0,0,0,0,0,0,0,
221649013,0,0,0,0,0,0,0,0,0,0,0,
221649073,0,0,0,0,0,0,0,0,0,0,0,
221649133,0,0,0,0,0,0,0,0,0,0,0,
221649193,0,0,0,0,0,0,0,0,0,0,0,
221649253,0,0,0,0,0,0,0,0,0,0,0,
221649314,0,0,0,0,0,0,0,0,0,0,0,
221649374,0,0,0,0,0,0,0,0,0,0,0,
221649434,0,0,0,0,0,0,0,0,0,0,0,
221649494,0,0,0,0,0,0,0,0,0,0,0,
221649554,0,0,0,0,0,0,0,0,0,0,0,
221649614,0,0,0,0,0,0,0,0,0,0,0,
221649674,0,0,0,0,0,0,0,0,0,0,0,
221649734,0,0,0,0,0,0,0,0,0,0,0,
221649794,0,0,0,0,0,0,0,0,0,0,0,
221649854,0,0,0,0,0,0,0,0,0,0,0,
221649914,0,0,0,0,0,0,0,0,0,0,0,
221649975,0,0,0,0,0,0,0,0,0,0,0,
221650035,0,0,0,0,0,0,0,0,0,0,0,
221650095,0,0,0,0,0,0,0,0,0,0,0,
221650155,0,0,0,0,0,0,0,0,0,0,0,
221650215,0,0,0,0,0,0,0,0,0,0,0,
221650275,0,0,0,0,0,0,0,0,0,0,0,
221650335,0,0,0,0,0,0,0,0,0,0,0,
221650395,0,0,0,0,0,0,0,0,0,0,0,
221650465,0,0,0,0,0,0,0,0,0,0,0,
221650515,0,0,0,0,0,0,0,0,0,0,0,
221650575,0,0,0,0,0,0,0,0,0,0,0,
221650635,0,0,0,0,0,0,0,0,0,0,0,
221650696,0,0,0,0,0,0,0,0,0,0,0,
221650756,0,0,0,0,0,0,0,0,0,0,0,
221650816,0,0,0,0,0,0,0,0,0,0,0,
221650886,0,0,0,0,0,0,0,0,0,0,0,
221650936,0,0,0,0,0,0,0,0,0,0,0,
221650996,0,0,0,0,0,0,0,0,0,0,0,
221651056,0,0,0,0,0,0,0,0,0,0,0,
221651116,0,0,0,0,0,0,0,0,0,0,0,
221651176,0,0,0,0,0,0,0,0,0,0,0,
221651236,0,0,0,0,0,0,0,0,0,0,0,
221651296,0,0,0,0,0,0,0,0,0,0,0,
221651357,0,0,0,0,0,0,0,0,0,0,0,
221651417,0,0,0,0,0,0,0,0,0,0,0,
221651477,0,0,0,0,0,0,0,0,0,0,0,
221651537,0,0,0,0,0,0,0,0,0,0,0,
221651597,0,0,0,0,0,0,0,0,0,0,0,
221651657,0,0,0,0,0,0,0,0,0,0,0,
221651717,0,0,0,0,0,0,0,0,0,0,0,
221651777,0,0,0,0,0,0,0,0,0,0,0,
221651837,0,0,0,0,0,0,0,0,0,0,0,
221651897,0,0,0,0,0,0,0,0,0,0,0,
221651957,0,0,0,0,0,0,0,0,0,0,0,
221652017,0,0,0,0,0,0,0,0,0,0,0,
221652078,0,0,0,0,0,0,0,0,0,0,0,
221652138,0,0,0,0,0,0,0,0,0,0,0,
221652198,0,0,0,0,0,0,0,0,0,0,0,
221652258,0,0,0,0,0,0,0,0,0,0,0,
221652318,0,0,0,0,0,0,0,0,0,0,0,
221652378,0,0,0,0,0,0,0,0,0,0,0,
221652438,0,0,0,0,0,0,0,0,0,0,0,
221652498,0,0,0,0,0,0,0,0,0,0,0,
221652558,0,0,0,0,0,0,0,0,0,0,0,
221652618,0,0,0,0,0,0,0,0,0,0,0,
221652678,0,0,0,0,0,0,0,0,0,0,0,
221652738,0,0,0,0,0,0,0,0,0,0,0,
221652799,0,0,0,0,0,0,0,0,0,0,0,
221652859,0,0,0,0,0,0,0,0,0,0,0,
221652919,0,0,0,0,0,0,0,0,0,0,0,
221652979,0,0,0,0,0,0,0,0,0,0,0,
221653039,0,0,0,0,0,0,0,0,0,0,0,
221653099,0,0,0,0,0,0,0,0,0,0,0,
221653159,0,0,0,0,0,0,0,0,0,0,0,
221653219,0,0,0,0,0,0,0,0,0,0,0,
221653279,0,0,0,0,0,0,0,0,0,0,0,
221653339,0,0,0,0,0,0,0,0,0,0,0,
221653399,0,0,0,0,0,0,0,0,0,0,0,
221653460,0,0,0,0,0,0,0,0,0,0,0,
221653520,0,0,0,0,0,0,0,0,0,0,0,
221653580,0,0,0,0,0,0,0,0,0,0,0,
221653640,0,0,0,0,0,0,0,0,0,0,0,
221653700,0,0,0,0,0,0,0,0,0,0,0,
221653760,0,0,0,0,0,0,0,0,0,0,0,
221653820,0,0,0,0,0,0,0,0,0,0,0,
221653880,0,0,0,0,0,0,0,0,0,0,0,
221653940,0,0,0,0,0,0,0,0,0,0,0,
221654000,0,0,0,0,0,0,0,0,0,0,0,
221654060,0,0,0,0,0,0,0,0,0,0,0,
221654120,0,0,0,0,0,0,0,0,0,0,0,
221654181,0,0,0,0,0,0,0,0,0,0,0,
221654241,0,0,0,0,0,0,0,0,0,0,0,
221654301,0,0,0,0,0,0,0,0,0,0,0,
221654361,0,0,0,0,0,0,0,0,0,0,0,
221654421,0,0,0,0,0,0,0,0,0,0,0,
221654481,0,0,0,0,0,0,0,0,0,0,0,
221654541,0,0,0,0,0,0,0,0,0,0,0,
221654601,0,0,0,0,0,0,0,0,0,0,0,
221654671,0,0,0,0,0,0,0,0,0,0,0,
221654721,0,0,0,0,0,0,0,0,0,0,0,
221654781,0,0,0,0,0,0,0,0,0,0,0,
221654842,0,0,0,0,0,0,0,0,0,0,0,
221654902,0,0,0,0,0,0,0,0,0,0,0,
221654962,0,0,0,0,0,0,0,0,0,0,0,
221655032,0,0,0,0,0,0,0,0,0,0,0,
221655082,0,0,0,0,0,0,0,0,0,0,0,
221655142,0,0,0,0,0,0,0,0,0,0,0,
221655202,0,0,0,0,0,0,0,0,0,0,0,
221655262,0,0,0,0,0,0,0,0,0,0,0,
221655342,0,0,0,0,0,0,0,0,0,0,0,
221655382,0,0,0,0,0,0,0,0,0,0,0,
221655442,0,0,0,0,0,0,0,0,0,0,0,
221655502,0,0,0,0,0,0,0,0,0,0,0,
221655563,0,0,0,0,0,0,0,0,0,0,0,
221655623,0,0,0,0,0,0,0,0,0,0,0,
221655683,0,0,0,0,0,0,0,0,0,0,0,
221655743,0,0,0,0,0,0,0,0,0,0,0,
221655803,0,0,0,0,0,0,0,0,0,0,0,
221655863,0,0,0,0,0,0,0,0,0,0,0,
221655923,0,0,0,0,0,0,0,0,0,0,0,
221655983,0,0,0,0,0,0,0,0,0,0,0,
221656043,0,0,0,0,0,0,0,0,0,0,0,
221656103,0,0,0,0,0,0,0,0,0,0,0,
221656163,0,0,0,0,0,0,0,0,0,0,0,
221656224,0,0,0,0,0,0,0,0,0,0,0,
221656284,0,0,0,0,0,0,0,0,0,0,0,
221656344,0,0,0,0,0,0,0,0,0,0,0,
221656404,0,0,0,0,0,0,0,0,0,0,0,
221656464,0,0,0,0,0,0,0,0,0,0,0,
221656524,0,0,0,0,0,0,0,0,0,0,0,
221656584,0,0,0,0,0,0,0,0,0,0,0,
221656644,0,0,0,0,0,0,0,0,0,0,0,
221656704,0,0,0,0,0,0,0,0,0,0,0,
221656764,0,0,0,0,0,0,0,0,0,0,0,
221656824,0,0,0,0,0,0,0,0,0,0,0,
221656884,0,0,0,0,0,0,0,0,0,0,0,
221656945,0,0,0,0,0,0,0,0,0,0,0,
221657005,0,0,0,0,0,0,0,0,0,0,0,
221657065,0,0,0,0,0,0,0,0,0,0,0,
221657125,0,0,0,0,0,0,0,0,0,0,0,
221657185,0,0,0,0,0,0,0,0,0,0,0,
221657245,0,0,0,0,0,0,0,0,0,0,0,
221657305,0,0,0,0,0,0,0,0,0,0,0,
221657365,0,0,0,0,0,0,0,0,0,0,0,
221657425,0,0,0,0,0,0,0,0,0,0,0,
221657485,0,0,0,0,0,0,0,0,0,0,0,
221657545,0,0,0,0,0,0,0,0,0,0,0,
221657605,0,0,0,0,0,0,0,0,0,0,0,
221657676,0,0,0,0,0,0,0,0,0,0,0,
221657746,0,0,0,0,0,0,0,0,0,0,0,
221657786,0,0,0,0,0,0,0,0,0,0,0,
221657866,0,0,0,0,0,0,0,0,0,0,0,
221657936,0,0,0,0,0,0,0,0,0,0,0,
221657976,0,0,0,0,0,0,0,0,0,0,0,
221658026,0,0,0,0,0,0,0,0,0,0,0,
221658086,0,0,0,0,0,0,0,0,0,0,0,
221658146,0,0,0,0,0,0,0,0,0,0,0,
221658206,0,0,0,0,0,0,0,0,0,0,0,
221658276,0,0,0,0,0,0,0,0,0,0,0,
221658337,0,0,0,0,0,0,0,0,0,0,0,
221658387,0,0,0,0,0,0,0,0,0,0,0,
221658447,0,0,0,0,0,0,0,0,0,0,0,
221658507,0,0,0,0,0,0,0,0,0,0,0,
221658567,0,0,0,0,0,0,0,0,0,0,0,
221658627,0,0,0,0,0,0,0,0,0,0,0,
221658687,0,0,0,0,0,0,0,0,0,0,0,
221658747,0,0,0,0,0,0,0,0,0,0,0,
221658807,0,0,0,0,0,0,0,0,0,0,0,
221658867,0,0,0,0,0,0,0,0,0,0,0,
221658927,0,0,0,0,0,0,0,0,0,0,0,
221658987,0,0,0,0,0,0,0,0,0,0,0,
221659048,0,0,0,0,0,0,0,0,0,0,0,
221659108,0,0,0,0,0,0,0,0,0,0,0,
221659168,0,0,0,0,0,0,0,0,0,0,0,
221659228,0,0,0,0,0,0,0,0,0,0,0,
221659288,0,0,0,0,0,0,0,0,0,0,0,
221659348,0,0,0,0,0,0,0,0,0,0,0,
221659408,0,0,0,0,0,0,0,0,0,0,0,
221659468,0,0,0,0,0,0,0,0,0,0,0,
221659528,0,0,0,0,0,0,0,0,0,0,0,
221659588,0,0,0,0,0,0,0,0,0,0,0,
221659648,0,0,0,0,0,0,0,0,0,0,0,
221659709,0,0,0,0,0,0,0,0,0,0,0,
221659769,0,0,0,0,0,0,0,0,0,0,0,
221659829,0,0,0,0,0,0,0,0,0,0,0,
221659889,0,0,0,0,0,0,0,0,0,0,0,
221659949,0,0,0,0,0,0,0,0,0,0,0,
221660009,0,0,0,0,0,0,0,0,0,0,0,
221660069,0,0,0,0,0,0,0,0,0,0,0,
221660129,0,0,0,0,0,0,0,0,0,0,0,
221660189,0,0,0,0,0,0,0,0,0,0,0,
221660249,0,0,0,0,0,0,0,0,0,0,0,
221660309,0,0,0,0,0,0,0,0,0,0,0,
221660369,0,0,0,0,0,0,0,0,0,0,0,
221660430,0,0,0,0,0,0,0,0,0,0,0,
221660490,0,0,0,0,0,0,0,0,0,0,0,
221660550,0,0,0,0,0,0,0,0,0,0,0,
221660610,0,0,0,0,0,0,0,0,0,0,0,
221660670,0,0,0,0,0,0,0,0,0,0,0,
221660730,0,0,0,0,0,0,0,0,0,0,0,
221660790,0,0,0,0,0,0,0,0,0,0,0,
221660850,0,0,0,0,0,0,0,0,0,0,0,
221660910,0,0,0,0,0,0,0,0,0,0,0,
221660970,0,0,0,0,0,0,0,0,0,0,0,
221661030,0,0,0,0,0,0,0,0,0,0,0,
221661091,0,0,0,0,0,0,0,0,0,0,0,
221661151,0,0,0,0,0,0,0,0,0,0,0,
221661211,0,0,0,0,0,0,0,0,0,0,0,
221661271,0,0,0,0,0,0,0,0,0,0,0,
221661331,0,0,0,0,0,0,0,0,0,0,0,
221661391,0,0,0,0,0,0,0,0,0,0,0,
221661451,0,0,0,0,0,0,0,0,0,0,0,
221661511,0,0,0,0,0,0,0,0,0,0,0,
221661571,0,0,0,0,0,0,0,0,0,0,0,
221661631,0,0,0,0,0,0,0,0,0,0,0,
221661691,0,0,0,0,0,0,0,0,0,0,0,
221661751,0,0,0,0,0,0,0,0,0,0,0,
221661812,0,0,0,0,0,0,0,0,0,0,0,
221661872,0,0,0,0,0,0,0,0,0,0,0,
221661932,0,0,0,0,0,0,0,0,0,0,0,
221661992,0,0,0,0,0,0,0,0,0,0,0,
221662052,0,0,0,0,0,0,0,0,0,0,0,
221662112,0,0,0,0,0,0,0,0,0,0,0,
221662172,0,0,0,0,0,0,0,0,0,0,0,
221662232,0,0,0,0,0,0,0,0,0,0,0,
221662292,0,0,0,0,0,0,0,0,0,0,0,
221662352,0,0,0,0,0,0,0,0,0,0,0,
221662412,0,0,0,0,0,0,0,0,0,0,0,
221662472,0,0,0,0,0,0,0,0,0,0,0,
221662533,0,0,0,0,0,0,0,0,0,0,0,
221662593,0,0,0,0,0,0,0,0,0,0,0,
221662653,0,0,0,0,0,0,0,0,0,0,0,
221662713,0,0,0,0,0,0,0,0,0,0,0,
221662773,0,0,0,0,0,0,0,0,0,0,0,
221662853,0,0,0,0,0,0,0,0,0,0,0,
221662913,0,0,0,0,0,0,0,0,0,0,0,
221662973,0,0,0,0,0,0,0,0,0,0,0,
221663033,0,0,0,0,0,0,0,0,0,0,0,
221663093,0,0,0,0,0,0,0,0,0,0,0,
221663153,0,0,0,0,0,0,0,0,0,0,0,
221663224,0,0,0,0,0,0,0,0,0,0,0,
221663294,0,0,0,0,0,0,0,0,0,0,0,
221663334,0,0,0,0,0,0,0,0,0,0,0,
221663394,0,0,0,0,0,0,0,0,0,0,0,
221663454,0,0,0,0,0,0,0,0,0,0,0,
221663514,0,0,0,0,0,0,0,0,0,0,0,
221663574,0,0,0,0,0,0,0,0,0,0,0,
221663634,0,0,0,0,0,0,0,0,0,0,0,
221663694,0,0,0,0,0,0,0,0,0,0,0,
221663754,0,0,0,0,0,0,0,0,0,0,0,
221663915,0,0,0,0,0,0,0,0,0,0,0,
221663945,0,0,0,0,0,0,0,0,0,0,0,
221664005,0,0,0,0,0,0,0,0,0,0,0,
221664065,0,0,0,0,0,0,0,0,0,0,0,
221664125,0,0,0,0,0,0,0,0,0,0,0,
221664185,0,0,0,0,0,0,0,0,0,0,0,
221664245,0,0,0,0,0,0,0,0,0,0,0,
221664305,0,0,0,0,0,0,0,0,0,0,0,
221664365,0,0,0,0,0,0,0,0,0,0,0,
221664425,0,0,0,0,0,0,0,0,0,0,0,
221664485,0,0,0,0,0,0,0,0,0,0,0,
221664545,0,0,0,0,0,0,0,0,0,0,0,
221664606,0,0,0,0,0,0,0,0,0,0,0,
221664666,0,0,0,0,0,0,0,0,0,0,0,
221664726,0,0,0,0,0,0,0,0,0,0,0,
221664786,0,0,0,0,0,0,0,0,0,0,0,
221664846,0,0,0,0,0,0,0,0,0,0,0,
221664906,0,0,0,0,0,0,0,0,0,0,0,
221664966,0,0,0,0,0,0,0,0,0,0,0,
221665026,0,0,0,0,0,0,0,0,0,0,0,
221665086,0,0,0,0,0,0,0,0,0,0,0,
221665146,0,0,0,0,0,0,0,0,0,0,0,
221665206,0,0,0,0,0,0,0,0,0,0,0,
221665267,0,0,0,0,0,0,0,0,0,0,0,
221665327,0,0,0,0,0,0,0,0,0,0,0,
221665387,0,0,0,0,0,0,0,0,0,0,0,
221665447,0,0,0,0,0,0,0,0,0,0,0,
221665507,0,0,0,0,0,0,0,0,0,0,0,
221665567,0,0,0,0,0,0,0,0,0,0,0,
221665627,0,0,0,0,0,0,0,0,0,0,0,
221665687,0,0,0,0,0,0,0,0,0,0,0,
221665747,0,0,0,0,0,0,0,0,0,0,0,
221665807,0,0,0,0,0,0,0,0,0,0,0,
221665867,0,0,0,0,0,0,0,0,0,0,0,
221665927,0,0,0,0,0,0,0,0,0,0,0,
221665988,0,0,0,0,0,0,0,0,0,0,1,
221666048,0,0,0,0,0,0,0,0,0,0,1,
221666108,0,0,0,0,0,0,0,0,0,0,1,
221666168,0,0,0,0,0,0,0,0,0,0,1,
221666228,0,0,0,0,0,0,0,0,0,0,1,
221666288,0,0,0,0,0,0,0,0,0,0,1,
221666348,0,0,0,0,0,0,0,0,0,0,1,
221666408,0,0,0,0,0,0,0,0,0,0,1,
221666468,0,0,0,0,0,0,0,0,0,0,1,
221666528,0,0,0,0,0,0,0,0,0,0,1,
221666588,0,0,0,0,0,0,0,0,0,0,1,
221666648,0,0,0,0,0,0,0,0,0,0,1,
221666709,0,0,0,0,0,0,0,0,0,0,1,
221666769,0,0,0,0,0,0,0,0,0,0,1,
221666829,0,0,0,0,0,0,0,0,0,0,1,
221666889,0,0,0,0,0,0,0,0,0,0,1,
221666949,0,0,0,0,0,0,0,0,0,0,1,
221667009,0,0,0,0,0,0,0,0,0,0,1,
221667069,0,0,0,0,0,0,0,0,0,0,1,
221667129,0,0,0,0,0,0,0,0,0,0,1,
221667189,0,0,0,0,0,0,0,0,0,0,1,
221667249,0,0,0,0,0,0,0,0,0,0,1,
221667309,0,0,0,0,0,0,0,0,0,0,1,
221667370,0,0,0,0,0,0,0,0,0,0,1,
221667430,0,0,0,0,0,0,0,0,0,0,1,
221667490,0,0,0,0,0,0,0,0,0,0,1,
221667550,0,0,0,0,0,0,0,0,0,0,1,
221667610,0,0,0,0,0,0,0,0,0,0,1,
221667670,0,0,0,0,0,0,0,0,0,0,1,
221667730,0,0,0,0,0,0,0,0,0,0,1,
221667790,0,0,0,0,0,0,0,0,0,0,2,
221667850,0,0,0,0,0,0,0,0,0,0,2,
221667910,0,0,0,0,0,0,0,0,0,0,2,
221667970,0,0,0,0,0,0,0,0,0,0,2,
221668030,0,0,0,0,0,0,0,0,0,0,2,
221668091,0,0,0,0,0,0,0,0,0,0,2,
221668151,0,0,0,0,0,0,0,0,0,0,2,
221668211,0,0,0,0,0,0,0,0,0,0,2,
221668271,0,0,0,0,0,0,0,0,0,0,2,
221668331,0,0,0,0,0,0,0,0,0,0,2,
221668391,0,0,0,0,0,0,0,0,0,0,2,
221668451,0,0,0,0,0,0,0,0,0,0,2,
221668511,0,0,0,0,0,0,0,0,0,0,2,
221668571,0,0,0,0,0,0,0,0,0,0,2,
221668631,0,0,0,0,0,0,0,0,0,0,2,
221668691,0,0,0,0,0,0,0,0,0,0,2,
221668752,0,0,0,0,0,0,0,0,0,0,2,
221668812,0,0,0,0,0,0,0,0,0,0,2,
221668872,0,0,0,0,0,0,0,0,0,0,2,
221668932,0,0,0,0,0,0,0,0,0,0,2,
221668992,0,0,0,0,0,0,0,0,0,0,2,
221669052,0,0,0,0,0,0,0,0,0,0,2,
221669112,0,0,0,0,0,0,0,0,0,0,2,
221669172,0,0,0,0,0,0,0,0,0,0,2,
221669232,0,0,0,0,0,0,0,0,0,0,2,
221669292,0,0,0,0,0,0,0,0,0,0,2,
221669352,0,0,0,0,0,0,0,0,0,0,2,
221669412,0,0,0,0,0,0,0,0,0,0,2,
221669473,0,0,0,0,0,0,0,0,0,0,2,
221669533,0,0,0,0,0,0,0,0,0,0,2,
221669593,0,0,0,0,0,0,0,0,0,0,2,
221669653,0,0,0,0,0,0,0,0,0,0,2,
221669713,0,0,0,0,0,0,0,0,0,0,2,
221669773,0,0,0,0,0,0,0,0,0,0,2,
221669833,0,0,0,0,0,0,0,0,0,0,2,
221669893,0,0,0,0,0,0,0,0,0,0,2,
221669953,0,0,0,0,0,0,0,0,0,0,2,
221670013,0,0,0,0,0,0,0,0,0,0,2,
221670073,0,0,0,0,0,0,0,0,0,0,2,
221670134,0,0,0,0,0,0,0,0,0,0,2,
221670194,0,0,0,0,0,0,0,0,0,0,2,
221670254,0,0,0,0,0,0,0,0,0,0,2,
221670314,0,0,0,0,0,0,0,0,0,0,2,
221670374,0,0,0,0,0,0,0,0,0,0,2,
221670434,0,0,0,0,0,0,0,0,0,0,2,
221670494,0,0,0,0,0,0,0,0,0,0,2,
221670554,0,0,0,0,0,0,0,0,0,0,2,
221670614,0,0,0,0,0,0,0,0,0,0,2,
221670674,0,0,0,0,0,0,0,0,0,0,2,
221670734,0,0,0,0,0,0,0,0,0,0,2,
221670794,0,0,0,0,0,0,0,0,0,0,2,
221670855,0,0,0,0,0,0,0,0,0,0,2,
221670915,0,0,0,0,0,0,0,0,0,0,2,
221670975,0,0,0,0,0,0,0,0,0,0,2,
221671035,0,0,0,0,0,0,0,0,0,0,2,
221671095,0,0,0,0,0,0,0,0,0,0,2,
221671155,0,0,0,0,0,0,0,0,0,0,2,
221671215,0,0,0,0,0,0,0,0,0,0,2,
221671275,0,0,0,0,0,0,0,0,0,0,2,
221671335,0,0,0,0,0,0,0,0,0,0,2,
221671395,0,0,0,0,0,0,0,0,0,0,2,
221671455,0,0,0,0,0,0,0,0,0,0,2,
221671515,0,0,0,0,0,0,0,0,0,0,2,
221671576,0,0,0,0,0,0,0,0,0,0,2,
221671636,0,0,0,0,0,0,0,0,0,0,2,
221671696,0,0,0,0,0,0,0,0,0,0,2,
221671756,0,0,0,0,0,0,0,0,0,0,2,
221671816,0,0,0,0,0,0,0,0,0,0,2,
221671876,0,0,0,0,0,0,0,0,0,0,2,
221671936,0,0,0,0,0,0,0,0,0,0,2,
221671996,0,0,0,0,0,0,0,0,0,0,2,
221672056,0,0,0,0,0,0,0,0,0,0,2,
221672116,0,0,0,0,0,0,0,0,0,0,2,
221672176,0,0,0,0,0,0,0,0,0,0,2,
221672237,0,0,0,0,0,0,0,0,0,0,2,
221672297,0,0,0,0,0,0,0,0,0,0,2,
221672357,0,0,0,0,0,0,0,0,0,0,2,
221672417,0,0,0,0,0,0,0,0,0,0,2,
221672477,0,0,0,0,0,0,0,0,0,0,2,
221672537,0,0,0,0,0,0,0,0,0,0,2,
221672597,0,0,0,0,0,0,0,0,0,0,2,
221672657,0,0,0,0,0,0,0,0,0,0,2,
221672717,0,0,0,0,0,0,0,0,0,0,2,
221672777,0,0,0,0,0,0,0,0,0,0,2,
221672837,0,0,0,0,0,0,0,0,0,0,2,
221672897,0,0,0,0,0,0,0,0,0,0,2,
221672958,0,0,0,0,0,0,0,0,0,0,2,
221673018,0,0,0,0,0,0,0,0,0,0,2,
221673078,0,0,0,0,0,0,0,0,0,0,2,
221673138,0,0,0,0,0,0,0,0,0,0,2,
221673198,0,0,0,0,0,0,0,0,0,0,2,
221673258,0,0,0,0,0,0,0,0,0,0,2,
221673318,0,0,0,0,0,0,0,0,0,0,2,
221673378,0,0,0,0,0,0,0,0,0,0,2,
221673438,0,0,0,0,0,0,0,0,0,0,2,
221673498,0,0,0,0,0,0,0,0,0,0,2,
221673558,0,0,0,0,0,0,0,0,0,0,2,
221673619,0,0,0,0,0,0,0,0,0,0,2,
221673679,0,0,0,0,0,0,0,0,0,0,2,
221673739,0,0,0,0,0,0,0,0,0,0,2,
221673799,0,0,0,0,0,0,0,0,0,0,2,
221673859,0,0,0,0,0,0,0,0,0,0,2,
221673919,0,0,0,0,0,0,0,0,0,0,2,
221673979,0,0,0,0,0,0,0,0,0,0,2,
221674039,0,0,0,0,0,0,0,0,0,0,2,
221674099,0,0,0,0,0,0,0,0,0,0,2,
221674159,0,0,0,0,0,0,0,0,0,0,2,
221674219,0,0,0,0,0,0,0,0,0,0,2,
221674279,0,0,0,0,0,0,0,0,0,0,2,
221674340,0,0,0,0,0,0,0,0,0,0,2,
221674400,0,0,0,0,0,0,0,0,0,0,2,
221674460,0,0,0,0,0,0,0,0,0,0,2,
221674520,0,0,0,0,0,0,0,0,0,0,2,
221674580,0,0,0,0,0,0,0,0,0,0,2,
221674640,0,0,0,0,0,0,0,0,0,0,2,
221674700,0,0,0,0,0,0,0,0,0,0,2,
221674760,0,0,0,0,0,0,0,0,0,0,2,
221674820,0,0,0,0,0,0,0,0,0,0,2,
221674880,0,0,0,0,0,0,0,0,0,0,2,
221674940,0,0,0,0,0,0,0,0,0,0,2,
221675001,0,0,0,0,0,0,0,0,0,0,2,
221675061,0,0,0,0,0,0,0,0,0,0,2,
221675121,0,0,0,0,0,0,0,0,0,0,2,
221675181,0,0,0,0,0,0,0,0,0,0,2,
221675241,0,0,0,0,0,0,0,0,0,0,2,
221675301,0,0,0,0,0,0,0,0,0,0,2,
221675361,0,0,0,0,0,0,0,0,0,0,2,
221675421,0,0,0,0,0,0,0,0,0,0,2,
221675481,0,0,0,0,0,0,0,0,0,0,2,
221675541,0,0,0,0,0,0,0,0,0,0,2,
221675601,0,0,0,0,0,0,0,0,0,0,2,
221675661,0,0,0,0,0,0,0,0,0,0,2,
221675722,0,0,0,0,0,0,0,0,0,0,2,
221675782,0,0,0,0,0,0,0,0,0,0,2,
221675842,0,0,0,0,0,0,0,0,0,0,2,
221675902,0,0,0,0,0,0,0,0,0,0,2,
221675962,0,0,0,0,0,0,0,0,0,0,2,
221676022,0,0,0,0,0,0,0,0,0,0,2,
221676082,0,0,0,0,0,0,0,0,0,0,2,
221676142,0,0,0,0,0,0,0,0,0,0,2,
221676202,0,0,0,0,0,0,0,0,0,0,2,
221676262,0,0,0,0,0,0,0,0,0,0,2,
221676322,0,0,0,0,0,0,0,0,0,0,2,
221676382,0,0,0,0,0,0,0,0,0,0,2,
221676443,0,0,0,0,0,0,0,0,0,0,2,
221676503,0,0,0,0,0,0,0,0,0,0,2,
221676563,0,0,0,0,0,0,0,0,0,0,2,
221676623,0,0,0,0,0,0,0,0,0,0,2,
221676683,0,0,0,0,0,0,0,0,0,0,2,
221676743,0,0,0,0,0,0,0,0,0,0,2,
221676803,0,0,0,0,0,0,0,0,0,0,2,
221676863,0,0,0,0,0,0,0,0,0,0,2,
221676923,0,0,0,0,0,0,0,0,0,0,2,
221676983,0,0,0,0,0,0,0,0,0,0,2,
221677043,0,0,0,0,0,0,0,0,0,0,2,
221677104,0,0,0,0,0,0,0,0,0,0,2,
221677164,0,0,0,0,0,0,0,0,0,0,2,
221677224,0,0,0,0,0,0,0,0,0,0,2,
221677284,0,0,0,0,0,0,0,0,0,0,2,
221677344,0,0,0,0,0,0,0,0,0,0,2,
221677404,0,0,0,0,0,0,0,0,0,0,2,
221677464,0,0,0,0,0,0,0,0,0,0,2,
221677524,0,0,0,0,0,0,0,0,0,0,2,
221677584,0,0,0,0,0,0,0,0,0,0,2,
221677644,0,0,0,0,0,0,0,0,0,0,2,
221677704,0,0,0,0,0,0,0,0,0,0,2,
221677764,0,0,0,0,0,0,0,0,0,0,2,
221677825,0,0,0,0,0,0,0,0,0,0,2,
221677885,0,0,0,0,0,0,0,0,0,0,2,
221677945,0,0,0,0,0,0,0,0,0,0,2,
221678005,0,0,0,0,0,0,0,0,0,0,2,
221678065,0,0,0,0,0,0,0,0,0,0,2,
221678125,0,0,0,0,0,0,0,0,0,0,2,
221678185,0,0,0,0,0,0,0,0,0,0,2,
221678245,0,0,0,0,0,0,0,0,0,0,2,
221678305,0,0,0,0,0,0,0,0,0,0,2,
221678365,0,0,0,0,0,0,0,0,0,0,2,
221678425,0,0,0,0,0,0,0,0,0,0,2,
221678486,0,0,0,0,0,0,0,0,0,0,2,
221678546,0,0,0,0,0,0,0,0,0,0,2,
221678606,0,0,0,0,0,0,0,0,0,0,2,
221678666,0,0,0,0,0,0,0,0,0,0,2,
221678726,0,0,0,0,0,0,0,0,0,0,2,
221678786,0,0,0,0,0,0,0,0,0,0,2,
221678846,0,0,0,0,0,0,0,0,0,0,2,
221678906,0,0,0,0,0,0,0,0,0,0,2,
221678966,0,0,0,0,0,0,0,0,0,0,2,
221679026,0,0,0,0,0,0,0,0,0,0,2,
221679086,0,0,0,0,0,0,0,0,0,0,2,
221679146,0,0,0,0,0,0,0,0,0,0,2,
221679207,0,0,0,0,0,0,0,0,0,0,2,
221679267,0,0,0,0,0,0,0,0,0,0,2,
221679327,0,0,0,0,0,0,0,0,0,0,2,
221679387,0,0,0,0,0,0,0,0,0,0,2,
221679447,0,0,0,0,0,0,0,0,0,0,2,
221679507,0,0,0,0,0,0,0,0,0,0,2,
221679567,0,0,0,0,0,0,0,0,0,0,2,
221679627,0,0,0,0,0,0,0,0,0,0,2,
221679687,0,0,0,0,0,0,0,0,0,0,2,
221679747,0,0,0,0,0,0,0,0,0,0,2,
221679807,0,0,0,0,0,0,0,0,0,0,2,
221679868,0,0,0,0,0,0,0,0,0,0,2,
221679928,0,0,0,0,0,0,0,0,0,0,2,
221679988,0,0,0,0,0,0,0,0,0,0,2,
221680058,0,0,0,0,0,0,0,0,0,0,2,
221680108,0,0,0,0,0,0,0,0,0,0,2,
221680168,0,0,0,0,0,0,0,0,0,0,2,
221680228,0,0,0,0,0,0,0,0,0,0,2,
221680288,0,0,0,0,0,0,0,0,0,0,2,
221680348,0,0,0,0,0,0,0,0,0,0,2,
221680408,0,0,0,0,0,0,0,0,0,0,2,
221680468,0,0,0,0,0,0,0,0,0,0,2,
221680528,0,0,0,0,0,0,0,0,0,0,2,
221680589,0,0,0,0,0,0,0,0,0,0,2,
221680649,0,0,0,0,0,0,0,0,0,0,2,
221680709,0,0,0,0,0,0,0,0,0,0,2,
221680769,0,0,0,0,0,0,0,0,0,0,2,
221680829,0,0,0,0,0,0,0,0,0,0,2,
221680889,0,0,0,0,0,0,0,0,0,0,2,
221680949,0,0,0,0,0,0,0,0,0,0,2,
221681009,0,0,0,0,0,0,0,0,0,0,2,
221681069,0,0,0,0,0,0,0,0,0,0,2,
221681129,0,0,0,0,0,0,0,0,0,0,2,
221681189,0,0,0,0,0,0,0,0,0,0,2,
221681249,0,0,0,0,0,0,0,0,0,0,2,
221681310,0,0,0,0,0,0,0,0,0,0,2,
221681370,0,0,0,0,0,0,0,0,0,0,2,
221681430,0,0,0,0,0,0,0,0,0,0,2,
221681490,0,0,0,0,0,0,0,0,0,0,2,
221681550,0,0,0,0,0,0,0,0,0,0,2,
221681610,0,0,0,0,0,0,0,0,0,0,2,
221681670,0,0,0,0,0,0,0,0,0,0,2,
221681730,0,0,0,0,0,0,0,0,0,0,2,
221681790,0,0,0,0,0,0,0,0,0,0,2,
221681850,0,0,0,0,0,0,0,0,0,0,2,
221681910,0,0,0,0,0,0,0,0,0,0,2,
221681971,0,0,0,0,0,0,0,0,0,0,2,
221682031,0,0,0,0,0,0,0,0,0,0,2,
221682161,0,0,0,0,0,0,0,0,0,0,2,
221682211,0,0,0,0,0,0,0,0,0,0,2,
221682271,0,0,0,0,0,0,0,0,0,0,2,
221682331,0,0,0,0,0,0,0,0,0,0,2,
221682391,0,0,0,0,0,0,0,0,0,0,2,
221682451,0,0,0,0,0,0,0,0,0,0,2,
221682511,0,0,0,0,0,0,0,0,0,0,2,
221682571,0,0,0,0,0,0,0,0,0,0,2,
221682631,0,0,0,0,0,0,0,0,0,0,2,
221682692,0,0,0,0,0,0,0,0,0,0,2,
221682752,0,0,0,0,0,0,0,0,0,0,2,
221682812,0,0,0,0,0,0,0,0,0,0,2,
221682872,0,0,0,0,0,0,0,0,0,0,2,
221682932,0,0,0,0,0,0,0,0,0,0,2,
221682992,0,0,0,0,0,0,0,0,0,0,2,
221683052,0,0,0,0,0,0,0,0,0,0,2,
221683112,0,0,0,0,0,0,0,0,0,0,2,
221683172,0,0,0,0,0,0,0,0,0,0,0,
221683232,0,0,0,0,0,0,0,0,0,0,0,
221683292,0,0,0,0,0,0,0,0,0,0,0,
221683353,0,0,0,0,0,0,0,0,0,0,0,
221683413,0,0,0,0,0,0,0,0,0,0,0,
221683473,0,0,0,0,0,0,0,0,0,0,0,
221683533,0,0,0,0,0,0,0,0,0,0,0,
221683593,0,0,0,0,0,0,0,0,0,0,0,
221683653,0,0,0,0,0,0,0,0,0,0,0,
221683713,0,0,0,0,0,0,0,0,0,0,0,
221683773,0,0,0,0,0,0,0,0,0,0,0,
221683833,0,0,0,0,0,0,0,0,0,0,0,
221683893,0,0,0,0,0,0,0,0,0,0,0,
221683953,0,0,0,0,0,0,0,0,0,0,0,
221684013,0,0,0,0,0,0,0,0,0,0,0,
221684074,0,0,0,0,0,0,0,0,0,0,0,
221684134,0,0,0,0,0,0,0,0,0,0,0,
221684194,0,0,0,0,0,0,0,0,0,0,0,
221684254,0,0,0,0,0,0,0,0,0,0,0,
221684314,0,0,0,0,0,0,0,0,0,0,0,
221684374,0,0,0,0,0,0,0,0,0,0,0,
221684434,0,0,0,0,0,0,0,0,0,0,0,
221684494,0,0,0,0,0,0,0,0,0,0,0,
221684554,0,0,0,0,0,0,0,0,0,0,0,
221684614,0,0,0,0,0,0,0,0,0,0,0,
221684674,0,0,0,0,0,0,0,0,0,0,0,
221684735,0,0,0,0,0,0,0,0,0,0,0,
221684795,0,0,0,0,0,0,0,0,0,0,0,
221684855,0,0,0,0,0,0,0,0,0,0,0,
221684915,0,0,0,0,0,0,0,0,0,0,0,
221684975,0,0,0,0,0,0,0,0,0,0,0,
221685035,0,0,0,0,0,0,0,0,0,0,0,
221685095,0,0,0,0,0,0,0,0,0,0,0,
221685155,0,0,0,0,0,0,0,0,0,0,1,
221685215,0,0,0,0,0,0,0,0,0,0,1,
221685275,0,0,0,0,0,0,0,0,0,0,1,
221685335,0,0,0,0,0,0,0,0,0,0,1,
221685395,0,0,0,0,0,0,0,0,0,0,1,
221685456,0,0,0,0,0,0,0,0,0,0,1,
221685516,0,0,0,0,0,0,0,0,0,0,1,
221685576,0,0,0,0,0,0,0,0,0,0,1,
221685636,0,0,0,0,0,0,0,0,0,0,1,
221685696,0,0,0,0,0,0,0,0,0,0,1,
221685756,0,0,0,0,0,0,0,0,0,0,1,
221685816,0,0,0,0,0,0,0,0,0,0,1,
221685876,0,0,0,0,0,0,0,0,0,0,1,
221685936,0,0,0,0,0,0,0,0,0,0,1,
221685996,0,0,0,0,0,0,0,0,0,0,1,
221686056,0,0,0,0,0,0,0,0,0,0,1,
221686116,0,0,0,0,0,0,0,0,0,0,1,
221686177,0,0,0,0,0,0,0,0,0,0,1,
221686237,0,0,0,0,0,0,0,0,0,0,1,
221686297,0,0,0,0,0,0,0,0,0,0,1,
221686357,0,0,0,0,0,0,0,0,0,0,1,
221686417,0,0,0,0,0,0,0,0,0,0,1,
221686477,0,0,0,0,0,0,0,0,0,0,1,
221686537,0,0,0,0,0,0,0,0,0,0,1,
221686597,0,0,0,0,0,0,0,0,0,0,1,
221686657,0,0,0,0,0,0,0,0,0,0,1,
221686717,0,0,0,0,0,0,0,0,0,0,2,
221686777,0,0,0,0,0,0,0,0,0,0,2,
221686838,0,0,0,0,0,0,0,0,0,0,2,
221686898,0,0,0,0,0,0,0,0,0,0,2,
221686958,0,0,0,0,0,0,0,0,0,0,2,
221687018,0,0,0,0,0,0,0,0,0,0,2,
221687078,0,0,0,0,0,0,0,0,0,0,2,
221687138,0,0,0,0,0,0,0,0,0,0,2,
221687198,0,0,0,0,0,0,0,0,0,0,2,
221687258,0,0,0,0,0,0,0,0,0,0,2,
221687318,0,0,0,0,0,0,0,0,0,0,2,
221687378,0,0,0,0,0,0,0,0,0,0,2,
221687438,0,0,0,0,0,0,0,0,0,0,2,
221687498,0,0,0,0,0,0,0,0,0,0,2,
221687559,0,0,0,0,0,0,0,0,0,0,2,
221687619,0,0,0,0,0,0,0,0,0,0,2,
221687679,0,0,0,0,0,0,0,0,0,0,2,
221687739,0,0,0,0,0,0,0,0,0,0,2,
221687799,0,0,0,0,0,0,0,0,0,0,2,
221687859,0,0,0,0,0,0,0,0,0,0,2,
221687919,0,0,0,0,0,0,0,0,0,0,2,
221687979,0,0,0,0,0,0,0,0,0,0,2,
221688039,0,0,0,0,0,0,0,0,0,0,2,
221688099,0,0,0,0,0,0,0,0,0,0,2,
221688159,0,0,0,0,0,0,0,0,0,0,2,
221688220,0,0,0,0,0,0,0,0,0,0,2,
221688280,0,0,0,0,0,0,0,0,0,0,2,
221688340,0,0,0,0,0,0,0,0,0,0,2,
221688400,0,0,0,0,0,0,0,0,0,0,2,
221688460,0,0,0,0,0,0,0,0,0,0,2,
221688520,0,0,0,0,0,0,0,0,0,0,2,
221688580,0,0,0,0,0,0,0,0,0,0,2,
221688640,0,0,0,0,0,0,0,0,0,0,2,
221688700,0,0,0,0,0,0,0,0,0,0,2,
221688760,0,0,0,0,0,0,0,0,0,0,2,
221688820,0,0,0,0,0,0,0,0,0,0,2,
221688880,0,0,0,0,0,0,0,0,0,0,2,
221688941,0,0,0,0,0,0,0,0,0,0,2,
221689001,0,0,0,0,0,0,0,0,0,0,2,
