milisec,RacketX,RacketY,RacketZ,forceX,forceX,forceX,ForceRatio,FriendPoint,EnemyPoint,haptics,scene
282550907,0,0,0,8075.32,4320.58,-8960.49,8.4,0,0,0,0,
282550935,-1.4915,-0.88,1.48725,1371.37,737.66,-1518.82,1.4,0,0,0,0,
282550949,-1.4915,-0.88,1.48725,783.64,421.52,-867.9,0.8,0,0,0,0,
282550989,-1.4915,-0.88,1.48725,1959.1,1053.8,-2169.75,2,0,0,0,0,
282551030,-1.4915,-0.88,1.48725,1959.1,1053.8,-2169.75,2,0,0,0,0,
282551069,-1.4915,-0.88,1.48725,1959.1,1053.8,-2169.75,2,0,0,0,0,
282551109,-1.4915,-0.88,1.48725,1959.1,1053.8,-2169.75,2,0,0,0,0,
282551166,-1.4915,-0.88,1.48725,2742.74,1475.32,-3037.65,2.8,0,0,0,0,
282551189,-1.4915,-0.88,1.48725,1175.46,632.28,-1301.85,1.2,0,0,0,0,
282551239,-1.4915,-0.88,1.48725,2350.92,1264.56,-2603.7,2.4,0,0,0,0,
282551269,-1.4915,-0.88,1.48725,1567.28,843.04,-1735.8,1.6,0,0,0,0,
282551309,-1.4915,-0.88,1.48725,1959.1,1053.8,-2169.75,2,0,0,0,0,
282551350,-1.4915,-0.88,1.48725,1959.1,1053.8,-2169.75,2,0,0,0,0,
282551389,-1.4915,-0.88,1.48725,1959.1,1053.8,-2169.75,2,0,0,0,0,
282551429,-1.4915,-0.88,1.48725,1959.1,1053.8,-2169.75,2,0,0,0,0,
282551469,-1.4915,-0.88,1.48725,1959.1,1053.8,-2169.75,2,0,0,0,0,
282551509,-1.4915,-0.88,1.48725,1959.1,1053.8,-2169.75,2,0,0,0,0,
282551549,-1.4915,-0.88,1.48725,1959.1,1053.8,-2169.75,2,0,0,0,0,
282551589,-1.4915,-0.88,1.48725,1959.1,1053.8,-2169.75,2,0,0,0,0,
282551629,-1.4915,-0.88,1.48725,1959.1,1053.8,-2169.75,2,0,0,0,0,
282551670,-1.4915,-0.88,1.48725,1959.1,1053.8,-2169.75,2,0,0,0,0,
282551709,-1.4915,-0.88,1.48725,1959.1,1053.8,-2169.75,2,0,0,0,0,
282551749,-1.4915,-0.88,1.48725,1959.1,1053.8,-2169.75,2,0,0,0,0,
282551789,-1.4915,-0.88,1.48725,1959.1,1053.8,-2169.75,2,0,0,0,0,
282551829,-1.4915,-0.88,1.48725,1959.1,1053.8,-2169.75,2,0,0,0,0,
282551869,-1.4915,-0.88,1.48725,1959.1,1053.8,-2169.75,2,0,0,0,0,
282551909,-1.4915,-0.88,1.48725,1959.1,1053.8,-2169.75,2,0,0,0,0,
282551949,-1.4915,-0.88,1.48725,1959.1,1053.8,-2169.75,2,0,0,0,0,
282551990,-1.4915,-0.88,1.48725,1959.1,1053.8,-2169.75,2,0,0,0,0,
282552029,-1.4915,-0.88,1.48725,1959.1,1053.8,-2169.75,2,0,0,0,0,
282552069,-1.4915,-0.88,1.48725,1959.1,1053.8,-2169.75,2,0,0,0,0,
282552109,-1.4915,-0.88,1.48725,1959.1,1053.8,-2169.75,2,0,0,0,0,
282552149,-1.4915,-0.88,1.48725,1959.1,1053.8,-2169.75,2,0,0,0,0,
282552189,-1.4915,-0.88,1.48725,1959.1,1053.8,-2169.75,2,0,0,0,0,
282552229,-1.4915,-0.88,1.48725,1959.1,1053.8,-2169.75,2,0,0,0,0,
282552270,-1.4915,-0.88,1.48725,1959.1,1053.8,-2169.75,2,0,0,0,0,
282552310,-1.4915,-0.88,1.48725,1959.1,1053.8,-2169.75,2,0,0,0,0,
282552349,-1.4915,-0.88,1.48725,1959.1,1053.8,-2169.75,2,0,0,0,0,
282552389,-1.4915,-0.88,1.48725,1959.1,1053.8,-2169.75,2,0,0,0,0,
282552429,-1.4915,-0.88,1.48725,1959.1,1053.8,-2169.75,2,0,0,0,0,
282552469,-1.4915,-0.88,1.48725,1959.1,1053.8,-2169.75,2,0,0,0,0,
282552509,-1.4915,-0.88,1.48725,1959.1,1053.8,-2169.75,2,0,0,0,0,
282552550,-1.4915,-0.88,1.48725,1959.1,1053.8,-2169.75,2,0,0,0,0,
282552590,-1.4915,-0.88,1.48725,1959.1,1053.8,-2169.75,2,0,0,0,0,
282552629,-1.4915,-0.88,1.48725,1959.1,1053.8,-2169.75,2,0,0,0,0,
282552669,-1.4915,-0.88,1.48725,1959.1,1053.8,-2169.75,2,0,0,0,0,
282552709,-1.4915,-0.88,1.48725,1959.1,1053.8,-2169.75,2,0,0,0,0,
282552749,-1.4915,-0.88,1.48725,1959.1,1053.8,-2169.75,2,0,0,0,0,
282552789,-1.4915,-0.88,1.48725,1959.1,1053.8,-2169.75,2,0,0,0,0,
282552829,-1.4915,-0.88,1.48725,1959.1,1053.8,-2169.75,2,0,0,0,0,
282552869,-1.4915,-0.88,1.48725,1959.1,1053.8,-2169.75,2,0,0,0,0,
282552910,-1.4915,-0.88,1.48725,1959.1,1053.8,-2169.75,2,0,0,0,0,
282552949,-1.4915,-0.88,1.48725,1959.1,1053.8,-2169.75,2,0,0,0,0,
282552989,-1.4915,-0.88,1.48725,1959.1,1053.8,-2169.75,2,0,0,0,9,
282553029,-1.4915,-0.88,1.48725,1959.1,1053.8,-2169.75,2,0,0,0,9,
282553069,-1.4915,-0.88,1.48725,1959.1,1053.8,-2169.75,2,0,0,0,9,
282553109,-1.4915,-0.88,1.48725,1959.1,1053.8,-2169.75,2,0,0,0,9,
282553149,-1.4915,-0.88,1.48725,1959.1,1053.8,-2169.75,2,0,0,0,9,
282553189,-1.4915,-0.88,1.48725,1959.1,1053.8,-2169.75,2,0,0,0,9,
282553230,-1.4915,-0.88,1.48725,1959.1,1053.8,-2169.75,2,0,0,0,9,
282553269,-1.4915,-0.88,1.48725,1959.1,1053.8,-2169.75,2,0,0,0,9,
282553309,-1.4915,-0.88,1.48725,1959.1,1053.8,-2169.75,2,0,0,0,9,
282553349,-1.4915,-0.88,1.48725,1959.1,1053.8,-2169.75,2,0,0,0,9,
282553389,-1.4915,-0.88,1.48725,1959.1,1053.8,-2169.75,2,0,0,0,9,
282553429,-1.4915,-0.88,1.48725,1959.1,1053.8,-2169.75,2,0,0,0,9,
282553469,-1.4915,-0.88,1.48725,1959.1,1053.8,-2169.75,2,0,0,0,9,
282553509,-1.4915,-0.88,1.48725,1959.1,1053.8,-2169.75,2,0,0,0,9,
282553550,-1.4915,-0.88,1.48725,1959.1,1053.8,-2169.75,2,0,0,0,9,
282553589,-1.4915,-0.88,1.48725,1959.1,1053.8,-2169.75,2,0,0,0,9,
282553629,-1.4915,-0.88,1.48725,1959.1,1053.8,-2169.75,2,0,0,0,9,
282553669,-1.4915,-0.88,1.48725,1959.1,1053.8,-2169.75,2,0,0,0,9,
282553709,-1.4915,-0.88,1.48725,1959.1,1053.8,-2169.75,2,0,0,0,9,
282553749,-1.4915,-0.88,1.48725,1959.1,1053.8,-2169.75,2,0,0,0,9,
282553789,-1.4915,-0.88,1.48725,1959.1,1053.8,-2169.75,2,0,0,0,9,
282553829,-1.4915,-0.88,1.48725,1959.1,1053.8,-2169.75,2,0,0,0,9,
282553870,-1.4915,-0.88,1.48725,1959.1,1053.8,-2169.75,2,0,0,0,9,
282553909,-1.4915,-0.88,1.48725,1959.1,1053.8,-2169.75,2,0,0,0,9,
282553949,-1.4915,-0.88,1.48725,1959.1,1053.8,-2169.75,2,0,0,0,9,
282553989,-1.4915,-0.88,1.48725,1959.1,1053.8,-2169.75,2,0,0,0,9,
282554029,-1.4915,-0.88,1.48725,1959.1,1053.8,-2169.75,2,0,0,0,9,
282554069,-1.4915,-0.88,1.48725,1959.1,1053.8,-2169.75,2,0,0,0,9,
282554109,-1.4915,-0.88,1.48725,1959.1,1053.8,-2169.75,2,0,0,0,9,
282554150,-1.4915,-0.88,1.48725,1959.1,1053.8,-2169.75,2,0,0,0,9,
282554190,-1.4915,-0.88,1.48725,1959.1,1053.8,-2169.75,2,0,0,0,9,
282554229,-1.4915,-0.88,1.48725,1959.1,1053.8,-2169.75,2,0,0,0,9,
282554269,-1.4915,-0.88,1.48725,1959.1,1053.8,-2169.75,2,0,0,0,9,
282554309,-1.4915,-0.88,1.48725,1959.1,1053.8,-2169.75,2,0,0,0,9,
282554349,-1.4915,-0.88,1.48725,1959.1,1053.8,-2169.75,2,0,0,0,9,
282554389,-1.4915,-0.88,1.48725,1959.1,1053.8,-2169.75,2,0,0,0,9,
282554429,-1.4915,-0.88,1.48725,1959.1,1053.8,-2169.75,2,0,0,0,9,
282554470,-1.4915,-0.88,1.48725,1959.1,1053.8,-2169.75,2,0,0,0,9,
282554510,-1.4915,-0.88,1.48725,1959.1,1053.8,-2169.75,2,0,0,0,9,
282554550,-0.65,-0.88,0.225038,292.93,1053.8,-216.975,2,0,0,0,9,
282554589,-0.65,-0.88,0.225038,107.8,1053.8,0,2,0,0,0,9,
282554629,-0.65,-0.88,0.225038,107.8,1053.8,0,2,0,0,0,9,
282554669,-0.65,-0.88,0.225038,107.8,1053.8,0,2,0,0,0,9,
282554709,-0.65,-0.88,0.225038,107.8,1053.8,0,2,0,0,0,9,
282554749,-0.65,-0.88,0.225038,107.8,1053.8,0,2,0,0,0,9,
282554790,-0.65,-0.88,0.225038,107.8,1053.8,0,2,0,0,0,9,
282554829,-0.65,-0.88,0.225038,107.8,1053.8,0,2,0,0,0,9,
282554869,-0.65,-0.88,0.225038,107.8,1053.8,0,2,0,0,0,9,
282554909,-0.65,-0.88,0.225038,107.8,1053.8,0,2,0,0,0,9,
282554949,-0.65,-0.88,0.225038,107.8,1053.8,0,2,0,0,0,9,
282554989,-0.65,-0.88,0.225038,107.8,1053.8,0,2,0,0,0,9,
282555029,-0.65,-0.88,0.225038,107.8,1053.8,0,2,0,0,0,9,
282555069,-0.65,-0.88,0.225038,107.8,1053.8,0,2,0,0,0,9,
282555110,-0.65,-0.88,0.225038,107.8,1053.8,0,2,0,0,0,9,
282555149,-0.65,-0.88,0.225038,107.8,1053.8,0,2,0,0,0,9,
282555189,-0.65,-0.88,0.225038,107.8,1053.8,0,2,0,0,0,9,
282555229,-0.65,-0.88,0.225038,107.8,1053.8,0,2,0,0,0,9,
282555269,-0.65,-0.88,0.225038,107.8,1053.8,0,2,0,0,0,9,
282555309,-0.65,-0.88,0.225038,107.8,1053.8,0,2,0,0,0,9,
282555349,-0.65,-0.88,0.225038,107.8,1053.8,0,2,0,0,0,9,
282555389,-0.65,-0.88,0.225038,107.8,1053.8,0,2,0,0,0,9,
282555430,-0.65,-0.88,0.225038,107.8,1053.8,0,2,0,0,0,9,
282555469,-0.65,-0.88,0.225038,107.8,1053.8,0,2,0,0,0,9,
282555509,-0.65,-0.88,0.225038,107.8,1053.8,0,2,0,0,0,9,
282555549,-0.65,-0.88,0.225038,107.8,1053.8,0,2,0,0,0,9,
282555589,-0.65,-0.88,0.225038,107.8,1053.8,0,2,0,0,0,9,
282555629,-0.65,-0.88,0.225038,107.8,1053.8,0,2,0,0,0,9,
282555669,-0.65,-0.88,0.225038,107.8,1053.8,0,2,0,0,0,9,
282555709,-0.65,-0.88,0.225038,107.8,1053.8,0,2,0,0,0,9,
282555750,-0.65,-0.88,0.225038,107.8,1053.8,0,2,0,0,0,9,
282555789,-0.65,-0.88,0.225038,107.8,1053.8,0,2,0,0,0,9,
282555829,-0.65,-0.88,0.225038,107.8,1053.8,0,2,0,0,0,9,
282555869,-0.65,-0.88,0.225038,107.8,1053.8,0,2,0,0,0,9,
282555909,-0.65,-0.88,0.225038,107.8,1053.8,0,2,0,0,0,9,
282555949,-0.65,-0.88,0.225038,107.8,1053.8,0,2,0,0,0,9,
282555989,-0.65,-0.88,0.225038,107.8,1053.8,0,2,0,0,0,9,
282556029,-0.65,-0.88,0.225038,107.8,1053.8,0,2,0,0,0,9,
282556070,-0.65,-0.88,0.225038,107.8,1053.8,0,2,0,0,0,9,
282556109,-0.65,-0.88,0.225038,107.8,1053.8,0,2,0,0,0,9,
282556149,-0.65,-0.88,0.225038,107.8,1053.8,0,2,0,0,0,9,
282556189,-0.65,-0.88,0.225038,107.8,1053.8,0,2,0,0,0,9,
282556229,-0.65,-0.88,0.225038,107.8,1053.8,0,2,0,0,0,9,
282556269,-0.65,-0.88,0.225038,107.8,1053.8,0,2,0,0,0,9,
282556309,-0.65,-0.88,0.225038,107.8,1053.8,0,2,0,0,0,9,
282556350,-0.65,-0.88,0.225038,107.8,1053.8,0,2,0,0,0,9,
282556390,-0.65,-0.88,0.225038,107.8,1053.8,0,2,0,0,0,9,
282556429,-0.65,-0.88,0.225038,107.8,1053.8,0,2,0,0,0,9,
282556469,-0.65,-0.88,0.225038,107.8,1053.8,0,2,0,0,0,9,
282556509,-0.65,-0.88,0.225038,107.8,1053.8,0,2,0,0,0,9,
282556549,-0.65,-0.88,0.225038,107.8,1053.8,0,2,0,0,0,9,
282556589,-0.65,-0.88,0.225038,107.8,1053.8,0,2,0,0,0,9,
282556629,-0.65,-0.88,0.225038,107.8,1053.8,0,2,0,0,0,9,
282556670,-0.65,-0.88,0.225038,107.8,1053.8,0,2,0,0,0,9,
282556709,-0.65,-0.88,0.225038,107.8,1053.8,0,2,0,0,0,9,
282556749,-0.65,-0.88,0.225038,107.8,1053.8,0,2,0,0,0,9,
282556789,-0.65,-0.88,0.225038,107.8,1053.8,0,2,0,0,0,9,
282556829,-0.65,-0.88,0.225038,107.8,1053.8,0,2,0,0,0,9,
282556869,-0.65,-0.88,0.225038,107.8,1053.8,0,2,0,0,0,9,
282556909,-0.65,-0.88,0.225038,107.8,1053.8,0,2,0,0,0,9,
282556949,-0.65,-0.88,0.225038,107.8,1053.8,0,2,0,0,0,9,
282556990,-0.65,-0.88,0.225038,107.8,1053.8,0,2,0,0,0,9,
282557029,-0.65,-0.88,0.225038,107.8,1053.8,0,2,0,0,0,9,
282557069,-0.65,-0.88,0.225038,107.8,1053.8,0,2,0,0,0,9,
282557109,-0.65,-0.88,0.225038,107.8,1053.8,0,2,0,0,0,9,
282557149,-0.65,-0.88,0.225038,107.8,1053.8,0,2,0,0,0,9,
282557189,-0.65,-0.88,0.225038,107.8,1053.8,0,2,0,0,0,9,
282557229,-0.65,-0.88,0.225038,107.8,1053.8,0,2,0,0,0,9,
282557269,-0.65,-0.88,0.225038,107.8,1053.8,0,2,0,0,0,9,
282557310,-0.65,-0.88,0.225038,107.8,1053.8,0,2,0,0,0,9,
282557349,-0.65,-0.88,0.225038,107.8,1053.8,0,2,0,0,0,9,
282557389,-0.65,-0.88,0.225038,107.8,1053.8,0,2,0,0,0,9,
282557429,-0.65,-0.88,0.225038,107.8,1053.8,0,2,0,0,0,9,
282557469,-0.65,-0.88,0.225038,107.8,1053.8,0,2,0,0,0,9,
282557509,-0.65,-0.88,0.225038,107.8,1053.8,0,2,0,0,0,9,
282557549,-0.65,-0.88,0.225038,107.8,1053.8,0,2,0,0,0,9,
282557589,-0.65,-0.88,0.225038,107.8,1053.8,0,2,0,0,0,9,
282557630,-0.65,-0.88,0.225038,107.8,1053.8,0,2,0,0,0,9,
282557669,-0.65,-0.88,0.225038,107.8,1053.8,0,2,0,0,0,9,
282557709,-0.65,-0.88,0.225038,107.8,1053.8,0,2,0,0,0,9,
282557749,-0.65,-0.88,0.225038,107.8,1053.8,0,2,0,0,0,9,
282557789,-0.65,-0.88,0.225038,107.8,1053.8,0,2,0,0,0,9,
282557829,-0.65,-0.88,0.225038,107.8,1053.8,0,2,0,0,0,9,
282557869,-0.65,-0.88,0.225038,107.8,1053.8,0,2,0,0,0,9,
282557909,-0.65,-0.88,0.225038,107.8,1053.8,0,2,0,0,0,9,
282557950,-0.65,-0.88,0.225038,107.8,1053.8,0,2,0,0,0,9,
282557989,-0.65,-0.88,0.225038,107.8,1053.8,0,2,0,0,0,9,
282558029,-0.65,-0.88,0.225038,107.8,1053.8,0,2,0,0,0,9,
282558069,-0.65,-0.88,0.225038,107.8,1053.8,0,2,0,0,0,9,
282558109,-0.65,-0.88,0.225038,107.8,1053.8,0,2,0,0,0,9,
282558149,-0.65,-0.88,0.225038,107.8,1053.8,0,2,0,0,0,9,
282558189,-0.65,-0.88,0.225038,107.8,1053.8,0,2,0,0,0,9,
282558230,-0.65,-0.88,0.225038,107.8,1053.8,0,2,0,0,0,9,
282558270,-0.65,-0.88,0.225038,107.8,1053.8,0,2,0,0,0,9,
282558309,-0.65,-0.88,0.225038,107.8,1053.8,0,2,0,0,0,9,
282558349,-0.65,-0.88,0.225038,107.8,1053.8,0,2,0,0,0,9,
282558389,-0.65,-0.88,0.225038,107.8,1053.8,0,2,0,0,0,9,
282558429,-0.65,-0.88,0.225038,107.8,1053.8,0,2,0,0,0,9,
282558469,-0.65,-0.88,0.225038,107.8,1053.8,0,2,0,0,0,9,
282558509,-0.65,-0.88,0.225038,107.8,1053.8,0,2,0,0,0,9,
282558550,-0.65,-0.88,0.225038,107.8,1053.8,0,2,0,0,0,9,
282558589,-0.65,-0.88,0.225038,107.8,1053.8,0,2,0,0,0,9,
282558629,-0.65,-0.88,0.225038,107.8,1053.8,0,2,0,0,0,9,
282558669,-0.65,-0.88,0.225038,107.8,1053.8,0,2,0,0,0,9,
282558709,-0.65,-0.88,0.225038,107.8,1053.8,0,2,0,0,0,9,
282558749,-0.65,-0.88,0.225038,107.8,1053.8,0,2,0,0,0,9,
282558789,-0.65,-0.88,0.225038,107.8,1053.8,0,2,0,0,0,9,
282558829,-0.65,-0.88,0.225038,107.8,1053.8,0,2,0,0,0,9,
282558870,-0.65,-0.88,0.225038,107.8,1053.8,0,2,0,0,0,9,
282558909,-0.65,-0.88,0.225038,107.8,1053.8,0,2,0,0,0,9,
282558949,-0.65,-0.88,0.225038,107.8,1053.8,0,2,0,0,0,9,
282558989,-0.65,-0.88,0.225038,107.8,1053.8,0,2,0,0,0,9,
282559029,-0.65,-0.88,0.225038,107.8,1053.8,0,2,0,0,0,9,
282559069,-0.65,-0.88,0.225038,107.8,1053.8,0,2,0,0,0,9,
282559109,-0.65,-0.88,0.225038,107.8,1053.8,0,2,0,0,0,9,
282559149,-0.65,-0.88,0.225038,107.8,1053.8,0,2,0,0,0,9,
282559190,-0.65,-0.88,0.225038,107.8,1053.8,0,2,0,0,0,9,
282559229,-0.65,-0.88,0.225038,107.8,1053.8,0,2,0,0,0,9,
282559269,-0.65,-0.88,0.225038,107.8,1053.8,0,2,0,0,0,9,
282559309,-0.65,-0.88,0.225038,107.8,1053.8,0,2,0,0,0,9,
282559349,-0.65,-0.88,0.225038,107.8,1053.8,0,2,0,0,0,9,
282559389,-0.65,-0.88,0.225038,107.8,1053.8,0,2,0,0,0,9,
282559429,-0.65,-0.88,0.225038,107.8,1053.8,0,2,0,0,0,9,
282559469,-0.65,-0.88,0.225038,107.8,1053.8,0,2,0,0,0,9,
282559510,-0.65,-0.88,0.225038,107.8,1053.8,0,2,0,0,0,9,
282559549,-0.65,-0.88,0.225038,107.8,1053.8,0,2,0,0,0,9,
282559589,-0.65,-0.88,0.225038,107.8,1053.8,0,2,0,0,0,9,
282559629,-0.65,-0.88,0.225038,107.8,1053.8,0,2,0,0,0,9,
282559669,-0.65,-0.88,0.225038,107.8,1053.8,0,2,0,0,0,9,
282559709,-0.65,-0.88,0.225038,107.8,1053.8,0,2,0,0,0,9,
282559749,-0.65,-0.88,0.225038,107.8,1053.8,0,2,0,0,0,9,
282559789,-0.65,-0.88,0.225038,107.8,1053.8,0,2,0,0,0,9,
282559830,-0.65,-0.88,0.225038,107.8,1053.8,0,2,0,0,0,9,
282559869,-0.65,-0.88,0.225038,107.8,1053.8,0,2,0,0,0,9,
282559909,-0.65,-0.88,0.225038,107.8,1053.8,0,2,0,0,0,9,
282559949,-0.65,-0.88,0.225038,107.8,1053.8,0,2,0,0,0,9,
282559989,-0.65,-0.88,0.225038,107.8,1053.8,0,2,0,0,0,9,
282560029,-0.65,-0.88,0.225038,107.8,1053.8,0,2,0,0,0,9,
282560069,-0.65,-0.88,0.225038,107.8,1053.8,0,2,0,0,0,9,
282560110,-0.65,-0.88,0.225038,107.8,1053.8,0,2,0,0,0,9,
282560150,-0.65,-0.88,0.225038,107.8,1053.8,0,2,0,0,0,9,
282560189,-0.65,-0.88,0.225038,107.8,1053.8,0,2,0,0,0,9,
282560229,-0.65,-0.88,0.225038,107.8,1053.8,0,2,0,0,0,9,
282560269,-0.65,-0.88,0.225038,107.8,1053.8,0,2,0,0,0,9,
282560309,-0.65,-0.88,0.225038,107.8,1053.8,0,2,0,0,0,9,
282560349,-0.65,-0.88,0.225038,107.8,1053.8,0,2,0,0,0,9,
282560389,-0.65,-0.88,0.225038,107.8,1053.8,0,2,0,0,0,9,
282560430,-0.65,-0.88,0.225038,107.8,1053.8,0,2,0,0,0,9,
282560469,-0.65,-0.88,0.225038,107.8,1053.8,0,2,0,0,0,9,
282560509,-0.65,-0.88,0.225038,107.8,1053.8,0,2,0,0,0,9,
282560549,-0.65,-0.88,0.225038,107.8,1053.8,0,2,0,0,0,9,
282560589,-0.65,-0.88,0.225038,107.8,1053.8,0,2,0,0,0,9,
282560629,-0.65,-0.88,0.225038,107.8,1053.8,0,2,0,0,0,9,
282560669,-0.65,-0.88,0.225038,107.8,1053.8,0,2,0,0,0,9,
282560709,-0.65,-0.88,0.225038,107.8,1053.8,0,2,0,0,0,9,
282560750,-0.65,-0.88,0.225038,107.8,1053.8,0,2,0,0,0,9,
282560789,-0.65,-0.88,0.225038,107.8,1053.8,0,2,0,0,0,9,
282560829,-0.65,-0.88,0.225038,107.8,1053.8,0,2,0,0,0,9,
282560869,-0.65,-0.88,0.225038,107.8,1053.8,0,2,0,0,0,9,
282560909,-0.65,-0.88,0.225038,107.8,1053.8,0,2,0,0,0,9,
282560949,-0.65,-0.88,0.225038,107.8,1053.8,0,2,0,0,0,9,
282560989,-0.65,-0.88,0.225038,107.8,1053.8,0,2,0,0,0,9,
282561029,-0.65,-0.88,0.225038,107.8,1053.8,0,2,0,0,0,9,
282561070,-0.65,-0.88,0.225038,107.8,1053.8,0,2,0,0,0,9,
282561109,-0.65,-0.88,0.225038,107.8,1053.8,0,2,0,0,0,9,
282561149,-0.65,-0.88,0.225038,107.8,1053.8,0,2,0,0,0,9,
282561189,-0.65,-0.88,0.225038,107.8,1053.8,0,2,0,0,0,9,
282561229,-0.65,-0.88,0.225038,107.8,1053.8,0,2,0,0,0,9,
282561269,-0.65,-0.88,0.225038,107.8,1053.8,0,2,0,0,0,9,
282561309,-0.65,-0.88,0.225038,107.8,1053.8,0,2,0,0,0,9,
282561349,-0.65,-0.88,0.225038,107.8,1053.8,0,2,0,0,0,9,
282561390,-0.65,-0.88,0.225038,107.8,1053.8,0,2,0,0,0,9,
282561429,-0.65,-0.88,0.225038,107.8,1053.8,0,2,0,0,0,9,
282561469,-0.65,-0.88,0.225038,107.8,1053.8,0,2,0,0,0,9,
282561509,-0.65,-0.88,0.225038,107.8,1053.8,0,2,0,0,0,9,
282561549,-0.65,-0.88,0.225038,107.8,1053.8,0,2,0,0,0,9,
282561589,-0.65,-0.88,0.225038,107.8,1053.8,0,2,0,0,0,9,
282561629,-0.65,-0.88,0.225038,107.8,1053.8,0,2,0,0,0,9,
282561669,-0.65,-0.88,0.225038,107.8,1053.8,0,2,0,0,0,9,
282561710,-0.65,-0.88,0.225038,107.8,1053.8,0,2,0,0,0,9,
282561749,-0.65,-0.88,0.225038,107.8,1053.8,0,2,0,0,0,9,
282561789,-0.65,-0.88,0.225038,107.8,1053.8,0,2,0,0,0,9,
282561829,-0.65,-0.88,0.225038,107.8,1053.8,0,2,0,0,0,9,
282561869,-0.65,-0.88,0.225038,107.8,1053.8,0,2,0,0,0,9,
282561909,-0.65,-0.88,0.225038,107.8,1053.8,0,2,0,0,0,9,
282561949,-0.65,-0.88,0.225038,107.8,1053.8,0,2,0,0,0,9,
282561990,-0.65,-0.88,0.225038,107.8,1053.8,0,2,0,0,0,9,
282562030,-0.65,-0.88,0.225038,107.8,1053.8,0,2,0,0,0,9,
282562069,-0.65,-0.88,0.225038,107.8,1053.8,0,2,0,0,0,9,
282562109,-0.65,-0.88,0.225038,107.8,1053.8,0,2,0,0,0,9,
282562149,-0.65,-0.88,0.225038,107.8,1053.8,0,2,0,0,0,9,
282562189,-0.65,-0.88,0.225038,107.8,1053.8,0,2,0,0,0,9,
282562229,-0.65,-0.88,0.225038,107.8,1053.8,0,2,0,0,0,9,
282562269,-0.65,-0.88,0.225038,107.8,1053.8,0,2,0,0,0,9,
282562310,-0.65,-0.88,0.225038,107.8,1053.8,0,2,0,0,0,9,
282562349,-0.65,-0.88,0.225038,107.8,1053.8,0,2,0,0,0,9,
282562389,-0.65,-0.88,0.225038,107.8,1053.8,0,2,0,0,0,9,
282562429,-0.65,-0.88,0.225038,107.8,1053.8,0,2,0,0,0,9,
282562469,-0.65,-0.88,0.225038,107.8,1053.8,0,2,0,0,0,9,
282562509,-0.65,-0.88,0.225038,107.8,1053.8,0,2,0,0,0,9,
282562549,-0.65,-0.88,0.225038,107.8,1053.8,0,2,0,0,0,9,
282562589,-0.65,-0.88,0.225038,107.8,1053.8,0,2,0,0,0,9,
282562630,-0.65,-0.88,0.225038,107.8,1053.8,0,2,0,0,0,9,
282562669,-0.65,-0.88,0.225038,107.8,1053.8,0,2,0,0,0,9,
282562709,-0.65,-0.88,0.225038,107.8,1053.8,0,2,0,0,0,9,
282562749,-0.65,-0.88,0.225038,107.8,1053.8,0,2,0,0,0,9,
282562789,-0.65,-0.88,0.225038,107.8,1053.8,0,2,0,0,0,9,
282562829,-0.65,-0.88,0.225038,107.8,1053.8,0,2,0,0,0,9,
282562869,-0.65,-0.88,0.225038,107.8,1053.8,0,2,0,0,0,9,
282562909,-0.65,-0.88,0.225038,107.8,1053.8,0,2,0,0,0,9,
282562950,-0.65,-0.88,0.225038,107.8,1053.8,0,2,0,0,0,9,
282562989,-0.65,-0.88,0.225038,107.8,1053.8,0,2,0,0,0,9,
282563029,-0.65,-0.88,0.225038,107.8,1053.8,0,2,0,0,0,9,
282563069,-0.65,-0.88,0.225038,107.8,1053.8,0,2,0,0,0,9,
282563109,-0.65,-0.88,0.225038,107.8,1053.8,0,2,0,0,0,9,
282563149,-0.65,-0.88,0.225038,107.8,1053.8,0,2,0,0,0,9,
282563189,-0.65,-0.88,0.225038,107.8,1053.8,0,2,0,0,0,9,
282563229,-0.65,-0.88,0.225038,107.8,1053.8,0,2,0,0,0,9,
282563270,-0.65,-0.88,0.225038,107.8,1053.8,0,2,0,0,0,9,
282563309,-0.65,-0.88,0.225038,107.8,1053.8,0,2,0,0,0,9,
282563349,-0.65,-0.88,0.225038,107.8,1053.8,0,2,0,0,0,9,
282563389,-0.65,-0.88,0.225038,107.8,1053.8,0,2,0,0,0,9,
282563429,-0.65,-0.88,0.225038,107.8,1053.8,0,2,0,0,0,9,
282563469,-0.65,-0.88,0.225038,107.8,1053.8,0,2,0,0,0,9,
282563509,-0.65,-0.88,0.225038,107.8,1053.8,0,2,0,0,0,9,
282563549,-0.65,-0.88,0.225038,107.8,1053.8,0,2,0,0,0,9,
282563590,-0.65,-0.88,0.225038,107.8,1053.8,0,2,0,0,0,9,
282563629,-0.65,-0.88,0.225038,107.8,1053.8,0,2,0,0,0,9,
282563669,-0.65,-0.88,0.225038,107.8,1053.8,0,2,0,0,0,9,
282563709,-0.65,-0.88,0.225038,107.8,1053.8,0,2,0,0,0,9,
282563749,-0.65,-0.88,0.225038,107.8,1053.8,0,2,0,0,0,9,
282563789,-0.65,-0.88,0.225038,107.8,1053.8,0,2,0,0,0,9,
282563829,-0.65,-0.88,0.225038,107.8,1053.8,0,2,0,0,0,9,
282563870,-0.65,-0.88,0.225038,107.8,1053.8,0,2,0,0,0,9,
282563910,-0.65,-0.88,0.225038,107.8,1053.8,0,2,0,0,0,9,
282563949,-0.65,-0.88,0.225038,107.8,1053.8,0,2,0,0,0,9,
282563989,-0.65,-0.88,0.225038,107.8,1053.8,0,2,0,0,0,9,
282564029,-0.65,-0.88,0.225038,107.8,1053.8,0,2,0,0,0,9,
282564069,-0.65,-0.88,0.225038,107.8,1053.8,0,2,0,0,0,9,
282564109,-0.65,-0.88,0.225038,107.8,1053.8,0,2,0,0,0,9,
282564149,-0.65,-0.88,0.225038,107.8,1053.8,0,2,0,0,0,9,
282564190,-0.65,-0.88,0.225038,107.8,1053.8,0,2,0,0,0,9,
282564229,-0.65,-0.88,0.225038,107.8,1053.8,0,2,0,0,0,9,
282564269,-0.65,-0.88,0.225038,107.8,1053.8,0,2,0,0,0,9,
282564309,-0.65,-0.88,0.225038,107.8,1053.8,0,2,0,0,0,9,
282564349,-0.65,-0.88,0.225038,107.8,1053.8,0,2,0,0,0,9,
282564389,-0.65,-0.88,0.225038,107.8,1053.8,0,2,0,0,0,9,
282564429,-0.65,-0.88,0.225038,107.8,1053.8,0,2,0,0,0,9,
282564469,-0.65,-0.88,0.225038,107.8,1053.8,0,2,0,0,0,9,
282564510,-0.65,-0.88,0.225038,107.8,1053.8,0,2,0,0,0,9,
282564549,-0.65,-0.88,0.225038,107.8,1053.8,0,2,0,0,0,9,
282564589,-0.65,-0.88,0.225038,107.8,1053.8,0,2,0,0,0,9,
282564629,-0.65,-0.88,0.225038,107.8,1053.8,0,2,0,0,0,9,
282564669,-0.65,-0.88,0.225038,107.8,1053.8,0,2,0,0,0,9,
282564709,-0.65,-0.88,0.225038,107.8,1053.8,0,2,0,0,0,9,
282564749,-0.65,-0.88,0.225038,107.8,1053.8,0,2,0,0,0,9,
282564789,-0.65,-0.88,0.225038,107.8,1053.8,0,2,0,0,0,9,
282564830,-0.65,-0.88,0.225038,107.8,1053.8,0,2,0,0,0,9,
282564869,-0.65,-0.88,0.225038,107.8,1053.8,0,2,0,0,0,9,
282564909,-0.65,-0.88,0.225038,107.8,1053.8,0,2,0,0,0,9,
282564949,-0.65,-0.88,0.225038,107.8,1053.8,0,2,0,0,0,9,
282564989,-0.65,-0.88,0.225038,107.8,1053.8,0,2,0,0,0,9,
282565029,-0.65,-0.88,0.225038,107.8,1053.8,0,2,0,0,0,9,
282565069,-0.65,-0.88,0.225038,107.8,1053.8,0,2,0,0,0,9,
282565109,-0.65,-0.88,0.225038,107.8,1053.8,0,2,0,0,0,9,
282565150,-0.65,-0.88,0.225038,107.8,1053.8,0,2,0,0,0,9,
282565189,-0.65,-0.88,0.225038,107.8,1053.8,0,2,0,0,0,9,
282565229,-0.65,-0.88,0.225038,107.8,1053.8,0,2,0,0,0,9,
282565269,-0.65,-0.88,0.225038,107.8,1053.8,0,2,0,0,0,9,
282565309,-0.65,-0.88,0.225038,107.8,1053.8,0,2,0,0,0,9,
282565349,-0.65,-0.88,0.225038,107.8,1053.8,0,2,0,0,0,9,
282565389,-0.65,-0.88,0.225038,107.8,1053.8,0,2,0,0,0,9,
282565429,-0.65,-0.88,0.225038,107.8,1053.8,0,2,0,0,0,9,
282565470,-0.65,-0.88,0.225038,107.8,1053.8,0,2,0,0,0,9,
282565509,-0.65,-0.88,0.225038,107.8,1053.8,0,2,0,0,0,9,
282565549,-0.65,-0.88,0.225038,107.8,1053.8,0,2,0,0,0,9,
282565589,-0.65,-0.88,0.225038,107.8,1053.8,0,2,0,0,0,9,
282565629,-0.65,-0.88,0.225038,107.8,1053.8,0,2,0,0,0,9,
282565669,-0.65,-0.88,0.225038,107.8,1053.8,0,2,0,0,0,9,
282565709,-0.65,-0.88,0.225038,107.8,1053.8,0,2,0,0,0,9,
282565750,-0.65,-0.88,0.225038,107.8,1053.8,0,2,0,0,0,9,
282565790,-0.65,-0.88,0.225038,107.8,1053.8,0,2,0,0,0,9,
282565829,-0.65,-0.88,0.225038,107.8,1053.8,0,2,0,0,0,9,
282565869,-0.65,-0.88,0.225038,107.8,1053.8,0,2,0,0,0,9,
282565909,-0.65,-0.88,0.225038,107.8,1053.8,0,2,0,0,0,9,
282565949,-0.65,-0.88,0.225038,107.8,1053.8,0,2,0,0,0,9,
282565989,-0.65,-0.88,0.225038,107.8,1053.8,0,2,0,0,0,9,
282566029,-0.65,-0.88,0.225038,107.8,1053.8,0,2,0,0,0,9,
282566070,-0.65,-0.88,0.225038,107.8,1053.8,0,2,0,0,0,9,
282566110,-0.65,-0.88,0.225038,107.8,1053.8,0,2,0,0,0,9,
282566149,-0.65,-0.88,0.225038,107.8,1053.8,0,2,0,0,0,9,
282566189,-0.65,-0.88,0.225038,107.8,1053.8,0,2,0,0,0,9,
282566229,-0.65,-0.88,0.225038,107.8,1053.8,0,2,0,0,0,9,
282566269,-0.65,-0.88,0.225038,107.8,1053.8,0,2,0,0,0,9,
282566309,-0.65,-0.88,0.225038,107.8,1053.8,0,2,0,0,0,9,
282566349,-0.65,-0.88,0.225038,107.8,1053.8,0,2,0,0,0,9,
282566390,-0.65,-0.88,0.225038,107.8,1053.8,0,2,0,0,0,9,
282566429,-0.65,-0.88,0.225038,107.8,1053.8,0,2,0,0,0,9,
282566469,-0.65,-0.88,0.225038,107.8,1053.8,0,2,0,0,0,9,
282566509,-0.65,-0.88,0.225038,107.8,1053.8,0,2,0,0,0,9,
282566549,-0.65,-0.88,0.225038,107.8,1053.8,0,2,0,0,0,9,
282566589,-0.65,-0.88,0.225038,107.8,1053.8,0,2,0,0,0,9,
282566629,-0.65,-0.88,0.225038,107.8,1053.8,0,2,0,0,0,9,
282566669,-0.65,-0.88,0.225038,107.8,1053.8,0,2,0,0,0,9,
282566710,-0.65,-0.88,0.225038,107.8,1053.8,0,2,0,0,0,9,
282566749,-0.65,-0.88,0.225038,107.8,1053.8,0,2,0,0,0,9,
282566789,-0.65,-0.88,0.225038,107.8,1053.8,0,2,0,0,0,9,
282566829,-0.65,-0.88,0.225038,107.8,1053.8,0,2,0,0,0,9,
282566869,-0.65,-0.88,0.225038,107.8,1053.8,0,2,0,0,0,9,
282566909,-0.65,-0.88,0.225038,107.8,1053.8,0,2,0,0,0,9,
282566949,-0.65,-0.88,0.225038,107.8,1053.8,0,2,0,0,0,9,
282566989,-0.65,-0.88,0.225038,107.8,1053.8,0,2,0,0,0,9,
282567030,-0.65,-0.88,0.225038,107.8,1053.8,0,2,0,0,0,9,
282567069,-0.65,-0.88,0.225038,107.8,1053.8,0,2,0,0,0,9,
282567109,-0.65,-0.88,0.225038,107.8,1053.8,0,2,0,0,0,9,
282567149,-0.65,-0.88,0.225038,107.8,1053.8,0,2,0,0,0,9,
282567189,-0.65,-0.88,0.225038,107.8,1053.8,0,2,0,0,0,9,
282567229,-0.65,-0.88,0.225038,107.8,1053.8,0,2,0,0,0,9,
282567269,-0.65,-0.88,0.225038,107.8,1053.8,0,2,0,0,0,9,
282567309,-0.65,-0.88,0.225038,107.8,1053.8,0,2,0,0,0,9,
282567350,-0.65,-0.88,0.225038,107.8,1053.8,0,2,0,0,0,9,
282567389,-0.65,-0.88,0.225038,107.8,1053.8,0,2,0,0,0,9,
282567429,-0.65,-0.88,0.225038,107.8,1053.8,0,2,0,0,0,9,
282567469,-0.65,-0.88,0.225038,107.8,1053.8,0,2,0,0,0,9,
282567509,-0.65,-0.88,0.225038,107.8,1053.8,0,2,0,0,0,9,
282567549,-0.65,-0.88,0.225038,107.8,1053.8,0,2,0,0,0,9,
282567589,-0.65,-0.88,0.225038,107.8,1053.8,0,2,0,0,0,9,
282567629,-0.65,-0.88,0.225038,107.8,1053.8,0,2,0,0,0,9,
282567670,-0.65,-0.88,0.225038,107.8,1053.8,0,2,0,0,0,9,
282567709,-0.65,-0.88,0.225038,107.8,1053.8,0,2,0,0,0,9,
282567749,-0.65,-0.88,0.225038,107.8,1053.8,0,2,0,0,0,9,
282567789,-0.65,-0.88,0.225038,107.8,1053.8,0,2,0,0,0,9,
282567829,-0.65,-0.88,0.225038,107.8,1053.8,0,2,0,0,0,9,
282567869,-0.65,-0.88,0.225038,107.8,1053.8,0,2,0,0,0,9,
282567909,-0.65,-0.88,0.225038,107.8,1053.8,0,2,0,0,0,9,
282567950,-0.65,-0.88,0.225038,107.8,1053.8,0,2,0,0,0,9,
282567990,-0.65,-0.88,0.225038,107.8,1053.8,0,2,0,0,0,9,
282568029,-0.65,-0.88,0.225038,107.8,1053.8,0,2,0,0,0,9,
282568069,-0.65,-0.88,0.225038,107.8,1053.8,0,2,0,0,0,9,
282568109,-0.65,-0.88,0.225038,107.8,1053.8,0,2,0,0,0,9,
282568149,-0.65,-0.88,0.225038,107.8,1053.8,0,2,0,0,0,9,
282568189,-0.65,-0.88,0.225038,107.8,1053.8,0,2,0,0,0,9,
282568229,-0.65,-0.88,0.225038,107.8,1053.8,0,2,0,0,0,9,
282568270,-0.65,-0.88,0.225038,107.8,1053.8,0,2,0,0,0,9,
282568309,-0.65,-0.88,0.225038,107.8,1053.8,0,2,0,0,0,9,
282568349,-0.65,-0.88,0.225038,107.8,1053.8,0,2,0,0,0,9,
282568389,-0.65,-0.88,0.225038,107.8,1053.8,0,2,0,0,0,9,
282568429,-0.65,-0.88,0.225038,107.8,1053.8,0,2,0,0,0,9,
282568469,-0.65,-0.88,0.225038,107.8,1053.8,0,2,0,0,0,9,
282568509,-0.65,-0.88,0.225038,107.8,1053.8,0,2,0,0,0,9,
282568549,-0.65,-0.88,0.225038,107.8,1053.8,0,2,0,0,0,9,
282568590,-0.65,-0.88,0.225038,107.8,1053.8,0,2,0,0,0,9,
282568629,-0.65,-0.88,0.225038,107.8,1053.8,0,2,0,0,0,9,
282568669,-0.65,-0.88,0.225038,107.8,1053.8,0,2,0,0,0,9,
282568709,-0.65,-0.88,0.225038,107.8,1053.8,0,2,0,0,0,9,
282568749,-0.65,-0.88,0.225038,107.8,1053.8,0,2,0,0,0,9,
282568789,-0.65,-0.88,0.225038,107.8,1053.8,0,2,0,0,0,9,
282568829,-0.65,-0.88,0.225038,107.8,1053.8,0,2,0,0,0,9,
282568869,-0.65,-0.88,0.225038,107.8,1053.8,0,2,0,0,0,9,
282568910,-0.65,-0.88,0.225038,107.8,1053.8,0,2,0,0,0,9,
282568949,-0.65,-0.88,0.225038,107.8,1053.8,0,2,0,0,0,9,
282568989,-0.65,-0.88,0.225038,107.8,1053.8,0,2,0,0,0,9,
282569029,-0.65,-0.88,0.225038,107.8,1053.8,0,2,0,0,0,9,
282569069,-0.65,-0.88,0.225038,107.8,1053.8,0,2,0,0,0,9,
282569109,-0.65,-0.88,0.225038,107.8,1053.8,0,2,0,0,0,9,
282569149,-0.65,-0.88,0.225038,107.8,1053.8,0,2,0,0,0,9,
282569189,-0.65,-0.88,0.225038,107.8,1053.8,0,2,0,0,0,9,
282569230,-0.65,-0.88,0.225038,107.8,1053.8,0,2,0,0,0,9,
282569269,-0.65,-0.88,0.225038,107.8,1053.8,0,2,0,0,0,9,
282569309,-0.65,-0.88,0.225038,107.8,1053.8,0,2,0,0,0,9,
282569349,-0.65,-0.88,0.225038,107.8,1053.8,0,2,0,0,0,9,
282569389,-0.65,-0.88,0.225038,107.8,1053.8,0,2,0,0,0,9,
282569429,-0.65,-0.88,0.225038,107.8,1053.8,0,2,0,0,0,9,
282569469,-0.65,-0.88,0.225038,107.8,1053.8,0,2,0,0,0,9,
282569509,-0.65,-0.88,0.225038,107.8,1053.8,0,2,0,0,0,9,
282569550,-0.65,-0.88,0.225038,107.8,1053.8,0,2,0,0,0,9,
282569589,-0.65,-0.88,0.225038,107.8,1053.8,0,2,0,0,0,9,
282569629,-0.65,-0.88,0.225038,107.8,1053.8,0,2,0,0,0,9,
282569669,-0.65,-0.88,0.225038,107.8,1053.8,0,2,0,0,0,9,
282569709,-0.65,-0.88,0.225038,107.8,1053.8,0,2,0,0,0,9,
282569749,-0.65,-0.88,0.225038,107.8,1053.8,0,2,0,0,0,9,
282569789,-0.65,-0.88,0.225038,107.8,1053.8,0,2,0,0,0,9,
282569830,-0.65,-0.88,0.225038,107.8,1053.8,0,2,0,0,0,9,
282569870,-0.65,-0.88,0.225038,107.8,1053.8,0,2,0,0,0,9,
282569909,-0.65,-0.88,0.225038,107.8,1053.8,0,2,0,0,0,9,
282569949,-0.65,-0.88,0.225038,107.8,1053.8,0,2,0,0,0,9,
282569989,-0.65,-0.88,0.225038,107.8,1053.8,0,2,0,0,0,9,
282570029,-0.65,-0.88,0.225038,107.8,1053.8,0,2,0,0,0,9,
282570069,-0.65,-0.88,0.225038,107.8,1053.8,0,2,0,0,0,9,
282570109,-0.65,-0.88,0.225038,107.8,1053.8,0,2,0,0,0,9,
282570150,-0.65,-0.88,0.225038,107.8,1053.8,0,2,0,0,0,9,
282570189,-0.65,-0.88,0.225038,107.8,1053.8,0,2,0,0,0,9,
282570229,-0.65,-0.88,0.225038,107.8,1053.8,0,2,0,0,0,9,
282570269,-0.65,-0.88,0.225038,107.8,1053.8,0,2,0,0,0,9,
282570309,-0.65,-0.88,0.225038,107.8,1053.8,0,2,0,0,0,9,
282570349,-0.65,-0.88,0.225038,107.8,1053.8,0,2,0,0,0,9,
282570389,-0.65,-0.88,0.225038,107.8,1053.8,0,2,0,0,0,9,
282570429,-0.65,-0.88,0.225038,107.8,1053.8,0,2,0,0,0,9,
282570470,-0.65,-0.88,0.225038,107.8,1053.8,0,2,0,0,0,9,
282570509,-0.65,-0.88,0.225038,107.8,1053.8,0,2,0,0,0,9,
282570549,-0.65,-0.88,0.225038,107.8,1053.8,0,2,0,0,0,9,
282570589,-0.65,-0.88,0.225038,107.8,1053.8,0,2,0,0,0,9,
282570629,-0.65,-0.88,0.225038,107.8,1053.8,0,2,0,0,0,9,
282570669,-0.65,-0.88,0.225038,107.8,1053.8,0,2,0,0,0,9,
282570713,-0.65,-0.88,0.225038,118.58,1159.18,0,2.2,0,0,0,9,
282570749,-0.65,-0.88,0.225038,97.0201,948.42,0,1.8,0,0,0,9,
282570790,-0.65,-0.88,0.225038,107.8,1053.8,0,2,0,0,0,9,
282570829,-0.65,-0.88,0.225038,107.8,1053.8,0,2,0,0,0,9,
282570869,-0.65,-0.88,0.225038,107.8,1053.8,0,2,0,0,0,9,
282570909,-0.65,-0.88,0.225038,107.8,1053.8,0,2,0,0,0,9,
282570949,-0.65,-0.88,0.225038,107.8,1053.8,0,2,0,0,0,9,
282570989,-0.65,-0.88,0.225038,107.8,1053.8,0,2,0,0,0,9,
282571029,-0.65,-0.88,0.225038,107.8,1053.8,0,2,0,0,0,9,
282571069,-0.65,-0.88,0.225038,107.8,1053.8,0,2,0,0,0,9,
282571110,-0.65,-0.88,0.225038,107.8,1053.8,0,2,0,0,0,9,
282571149,-0.65,-0.88,0.225038,107.8,1053.8,0,2,0,0,0,9,
282571189,-0.65,-0.88,0.225038,107.8,1053.8,0,2,0,0,0,9,
282571229,-0.65,-0.88,0.225038,107.8,1053.8,0,2,0,0,0,9,
282571269,-0.65,-0.88,0.225038,107.8,1053.8,0,2,0,0,0,9,
282571309,-0.65,-0.88,0.225038,107.8,1053.8,0,2,0,0,0,9,
282571349,-0.65,-0.88,0.225038,107.8,1053.8,0,2,0,0,0,9,
282571389,-0.65,-0.88,0.225038,107.8,1053.8,0,2,0,0,0,9,
282571430,-0.65,-0.88,0.225038,107.8,1053.8,0,2,0,0,0,9,
282571469,-0.65,-0.88,0.225038,107.8,1053.8,0,2,0,0,0,9,
282571509,-0.65,-0.88,0.225038,107.8,1053.8,0,2,0,0,0,9,
282571549,-0.65,-0.88,0.225038,107.8,1053.8,0,2,0,0,0,9,
282571589,-0.65,-0.88,0.225038,107.8,1053.8,0,2,0,0,0,9,
282571629,-0.65,-0.88,0.225038,107.8,1053.8,0,2,0,0,0,9,
282571669,-0.65,-0.88,0.225038,107.8,1053.8,0,2,0,0,0,9,
282571710,-0.65,-0.88,0.225038,107.8,1053.8,0,2,0,0,0,9,
282571750,-0.65,-0.88,0.225038,107.8,1053.8,0,2,0,0,0,9,
282571789,-0.65,-0.88,0.225038,107.8,1053.8,0,2,0,0,0,9,
282571829,-0.65,-0.88,0.225038,107.8,1053.8,0,2,0,0,0,9,
282571869,-0.65,-0.88,0.225038,107.8,1053.8,0,2,0,0,0,9,
282571909,-0.65,-0.88,0.225038,107.8,1053.8,0,2,0,0,0,9,
282571949,-0.65,-0.88,0.225038,107.8,1053.8,0,2,0,0,0,9,
282571989,-0.65,-0.88,0.225038,107.8,1053.8,0,2,0,0,0,9,
282572030,-0.65,-0.88,0.225038,107.8,1053.8,0,2,0,0,0,9,
282572069,-0.65,-0.88,0.225038,107.8,1053.8,0,2,0,0,0,9,
282572109,-0.65,-0.88,0.225038,107.8,1053.8,0,2,0,0,0,9,
282572149,-0.65,-0.88,0.225038,107.8,1053.8,0,2,0,0,0,9,
282572189,-0.65,-0.88,0.225038,107.8,1053.8,0,2,0,0,0,9,
282572229,-0.65,-0.88,0.225038,107.8,1053.8,0,2,0,0,0,9,
282572269,-0.65,-0.88,0.225038,107.8,1053.8,0,2,0,0,0,9,
282572309,-0.65,-0.88,0.225038,107.8,1053.8,0,2,0,0,0,9,
282572350,-0.65,-0.88,0.225038,107.8,1053.8,0,2,0,0,0,9,
282572389,-0.65,-0.88,0.225038,107.8,1053.8,0,2,0,0,0,9,
282572429,-0.65,-0.88,0.225038,107.8,1053.8,0,2,0,0,0,9,
282572469,-0.65,-0.88,0.225038,107.8,1053.8,0,2,0,0,0,9,
282572509,-0.65,-0.88,0.225038,107.8,1053.8,0,2,0,0,0,9,
282572549,-0.65,-0.88,0.225038,107.8,1053.8,0,2,0,0,0,9,
282572589,-0.65,-0.88,0.225038,107.8,1053.8,0,2,0,0,0,9,
282572629,-0.65,-0.88,0.225038,107.8,1053.8,0,2,0,0,0,9,
282572670,-0.65,-0.88,0.225038,107.8,1053.8,0,2,0,0,0,9,
282572709,-0.65,-0.88,0.225038,107.8,1053.8,0,2,0,0,0,9,
282572749,-0.65,-0.88,0.225038,107.8,1053.8,0,2,0,0,0,9,
282572789,-0.65,-0.88,0.225038,107.8,1053.8,0,2,0,0,0,9,
282572829,-0.65,-0.88,0.225038,107.8,1053.8,0,2,0,0,0,9,
282572869,-0.65,-0.88,0.225038,107.8,1053.8,0,2,0,0,0,9,
282572909,-0.65,-0.88,0.225038,107.8,1053.8,0,2,0,0,0,9,
282572949,-0.65,-0.88,0.225038,107.8,1053.8,0,2,0,0,0,9,
282572990,-0.65,-0.88,0.225038,107.8,1053.8,0,2,0,0,0,9,
282573029,-0.65,-0.88,0.225038,107.8,1053.8,0,2,0,0,0,9,
282573069,-0.65,-0.88,0.225038,107.8,1053.8,0,2,0,0,0,9,
282573109,-0.65,-0.88,0.225038,107.8,1053.8,0,2,0,0,0,9,
282573149,-0.65,-0.88,0.225038,107.8,1053.8,0,2,0,0,0,9,
282573189,-0.65,-0.88,0.225038,107.8,1053.8,0,2,0,0,0,9,
282573229,-0.65,-0.88,0.225038,107.8,1053.8,0,2,0,0,0,9,
282573269,-0.65,-0.88,0.225038,107.8,1053.8,0,2,0,0,0,9,
282573310,-0.65,-0.88,0.225038,107.8,1053.8,0,2,0,0,0,9,
282573349,-0.65,-0.88,0.225038,107.8,1053.8,0,2,0,0,0,9,
282573389,-0.65,-0.88,0.225038,107.8,1053.8,0,2,0,0,0,9,
282573429,-0.65,-0.88,0.225038,107.8,1053.8,0,2,0,0,0,9,
282573469,-0.65,-0.88,0.225038,107.8,1053.8,0,2,0,0,0,9,
282573509,-0.65,-0.88,0.225038,107.8,1053.8,0,2,0,0,0,9,
282573549,-0.65,-0.88,0.225038,107.8,1053.8,0,2,0,0,0,9,
282573590,-0.65,-0.88,0.225038,107.8,1053.8,0,2,0,0,0,9,
282573630,-0.65,-0.88,0.225038,107.8,1053.8,0,2,0,0,0,9,
282573669,-0.65,-0.88,0.225038,107.8,1053.8,0,2,0,0,0,9,
282573709,-0.65,-0.88,0.225038,107.8,1053.8,0,2,0,0,0,9,
282573749,-0.65,-0.88,0.225038,107.8,1053.8,0,2,0,0,0,9,
282573789,-0.65,-0.88,0.225038,107.8,1053.8,0,2,0,0,0,9,
282573829,-0.65,-0.88,0.225038,107.8,1053.8,0,2,0,0,0,9,
282573869,-0.65,-0.88,0.225038,107.8,1053.8,0,2,0,0,0,9,
282573910,-0.65,-0.88,0.225038,107.8,1053.8,0,2,0,0,0,9,
282573949,-0.65,-0.88,0.225038,107.8,1053.8,0,2,0,0,0,9,
282573989,-0.65,-0.88,0.225038,107.8,1053.8,0,2,0,0,0,9,
282574029,-0.65,-0.88,0.225038,107.8,1053.8,0,2,0,0,0,9,
282574069,-0.65,-0.88,0.225038,107.8,1053.8,0,2,0,0,0,9,
282574109,-0.65,-0.88,0.225038,107.8,1053.8,0,2,0,0,0,9,
282574149,-0.65,-0.88,0.225038,107.8,1053.8,0,2,0,0,0,9,
282574189,-0.65,-0.88,0.225038,107.8,1053.8,0,2,0,0,0,9,
282574230,-0.65,-0.88,0.225038,107.8,1053.8,0,2,0,0,0,9,
282574269,-0.65,-0.88,0.225038,107.8,1053.8,0,2,0,0,0,9,
282574309,-0.65,-0.88,0.225038,107.8,1053.8,0,2,0,0,0,9,
282574349,-0.65,-0.88,0.225038,107.8,1053.8,0,2,0,0,0,9,
282574389,-0.65,-0.88,0.225038,107.8,1053.8,0,2,0,0,0,9,
282574429,-0.65,-0.88,0.225038,107.8,1053.8,0,2,0,0,0,9,
282574469,-0.65,-0.88,0.225038,107.8,1053.8,0,2,0,0,0,9,
282574509,-0.65,-0.88,0.225038,107.8,1053.8,0,2,0,0,0,9,
282574550,-0.65,-0.88,0.225038,107.8,1053.8,0,2,0,0,0,9,
282574589,-0.65,-0.88,0.225038,107.8,1053.8,0,2,0,0,0,9,
282574629,-0.65,-0.88,0.225038,107.8,1053.8,0,2,0,0,0,9,
282574669,-0.65,-0.88,0.225038,107.8,1053.8,0,2,0,0,0,9,
282574709,-0.65,-0.88,0.225038,107.8,1053.8,0,2,0,0,0,9,
282574749,-0.65,-0.88,0.225038,107.8,1053.8,0,2,0,0,0,9,
282574789,-0.65,-0.88,0.225038,107.8,1053.8,0,2,0,0,0,9,
282574829,-0.65,-0.88,0.225038,107.8,1053.8,0,2,0,0,0,9,
282574870,-0.65,-0.88,0.225038,107.8,1053.8,0,2,0,0,0,9,
282574909,-0.65,-0.88,0.225038,107.8,1053.8,0,2,0,0,0,9,
282574949,-0.65,-0.88,0.225038,107.8,1053.8,0,2,0,0,0,9,
282574989,-0.65,-0.88,0.225038,107.8,1053.8,0,2,0,0,0,9,
282575029,-0.65,-0.88,0.225038,107.8,1053.8,0,2,0,0,0,9,
282575069,-0.65,-0.88,0.225038,107.8,1053.8,0,2,0,0,0,9,
282575109,-0.65,-0.88,0.225038,107.8,1053.8,0,2,0,0,0,9,
282575149,-0.65,-0.88,0.225038,107.8,1053.8,0,2,0,0,0,9,
282575190,-0.65,-0.88,0.225038,107.8,1053.8,0,2,0,0,0,9,
282575229,-0.65,-0.88,0.225038,107.8,1053.8,0,2,0,0,0,9,
282575269,-0.65,-0.88,0.225038,107.8,1053.8,0,2,0,0,0,9,
282575309,-0.65,-0.88,0.225038,107.8,1053.8,0,2,0,0,0,9,
282575349,-0.65,-0.88,0.225038,107.8,1053.8,0,2,0,0,0,9,
282575389,-0.65,-0.88,0.225038,107.8,1053.8,0,2,0,0,0,9,
282575429,-0.65,-0.88,0.225038,107.8,1053.8,0,2,0,0,0,9,
282575470,-0.65,-0.88,0.225038,107.8,1053.8,0,2,0,0,0,9,
282575510,-0.65,-0.88,0.225038,107.8,1053.8,0,2,0,0,0,9,
282575549,-0.65,-0.88,0.225038,107.8,1053.8,0,2,0,0,0,9,
282575589,-0.65,-0.88,0.225038,107.8,1053.8,0,2,0,0,0,9,
282575629,-0.65,-0.88,0.225038,107.8,1053.8,0,2,0,0,0,9,
282575669,-0.65,-0.88,0.225038,107.8,1053.8,0,2,0,0,0,9,
282575709,-0.65,-0.88,0.225038,107.8,1053.8,0,2,0,0,0,9,
282575749,-0.65,-0.88,0.225038,107.8,1053.8,0,2,0,0,0,9,
282575790,-0.65,-0.88,0.225038,107.8,1053.8,0,2,0,0,0,9,
282575829,-0.65,-0.88,0.225038,107.8,1053.8,0,2,0,0,0,9,
282575869,-0.65,-0.88,0.225038,107.8,1053.8,0,2,0,0,0,9,
282575909,-0.65,-0.88,0.225038,107.8,1053.8,0,2,0,0,0,9,
282575949,-0.65,-0.88,0.225038,107.8,1053.8,0,2,0,0,0,9,
282575989,-0.65,-0.88,0.225038,107.8,1053.8,0,2,0,0,0,9,
282576029,-0.65,-0.88,0.225038,107.8,1053.8,0,2,0,0,0,9,
282576069,-0.65,-0.88,0.225038,107.8,1053.8,0,2,0,0,0,9,
282576110,-0.65,-0.88,0.225038,107.8,1053.8,0,2,0,0,0,9,
282576149,-0.65,-0.88,0.225038,107.8,1053.8,0,2,0,0,0,9,
282576189,-0.65,-0.88,0.225038,107.8,1053.8,0,2,0,0,0,9,
282576229,-0.65,-0.88,0.225038,107.8,1053.8,0,2,0,0,0,9,
282576269,-0.65,-0.88,0.225038,107.8,1053.8,0,2,0,0,0,9,
282576309,-0.65,-0.88,0.225038,107.8,1053.8,0,2,0,0,0,9,
282576349,-0.65,-0.88,0.225038,107.8,1053.8,0,2,0,0,0,9,
282576389,-0.65,-0.88,0.225038,107.8,1053.8,0,2,0,0,0,9,
282576430,-0.65,-0.88,0.225038,107.8,1053.8,0,2,0,0,0,9,
282576469,-0.65,-0.88,0.225038,107.8,1053.8,0,2,0,0,0,9,
282576509,-0.65,-0.88,0.225038,107.8,1053.8,0,2,0,0,0,9,
282576549,-0.65,-0.88,0.225038,107.8,1053.8,0,2,0,0,0,9,
282576589,-0.65,-0.88,0.225038,107.8,1053.8,0,2,0,0,0,9,
282576629,-0.65,-0.88,0.225038,107.8,1053.8,0,2,0,0,0,9,
282576669,-0.65,-0.88,0.225038,107.8,1053.8,0,2,0,0,0,9,
282576709,-0.65,-0.88,0.225038,107.8,1053.8,0,2,0,0,0,9,
282576750,-0.65,-0.88,0.225038,107.8,1053.8,0,2,0,0,0,9,
282576789,-0.65,-0.88,0.225038,107.8,1053.8,0,2,0,0,0,9,
282576829,-0.65,-0.88,0.225038,107.8,1053.8,0,2,0,0,0,9,
282576869,-0.65,-0.88,0.225038,107.8,1053.8,0,2,0,0,0,9,
282576909,-0.65,-0.88,0.225038,107.8,1053.8,0,2,0,0,0,9,
282576949,-0.65,-0.88,0.225038,107.8,1053.8,0,2,0,0,0,9,
282576989,-0.65,-0.88,0.225038,107.8,1053.8,0,2,0,0,0,9,
282577029,-0.65,-0.88,0.225038,107.8,1053.8,0,2,0,0,0,9,
282577070,-0.65,-0.88,0.225038,107.8,1053.8,0,2,0,0,0,9,
282577109,-0.65,-0.88,0.225038,107.8,1053.8,0,2,0,0,0,9,
282577149,-0.65,-0.88,0.225038,107.8,1053.8,0,2,0,0,0,9,
282577189,-0.65,-0.88,0.225038,107.8,1053.8,0,2,0,0,0,9,
282577229,-0.65,-0.88,0.225038,107.8,1053.8,0,2,0,0,0,9,
282577269,-0.65,-0.88,0.225038,107.8,1053.8,0,2,0,0,0,9,
282577309,-0.65,-0.88,0.225038,107.8,1053.8,0,2,0,0,0,9,
282577350,-0.65,-0.88,0.225038,107.8,1053.8,0,2,0,0,0,9,
282577390,-0.65,-0.88,0.225038,107.8,1053.8,0,2,0,0,0,9,
282577429,-0.65,-0.88,0.225038,107.8,1053.8,0,2,0,0,0,9,
282577469,-0.65,-0.88,0.225038,107.8,1053.8,0,2,0,0,0,9,
282577509,-0.65,-0.88,0.225038,107.8,1053.8,0,2,0,0,0,9,
282577549,-0.65,-0.88,0.225038,107.8,1053.8,0,2,0,0,0,9,
282577589,-0.65,-0.88,0.225038,107.8,1053.8,0,2,0,0,0,9,
282577629,-0.65,-0.88,0.225038,107.8,1053.8,0,2,0,0,0,9,
282577670,-0.65,-0.88,0.225038,107.8,1053.8,0,2,0,0,0,9,
282577709,-0.65,-0.88,0.225038,107.8,1053.8,0,2,0,0,0,9,
282577749,-0.65,-0.88,0.225038,107.8,1053.8,0,2,0,0,0,9,
282577789,-0.65,-0.88,0.225038,107.8,1053.8,0,2,0,0,0,9,
282577829,-0.65,-0.88,0.225038,107.8,1053.8,0,2,0,0,0,9,
282577869,-0.65,-0.88,0.225038,107.8,1053.8,0,2,0,0,0,9,
282577909,-0.65,-0.88,0.225038,107.8,1053.8,0,2,0,0,0,9,
282577949,-0.65,-0.88,0.225038,107.8,1053.8,0,2,0,0,0,9,
282577990,-0.65,-0.88,0.225038,107.8,1053.8,0,2,0,0,0,9,
282578029,-0.65,-0.88,0.225038,107.8,1053.8,0,2,0,0,0,9,
282578069,-0.65,-0.88,0.225038,107.8,1053.8,0,2,0,0,0,9,
282578109,-0.65,-0.88,0.225038,107.8,1053.8,0,2,0,0,0,9,
282578149,-0.65,-0.88,0.225038,107.8,1053.8,0,2,0,0,0,9,
282578189,-0.65,-0.88,0.225038,107.8,1053.8,0,2,0,0,0,9,
282578229,-0.65,-0.88,0.225038,107.8,1053.8,0,2,0,0,0,9,
282578269,-0.65,-0.88,0.225038,107.8,1053.8,0,2,0,0,0,9,
282578310,-0.65,-0.88,0.225038,107.8,1053.8,0,2,0,0,0,9,
282578349,-0.65,-0.88,0.225038,107.8,1053.8,0,2,0,0,0,9,
282578389,-0.65,-0.88,0.225038,107.8,1053.8,0,2,0,0,0,9,
282578429,-0.65,-0.88,0.225038,107.8,1053.8,0,2,0,0,0,9,
282578469,-0.65,-0.88,0.225038,107.8,1053.8,0,2,0,0,0,9,
282578509,-0.65,-0.88,0.225038,107.8,1053.8,0,2,0,0,0,9,
282578549,-0.65,-0.88,0.225038,107.8,1053.8,0,2,0,0,0,9,
