milisec,RacketX,RacketY,RacketZ,forceX,forceX,forceX,ForceRatio,FriendPoint,EnemyPoint,haptics,scene
275117817,0,0,0,96.7312,124.74,0,0.8,0,0,0,0,
275117867,-0.742687,-0.59,-1.34555,62.3425,83.16,0,0.4,0,0,0,0,
275117917,-0.742687,-0.59,-1.34555,62.3425,83.16,0,0.4,0,0,0,0,
275117978,-0.742687,-0.59,-1.34555,62.3425,83.16,0,0.4,0,0,0,0,
275118038,-0.742687,-0.59,-1.34555,62.3425,83.16,0,0.4,0,0,0,0,
275118108,-0.742687,-0.59,-1.34555,62.3425,83.16,0,0.4,0,0,0,0,
275118178,-0.742687,-0.59,-1.34555,62.3425,83.16,0,0.4,0,0,0,0,
275118218,-0.742687,-0.59,-1.34555,62.3425,83.16,0,0.4,0,0,0,0,
275118278,-0.742687,-0.59,-1.34555,62.3425,83.16,0,0.4,0,0,0,0,
275118338,-0.742687,-0.59,-1.34555,62.3425,83.16,0,0.4,0,0,0,0,
275118398,-0.742687,-0.59,-1.34555,62.3425,83.16,0,0.4,0,0,0,0,
275118458,-0.742687,-0.59,-1.34555,62.3425,83.16,0,0.4,0,0,0,0,
275118518,-0.742687,-0.59,-1.34555,62.3425,83.16,0,0.4,0,0,0,0,
275118578,-0.742687,-0.59,-1.34555,62.3425,83.16,0,0.4,0,0,0,0,
275118639,-0.742687,-0.59,-1.34555,62.3425,83.16,0,0.4,0,0,0,0,
275118699,-0.742687,-0.59,-1.34555,62.3425,83.16,0,0.4,0,0,0,0,
275118759,-0.742687,-0.59,-1.34555,62.3425,83.16,0,0.4,0,0,0,0,
275118819,-0.742687,-0.59,-1.34555,62.3425,83.16,0,0.4,0,0,0,0,
275118879,-0.742687,-0.59,-1.34555,62.3425,83.16,0,0.4,0,0,0,0,
275118939,-0.742687,-0.59,-1.34555,62.3425,83.16,0,0.4,0,0,0,0,
275118999,-0.742687,-0.59,-1.34555,62.3425,83.16,0,0.4,0,0,0,0,
275119059,-0.742687,-0.59,-1.34555,62.3425,83.16,0,0.4,0,0,0,0,
275119119,-0.742687,-0.59,-1.34555,62.3425,83.16,0,0.4,0,0,0,0,
275119179,-0.742687,-0.59,-1.34555,62.3425,83.16,0,0.4,0,0,0,0,
275119239,-0.742687,-0.59,-1.34555,62.3425,83.16,0,0.4,0,0,0,0,
275119299,-0.742687,-0.59,-1.34555,62.3425,83.16,0,0.4,0,0,0,0,
275119360,-0.742687,-0.59,-1.34555,62.3425,83.16,0,0.4,0,0,0,0,
275119420,-0.742687,-0.59,-1.34555,62.3425,83.16,0,0.4,0,0,0,0,
275119480,-0.742687,-0.59,-1.34555,62.3425,83.16,0,0.4,0,0,0,0,
275119540,-0.742687,-0.59,-1.34555,62.3425,83.16,0,0.4,0,0,0,0,
275119600,-0.742687,-0.59,-1.34555,62.3425,83.16,0,0.4,0,0,0,0,
275119660,-0.742687,-0.59,-1.34555,62.3425,83.16,0,0.4,0,0,0,0,
275119720,-0.742687,-0.59,-1.34555,62.3425,83.16,0,0.4,0,0,0,0,
275119780,-0.742687,-0.59,-1.34555,62.3425,83.16,0,0.4,0,0,0,0,
275119860,-0.742687,-0.59,-1.34555,62.3425,83.16,0,0.4,0,0,0,8,
275119900,-0.742687,-0.59,-1.34555,62.3425,83.16,0,0.4,0,0,0,8,
275119960,-0.742687,-0.59,-1.34555,62.3425,83.16,0,0.4,0,0,0,8,
275120021,-0.742687,-0.59,-1.34555,62.3425,83.16,0,0.4,0,0,0,8,
275120081,-0.742687,-0.59,-1.34555,62.3425,83.16,0,0.4,0,0,0,8,
275120141,-0.0243938,-0.59,-0.89495,31.1712,83.16,0,0.4,0,0,0,8,
275120201,-0.0562875,-0.59,-0.85245,0,83.16,0,0.4,0,0,0,8,
275120261,-0.0825188,-0.59,-0.80745,0,83.16,0,0.4,0,0,0,8,
275120321,-0.0994312,-0.59,-0.762425,0,83.16,0,0.4,0,0,0,8,
275120381,-0.138787,-0.59,-0.70745,0,83.16,0,0.4,0,0,0,8,
275120441,-0.159375,-0.59,-0.674975,0,83.16,0,0.4,0,0,0,8,
275120501,-0.159338,-0.59,-0.6675,0,83.16,0,0.4,0,0,0,8,
275120561,-0.138731,-0.59,-0.665,0,83.16,0,0.4,0,0,0,8,
275120631,-0.110569,-0.59,-0.662475,-0.18547,81.804,-0.346558,0.4,0,0,0,8,
275120681,-0.104925,-0.59,-0.659975,0,83.16,0,0.4,0,0,0,8,
275120742,-0.0881062,-0.59,-0.6575,0,83.16,0,0.4,0,0,0,8,
275120802,-0.0881062,-0.59,-0.6575,0,83.16,0,0.4,0,0,0,8,
275120862,-0.0881062,-0.59,-0.6575,0,83.16,0,0.4,0,0,0,8,
275120922,-0.0881062,-0.59,-0.6575,0,83.16,0,0.4,0,0,0,8,
275120982,-0.0881062,-0.59,-0.6575,0,83.16,0,0.4,0,0,0,8,
275121042,-0.0881062,-0.59,-0.6575,0,83.16,0,0.4,0,0,0,8,
275121102,-0.0881062,-0.59,-0.6575,0,83.16,0,0.4,0,0,0,8,
275121162,-0.08625,-0.59,-0.657525,0,83.16,0,0.4,0,0,0,8,
275121222,-0.08625,-0.59,-0.657525,0,83.16,0,0.4,0,0,0,8,
275121282,-0.08625,-0.59,-0.657525,0,83.16,0,0.4,0,0,0,8,
275121342,-0.08625,-0.59,-0.660025,0,83.16,0,0.4,0,0,0,8,
275121403,-0.08625,-0.59,-0.660025,0,83.16,0,0.4,0,0,0,8,
275121463,-0.08625,-0.59,-0.660025,0,83.16,0,0.4,0,0,0,8,
275121523,-0.08625,-0.59,-0.660025,0,83.16,0,0.4,0,0,0,8,
275121583,-0.08625,-0.59,-0.660025,0,83.16,0,0.4,0,0,0,8,
275121643,-0.08625,-0.59,-0.660025,0,83.16,0,0.4,0,0,0,8,
275121703,-0.0862312,-0.59,-0.6625,0,83.16,0,0.4,0,0,0,8,
275121763,-0.0862312,-0.59,-0.6625,0,83.16,0,0.4,0,0,0,8,
275121823,-0.0862312,-0.59,-0.6625,0,83.16,0,0.4,0,0,0,8,
275121883,-0.0862312,-0.59,-0.6625,0,83.16,0,0.4,0,0,0,8,
275121943,-0.0862312,-0.59,-0.6625,0,83.16,0,0.4,0,0,0,8,
275122003,-0.0862312,-0.59,-0.6625,0,83.16,0,0.4,0,0,0,8,
275122063,-0.0862312,-0.59,-0.6625,0,83.16,0,0.4,0,0,0,8,
275122124,-0.0862312,-0.59,-0.6625,0,83.16,0,0.4,0,0,0,8,
275122184,-0.0862312,-0.59,-0.6625,0,83.16,0,0.4,0,0,0,8,
275122244,-0.0862312,-0.59,-0.6625,0,83.16,0,0.4,0,0,0,8,
275122304,-0.0862312,-0.59,-0.6625,0,83.16,0,0.4,0,0,0,8,
275122374,-0.0862312,-0.59,-0.6625,0,83.16,0,0.4,0,0,0,8,
275122424,-0.0862312,-0.59,-0.6625,0,83.16,0,0.4,0,0,0,8,
275122484,-0.0862312,-0.59,-0.6625,0,83.16,0,0.4,0,0,0,8,
275122544,-0.0862312,-0.59,-0.6625,0,83.16,0,0.4,0,0,0,8,
275122604,-0.0862312,-0.59,-0.6625,0,83.16,0,0.4,0,0,0,8,
275122664,-0.0862312,-0.59,-0.6625,0,83.16,0,0.4,0,0,0,8,
275122724,-0.0862312,-0.59,-0.6625,0,83.16,0,0.4,0,0,0,8,
275122784,-0.0862312,-0.59,-0.6625,0,83.16,0,0.4,0,0,0,8,
275122845,-0.0862312,-0.59,-0.6625,0,83.16,0,0.4,0,0,0,8,
275122905,-0.084375,-0.59,-0.662525,0,83.16,0,0.4,0,0,0,8,
275122965,-0.084375,-0.59,-0.662525,0,83.16,0,0.4,0,0,0,8,
275123025,-0.084375,-0.59,-0.662525,0,83.16,0,0.4,0,0,0,8,
275123085,-0.084375,-0.59,-0.662525,0,83.16,0,0.4,0,0,0,8,
275123145,-0.084375,-0.59,-0.662525,0,83.16,0,0.4,0,0,0,8,
275123205,-0.084375,-0.59,-0.662525,0,83.16,0,0.4,0,0,0,8,
275123265,-0.084375,-0.59,-0.662525,0,83.16,0,0.4,0,0,0,8,
275123325,-0.084375,-0.58956,-0.662525,0,83.0632,0,0.4,0,0,0,8,
275123385,-0.084375,-0.58956,-0.662525,0,82.9664,0,0.4,0,0,0,8,
275123445,-0.084375,-0.58956,-0.662525,0,82.9664,0,0.4,0,0,0,8,
275123506,-0.084375,-0.58956,-0.662525,0,82.9664,0,0.4,0,0,0,8,
275123566,-0.084375,-0.54556,-0.665,0,73.2864,0,0.4,0,0,0,8,
275123626,-0.084375,-0.54556,-0.665,0,63.6064,0,0.4,0,0,0,8,
275123686,-0.084375,-0.54556,-0.665,0,63.6064,0,0.4,0,0,0,8,
275123746,-0.084375,-0.54556,-0.665,0,63.6064,0,0.4,0,0,0,8,
275123806,-0.084375,-0.54556,-0.665,0,63.6064,0,0.4,0,0,0,8,
275123866,-0.0843938,-0.54556,-0.6625,0,63.6064,0,0.4,0,0,0,8,
275123926,-0.0862688,-0.54556,-0.659975,0,63.6064,0,0.4,0,0,0,8,
275123986,-0.105019,-0.54556,-0.632475,0,63.6064,0,0.4,0,0,0,8,
275124056,-0.116269,-0.54556,-0.607475,0,63.6064,0,0.4,0,0,0,8,
275124106,-0.125625,-0.50156,-0.592475,0,53.9264,0,0.4,0,0,0,8,
275124166,-0.125625,-0.50156,-0.589975,0,44.2464,0,0.4,0,0,0,8,
275124227,-0.125625,-0.45756,-0.59,0,34.5664,0,0.4,0,0,0,8,
275124287,-0.125625,-0.45756,-0.59,0,24.8864,0,0.4,0,0,0,8,
275124347,-0.125625,-0.45756,-0.59,0,24.8864,0,0.4,0,0,0,8,
275124407,-0.125625,-0.41356,-0.589975,0,15.2064,0,0.4,0,0,0,8,
275124467,-0.125625,-0.41356,-0.589975,0,5.52641,0,0.4,0,0,0,8,
275124527,-0.125625,-0.36956,-0.5875,0,2.7632,0,0.4,0,0,0,8,
275124587,-0.125625,-0.36956,-0.587525,0,0,0,0.4,0,0,0,8,
275124647,-0.123731,-0.36956,-0.5925,0,0,0,0.4,0,0,0,8,
275124707,-0.121875,-0.36956,-0.592525,0,0,0,0.4,0,0,0,8,
275124777,-0.121875,-0.36956,-0.592525,0,0,0,0.4,0,0,0,8,
275124827,-0.121875,-0.32556,-0.592475,0,0,0,0.4,0,0,0,8,
275124888,-0.121875,-0.32556,-0.592475,0,0,0,0.4,0,0,0,8,
275124948,-0.121875,-0.28156,-0.5925,0,0,0,0.4,0,0,0,8,
275125008,-0.121875,-0.28156,-0.5925,0,0,0,0.4,0,0,0,8,
275125068,-0.121875,-0.28156,-0.5925,0,0,0,0.4,0,0,0,8,
275125128,-0.121875,-0.28156,-0.5925,0,0,0,0.4,0,0,0,8,
275125188,-0.121875,-0.28156,-0.595025,0,0,0,0.4,0,0,0,8,
275125248,-0.116231,-0.28156,-0.615025,0,0,0,0.4,0,0,0,8,
275125308,-0.1182,-0.28156,-0.63,0,0,0,0.4,0,0,0,8,
275125378,-0.230925,-0.28156,-0.59735,0,0,0,0.4,0,0,0,8,
275125428,-0.378844,-0.28156,-0.514925,0,0,0,0.4,0,0,0,8,
275125488,-0.427556,-0.28156,-0.46745,0,0,0,0.4,0,0,0,8,
275125548,-0.451875,-0.28156,-0.437475,0,0,0,0.4,0,0,0,8,
275125609,-0.451894,-0.28156,-0.43245,0,0,0,0.4,0,0,0,8,
275125669,-0.465,-0.28156,-0.407475,0,0,0,0.4,0,0,0,8,
275125729,-0.45555,-0.28156,-0.40755,0,0,0,0.4,0,0,0,8,
275125789,-0.393694,-0.28156,-0.435,0,0,0,0.4,0,0,0,8,
275125849,-0.388125,-0.28156,-0.424975,0,0,0,0.4,0,0,0,8,
275125909,-0.386212,-0.28156,-0.417525,0,0,0,0.4,0,0,0,8,
275125969,-0.333731,-0.28156,-0.472575,0,0,0,0.4,0,0,0,8,
275126029,-0.333731,-0.28156,-0.472575,0,0,0,0.4,0,0,0,8,
275126089,-0.333731,-0.28156,-0.472575,0,0,0,0.4,0,0,0,8,
275126149,-0.333731,-0.28156,-0.472575,0,0,0,0.4,0,0,0,8,
275126209,-0.333731,-0.28156,-0.472575,0,0,0,0.4,0,0,0,8,
275126269,-0.288619,-0.28156,-0.465,0,0,0,0.4,0,0,0,8,
275126330,-0.221137,-0.28156,-0.47505,0,0,0,0.4,0,0,0,8,
275126390,-0.146194,-0.28156,-0.495025,0,0,0,0.4,0,0,0,8,
275126450,-0.0842625,-0.28156,-0.505025,0,0,0,0.4,0,0,0,8,
275126510,-0.0224063,-0.28156,-0.5125,0,0,0,0.4,0,0,0,8,
275126570,0.0488062,-0.28156,-0.53005,-1.9265,1.36526,2.70465,0.4,0,0,0,8,
275126640,0.0881812,-0.28156,-0.5425,-0.297461,-0.331347,0.738576,0.4,0,0,0,8,
275126700,0.14445,-0.28156,-0.5475,0,0,0,0.4,0,0,0,8,
275126760,0.181912,-0.28156,-0.547525,0,0,0,0.4,0,0,0,8,
275126810,0.204394,-0.28156,-0.55,0,0,0,0.4,0,0,0,8,
275126880,0.225038,-0.28156,-0.502375,0.505293,-0.592134,1.24294,0.4,0,0,0,8,
275126940,0.253163,-0.28156,-0.4124,0,0,0,0.4,0,0,0,8,
275127001,0.270019,-0.28156,-0.36495,0,0,0,0.4,0,0,0,8,
275127051,0.283144,-0.28156,-0.355,0,0,0,0.4,0,0,0,8,
275127121,0.292519,-0.28156,-0.355,0,0,0,0.4,0,0,0,8,
275127181,0.313163,-0.28156,-0.32495,0,0,0,0.4,0,0,0,8,
275127241,0.335625,-0.28156,-0.264925,0,0,0,0.4,0,0,0,8,
275127291,0.324375,-0.28156,-0.222475,0,0,0,0.4,0,0,0,8,
275127361,0.307462,-0.28156,-0.202475,0,0,0,0.4,0,0,0,8,
275127411,0.277481,-0.28156,-0.187475,0,0,0,0.4,0,0,0,8,
275127471,0.27,-0.28156,-0.177475,0,0,0,0.4,0,0,0,8,
275127531,0.27,-0.28156,-0.142425,0,0,0,0.4,0,0,0,8,
275127591,0.27,-0.28156,-0.099975,0,0,0,0.4,0,0,0,8,
275127651,0.26625,-0.28156,-0.077475,0,0,0,0.4,0,0,0,8,
275127712,0.260625,-0.28156,-0.064975,0,0,0,0.4,0,0,0,8,
275127772,0.243694,-0.28156,-0.0525,0,0,0,0.4,0,0,0,8,
275127842,0.191194,-0.28156,-0.050025,0,0,0,0.4,0,0,0,8,
275127892,0.110569,-0.28156,-0.0900251,0,0,0,0.4,0,0,0,8,
275127962,0.0899812,-0.28156,-0.095,-2.50304,-10.2986,5.46717,0.4,0,0,0,8,
275128022,0.0880313,-0.28156,-0.0950251,-3.64072,-5.46569,5.98675,0.4,0,0,0,8,
275128082,0.07125,-0.28156,-0.092475,0,0,0,0.4,0,0,0,8,
275128142,0.0675,-0.28156,-0.072475,0,0,0,0.4,0,0,0,8,
275128202,0.0675,-0.28156,-0.069975,0,0,0,0.4,0,0,0,8,
275128262,0.0693562,-0.28156,-0.09255,0,0,0,0.4,0,0,0,8,
275128322,0.058125,-0.28156,-0.120025,0,0,0,0.4,0,0,0,8,
275128383,0.0336938,-0.28156,-0.18015,0,0,0,0.4,0,0,0,8,
275128443,0,-0.28156,-0.2701,0,0,0,0.4,0,0,0,8,
275128503,-0.00375,-0.28156,-0.325025,0,0,0,0.4,0,0,0,8,
275128553,-0.00375,-0.28156,-0.32755,0,0,0,0.4,0,0,0,8,
275128623,-0.00375,-0.28156,-0.32755,0,0,0,0.4,0,0,0,8,
275128683,-0.00373123,-0.28156,-0.332475,0,0,0,0.4,0,0,0,8,
275128743,-0.001875,-0.28156,-0.329975,0,0,0,0.4,0,0,0,8,
275128803,-0.00185623,-0.28156,-0.3275,0,0,0,0.4,0,0,0,8,
275128863,0.00564377,-0.28156,-0.3275,0,0,0,0.4,0,0,0,8,
275128913,0.0150188,-0.28156,-0.3275,0,0,0,0.4,0,0,0,8,
275128983,0.0150188,-0.28156,-0.3275,0,0,0,0.4,0,0,0,8,
275129043,0.0150188,-0.23756,-0.3275,0,0,0,0.4,0,0,0,8,
275129104,0.0150188,-0.23756,-0.3275,0,0,0,0.4,0,0,0,8,
275129154,0.016875,-0.19356,-0.3275,0,0,0,0.4,0,0,0,8,
275129224,0.016875,-0.19356,-0.3275,0,0,0,0.4,0,0,0,8,
275129284,0.016875,-0.19356,-0.3275,0,0,0,0.4,0,0,0,8,
275129344,0.016875,-0.19356,-0.3275,0,0,0,0.4,0,0,0,8,
275129404,0.016875,-0.19356,-0.3275,0,0,0,0.4,0,0,0,8,
275129454,0.016875,-0.14956,-0.324975,0,0,0,0.4,0,0,0,8,
275129524,0.016875,-0.14956,-0.324975,0,0,0,0.4,0,0,0,8,
275129574,0.01875,-0.10556,-0.3225,0,0,0,0.4,0,0,0,8,
275129644,0.01875,-0.10556,-0.3225,0,0,0,0.4,0,0,0,8,
275129704,0.01875,-0.10556,-0.3225,0,0,0,0.4,0,0,0,8,
275129755,0.01875,-0.06156,-0.3225,0,0,0,0.4,0,0,0,8,
275129825,0.01875,-0.06156,-0.3225,0,0,0,0.4,0,0,0,8,
275129885,0.01875,-0.01756,-0.3225,0,0,0,0.4,0,0,0,8,
275129945,0.01875,-0.01756,-0.3225,0,0,0,0.4,0,0,0,8,
275129995,0.01875,-0.01756,-0.3225,0,0,0,0.4,0,0,0,8,
275130055,0.01875,-0.01756,-0.3225,0,0,0,0.4,0,0,0,8,
275130125,0.01875,-0.01756,-0.3225,0,0,0,0.4,0,0,0,8,
275130175,0.01875,0.02644,-0.3225,0,0,0,0.4,0,0,0,8,
275130245,0.01875,0.02644,-0.3225,0,0,0,0.4,0,0,0,8,
275130305,0.01875,0.11444,-0.3225,0,0,0,0.4,0,0,0,8,
275130365,0.01875,0.11444,-0.322475,0,0,0,0.4,0,0,0,8,
275130425,0.01875,0.11444,-0.322475,0,0,0,0.4,0,0,0,8,
275130486,0.020625,0.15844,-0.32,0,0,0,0.4,0,0,0,8,
275130536,0.020625,0.20244,-0.32,0,0,0,0.4,0,0,0,8,
275130596,0.020625,0.20244,-0.32,0,0,0,0.4,0,0,0,8,
275130656,0.020625,0.24644,-0.32,0,0,0,0.4,0,0,0,8,
275130726,0.020625,0.24644,-0.32,0,0,0,0.4,0,0,0,8,
275130786,0.020625,0.29,-0.32,0,0,0,0.4,0,0,0,8,
275130836,0.0206438,0.29,-0.32,0,0,0,0.4,0,0,0,8,
275130906,0.0206438,0.29,-0.32,0,0,0,0.4,0,0,0,8,
275130956,0.0206438,0.29,-0.32,0,0,0,0.4,0,0,0,8,
275131026,0.0206438,0.29,-0.32,0,0,0,0.4,0,0,0,8,
275131076,0.0225,0.29,-0.32,0,0,0,0.4,0,0,0,8,
275131136,0.0225,0.29,-0.32,0,0,0,0.4,0,0,0,8,
275131197,0.0225,0.29,-0.32,0,0,0,0.4,0,0,0,8,
275131257,0.0225,0.29,-0.32,0,0,0,0.4,0,0,0,8,
275131317,0.0225,0.29,-0.319975,0,0,0,0.4,0,0,0,8,
275131387,0.0225,0.29,-0.319975,0,0,0,0.4,0,0,0,8,
275131437,0.0225,0.29,-0.3175,0,0,0,0.4,0,0,0,8,
275131497,0.0225,0.29,-0.3175,0,0,0,0.4,0,0,0,8,
275131567,0.0225,0.29,-0.317475,0,0,0,0.4,0,0,0,8,
275131627,0.0225,0.29,-0.317475,0,0,0,0.4,0,0,0,8,
275131687,0.0225,0.29,-0.315,0,0,0,0.4,0,0,0,8,
275131737,0.0225,0.29,-0.315,0,0,0,0.4,0,0,0,8,
275131797,0.0225,0.29,-0.315,0,0,0,0.4,0,0,0,8,
275131858,0.0225188,0.29,-0.315,0,0,0,0.4,0,0,0,8,
275131918,0.0225188,0.29,-0.315,0,0,0,0.4,0,0,0,8,
275131978,0.0225188,0.29,-0.315,0,0,0,0.4,0,0,0,8,
275132038,0.02625,0.29,-0.315,0,0,0,0.4,0,0,0,8,
275132108,0.02625,0.29,-0.315,0,0,0,0.4,0,0,0,8,
275132168,0.02625,0.29,-0.315,0,0,0,0.4,0,0,0,8,
275132218,0.02625,0.29,-0.312475,0,0,0,0.4,0,0,0,8,
275132288,0.02625,0.29,-0.312475,0,0,0,0.4,0,0,0,8,
275132348,0.0281438,0.29,-0.31,0,0,0,0.4,0,0,0,8,
275132398,0.03,0.29,-0.307475,0,0,0,0.4,0,0,0,8,
275132468,0.03,0.29,-0.307475,0,0,0,0.4,0,0,0,8,
275132518,0.03,0.29,-0.305,0,0,0,0.4,0,0,0,8,
275132589,0.0300188,0.29,-0.305,0,0,0,0.4,0,0,0,8,
275132649,0.0300188,0.29,-0.305,0,0,0,0.4,0,0,0,8,
275132699,0.031875,0.29,-0.305,0,0,0,0.4,0,0,0,8,
275132769,0.031875,0.29,-0.305,0,0,0,0.4,0,0,0,8,
275132819,0.031875,0.29,-0.305,0,0,0,0.4,0,0,0,8,
275132889,0.031875,0.29,-0.305,0,0,0,0.4,0,0,0,8,
275132949,0.031875,0.29,-0.305,0,0,0,0.4,0,0,0,8,
275133009,0.031875,0.29,-0.305,0,0,0,0.4,0,0,0,8,
275133069,0.031875,0.29,-0.305,1.83726,9.23994,2.67643,0.4,0,0,0,8,
275133129,0.031875,0.29,-0.305,0,0,0,0.4,0,0,0,8,
275133179,0.031875,0.29,-0.305,0,0,0,0.4,0,0,0,8,
275133250,0.0318938,0.29,-0.305,0,0,0,0.4,0,0,0,8,
275133310,0.0318938,0.29,-0.305,0,0,0,0.4,0,0,0,8,
275133370,0.0318938,0.29,-0.305,0,0,0,0.4,0,0,0,8,
275133430,0.0318938,0.29,-0.305,0,0,0,0.4,0,0,0,8,
275133490,0.0318938,0.29,-0.305,0,0,0,0.4,0,0,0,8,
275133550,0.0318938,0.28956,-0.305,0,0,0,0.4,0,0,0,8,
275133610,0.03375,0.24556,-0.305,0,0,0,0.4,0,0,0,8,
275133670,0.03375,0.24556,-0.305,0,0,0,0.4,0,0,0,8,
275133730,0.0375,0.20156,-0.297475,0,0,0,0.4,0,0,0,8,
275133790,0.0375,0.20156,-0.297475,0,0,0,0.4,0,0,0,8,
275133850,0.0375,0.15756,-0.295,0,0,0,0.4,0,0,0,8,
275133910,0.039375,0.11356,-0.292475,0,0,0,0.4,0,0,0,8,
275133971,0.039375,0.11356,-0.292475,0,0,0,0.4,0,0,0,8,
275134031,0.039375,0.06956,-0.29,0,0,0,0.4,0,0,0,8,
275134081,0.0393938,0.02556,-0.29,8.36681,10.0364,3.37087,0.4,0,0,0,8,
275134151,0.0393938,0.02556,-0.29,0,0,0,0.4,0,0,0,8,
275134201,0.04125,-0.01844,-0.29,0,0,0,0.4,0,0,0,8,
275134271,0.04125,-0.01844,-0.29,0,0,0,0.4,0,0,0,8,
275134331,0.04125,-0.06244,-0.289975,0,0,0,0.4,0,0,0,8,
275134391,0.04125,-0.06244,-0.289975,0,0,0,0.4,0,0,0,8,
275134451,0.04125,-0.10644,-0.2875,0,0,0,0.4,0,0,0,8,
275134511,0.04125,-0.15044,-0.287475,0,0,0,0.4,0,0,0,8,
275134571,0.04125,-0.15044,-0.284975,0,0,0,0.4,0,0,0,8,
275134622,0.04125,-0.19444,-0.2825,0,0,0,0.4,0,0,0,8,
275134692,0.04125,-0.19444,-0.2825,0,0,0,0.4,0,0,0,8,
275134752,0.04125,-0.23844,-0.282475,0,0,0,0.4,0,0,0,8,
275134812,0.04125,-0.23844,-0.279975,0,0,0,0.4,0,0,0,8,
275134862,0.04125,-0.28244,-0.2775,0,0,0,0.4,0,0,0,8,
275134932,0.04125,-0.28244,-0.2775,0,0,0,0.4,0,0,0,8,
275134992,0.04125,-0.32644,-0.269975,0,0,0,0.4,0,0,0,8,
275135052,0.04125,-0.32644,-0.269975,0,0,0,0.4,0,0,0,8,
275135112,0.04125,-0.37044,-0.2675,0,0,0,0.4,0,0,0,8,
275135172,0.04125,-0.37044,-0.2675,0,0,0,0.4,0,0,0,8,
275135232,0.04125,-0.41444,-0.2675,0,2.9568,0,0.4,0,0,0,8,
275135292,0.04125,-0.41444,-0.2675,0,5.91361,0,0.4,0,0,0,8,
275135343,0.04125,-0.45844,-0.2675,0,15.5936,0,0.4,0,0,0,8,
275135413,0.04125,-0.45844,-0.2675,0,25.2736,0,0.4,0,0,0,8,
275135473,0.04125,-0.50244,-0.262475,0,34.9536,0,0.4,0,0,0,8,
275135533,0.04125,-0.50244,-0.259975,0,44.6336,0,0.4,0,0,0,8,
275135583,0.04125,-0.54644,-0.2575,0,54.3136,0,0.4,0,0,0,8,
275135653,0.04125,-0.54644,-0.2575,0,63.9936,0,0.4,0,0,0,8,
275135713,0.04125,-0.59044,-0.257475,0,73.6736,0,0.4,0,0,0,8,
275135763,0.04125,-0.63444,-0.255,0,93.0336,0,0.4,0,0,0,8,
275135833,0.04125,-0.63444,-0.255,0,102.714,0,0.4,0,0,0,8,
275135893,0.04125,-0.63444,-0.255,0,102.714,0,0.4,0,0,0,8,
275135953,0.04125,-0.63444,-0.255,0,102.714,0,0.4,0,0,0,8,
275136014,0.04125,-0.63444,-0.255,0,102.714,0,0.4,0,0,0,8,
275136074,0.04125,-0.63444,-0.255,0,102.714,0,0.4,0,0,0,8,
275136134,0.04125,-0.63444,-0.255,0,102.714,0,0.4,0,0,0,8,
275136194,0.04125,-0.63444,-0.255,0,102.714,0,0.4,0,0,0,8,
275136254,0.04125,-0.63444,-0.255,0,102.714,0,0.4,0,0,0,8,
275136314,0.04125,-0.63444,-0.255,0,102.714,0,0.4,0,0,0,8,
275136374,0.04125,-0.63444,-0.255,0,102.714,0,0.4,0,0,0,8,
275136434,0.04125,-0.63444,-0.255,0,102.714,0,0.4,0,0,0,8,
275136494,0.0318188,-0.63444,-0.26255,0,102.714,0,0.4,0,0,0,8,
275136554,-0.0639,-0.63444,-0.3301,0,102.714,0,0.4,0,0,0,8,
275136614,-0.116269,-0.63444,-0.370025,0,102.714,0,0.4,0,0,0,8,
275136674,-0.112425,-0.63444,-0.4151,0,102.714,0,0.4,0,0,0,8,
275136735,0.0508125,-0.63444,-0.467525,0,102.714,0,0.4,0,0,0,8,
275136795,0.114375,-0.63444,-0.505075,0,102.714,0,0.4,0,0,0,8,
275136855,0.11625,-0.63444,-0.527525,0,102.714,0,0.4,0,0,0,8,
275136915,0.069225,-0.63444,-0.5576,0,102.714,0,0.4,0,0,0,8,
275136975,-0.0525375,-0.63444,-0.632525,0,102.714,0,0.4,0,0,0,8,
275137035,-0.0525375,-0.63444,-0.632525,0,102.714,0,0.4,0,0,0,8,
275137095,0.00575626,-0.63444,-0.622425,0,102.714,0,0.4,0,0,0,8,
275137155,0.0581438,-0.63444,-0.5975,0,102.714,0,0.4,0,0,0,8,
275137215,-0.00395622,-0.63444,-0.61755,0,102.714,0,0.4,0,0,0,8,
275137275,-0.0486938,-0.63444,-0.622425,0,102.714,0,0.4,0,0,0,8,
275137335,0.108975,-0.63444,-0.51235,0,102.714,0,0.4,0,0,0,8,
275137395,0.183787,-0.63444,-0.4725,0,102.714,0,0.4,0,0,0,8,
275137456,0.1743,-0.63444,-0.47755,0,102.714,0,0.4,0,0,0,8,
275137516,0.104906,-0.63444,-0.520025,0,102.714,0,0.4,0,0,0,8,
275137576,-0.011475,-0.63444,-0.522525,0,102.714,0,0.4,0,0,0,8,
275137636,-0.105075,-0.63444,-0.532475,0,102.714,0,0.4,0,0,0,8,
275137696,-0.228862,-0.63444,-0.48745,0,102.714,0,0.4,0,0,0,8,
275137756,-0.303881,-0.63444,-0.417375,0,102.714,0,0.4,0,0,0,8,
275137816,-0.37695,-0.63444,-0.35245,0,102.714,0,0.4,0,0,0,8,
275137876,-0.489619,-0.63444,-0.3275,0,102.714,0,0.4,0,0,0,8,
275137936,-0.568087,-0.63444,-0.32505,0,102.714,0,0.4,0,0,0,8,
275137996,-0.402788,-0.63444,-0.43265,0,102.714,0,0.4,0,0,0,8,
275138056,-0.151594,-0.63444,-0.512525,0,102.714,0,0.4,0,0,0,8,
275138117,0.0151313,-0.63444,-0.54505,0,102.714,0,0.4,0,0,0,8,
275138177,0.0618938,-0.63444,-0.58,0,102.714,0,0.4,0,0,0,8,
275138237,0.0750562,-0.63444,-0.5875,0,102.714,0,0.4,0,0,0,8,
275138297,0.131325,-0.63444,-0.569975,0,102.714,0,0.4,0,0,0,8,
275138357,0.138975,-0.63444,-0.56745,0,102.714,0,0.4,0,0,0,8,
275138417,0.148088,-0.63444,-0.547475,0,102.714,0,0.4,0,0,0,8,
275138477,0.142463,-0.67756,-0.54495,0,112.2,0,0.4,0,0,0,8,
275138537,0.142463,-0.67756,-0.54495,0,121.686,0,0.4,0,0,0,8,
275138597,0.136856,-0.63356,-0.55005,0,112.006,0,0.4,0,0,0,8,
275138657,0.134963,-0.63356,-0.555,0,102.326,0,0.4,0,0,0,8,
275138717,0.131231,-0.58956,-0.555,0,92.6464,0,0.4,0,0,0,8,
275138777,0.129375,-0.54556,-0.555025,0,73.2864,0,0.4,0,0,0,8,
275138838,0.129375,-0.50156,-0.555025,0,53.9264,0,0.4,0,0,0,8,
275138898,0.129356,-0.50156,-0.5575,0,44.2464,0,0.4,0,0,0,8,
275138958,0.1275,-0.45756,-0.5575,0,34.5664,0,0.4,0,0,0,8,
275139018,0.1275,-0.45756,-0.5575,0,24.8864,0,0.4,0,0,0,8,
275139078,0.127481,-0.41356,-0.5575,0,15.2064,0,0.4,0,0,0,8,
275139138,0.125625,-0.36956,-0.5575,0,2.7632,0,0.4,0,0,0,8,
275139198,0.125625,-0.36956,-0.5575,0,0,0,0.4,0,0,0,8,
275139258,0.125625,-0.36956,-0.5575,0,0,0,0.4,0,0,0,8,
275139318,0.125625,-0.36956,-0.5575,0,0,0,0.4,0,0,0,8,
275139378,0.125625,-0.36956,-0.5575,0,0,0,0.4,0,0,0,8,
275139438,0.125625,-0.36956,-0.5575,0,0,0,0.4,0,0,0,8,
275139499,0.125606,-0.32556,-0.557475,0,0,0,0.4,0,0,0,8,
275139559,0.125606,-0.32556,-0.557475,0,0,0,0.4,0,0,0,8,
275139619,0.12375,-0.28156,-0.555,0,0,0,0.4,0,0,0,8,
275139679,0.12375,-0.23756,-0.555,0,0,0,0.4,0,0,0,8,
275139739,0.123731,-0.23756,-0.554975,0,0,0,0.4,0,0,0,8,
275139799,0.121875,-0.19356,-0.5525,0,0,0,0.4,0,0,0,8,
275139859,0.121894,-0.19356,-0.5525,0,0,0,0.4,0,0,0,8,
275139919,0.12375,-0.19356,-0.557525,0,0,0,0.4,0,0,0,8,
275139979,0.118088,-0.19356,-0.5901,0,0,0,0.4,0,0,0,8,
275140039,0.0843375,-0.19356,-0.715175,0,0,0,0.4,0,0,0,8,
275140079,0.075,-0.19356,-0.8301,0,0,0,0.2,0,0,0,8,
275140139,0.0655875,-0.19356,-0.8976,-3.75166,-0.668205,2.57861,0.4,0,0,0,8,
275140200,0.022425,-0.19356,-0.970125,-18.2498,6.40517,19.6946,0.4,0,0,0,8,
275140260,0.0149063,-0.19356,-0.982675,-7.31409,5.04139,4.36684,0.4,0,0,0,8,
275140320,0.0149063,-0.19356,-0.982675,0,0,0,0.4,0,0,0,8,
275140380,0.0149063,-0.19356,-0.982675,0,0,0,0.4,0,0,0,8,
275140440,0.0300562,-0.19356,-0.9299,0,0,0,0.4,0,0,0,8,
275140500,0.0694312,-0.19356,-0.86745,0,0,0,0.4,0,0,0,8,
275140560,0.108769,-0.19356,-0.83995,0,0,0,0.4,0,0,0,8,
275140620,0.129412,-0.19356,-0.80745,0,0,0,0.4,0,0,0,8,
275140680,0.159412,-0.19356,-0.739925,0,0,0,0.4,0,0,0,8,
275140740,0.195075,-0.19356,-0.652325,0,0,0,0.4,0,0,0,8,
275140800,0.277594,-0.19356,-0.5048,0,0,0,0.4,0,0,0,8,
275140860,0.335681,-0.19356,-0.369875,0,0,0,0.4,0,0,0,8,
275140921,0.346856,-0.19356,-0.30995,0,0,0,0.4,0,0,0,8,
275140981,0.309244,-0.19356,-0.26495,0,0,0,0.4,0,0,0,8,
275141041,0.146062,-0.19356,-0.232475,0,0,0,0.4,0,0,0,8,
275141101,0.0468,-0.19356,-0.209975,0,0,0,0.4,0,0,0,8,
275141161,0.00183752,-0.19356,-0.192475,0,0,0,0.4,0,0,0,8,
275141221,-0.0300188,-0.19356,-0.16745,0,0,0,0.4,0,0,0,8,
275141281,-0.046875,-0.19356,-0.107475,0,0,0,0.4,0,0,0,8,
275141341,-0.0487875,-0.19356,-0.10755,0,0,0,0.4,0,0,0,8,
275141401,-0.107006,-0.19356,-0.14255,0,0,0,0.4,0,0,0,8,
275141461,-0.219525,-0.19356,-0.16,0,0,0,0.4,0,0,0,8,
275141521,-0.292575,-0.19356,-0.157475,0,0,0,0.4,0,0,0,8,
275141582,-0.316894,-0.19356,-0.155,0,0,0,0.4,0,0,0,8,
275141642,-0.352519,-0.19356,-0.1925,0,0,0,0.4,0,0,0,8,
275141702,-0.36945,-0.19356,-0.210075,0,0,0,0.4,0,0,0,8,
275141762,-0.435019,-0.19356,-0.275075,0,0,0,0.4,0,0,0,8,
275141822,-0.459394,-0.19356,-0.32255,0,0,0,0.4,0,0,0,8,
275141882,-0.465,-0.19356,-0.332525,0,0,0,0.4,0,0,0,8,
275141942,-0.478144,-0.19356,-0.34,0,0,0,0.4,0,0,0,8,
275142002,-0.502575,-0.19356,-0.36515,0,0,0,0.4,0,0,0,8,
275142062,-0.543787,-0.19356,-0.457625,0,0,0,0.4,0,0,0,8,
275142122,-0.55875,-0.19356,-0.53505,0,0,0,0.4,0,0,0,8,
275142182,-0.554981,-0.19356,-0.5826,0,0,0,0.4,0,0,0,8,
275142242,-0.55125,-0.19356,-0.657575,0,0,0,0.4,0,0,0,8,
275142303,-0.545606,-0.19356,-0.682525,0,0,0,0.4,0,0,0,8,
275142363,-0.502388,-0.19356,-0.725075,0,0,0,0.4,0,0,0,8,
275142423,-0.416156,-0.19356,-0.770025,0,0,0,0.4,0,0,0,8,
275142483,-0.359944,-0.19356,-0.785025,0,0,0,0.4,0,0,0,8,
275142543,-0.320569,-0.19356,-0.79,0,0,0,0.4,0,0,0,8,
275142603,-0.256819,-0.19356,-0.792525,0,0,0,0.4,0,0,0,8,
275142663,-0.211819,-0.19356,-0.815025,0,0,0,0.4,0,0,0,8,
275142723,-0.146138,-0.19356,-0.769875,0,0,0,0.4,0,0,0,8,
275142783,-0.0918187,-0.19356,-0.679875,0,0,0,0.4,0,0,0,8,
275142843,-0.0562312,-0.19356,-0.60745,0,0,0,0.4,0,0,0,8,
275142903,-0.0487312,-0.19356,-0.58,0,0,0,0.4,0,0,0,8,
275142964,-0.0374625,-0.19356,-0.569975,0,0,0,0.4,0,0,0,8,
275143024,0.0132375,-0.19356,-0.547475,0,0,0,0.4,0,0,0,8,
275143084,0.04875,-0.19356,-0.542475,0,0,0,0.4,0,0,0,8,
275143144,0.0223875,-0.19356,-0.51995,0,0,0,0.4,0,0,0,8,
275143204,-0.0975937,-0.19356,-0.505,0,0,0,0.4,0,0,0,8,
275143264,-0.163181,-0.19356,-0.5025,10.9134,-1.79264,13.9455,0.4,0,0,0,8,
275143324,-0.193144,-0.19356,-0.492475,1.94433,-0.357364,6.1028,0.4,0,0,0,8,
275143384,-0.21,-0.19356,-0.452425,0,0,0,0.4,0,0,0,8,
275143444,-0.204356,-0.19356,-0.41245,0,0,0,0.4,0,0,0,8,
275143504,-0.194981,-0.19356,-0.38,0,0,0,0.4,0,0,0,8,
275143564,-0.194981,-0.19356,-0.38,0,0,0,0.4,0,0,0,8,
275143624,-0.208144,-0.19356,-0.41255,0,0,0,0.4,0,0,0,8,
275143685,-0.226875,-0.19356,-0.44505,5.03959,0.365555,-0.187317,0.4,0,0,0,8,
275143745,-0.226894,-0.19356,-0.45,2.34675,0.0146321,-1.19032,0.4,0,0,0,8,
275143805,-0.22875,-0.19356,-0.450025,0,0,0,0.4,0,0,0,8,
275143865,-0.22875,-0.19356,-0.450025,0,0,0,0.4,0,0,0,8,
275143925,-0.228769,-0.19356,-0.4525,0,0,0,0.4,0,0,0,8,
275143985,-0.245644,-0.19356,-0.452475,0,0,0,0.4,0,0,0,8,
275144045,-0.245644,-0.19356,-0.452475,0,0,0,0.4,0,0,0,8,
275144105,-0.245644,-0.19356,-0.452475,0,0,0,0.4,0,0,0,8,
275144165,-0.236156,-0.19356,-0.45,0,0,0,0.4,0,0,0,8,
275144225,-0.121706,-0.19356,-0.450025,0,0,0,0.4,0,0,0,8,
275144285,-0.02805,-0.19356,-0.4575,0,0,0,0.4,0,0,0,8,
275144345,0.0338062,-0.19356,-0.444925,0,0,0,0.4,0,0,0,8,
275144406,0.050625,-0.19356,-0.394925,0,0,0,0.4,0,0,0,8,
275144466,0.0468375,-0.19356,-0.32995,0,0,0,0.4,0,0,0,8,
275144526,0.0186938,-0.19356,-0.269925,0,0,0,0.4,0,0,0,8,
275144586,-0.0338625,-0.19356,-0.21745,0,0,0,0.4,0,0,0,8,
275144646,-0.123919,-0.19356,-0.1925,0,0,0,0.4,0,0,0,8,
275144706,-0.225075,-0.19356,-0.1925,0,0,0,0.4,0,0,0,8,
275144766,-0.273825,-0.19356,-0.195,0,0,0,0.4,0,0,0,8,
275144826,-0.313144,-0.19356,-0.205025,0,0,0,0.4,0,0,0,8,
275144886,-0.318713,-0.19356,-0.2225,0,0,0,0.4,0,0,0,8,
275144946,-0.2511,-0.19356,-0.230025,0,0,0,0.4,0,0,0,8,
275145006,-0.142425,-0.19356,-0.262575,0,0,0,0.4,0,0,0,8,
275145067,-0.10875,-0.19356,-0.332575,0,0,0,0.4,0,0,0,8,
275145127,-0.10875,-0.19356,-0.332575,0,0,0,0.4,0,0,0,8,
275145187,-0.10875,-0.19356,-0.332575,0,0,0,0.4,0,0,0,8,
275145247,-0.10875,-0.19356,-0.332575,0,0,0,0.4,0,0,0,8,
275145307,-0.10875,-0.19356,-0.332575,0,0,0,0.4,0,0,0,8,
275145367,-0.120056,-0.19356,-0.3149,0,0,0,0.4,0,0,0,8,
275145427,-0.163181,-0.19356,-0.252425,0,0,0,0.4,0,0,0,8,
275145487,-0.195037,-0.19356,-0.2275,0,0,0,0.4,0,0,0,8,
275145547,-0.21,-0.19356,-0.230025,0,0,0,0.4,0,0,0,8,
275145607,-0.211875,-0.19356,-0.25755,0,0,0,0.4,0,0,0,8,
275145667,-0.20625,-0.19356,-0.327575,0,0,0,0.4,0,0,0,8,
275145727,-0.1818,-0.19356,-0.392625,0,0,0,0.4,0,0,0,8,
275145788,-0.131213,-0.19356,-0.45755,0,0,0,0.4,0,0,0,8,
275145848,-0.101213,-0.19356,-0.49755,0,0,0,0.4,0,0,0,8,
275145908,-0.0674625,-0.19356,-0.552575,0,0,0,0.4,0,0,0,8,
275145968,-0.0374438,-0.19356,-0.597575,0,0,0,0.4,0,0,0,8,
275146028,0.00755625,-0.19356,-0.6551,0,0,0,0.4,0,0,0,8,
275146088,0.0488062,-0.19356,-0.7176,0,0,0,0.4,0,0,0,8,
275146148,0.080625,-0.19356,-0.752525,0,0,0,0.4,0,0,0,8,
275146208,0.095625,-0.19356,-0.689875,0,0,0,0.4,0,0,0,8,
275146268,0.0861938,-0.19356,-0.6124,0,0,0,0.4,0,0,0,8,
275146328,0.08055,-0.19356,-0.60235,0,0,0,0.4,0,0,0,8,
275146388,0.069375,-0.19356,-0.6101,0,0,0,0.4,0,0,0,8,
275146449,0.0806438,-0.19356,-0.702575,0,0,0,0.4,0,0,0,8,
275146509,0.101306,-0.19356,-0.750075,0,0,0,0.4,0,0,0,8,
275146569,0.151969,-0.19356,-0.80005,0,0,0,0.4,0,0,0,8,
275146629,0.196894,-0.19356,-0.8225,0,0,0,0.4,0,0,0,8,
275146689,0.206287,-0.19356,-0.8275,0,0,0,0.4,0,0,0,8,
275146749,0.206287,-0.19356,-0.8275,0,0,0,0.4,0,0,0,8,
275146809,0.206287,-0.19356,-0.8275,0,0,0,0.4,0,0,0,8,
275146869,0.191213,-0.19356,-0.80995,-0.0607853,-0.029729,0.628745,0.4,0,0,0,8,
275146929,0.153675,-0.19356,-0.792475,0,0,0,0.4,0,0,0,8,
275146989,0.134925,-0.19356,-0.7875,0,0,0,0.4,0,0,0,8,
275147049,0.123731,-0.19356,-0.7875,-1.04825,-0.191562,4.57831,0.4,0,0,0,8,
275147109,0.112463,-0.19356,-0.79,-1.6342,-0.332611,6.31933,0.4,0,0,0,8,
275147170,0.0956062,-0.19356,-0.79,-0.433485,-0.0776192,1.38022,0.4,0,0,0,8,
275147230,0.0956062,-0.19356,-0.79,0,0,0,0.4,0,0,0,8,
275147290,0.0956062,-0.19356,-0.79,0,0,0,0.4,0,0,0,8,
275147350,0.0956062,-0.19356,-0.79,0,0,0,0.4,0,0,0,8,
275147410,0.0956062,-0.19356,-0.79,0,0,0,0.4,0,0,0,8,
275147470,0.0956062,-0.19356,-0.79,0,0,0,0.4,0,0,0,8,
275147530,0.0956062,-0.19356,-0.79,0,0,0,0.4,0,0,0,8,
275147590,0.0956062,-0.19356,-0.79,0,0,0,0.4,0,0,0,8,
275147650,0.0956062,-0.19356,-0.79,0,0,0,0.4,0,0,0,8,
275147710,0.0956062,-0.19356,-0.79,0,0,0,0.4,0,0,0,8,
275147770,0.0956062,-0.19356,-0.79,0,0,0,0.4,0,0,0,8,
275147831,0.0937312,-0.19356,-0.79,0.403766,-0.0346386,0.997631,0.4,0,0,0,8,
275147891,0.0543,-0.19356,-0.777475,2.0606,-0.236892,4.30065,0.4,0,0,0,8,
275147951,0.0130875,-0.19356,-0.75245,0.581965,-0.134718,2.34112,0.4,0,0,0,8,
275148011,-0.0150188,-0.19356,-0.69995,0,0,0,0.4,0,0,0,8,
275148071,-0.02625,-0.19356,-0.66495,0,0,0,0.4,0,0,0,8,
275148131,-0.03375,-0.19356,-0.624975,0,0,0,0.4,0,0,0,8,
275148191,-0.0337688,-0.19356,-0.622475,0,0,0,0.4,0,0,0,8,
275148251,-0.0375188,-0.19356,-0.62255,0,0,0,0.4,0,0,0,8,
275148311,-0.0712875,-0.19356,-0.67505,0,0,0,0.4,0,0,0,8,
275148371,-0.0937875,-0.19356,-0.6925,0,0,0,0.4,0,0,0,8,
275148431,-0.120056,-0.19356,-0.672425,0,0,0,0.4,0,0,0,8,
275148491,-0.153769,-0.19356,-0.6225,0,0,0,0.4,0,0,0,8,
275148552,-0.155625,-0.19356,-0.622475,0,0,0,0.4,0,0,0,8,
275148612,-0.131213,-0.19356,-0.627525,0,0,0,0.4,0,0,0,8,
275148672,-0.11625,-0.19356,-0.65755,0,0,0,0.4,0,0,0,8,
275148732,-0.11625,-0.19356,-0.675025,0,0,0,0.4,0,0,0,8,
275148792,-0.144394,-0.19356,-0.66245,0,0,0,0.4,0,0,0,8,
275148852,-0.131138,-0.19356,-0.6249,0,0,0,0.4,0,0,0,8,
275148912,-0.0412125,-0.19356,-0.574975,0,0,0,0.4,0,0,0,8,
275148972,-0.0281062,-0.19356,-0.559975,0,0,0,0.4,0,0,0,8,
275149032,-0.0281438,-0.19356,-0.52495,0,0,0,0.4,0,0,0,8,
275149092,-0.05445,-0.19356,-0.482425,0,0,0,0.4,0,0,0,8,
275149152,-0.101287,-0.19356,-0.43745,0,0,0,0.4,0,0,0,8,
275149212,-0.1407,-0.19356,-0.402425,0,0,0,0.4,0,0,0,8,
275149273,-0.187519,-0.19356,-0.354975,0,0,0,0.4,0,0,0,8,
275149333,-0.200644,-0.19356,-0.337475,0,0,0,0.4,0,0,0,8,
275149393,-0.208125,-0.19356,-0.31745,0,0,0,0.4,0,0,0,8,
275149453,-0.198713,-0.19356,-0.284925,0,0,0,0.4,0,0,0,8,
275149513,-0.170588,-0.19356,-0.229925,0,0,0,0.4,0,0,0,8,
275149573,-0.144338,-0.19356,-0.192475,0,0,0,0.4,0,0,0,8,
275149633,-0.103069,-0.19356,-0.175,0,0,0,0.4,0,0,0,8,
275149693,-0.0881062,-0.19356,-0.164975,0,0,0,0.4,0,0,0,8,
275149753,-0.0843938,-0.19356,-0.14245,0,0,0,0.4,0,0,0,8,
275149813,-0.112556,-0.19356,-0.099925,0,0,0,0.4,0,0,0,8,
275149873,-0.165056,-0.19356,-0.057475,0,0,0,0.4,0,0,0,8,
275149934,-0.200681,-0.19356,-0.044975,0,0,0,0.4,0,0,0,8,
275149994,-0.243787,-0.19356,-0.0375,0,0,0,0.4,0,0,0,8,
275150054,-0.271931,-0.19356,-0.0375,0,0,0,0.4,0,0,0,8,
275150114,-0.318788,-0.19356,-0.0525,0,0,0,0.4,0,0,0,8,
275150174,-0.337556,-0.19356,-0.067525,0,0,0,0.4,0,0,0,8,
275150234,-0.360019,-0.19356,-0.0850251,0,0,0,0.4,0,0,0,8,
275150294,-0.365644,-0.19356,-0.0950251,0,0,0,0.4,0,0,0,8,
275150354,-0.376894,-0.19356,-0.12505,0,0,0,0.4,0,0,0,8,
275150414,-0.3825,-0.19356,-0.16005,0,0,0,0.4,0,0,0,8,
275150474,-0.3825,-0.19356,-0.220075,0,0,0,0.4,0,0,0,8,
275150534,-0.382481,-0.19356,-0.265075,0,0,0,0.4,0,0,0,8,
275150594,-0.375,-0.19356,-0.305025,0,0,0,0.4,0,0,0,8,
275150655,-0.376875,-0.19356,-0.317525,0,0,0,0.4,0,0,0,8,
275150715,-0.371231,-0.19356,-0.335025,0,0,0,0.4,0,0,0,8,
275150775,-0.352463,-0.19356,-0.35755,0,0,0,0.4,0,0,0,8,
275150835,-0.328088,-0.19356,-0.39255,0,0,0,0.4,0,0,0,8,
275150895,-0.292425,-0.19356,-0.427575,0,0,0,0.4,0,0,0,8,
275150955,-0.232406,-0.19356,-0.477575,0,0,0,0.4,0,0,0,8,
275151015,-0.176175,-0.19356,-0.51755,-0.855579,-0.0741371,1.71301,0.4,0,0,0,8,
275151075,-0.123675,-0.19356,-0.562575,-2.21013,-0.0884858,5.15691,0.4,0,0,0,8,
275151135,-0.0580313,-0.19356,-0.61005,-5.341,0.0232465,8.67363,0.4,0,0,0,8,
275151195,0.0150937,-0.19356,-0.6601,-14.1302,2.90996,9.32512,0.4,0,0,0,8,
275151255,0.06195,-0.19356,-0.70255,-3.25246,0.442855,-0.373226,0.4,0,0,0,8,
275151316,0.0862688,-0.19356,-0.72,0,0,0,0.4,0,0,0,8,
275151376,0.0862688,-0.19356,-0.72,0,0,0,0.4,0,0,0,8,
275151436,0.0862688,-0.19356,-0.72,0,0,0,0.4,0,0,0,8,
275151496,0.0862688,-0.19356,-0.72,0,0,0,0.4,0,0,0,8,
275151556,0.0768375,-0.19356,-0.69245,0,0,0,0.4,0,0,0,8,
275151616,0.0581062,-0.19356,-0.654975,0,0,0,0.4,0,0,0,8,
275151676,0.0430688,-0.19356,-0.63745,0,0,0,0.4,0,0,0,8,
275151736,0.00181875,-0.19356,-0.6175,0,0,0,0.4,0,0,0,8,
275151796,-0.0131625,-0.19356,-0.6125,0,0,0,0.4,0,0,0,8,
275151856,-0.0131625,-0.19356,-0.6125,0,0,0,0.4,0,0,0,8,
275151916,-0.0131625,-0.19356,-0.6125,0,0,0,0.4,0,0,0,8,
275151976,-0.0131625,-0.19356,-0.6125,0,0,0,0.4,0,0,0,8,
275152037,-0.0131625,-0.19356,-0.6125,0,0,0,0.4,0,0,0,8,
275152097,-0.0131625,-0.19356,-0.6125,0,0,0,0.4,0,0,0,8,
275152157,-0.0131625,-0.19356,-0.6125,0,0,0,0.4,0,0,0,8,
275152217,-0.0131625,-0.19356,-0.6125,0,0,0,0.4,0,0,0,8,
275152277,-0.0131625,-0.19356,-0.6125,0,0,0,0.4,0,0,0,8,
275152337,-0.0131625,-0.19356,-0.6125,0,0,0,0.4,0,0,0,8,
275152397,-0.0131625,-0.19356,-0.6125,0,0,0,0.4,0,0,0,8,
275152457,-0.0131625,-0.19356,-0.6125,0,0,0,0.4,0,0,0,8,
275152517,-0.0131625,-0.19356,-0.6125,0,0,0,0.4,0,0,0,8,
275152577,-0.0168562,-0.19356,-0.6125,0,0,0,0.4,0,0,0,8,
275152637,-0.0168562,-0.19356,-0.6125,0,0,0,0.4,0,0,0,8,
275152698,-0.015,-0.19356,-0.612525,0,0,0,0.4,0,0,0,8,
275152758,-0.015,-0.19356,-0.612525,0,0,0,0.4,0,0,0,8,
275152818,-0.015,-0.19356,-0.612525,0,0,0,0.4,0,0,0,8,
275152878,-0.015,-0.19356,-0.612525,0,0,0,0.4,0,0,0,8,
275152938,-0.015,-0.19356,-0.612525,0,0,0,0.4,0,0,0,8,
275152998,-0.015,-0.19356,-0.612525,0,0,0,0.4,0,0,0,8,
275153058,-0.015,-0.19356,-0.612525,0,0,0,0.4,0,0,0,8,
275153118,-0.015,-0.19356,-0.612525,0,0,0,0.4,0,0,0,8,
275153178,-0.015,-0.19356,-0.612525,0,0,0,0.4,0,0,0,8,
275153238,-0.015,-0.19356,-0.612525,0,0,0,0.4,0,0,0,8,
275153298,-0.015,-0.19356,-0.612525,0,0,0,0.4,0,0,0,8,
275153358,-0.015,-0.19356,-0.612525,0,0,0,0.4,0,0,0,8,
275153419,-0.015,-0.19356,-0.612525,0,0,0,0.4,0,0,0,8,
275153479,-0.015,-0.19356,-0.612525,0,0,0,0.4,0,0,0,8,
275153539,-0.015,-0.19356,-0.612525,0,0,0,0.4,0,0,0,8,
275153599,-0.015,-0.19356,-0.612525,0,0,0,0.4,0,0,0,8,
275153659,-0.015,-0.19356,-0.612525,0,0,0,0.4,0,0,0,8,
275153719,-0.015,-0.19356,-0.612525,0,0,0,0.4,0,0,0,8,
275153779,-0.015,-0.19356,-0.612525,0,0,0,0.4,0,0,0,8,
275153839,-0.015,-0.19356,-0.612525,0,0,0,0.4,0,0,0,8,
275153899,-0.015,-0.19356,-0.612525,0,0,0,0.4,0,0,0,8,
275153959,-0.015,-0.19356,-0.612525,0,0,0,0.4,0,0,0,8,
275154019,-0.015,-0.19356,-0.612525,0,0,0,0.4,0,0,0,8,
275154079,-0.015,-0.19356,-0.612525,0,0,0,0.4,0,0,0,8,
275154140,-0.015,-0.19356,-0.612525,0,0,0,0.4,0,0,0,8,
275154200,-0.015,-0.19356,-0.612525,0,0,0,0.4,0,0,0,8,
275154260,-0.015,-0.19356,-0.612525,2.61506,0.788375,0.662193,0.4,0,0,0,8,
275154320,-0.015,-0.19356,-0.612525,26.3888,6.88643,3.69983,0.4,0,0,0,8,
275154380,-0.015,-0.19356,-0.612525,9.44194,-0.0653133,0.0933062,0.4,0,0,0,8,
275154440,-0.0131062,-0.19356,-0.615,0,0,0,0.4,0,0,0,8,
275154500,0.0207375,-0.19356,-0.597425,0,0,0,0.4,0,0,0,8,
275154560,0.0937875,-0.19356,-0.547475,0,0,0,0.4,0,0,0,8,
275154620,0.105075,-0.19356,-0.542475,0,0,0,0.4,0,0,0,8,
275154680,0.0842437,-0.19356,-0.54,0,0,0,0.4,0,0,0,8,
275154740,0.0599438,-0.19356,-0.542525,0,0,0,0.4,0,0,0,8,
275154801,0.0223687,-0.19356,-0.5475,0,0,0,0.4,0,0,0,8,
275154861,-0.06195,-0.19356,-0.54245,0,0,0,0.4,0,0,0,8,
275154921,-0.110644,-0.19356,-0.525,0,0,0,0.4,0,0,0,8,
275154981,-0.110644,-0.19356,-0.525,0,0,0,0.4,0,0,0,8,
275155041,-0.0241125,-0.19356,-0.509975,0,0,0,0.4,0,0,0,8,
275155101,0.144544,-0.19356,-0.5,0,0,0,0.4,0,0,0,8,
275155161,0.25695,-0.19356,-0.5025,0,0,0,0.4,0,0,0,8,
275155221,0.311269,-0.19356,-0.5025,0,0,0,0.4,0,0,0,8,
275155281,0.324413,-0.19356,-0.5025,0,0,0,0.4,0,0,0,8,
275155341,0.350644,-0.19356,-0.5,0,0,0,0.4,0,0,0,8,
275155401,0.352519,-0.19356,-0.5,0,0,0,0.4,0,0,0,8,
275155461,0.352519,-0.19356,-0.5,0,0,0,0.4,0,0,0,8,
275155522,0.352519,-0.19356,-0.5,0,0,0,0.4,0,0,0,8,
275155582,0.279075,-0.19356,-0.510025,0,0,0,0.4,0,0,0,8,
275155642,0.0617813,-0.19356,-0.514975,0,0,0,0.4,0,0,0,8,
275155702,-0.0038625,-0.19356,-0.5025,0,0,0,0.4,0,0,0,8,
275155762,-0.0356625,-0.19356,-0.4975,0,0,0,0.4,0,0,0,8,
275155822,-0.0356625,-0.19356,-0.4975,0,0,0,0.4,0,0,0,8,
275155882,-0.0356625,-0.19356,-0.4975,0,0,0,0.4,0,0,0,8,
275155942,-0.0356625,-0.19356,-0.4975,0,0,0,0.4,0,0,0,8,
275156002,-0.0394125,-0.19356,-0.4975,0,0,0,0.4,0,0,0,8,
275156062,-0.127688,-0.19356,-0.517525,0,0,0,0.4,0,0,0,8,
275156122,-0.174488,-0.19356,-0.519975,0,0,0,0.4,0,0,0,8,
275156183,-0.174488,-0.19356,-0.519975,0,0,0,0.4,0,0,0,8,
275156243,-0.125531,-0.19356,-0.5025,0,0,0,0.4,0,0,0,8,
275156303,-0.106856,-0.19356,-0.5,0,0,0,0.4,0,0,0,8,
275156363,-0.08055,-0.19356,-0.4975,0,0,0,0.4,0,0,0,8,
275156423,-0.041175,-0.19356,-0.489975,0,0,0,0.4,0,0,0,8,
275156483,0.0845812,-0.19356,-0.44745,0,0,0,0.4,0,0,0,8,
275156543,0.234656,-0.19356,-0.42,0,0,0,0.4,0,0,0,8,
275156603,0.399431,-0.19356,-0.42,0,0,0,0.4,0,0,0,8,
275156663,0.414394,-0.19356,-0.42,0,0,0,0.4,0,0,0,8,
275156723,0.414394,-0.19356,-0.42,0,0,0,0.4,0,0,0,8,
275156783,0.412462,-0.19356,-0.422525,0,0,0,0.4,0,0,0,8,
275156843,0.284737,-0.19356,-0.467575,0,0,0,0.4,0,0,0,8,
275156904,0.12735,-0.19356,-0.522525,0,0,0,0.4,0,0,0,8,
275156964,0.00736874,-0.19356,-0.545025,0,0,0,0.4,0,0,0,8,
275157024,-0.0694125,-0.19356,-0.557525,0,0,0,0.4,0,0,0,8,
275157084,-0.0994312,-0.19356,-0.565025,0,0,0,0.4,0,0,0,8,
275157144,-0.112519,-0.19356,-0.57,0,0,0,0.4,0,0,0,8,
275157204,-0.114319,-0.19356,-0.5725,0,0,0,0.4,0,0,0,8,
275157264,0.0753563,-0.19356,-0.559925,0,0,0,0.4,0,0,0,8,
275157324,0.257025,-0.19356,-0.5375,0,0,0,0.4,0,0,0,8,
275157384,0.384488,-0.19356,-0.529975,0,0,0,0.4,0,0,0,8,
275157444,0.453806,-0.19356,-0.51245,0,0,0,0.4,0,0,0,8,
275157504,0.470644,-0.19356,-0.502475,0,0,0,0.4,0,0,0,8,
275157564,0.457444,-0.19356,-0.489975,0,0,0,0.4,0,0,0,8,
275157625,0.295781,-0.19356,-0.5177,0,0,0,0.4,0,0,0,8,
275157685,0.0635438,-0.19356,-0.5675,0,0,0,0.4,0,0,0,8,
275157745,-0.0318938,-0.19356,-0.562475,0,0,0,0.4,0,0,0,8,
275157805,-0.04125,-0.19356,-0.554975,0,0,0,0.4,0,0,0,8,
275157865,-0.04125,-0.19356,-0.554975,0,0,0,0.4,0,0,0,8,
275157925,0.0114562,-0.19356,-0.5525,0,0,0,0.4,0,0,0,8,
275157985,0.260981,-0.19356,-0.54495,0,0,0,0.4,0,0,0,8,
275158045,0.399413,-0.19356,-0.509975,0,0,0,0.4,0,0,0,8,
275158105,0.403163,-0.19356,-0.5075,0,0,0,0.4,0,0,0,8,
275158165,0.387975,-0.19356,-0.5075,0,0,0,0.4,0,0,0,8,
275158225,0.179737,-0.19356,-0.497475,0,0,0,0.4,0,0,0,8,
275158286,0.061725,-0.19356,-0.474975,0,0,0,0.4,0,0,0,8,
275158346,0.0128062,-0.19356,-0.46745,0,0,0,0.4,0,0,0,8,
275158406,0.0490688,-0.19356,-0.4825,0,0,0,0.4,0,0,0,8,
275158466,0.335888,-0.19356,-0.45745,0,0,0,0.4,0,0,0,8,
275158526,0.425663,-0.19356,-0.4425,-0.596712,-0.0673386,-0.622175,0.4,0,0,0,8,
275158586,0.429337,-0.19356,-0.4425,-13.9476,1.39911,-18.5596,0.4,0,0,0,8,
275158646,0.294075,-0.19356,-0.4876,0,0,0,0.4,0,0,0,8,
275158706,0.140588,-0.19356,-0.5125,0,0,0,0.4,0,0,0,8,
275158766,0.135,-0.19356,-0.512475,0,0,0,0.4,0,0,0,8,
275158826,0.253406,-0.19356,-0.447425,0,0,0,0.4,0,0,0,8,
275158886,0.399487,-0.19356,-0.425025,1.42908,2.89177,-12.5999,0.4,0,0,0,8,
275158946,0.451894,-0.19356,-0.435025,0,0,0,0.4,0,0,0,8,
275159007,0.455606,-0.19356,-0.447525,0,0,0,0.4,0,0,0,8,
275159067,0.451894,-0.19356,-0.485075,0,0,0,0.4,0,0,0,8,
275159127,0.453806,-0.19356,-0.492575,0,0,0,0.4,0,0,0,8,
275159187,0.453806,-0.19356,-0.492575,0,0,0,0.4,0,0,0,8,
275159247,0.453806,-0.19356,-0.492575,0,0,0,0.4,0,0,0,8,
275159307,0.448125,-0.19356,-0.46745,0,0,0,0.4,0,0,0,8,
275159367,0.380438,-0.19356,-0.465025,0,0,0,0.4,0,0,0,8,
275159427,0.237975,-0.19356,-0.48255,0,0,0,0.4,0,0,0,8,
275159487,0.147975,-0.19356,-0.50755,0,0,0,0.4,0,0,0,8,
275159547,0.0712312,-0.19356,-0.542525,0,0,0,0.4,0,0,0,8,
275159607,0.0751125,-0.19356,-0.555075,0,0,0,0.4,0,0,0,8,
275159668,0.294712,-0.19356,-0.6,0,0,0,0.4,0,0,0,8,
275159728,0.4971,-0.19356,-0.6,0,0,0,0.4,0,0,0,8,
275159788,0.573769,-0.19356,-0.59,0,0,0,0.4,0,0,0,8,
275159848,0.562369,-0.19356,-0.587475,0,0,0,0.4,0,0,0,8,
275159908,0.376556,-0.19356,-0.57,0,0,0,0.4,0,0,0,8,
275159968,0.241856,-0.19356,-0.57,0,0,0,0.4,0,0,0,8,
275160028,0.30405,-0.19356,-0.58,0,0,0,0.4,0,0,0,8,
275160088,0.553237,-0.19356,-0.542425,0,0,0,0.4,0,0,0,8,
275160148,0.539775,-0.19356,-0.512425,0,0,0,0.4,0,0,0,8,
275160208,0.224625,-0.19356,-0.45995,0,0,0,0.4,0,0,0,8,
275160268,0.138525,-0.19356,-0.442425,0,0,0,0.4,0,0,0,8,
275160328,0.13335,-0.19356,-0.4375,0,0,0,0.4,0,0,0,8,
275160389,0.377156,-0.19356,-0.435,0,0,0,0.4,0,0,0,8,
275160449,0.448144,-0.19356,-0.435,0,0,0,0.4,0,0,0,8,
275160509,0.355781,-0.19356,-0.4525,0,0,0,0.4,0,0,0,8,
275160569,0.0674438,-0.19356,-0.444975,0,0,0,0.4,0,0,0,8,
275160629,0.0995812,-0.19356,-0.437475,0,0,0,0.4,0,0,0,8,
275160689,0.386625,-0.19356,-0.4275,0,0,0,0.4,0,0,0,8,
275160749,0.562538,-0.19356,-0.4375,0,0,0,0.4,0,0,0,8,
275160809,0.511612,-0.19356,-0.4676,0,0,0,0.4,0,0,0,8,
275160869,0.299737,-0.19356,-0.48745,0,0,0,0.4,0,0,0,8,
275160929,0.176231,-0.19356,-0.4675,0,0,0,0.4,0,0,0,8,
275160989,0.178181,-0.19356,-0.467475,0,0,0,0.4,0,0,0,8,
275161050,0.287062,-0.19356,-0.427425,0,0,0,0.4,0,0,0,8,
275161110,0.407025,-0.19356,-0.4,0,0,0,0.4,0,0,0,8,
275161170,0.466875,-0.19356,-0.410075,0,0,0,0.4,0,0,0,8,
275161230,0.434944,-0.19356,-0.492625,0,0,0,0.4,0,0,0,8,
275161290,0.418106,-0.19356,-0.527525,0,0,0,0.4,0,0,0,8,
275161350,0.418106,-0.19356,-0.527525,0,0,0,0.4,0,0,0,8,
275161410,0.418106,-0.19356,-0.527525,0,0,0,0.4,0,0,0,8,
275161470,0.367256,-0.19356,-0.49245,0,0,0,0.4,0,0,0,8,
275161530,0.0821625,-0.19356,-0.39985,0,0,0,0.4,0,0,0,8,
275161590,-0.0675188,-0.19356,-0.339975,0,0,0,0.4,0,0,0,8,
275161650,-0.0655875,-0.19356,-0.3375,0,0,0,0.4,0,0,0,8,
275161710,0.0415125,-0.19356,-0.3375,0,0,0,0.4,0,0,0,8,
275161771,0.270319,-0.19356,-0.335,0,0,0,0.4,0,0,0,8,
275161831,0.491475,-0.19356,-0.3325,0,0,0,0.4,0,0,0,8,
275161891,0.613294,-0.19356,-0.3325,0,0,0,0.4,0,0,0,8,
275161951,0.69945,-0.19356,-0.3325,-9.15475,0,0,0.4,0,0,0,8,
275162011,0.748125,-0.19356,-0.342525,-48.2721,0,0,0.4,0,0,0,8,
275162071,0.748125,-0.19356,-0.35255,-64.735,0,0,0.4,0,0,0,8,
275162131,0.682313,-0.19356,-0.4226,-64.7144,0,0,0.4,0,0,0,8,
275162191,0.462713,-0.19356,-0.470075,-26.6901,0,0,0.4,0,0,0,8,
275162251,0.213563,-0.19356,-0.512575,0,0,0,0.4,0,0,0,8,
275162311,0.172481,-0.19356,-0.5225,0,0,0,0.4,0,0,0,8,
275162371,0.148013,-0.19356,-0.527525,0,0,0,0.4,0,0,0,8,
275162431,0.131175,-0.19356,-0.529975,0,0,0,0.4,0,0,0,8,
275162492,0.0128812,-0.19356,-0.462375,0,0,0,0.4,0,0,0,8,
275162552,-0.10125,-0.19356,-0.417475,0,0,0,0.4,0,0,0,8,
275162612,-0.101194,-0.19356,-0.4149,0,0,0,0.4,0,0,0,8,
275162672,-0.101194,-0.19356,-0.4149,0,0,0,0.4,0,0,0,8,
275162732,-0.101194,-0.19356,-0.4149,0,0,0,0.4,0,0,0,8,
275162792,-0.0692813,-0.19356,-0.415025,0,0,0,0.4,0,0,0,8,
275162852,0.017025,-0.19356,-0.432525,0,0,0,0.4,0,0,0,8,
275162912,0.097575,-0.19356,-0.447525,0,0,0,0.4,0,0,0,8,
275162972,0.125644,-0.19356,-0.452525,0,0,0,0.4,0,0,0,8,
275163032,0.127481,-0.19356,-0.455,0,0,0,0.4,0,0,0,8,
275163092,0.125606,-0.19356,-0.455,0,0,0,0.4,0,0,0,8,
275163153,0.0862312,-0.19356,-0.4625,0,0,0,0.4,0,0,0,8,
275163213,0.0862312,-0.19356,-0.4625,0,0,0,0.4,0,0,0,8,
275163273,0.0900375,-0.19356,-0.46,0,0,0,0.4,0,0,0,8,
275163333,0.127613,-0.19356,-0.43745,0,0,0,0.4,0,0,0,8,
275163393,0.2796,-0.19356,-0.387425,0,0,0,0.4,0,0,0,8,
275163453,0.444619,-0.19356,-0.3675,0,0,0,0.4,0,0,0,8,
275163513,0.543806,-0.19356,-0.3675,0,0,0,0.4,0,0,0,8,
275163573,0.577519,-0.19356,-0.3725,0,0,0,0.4,0,0,0,8,
275163633,0.600038,-0.19356,-0.3725,0,0,0,0.4,0,0,0,8,
275163693,0.64695,-0.19356,-0.372525,-0.629747,0,0,0.4,0,0,0,8,
275163753,0.667575,-0.19356,-0.377525,-21.8804,0,0,0.4,0,0,0,8,
275163813,0.667425,-0.19356,-0.37495,-29.293,0,0,0.4,0,0,0,8,
275163874,0.503906,-0.19356,-0.35,-27.4904,0,0,0.4,0,0,0,8,
275163934,0.354263,-0.19356,-0.355025,0,0,0,0.4,0,0,0,8,
275163994,0.174094,-0.19356,-0.39,0,0,0,0.4,0,0,0,8,
275164054,0.0730688,-0.19356,-0.3825,0,0,0,0.4,0,0,0,8,
275164114,-0.00952497,-0.19356,-0.3775,0,0,0,0.4,0,0,0,8,
275164174,-0.0825937,-0.19356,-0.367475,0,0,0,0.4,0,0,0,8,
275164234,-0.1764,-0.19356,-0.347475,0,0,0,0.4,0,0,0,8,
275164294,-0.230644,-0.19356,-0.337475,0,0,0,0.4,0,0,0,8,
275164354,-0.230644,-0.19356,-0.337475,0,0,0,0.4,0,0,0,8,
275164414,-0.202294,-0.19356,-0.35005,0,0,0,0.4,0,0,0,8,
275164474,0.054675,-0.19356,-0.39,0,0,0,0.4,0,0,0,8,
275164535,0.262744,-0.19356,-0.389975,0,0,0,0.4,0,0,0,8,
275164595,0.328144,-0.19356,-0.375,0,0,0,0.4,0,0,0,8,
275164655,0.33,-0.19356,-0.374975,0,0,0,0.4,0,0,0,8,
275164715,0.309263,-0.19356,-0.367475,0,0,0,0.4,0,0,0,8,
275164775,0.2418,-0.19356,-0.365,0,0,0,0.4,0,0,0,8,
275164835,0.164812,-0.19356,-0.372525,0,0,0,0.4,0,0,0,8,
275164895,0.01305,-0.19356,-0.389975,0,0,0,0.4,0,0,0,8,
275164955,0.00558752,-0.19356,-0.387475,0,0,0,0.4,0,0,0,8,
275165015,0.0076125,-0.19356,-0.372425,0,0,0,0.4,0,0,0,8,
275165075,0.101306,-0.19356,-0.33,0,0,0,0.4,0,0,0,8,
275165135,0.155719,-0.19356,-0.3225,0,0,0,0.4,0,0,0,8,
275165195,0.185681,-0.19356,-0.32505,0,0,0,0.4,0,0,0,8,
275165256,0.226913,-0.19356,-0.4052,0,0,0,0.4,0,0,0,8,
275165316,0.249375,-0.19356,-0.597775,0,0,0,0.4,0,0,0,8,
275165376,0.238125,-0.19356,-0.777675,0,0,0,0.4,0,0,0,8,
275165436,0.249413,-0.19356,-0.8901,0,0,0,0.4,0,0,0,8,
275165496,0.260644,-0.19356,-0.97005,0,0,0,0.4,0,0,0,8,
275165556,0.264375,-0.19356,-0.992525,0,0,0,0.4,0,0,0,8,
275165616,0.268125,-0.19356,-1.01253,0,0,0,0.4,0,0,0,8,
275165676,0.271875,-0.19356,-1.04253,0,0,0,0.4,0,0,0,8,
275165736,0.271875,-0.19356,-1.04253,0,0,0,0.4,0,0,0,8,
275165796,0.271875,-0.19356,-1.03998,0,0,0,0.4,0,0,0,8,
275165856,0.2775,-0.19356,-1.00498,0,0,0,0.4,0,0,0,8,
275165917,0.271819,-0.19356,-0.95985,0,0,0,0.4,0,0,0,8,
275165977,0.136706,-0.19356,-0.7772,0,0,0,0.4,0,0,0,8,
275166037,0.105019,-0.19356,-0.654975,0,0,0,0.4,0,0,0,8,
275166097,0.118181,-0.19356,-0.65,0,0,0,0.4,0,0,0,8,
275166157,0.138769,-0.19356,-0.652525,0,0,0,0.4,0,0,0,8,
275166217,0.148144,-0.19356,-0.662525,0,0,0,0.4,0,0,0,8,
275166277,0.146213,-0.19356,-0.67505,0,0,0,0.4,0,0,0,8,
275166337,0.052275,-0.19356,-0.68245,0,0,0,0.4,0,0,0,8,
275166397,-0.127725,-0.19356,-0.64995,0,0,0,0.4,0,0,0,8,
275166457,-0.25695,-0.19356,-0.6175,0,0,0,0.4,0,0,0,8,
275166517,-0.328219,-0.19356,-0.6125,0,0,0,0.4,0,0,0,8,
275166577,-0.354375,-0.19356,-0.612525,0,0,0,0.4,0,0,0,8,
275166638,-0.356269,-0.19356,-0.615,0,0,0,0.4,0,0,0,8,
275166698,-0.365644,-0.19356,-0.6175,0,0,0,0.4,0,0,0,8,
275166758,-0.386306,-0.19356,-0.62,0,0,0,0.4,0,0,0,8,
275166818,-0.418144,-0.19356,-0.62,0,0,0,0.4,0,0,0,8,
275166878,-0.418144,-0.19356,-0.62,0,0,0,0.4,0,0,0,8,
275166938,-0.404812,-0.19356,-0.62,0,0,0,0.4,0,0,0,8,
275166998,-0.202144,-0.19356,-0.592475,0,0,0,0.4,0,0,0,8,
275167058,0.0320812,-0.19356,-0.58245,0,0,0,0.4,0,0,0,8,
275167118,0.112519,-0.19356,-0.567475,0,0,0,0.4,0,0,0,8,
275167178,0.112519,-0.19356,-0.567475,0,0,0,0.4,0,0,0,8,
275167238,0.112519,-0.19356,-0.567475,0,0,0,0.4,0,0,0,8,
275167298,0.112519,-0.19356,-0.567475,0,0,0,0.4,0,0,0,8,
275167359,0.112519,-0.19356,-0.567475,0,0,0,0.4,0,0,0,8,
275167419,0.112519,-0.19356,-0.567475,0,0,0,0.4,0,0,0,8,
275167479,0.112519,-0.19356,-0.567475,0,0,0,0.4,0,0,0,8,
275167539,0.112519,-0.19356,-0.567475,0,0,0,0.4,0,0,0,8,
275167599,0.112519,-0.19356,-0.567475,0,0,0,0.4,0,0,0,8,
275167659,0.112519,-0.19356,-0.567475,0,0,0,0.4,0,0,0,8,
275167719,0.112519,-0.19356,-0.567475,0,0,0,0.4,0,0,0,8,
275167779,0.112519,-0.19356,-0.567475,0,0,0,0.4,0,0,0,8,
275167839,0.112519,-0.19356,-0.567475,0,0,0,0.4,0,0,0,8,
275167899,0.112519,-0.19356,-0.567475,0,0,0,0.4,0,0,0,8,
275167959,0.112519,-0.19356,-0.567475,0,0,0,0.4,0,0,0,8,
275168020,0.112519,-0.19356,-0.567475,0,0,0,0.4,0,0,0,8,
275168080,0.112519,-0.19356,-0.567475,0,0,0,0.4,0,0,0,8,
275168140,0.112519,-0.19356,-0.567475,0,0,0,0.4,0,0,0,8,
275168200,0.112519,-0.19356,-0.567475,0,0,0,0.4,0,0,0,8,
275168260,0.112519,-0.19356,-0.567475,0,0,0,0.4,0,0,0,8,
275168320,0.112519,-0.19356,-0.567475,0,0,0,0.4,0,0,0,8,
275168380,0.112519,-0.19356,-0.567475,0,0,0,0.4,0,0,0,8,
275168440,0.112519,-0.19356,-0.567475,0,0,0,0.4,0,0,0,8,
275168500,0.112519,-0.19356,-0.567475,0,0,0,0.4,0,0,0,8,
275168560,0.112519,-0.19356,-0.567475,0,0,0,0.4,0,0,0,8,
275168620,0.112519,-0.19356,-0.567475,0,0,0,0.4,0,0,0,8,
275168680,0.112519,-0.19356,-0.567475,0,0,0,0.4,0,0,0,8,
275168741,0.112519,-0.19356,-0.567475,0,0,0,0.4,0,0,0,8,
275168801,0.112519,-0.19356,-0.567475,0,0,0,0.4,0,0,0,8,
275168861,0.112519,-0.19356,-0.567475,0,0,0,0.4,0,0,0,8,
275168921,0.112519,-0.19356,-0.567475,0,0,0,0.4,0,0,0,8,
275168981,0.112519,-0.19356,-0.567475,0,0,0,0.4,0,0,0,8,
275169041,0.112519,-0.19356,-0.567475,0,0,0,0.4,0,0,0,8,
275169101,0.112519,-0.19356,-0.567475,0,0,0,0.4,0,0,0,8,
275169161,0.112519,-0.19356,-0.567475,0,0,0,0.4,0,0,0,8,
275169221,0.112519,-0.19356,-0.567475,0,0,0,0.4,0,0,0,8,
275169281,0.112519,-0.19356,-0.567475,0,0,0,0.4,0,0,0,8,
275169341,0.112519,-0.19356,-0.567475,0,0,0,0.4,0,0,0,8,
275169402,0.112519,-0.19356,-0.567475,0,0,0,0.4,0,0,0,8,
275169462,0.112519,-0.19356,-0.567475,0,0,0,0.4,0,0,0,8,
275169522,0.112519,-0.19356,-0.567475,0,0,0,0.4,0,0,0,8,
275169582,0.112519,-0.19356,-0.567475,0,0,0,0.4,0,0,0,8,
275169642,0.112519,-0.19356,-0.567475,0,0,0,0.4,0,0,0,8,
275169702,0.112519,-0.19356,-0.567475,0,0,0,0.4,0,0,0,8,
275169762,0.112519,-0.19356,-0.567475,0,0,0,0.4,0,0,0,8,
275169822,0.112519,-0.19356,-0.567475,0,0,0,0.4,0,0,0,8,
275169882,0.112519,-0.19356,-0.567475,0,0,0,0.4,0,0,0,8,
275169942,0.112519,-0.19356,-0.567475,0,0,0,0.4,0,0,0,8,
275170002,0.112519,-0.19356,-0.567475,0,0,0,0.4,0,0,0,8,
275170062,0.112519,-0.19356,-0.567475,0,0,0,0.4,0,0,0,8,
275170123,0.112519,-0.19356,-0.567475,0,0,0,0.4,0,0,0,8,
275170183,0.112519,-0.19356,-0.567475,0,0,0,0.4,0,0,0,8,
275170243,0.112519,-0.19356,-0.567475,0,0,0,0.4,0,0,0,8,
275170303,0.112519,-0.19356,-0.567475,0,0,0,0.4,0,0,0,8,
275170363,0.112519,-0.19356,-0.567475,0,0,0,0.4,0,0,0,8,
275170423,0.112519,-0.19356,-0.567475,0,0,0,0.4,0,0,0,8,
275170483,0.112519,-0.19356,-0.567475,0,0,0,0.4,0,0,0,8,
275170543,0.112519,-0.19356,-0.567475,0,0,0,0.4,0,0,0,8,
275170603,0.112519,-0.19356,-0.567475,0,0,0,0.4,0,0,0,8,
275170663,0.112519,-0.19356,-0.567475,0,0,0,0.4,0,0,0,8,
275170723,0.112519,-0.19356,-0.567475,0,0,0,0.4,0,0,0,8,
275170784,0.112519,-0.19356,-0.567475,0,0,0,0.4,0,0,0,8,
275170844,0.112519,-0.19356,-0.567475,0,0,0,0.4,0,0,0,8,
275170904,0.112519,-0.19356,-0.567475,0,0,0,0.4,0,0,0,8,
275170964,0.112519,-0.19356,-0.567475,0,0,0,0.4,0,0,0,8,
275171024,0.112519,-0.19356,-0.567475,0,0,0,0.4,0,0,0,8,
275171084,0.112519,-0.19356,-0.567475,0,0,0,0.4,0,0,0,8,
275171144,0.112519,-0.19356,-0.567475,0,0,0,0.4,0,0,0,8,
275171204,0.112519,-0.19356,-0.567475,0,0,0,0.4,0,0,0,8,
275171264,0.112519,-0.19356,-0.567475,0,0,0,0.4,0,0,0,8,
275171324,0.112519,-0.19356,-0.567475,0,0,0,0.4,0,0,0,8,
275171384,0.112519,-0.19356,-0.567475,0,0,0,0.4,0,0,0,8,
275171444,0.112519,-0.19356,-0.567475,0,0,0,0.4,0,0,0,8,
275171505,0.112519,-0.19356,-0.567475,0,0,0,0.4,0,0,0,8,
275171565,0.112519,-0.19356,-0.567475,0,0,0,0.4,0,0,0,8,
275171625,0.112519,-0.19356,-0.567475,0,0,0,0.4,0,0,0,8,
275171685,0.112519,-0.19356,-0.567475,0,0,0,0.4,0,0,0,8,
275171745,0.112519,-0.19356,-0.567475,0,0,0,0.4,0,0,0,8,
275171805,0.112481,-0.19356,-0.565,0,0,0,0.4,0,0,0,8,
275171865,0.078675,-0.19356,-0.5625,0,0,0,0.4,0,0,0,8,
275171925,0.00736874,-0.19356,-0.549975,0,0,0,0.4,0,0,0,8,
275171985,-0.120188,-0.19356,-0.527475,0,0,0,0.4,0,0,0,8,
275172045,-0.211912,-0.19356,-0.5175,0,0,0,0.4,0,0,0,8,
275172105,-0.215644,-0.19356,-0.517475,0,0,0,0.4,0,0,0,8,
275172165,-0.213656,-0.19356,-0.51505,0,0,0,0.4,0,0,0,8,
275172226,-0.04845,-0.19356,-0.54755,0,0,0,0.4,0,0,0,8,
275172286,0.174656,-0.19356,-0.5675,0,0,0,0.4,0,0,0,8,
275172346,0.285019,-0.19356,-0.57,0,0,0,0.4,0,0,0,8,
275172406,0.285019,-0.19356,-0.57,0,0,0,0.4,0,0,0,8,
275172466,0.2304,-0.19356,-0.549925,0,0,0,0.4,0,0,0,8,
275172526,0.0634688,-0.19356,-0.50745,0,0,0,0.4,0,0,0,8,
275172586,-0.142631,-0.19356,-0.492475,0,0,0,0.4,0,0,0,8,
275172646,-0.191269,-0.19356,-0.479975,0,0,0,0.4,0,0,0,8,
275172706,-0.196894,-0.19356,-0.477475,0,0,0,0.4,0,0,0,8,
275172766,-0.196894,-0.19356,-0.477475,0,0,0,0.4,0,0,0,8,
275172826,-0.196894,-0.19356,-0.477475,0,0,0,0.4,0,0,0,8,
275172887,-0.17055,-0.19356,-0.469975,0,0,0,0.4,0,0,0,8,
275172947,-0.140569,-0.19356,-0.4625,0,0,0,0.4,0,0,0,8,
275173007,-0.0898875,-0.19356,-0.52275,0,0,0,0.4,0,0,0,8,
275173067,-0.0525,-0.19356,-0.825375,0,0,0,0.4,0,0,0,8,
275173127,-0.0337125,-0.19356,-1.0152,0,0,0,0.4,0,0,0,8,
275173187,-0.016875,-0.19356,-1.12508,0,0,0,0.4,0,0,0,8,
275173247,-0.00560623,-0.19356,-1.17505,0,0,0,0.4,0,0,0,8,
275173307,0.0113062,-0.19356,-1.20755,0,0,0,0.4,0,0,0,8,
275173367,0.0487688,-0.19356,-1.26005,0,0,0,0.4,0,0,0,8,
275173427,0.0506625,-0.19356,-1.26505,0,0,0,0.4,0,0,0,8,
275173487,0.0506625,-0.19356,-1.26505,0,0,0,0.4,0,0,0,8,
275173547,0.090075,-0.19356,-1.24748,0,0,0,0.4,0,0,0,8,
275173608,0.150056,-0.19356,-1.19992,0,0,0,0.4,0,0,0,8,
275173668,0.191269,-0.19356,-1.14745,0,0,0,0.4,0,0,0,8,
275173728,0.204394,-0.19356,-1.0924,0,0,0,0.4,0,0,0,8,
275173788,0.193069,-0.19356,-1.02743,0,0,0,0.4,0,0,0,8,
275173848,0.13485,-0.19356,-0.97495,0,0,0,0.4,0,0,0,8,
275173908,-0.0415875,-0.19356,-0.92995,0,0,0,0.4,0,0,0,8,
275173968,-0.257006,-0.19356,-0.8524,0,0,0,0.4,0,0,0,8,
275174028,-0.298125,-0.19356,-0.79995,0,0,0,0.4,0,0,0,8,
275174088,-0.286763,-0.19356,-0.75235,0,0,0,0.4,0,0,0,8,
275174148,-0.153506,-0.19356,-0.667425,0,0,0,0.4,0,0,0,8,
275174208,0.0300937,-0.19356,-0.61245,0,0,0,0.4,0,0,0,8,
275174269,0.0806625,-0.19356,-0.574975,0,0,0,0.4,0,0,0,8,
275174329,0.106912,-0.19356,-0.539975,0,0,0,0.4,0,0,0,8,
275174389,0.125662,-0.19356,-0.522475,0,0,0,0.4,0,0,0,8,
275174449,0.151912,-0.19356,-0.509975,0,0,0,0.4,0,0,0,8,
275174509,0.21015,-0.19356,-0.48495,0,0,0,0.4,0,0,0,8,
275174569,0.328238,-0.19356,-0.43995,0,0,0,0.4,0,0,0,8,
275174629,0.401306,-0.19356,-0.412475,0,0,0,0.4,0,0,0,8,
275174689,0.4407,-0.19356,-0.405,0,0,0,0.4,0,0,0,8,
275174749,0.511987,-0.19356,-0.405,0,0,0,0.4,0,0,0,8,
275174809,0.541894,-0.19356,-0.4075,0,0,0,0.4,0,0,0,8,
275174869,0.541894,-0.19356,-0.4075,0,0,0,0.4,0,0,0,8,
275174929,0.541894,-0.19356,-0.4075,0,0,0,0.4,0,0,0,8,
275174990,0.56445,-0.19356,-0.41,0,0,0,0.4,0,0,0,8,
275175050,0.641344,-0.19356,-0.399975,0,0,0,0.4,0,0,0,8,
275175110,0.690056,-0.19356,-0.3975,-19.822,0,0,0.4,0,0,0,8,
275175170,0.716269,-0.19356,-0.4,-40.4305,0,0,0.4,0,0,0,8,
275175230,0.718144,-0.19356,-0.4,-51.1308,0,0,0.4,0,0,0,8,
275175290,0.718144,-0.19356,-0.4,-51.5433,0,0,0.4,0,0,0,8,
275175350,0.718144,-0.19356,-0.4,-51.5433,0,0,0.4,0,0,0,8,
275175410,0.718144,-0.19356,-0.4,-51.5433,0,0,0.4,0,0,0,8,
275175470,0.718144,-0.19356,-0.4,-51.5433,0,0,0.4,0,0,0,8,
275175530,0.708712,-0.19356,-0.405025,-51.5433,0,0,0.4,0,0,0,8,
275175590,0.691856,-0.19356,-0.4125,-46.5603,0,0,0.4,0,0,0,8,
275175651,0.686231,-0.19356,-0.4125,-39.9768,0,0,0.4,0,0,0,8,
275175711,0.686231,-0.19356,-0.4125,-37.5018,0,0,0.4,0,0,0,8,
275175771,0.678731,-0.19356,-0.4125,-37.0893,0,0,0.4,0,0,0,8,
275175831,0.641119,-0.19356,-0.42005,-33.7769,0,0,0.4,0,0,0,8,
275175891,0.459112,-0.19356,-0.48255,-17.6522,0,0,0.4,0,0,0,8,
275175951,0.335569,-0.19356,-0.505025,0,0,0,0.4,0,0,0,8,
275176011,0.303731,-0.19356,-0.5125,0,0,0,0.4,0,0,0,8,
275176071,0.303731,-0.19356,-0.5125,0,0,0,0.4,0,0,0,8,
275176131,0.303731,-0.19356,-0.5125,0,0,0,0.4,0,0,0,8,
275176191,0.303731,-0.19356,-0.5125,0,0,0,0.4,0,0,0,8,
275176251,0.303731,-0.19356,-0.5125,0,0,0,0.4,0,0,0,8,
275176311,0.303731,-0.19356,-0.5125,0,0,0,0.4,0,0,0,8,
275176372,0.303731,-0.15044,-0.5125,0,0,0,0.4,0,0,0,8,
275176432,0.301875,-0.19444,-0.5125,0,0,0,0.4,0,0,0,8,
275176492,0.301875,-0.19444,-0.5125,0,0,0,0.4,0,0,0,8,
275176552,0.301875,-0.23844,-0.5125,0,0,0,0.4,0,0,0,8,
275176612,0.301875,-0.28244,-0.5125,0,0,0,0.4,0,0,0,8,
275176672,0.301875,-0.28244,-0.5125,0,0,0,0.4,0,0,0,8,
275176732,0.301875,-0.32644,-0.512475,0,0,0,0.4,0,0,0,8,
275176792,0.301875,-0.32644,-0.512475,0,0,0,0.4,0,0,0,8,
275176852,0.301875,-0.37044,-0.51,0,0,0,0.4,0,0,0,8,
275176912,0.301875,-0.37044,-0.51,0,0,0,0.4,0,0,0,8,
275176972,0.301875,-0.41444,-0.51,0,2.9568,0,0.4,0,0,0,8,
275177032,0.301875,-0.45844,-0.51,0,5.91361,0,0.4,0,0,0,8,
275177093,0.301875,-0.45844,-0.51,0,25.2736,0,0.4,0,0,0,8,
275177153,0.301875,-0.50244,-0.509975,0,25.2736,0,0.4,0,0,0,8,
275177213,0.301875,-0.54644,-0.5075,0,44.6336,0,0.4,0,0,0,8,
275177273,0.301875,-0.54644,-0.5075,0,63.9936,0,0.4,0,0,0,8,
275177333,0.301875,-0.59044,-0.5075,0,63.9936,0,0.4,0,0,0,8,
275177393,0.301875,-0.59044,-0.5075,0,83.3536,0,0.4,0,0,0,8,
275177453,0.301875,-0.63444,-0.5075,0,93.0336,0,0.4,0,0,0,8,
275177513,0.301875,-0.63444,-0.5075,0,102.714,0,0.4,0,0,0,8,
275177573,0.301875,-0.63444,-0.5075,0,102.714,0,0.4,0,0,0,8,
275177633,0.301875,-0.63444,-0.5075,0,102.714,0,0.4,0,0,0,8,
275177693,0.301875,-0.63444,-0.5075,0,102.714,0,0.4,0,0,0,8,
275177754,0.301875,-0.63444,-0.5075,0,102.714,0,0.4,0,0,0,8,
275177814,0.301875,-0.63444,-0.5075,0,102.714,0,0.4,0,0,0,8,
275177874,0.301875,-0.67756,-0.5075,0,102.714,0,0.4,0,0,0,8,
275177934,0.301875,-0.67756,-0.5075,0,121.686,0,0.4,0,0,0,8,
275177994,0.301875,-0.63356,-0.5075,0,121.686,0,0.4,0,0,0,8,
275178054,0.301875,-0.63356,-0.5075,0,102.326,0,0.4,0,0,0,8,
275178114,0.301875,-0.58956,-0.5075,0,102.326,0,0.4,0,0,0,8,
275178174,0.301875,-0.54556,-0.5075,0,82.9664,0,0.4,0,0,0,8,
275178234,0.301875,-0.54556,-0.5075,0,63.6064,0,0.4,0,0,0,8,
275178294,0.301875,-0.50156,-0.5075,0,63.6064,0,0.4,0,0,0,8,
275178354,0.301875,-0.50156,-0.5075,0,44.2464,0,0.4,0,0,0,8,
275178414,0.301875,-0.45756,-0.5075,0,34.5664,0,0.4,0,0,0,8,
275178475,0.301875,-0.41356,-0.5075,0,24.8864,0,0.4,0,0,0,8,
275178535,0.301875,-0.41356,-0.5075,0,5.52641,0,0.4,0,0,0,8,
275178595,0.301875,-0.36956,-0.5075,0,5.52641,0,0.4,0,0,0,8,
275178655,0.301875,-0.36956,-0.5075,0,0,0,0.4,0,0,0,8,
275178715,0.301875,-0.36956,-0.5075,0,0,0,0.4,0,0,0,8,
275178775,0.301875,-0.36956,-0.5075,0,0,0,0.4,0,0,0,8,
275178835,0.301875,-0.32556,-0.5075,0,0,0,0.4,0,0,0,8,
275178895,0.301875,-0.32556,-0.5075,0,0,0,0.4,0,0,0,8,
275178955,0.301894,-0.28156,-0.5075,0,0,0,0.4,0,0,0,8,
275179015,0.301894,-0.23756,-0.5075,0,0,0,0.4,0,0,0,8,
275179075,0.30375,-0.19356,-0.5075,0,0,0,0.4,0,0,0,8,
275179136,0.30375,-0.19356,-0.507525,0,0,0,0.4,0,0,0,8,
275179196,0.30375,-0.14956,-0.507525,0,0,0,0.4,0,0,0,8,
275179256,0.30375,-0.14956,-0.507525,0,0,0,0.4,0,0,0,8,
275179316,0.30375,-0.14956,-0.507525,0,0,0,0.4,0,0,0,8,
275179376,0.30375,-0.14956,-0.507525,0,0,0,0.4,0,0,0,8,
275179436,0.30375,-0.14956,-0.507525,0,0,0,0.4,0,0,0,8,
275179496,0.30375,-0.14956,-0.507525,0,0,0,0.4,0,0,0,8,
275179556,0.30375,-0.14956,-0.507525,0,0,0,0.4,0,0,0,8,
275179616,0.30375,-0.14956,-0.507525,0,0,0,0.4,0,0,0,8,
275179676,0.30375,-0.14956,-0.507525,0,0,0,0.4,0,0,0,8,
275179736,0.30375,-0.14956,-0.507525,0,0,0,0.4,0,0,0,8,
275179796,0.30375,-0.14956,-0.507525,0,0,0,0.4,0,0,0,8,
275179857,0.30375,-0.14956,-0.507525,0,0,0,0.4,0,0,0,8,
275179917,0.30375,-0.14956,-0.507525,0,0,0,0.4,0,0,0,8,
275179977,0.30375,-0.14956,-0.507525,0,0,0,0.4,0,0,0,8,
275180037,0.30375,-0.10556,-0.51,0,0,0,0.4,0,0,0,8,
275180097,0.30375,-0.10556,-0.51,0,0,0,0.4,0,0,0,8,
275180157,0.30375,-0.10556,-0.51,0,0,0,0.4,0,0,0,8,
275180217,0.30375,-0.06156,-0.51,0,0,0,0.4,0,0,0,8,
275180277,0.30375,-0.01756,-0.51,0,0,0,0.4,0,0,0,8,
275180337,0.30375,0.02644,-0.509975,0,0,0,0.4,0,0,0,8,
275180397,0.30375,0.02644,-0.509975,0,0,0,0.4,0,0,0,8,
275180457,0.30375,0.07044,-0.5075,0,0,0,0.4,0,0,0,8,
275180518,0.30375,0.11444,-0.5075,0,0,0,0.4,0,0,0,8,
275180578,0.30375,0.15844,-0.5075,0,0,0,0.4,0,0,0,8,
275180638,0.30375,0.15844,-0.5075,0,0,0,0.4,0,0,0,8,
275180698,0.30375,0.20244,-0.5075,0,0,0,0.4,0,0,0,8,
275180758,0.30375,0.24644,-0.5075,0,0,0,0.4,0,0,0,8,
275180818,0.30375,0.24644,-0.5075,0,0,0,0.4,0,0,0,8,
275180878,0.30375,0.29,-0.5075,0,0,0,0.4,0,0,0,8,
275180938,0.30375,0.29,-0.5075,0,0,0,0.4,0,0,0,8,
275180998,0.30375,0.29,-0.5075,0,0,0,0.4,0,0,0,8,
275181058,0.30375,0.29,-0.5075,0,0,0,0.4,0,0,0,8,
275181118,0.30375,0.29,-0.5075,0,0,0,0.4,0,0,0,8,
275181178,0.303769,0.29,-0.5075,0,0,0,0.4,0,0,0,8,
275181239,0.303769,0.29,-0.5075,0,0,0,0.4,0,0,0,8,
275181299,0.303769,0.29,-0.5075,0,0,0,0.4,0,0,0,8,
275181359,0.303769,0.29,-0.5075,0,0,0,0.4,0,0,0,8,
275181419,0.305625,0.29,-0.5075,0,0,0,0.4,0,0,0,8,
275181479,0.2868,0.29,-0.50745,0,0,0,0.4,0,0,0,8,
275181539,0.0804375,0.29,-0.452425,0,0,0,0.4,0,0,0,8,
275181599,0.00369375,0.29,-0.414975,0,0,0,0.4,0,0,0,8,
275181659,-0.00195002,0.29,-0.41245,0,0,0,0.4,0,0,0,8,
275181719,-0.00195002,0.29,-0.41245,0,0,0,0.4,0,0,0,8,
275181779,-0.00560623,0.29,-0.417525,0,0,0,0.4,0,0,0,8,
275181839,-0.00560623,0.29,-0.417525,0,0,0,0.4,0,0,0,8,
275181899,-0.00560623,0.29,-0.417525,0,0,0,0.4,0,0,0,8,
275181960,-0.00560623,0.29,-0.417525,0,0,0,0.4,0,0,0,8,
275182020,-0.00560623,0.29,-0.417525,0,0,0,0.4,0,0,0,8,
275182080,-0.00560623,0.29,-0.417525,0,0,0,0.4,0,0,0,8,
275182140,-0.00375,0.29,-0.42,0,0,0,0.4,0,0,0,8,
275182200,-0.00375,0.29,-0.42,0,0,0,0.4,0,0,0,8,
275182260,-0.00375,0.29,-0.42,0,0,0,0.4,0,0,0,8,
275182320,-0.00375,0.29,-0.42,0,0,0,0.4,0,0,0,8,
275182380,-0.00375,0.29,-0.42,0,0,0,0.4,0,0,0,8,
275182440,-0.00375,0.29,-0.42,0,0,0,0.4,0,0,0,8,
275182500,-0.00375,0.29,-0.42,0,0,0,0.4,0,0,0,8,
275182560,-0.00375,0.29,-0.42,0,0,0,0.4,0,0,0,8,
275182621,-0.00375,0.29,-0.42,0,0,0,0.4,0,0,0,8,
275182681,-0.00185623,0.29,-0.42,0,0,0,0.4,0,0,0,8,
275182741,-0.00185623,0.28956,-0.42,0,0,0,0.4,0,0,0,8,
275182801,-0.00185623,0.28956,-0.42,0,0,0,0.4,0,0,0,8,
275182861,-0.00185623,0.28956,-0.42,0,0,0,0.4,0,0,0,8,
275182921,1.87683e-005,0.28956,-0.4175,0,0,0,0.4,0,0,0,8,
275182981,1.87683e-005,0.28956,-0.4175,0,0,0,0.4,0,0,0,8,
275183041,1.87683e-005,0.28956,-0.4175,0,0,0,0.4,0,0,0,8,
275183101,1.87683e-005,0.28956,-0.4175,0,0,0,0.4,0,0,0,8,
275183161,1.87683e-005,0.28956,-0.4175,0,0,0,0.4,0,0,0,8,
275183221,1.87683e-005,0.28956,-0.4175,0,0,0,0.4,0,0,0,8,
275183281,1.87683e-005,0.28956,-0.4175,0,0,0,0.4,0,0,0,8,
275183342,1.87683e-005,0.28956,-0.4175,0,0,0,0.4,0,0,0,8,
275183402,1.87683e-005,0.28956,-0.4175,0,0,0,0.4,0,0,0,8,
275183462,1.87683e-005,0.28956,-0.4175,0,0,0,0.4,0,0,0,8,
275183522,1.87683e-005,0.28956,-0.4175,0,0,0,0.4,0,0,0,8,
275183582,1.87683e-005,0.28956,-0.4175,0,0,0,0.4,0,0,0,8,
275183642,1.87683e-005,0.28956,-0.4175,0,0,0,0.4,0,0,0,8,
275183702,0.001875,0.24556,-0.4175,0,0,0,0.4,0,0,0,8,
275183762,0.001875,0.24556,-0.4175,0,0,0,0.4,0,0,0,8,
275183822,0.001875,0.20156,-0.4175,0,0,0,0.4,0,0,0,8,
275183882,0.0113625,0.15756,-0.414925,0,0,0,0.4,0,0,0,8,
275183942,0.182119,0.15756,-0.269825,0,0,0,0.4,0,0,0,8,
275184003,0.245625,0.15756,-0.21245,0,0,0,0.4,0,0,0,8,
275184063,0.238087,0.15756,-0.189925,0,0,0,0.4,0,0,0,8,
275184123,0.225,0.15756,-0.139925,0,0,0,0.4,0,0,0,8,
275184183,0.230644,0.15756,-0.084975,0,0,0,0.4,0,0,0,8,
275184243,0.234375,0.15756,-0.0850251,0,0,0,0.4,0,0,0,8,
275184303,0.236269,0.15756,-0.105025,0,0,0,0.4,0,0,0,8,
275184363,0.26445,0.15756,-0.109975,0,0,0,0.4,0,0,0,8,
275184423,0.303788,0.11356,-0.092475,0,0,0,0.4,0,0,0,8,
275184483,0.343163,0.06956,-0.09,0,0,0,0.4,0,0,0,8,
275184543,0.371269,0.06956,-0.0875,0,0,0,0.4,0,0,0,8,
275184603,0.395663,0.06956,-0.072475,0,0,0,0.4,0,0,0,8,
275184663,0.410663,0.02556,-0.0575,0,0,0,0.4,0,0,0,8,
275184724,0.423769,0.02556,-0.055025,0,0,0,0.4,0,0,0,8,
275184784,0.431288,-0.01844,-0.06,0,0,0,0.4,0,0,0,8,
275184844,0.450019,-0.06244,-0.04245,0,0,0,0.4,0,0,0,8,
275184904,0.453769,-0.06244,-0.035,0,0,0,0.4,0,0,0,8,
275184964,0.455625,-0.10644,-0.035,0.368303,0.67553,-0.200549,0.4,0,0,0,8,
275185044,0.455625,-0.10644,-0.03495,8.65349,10.996,-6.15896,0.6,0,0,0,8,
275185084,0.455644,-0.15044,-0.027475,2.15972,1.50711,-2.13814,0.2,0,0,0,8,
275185144,0.4575,-0.19444,-0.025,0,0,0,0.4,0,0,0,8,
275185204,0.4575,-0.19444,-0.024975,0,0,0,0.4,0,0,0,8,
275185264,0.459375,-0.23844,-0.0149249,0,0,0,0.4,0,0,0,8,
275185324,0.44805,-0.28244,-0.0175501,0,0,0,0.4,0,0,0,8,
275185385,0.365531,-0.28244,-0.037475,0,0,0,0.4,0,0,0,8,
275185445,0.294319,-0.28244,-0.027475,0,0,0,0.4,0,0,0,8,
275185505,0.217369,-0.28244,-0.00744998,0,0,0,0.4,0,0,0,8,
275185565,0.166819,-0.28244,0.02005,0,0,0,0.4,0,0,0,8,
275185625,0.138731,-0.28244,0.06005,0,0,0,0.4,0,0,0,8,
275185685,0.127481,-0.28244,0.10005,0,0,0,0.4,0,0,0,8,
275185745,0.12375,-0.28244,0.127525,0,0,0,0.4,0,0,0,8,
275185805,0.12375,-0.32556,0.145025,-0.199715,0.274244,-0.611205,0.4,0,0,0,8,
275185865,0.12375,-0.32556,0.147525,-0.341537,0.404689,-1.35032,0.4,0,0,0,8,
275185925,0.12375,-0.32556,0.147525,0,0,0,0.4,0,0,0,8,
275185985,0.123769,-0.28156,0.15,0,0,0,0.4,0,0,0,8,
275186096,0.123769,-0.28156,0.15,0,0,0,0.6,0,0,0,8,
275186216,0.123769,-0.28156,0.15,0,0,0,0.8,0,0,0,8,
275186256,0.123769,-0.28156,0.15,0.0986685,0.573068,-0.911171,0.4,0,0,0,8,
275186296,0.123769,-0.28156,0.15,0.477467,0.680733,-5.12398,0.2,0,0,0,8,
275186356,0.123769,-0.28156,0.15,1.71954,3.60943,-9.36034,0.4,0,0,0,8,
275186416,0.123769,-0.28156,0.15,0.57708,1.19288,-2.09656,0.4,0,0,0,8,
275186516,0.123769,-0.28156,0.15,0,0,0,0.6,0,0,0,8,
275186556,0.123769,-0.28156,0.15,0,0,0,0.4,0,0,0,8,
275186616,0.123769,-0.28156,0.15,0,0,0,0.4,0,0,0,8,
275186656,0.123769,-0.28156,0.15,0,0,0,0.2,0,0,0,8,
275186716,0.123769,-0.28156,0.15,0,0,0,0.4,0,0,0,8,
275186777,0.123769,-0.28156,0.15,0,0,0,0.4,0,0,0,8,
275186837,0.123769,-0.28156,0.15,0,0,0,0.4,0,0,0,8,
275186897,0.123769,-0.28156,0.15,0,0,0,0.4,0,0,0,8,
275186957,0.123769,-0.28156,0.15,0,0,0,0.4,0,0,0,8,
275187017,0.123769,-0.28156,0.15,0,0,0,0.4,0,0,0,8,
275187077,0.123769,-0.28156,0.15,0,0,0,0.4,0,0,0,8,
275187137,0.123769,-0.28156,0.15,0,0,0,0.4,0,0,0,8,
275187197,0.123769,-0.28156,0.15,0,0,0,0.4,0,0,0,8,
275187257,0.123769,-0.28156,0.15,0,0,0,0.4,0,0,0,8,
275187317,0.123769,-0.28156,0.15,0,0,0,0.4,0,0,0,8,
275187377,0.123769,-0.28156,0.15,0,0,0,0.4,0,0,0,8,
275187437,0.123769,-0.28156,0.15,0,0,0,0.4,0,0,0,8,
275188068,0.123769,-0.28156,0.15,0,0,0,1.6,0,0,0,8,
275188128,0.123769,-0.28156,0.15,0,0,0,0.4,0,0,0,8,
275188169,0.123769,-0.28156,0.15,0,0,0,0.2,0,0,0,8,
275188229,0.123769,-0.28156,0.15,0,0,0,0.4,0,0,0,8,
275188289,0.123769,-0.28156,0.15,0,0,0,0.4,0,0,0,8,
275188349,0.123769,-0.28156,0.15,0,0,0,0.4,0,0,0,8,
275188409,0.123769,-0.28156,0.15,0,0,0,0.4,0,0,0,8,
275188469,0.123769,-0.28156,0.15,0,0,0,0.4,0,0,0,8,
275188529,0.123769,-0.28156,0.15,0,0,0,0.4,0,0,0,8,
275188589,0.123769,-0.28156,0.15,0,0,0,0.4,0,0,0,8,
275188649,0.123769,-0.28156,0.15,0,0,0,0.4,0,0,0,8,
275188709,0.123769,-0.28156,0.15,0,0,0,0.4,0,0,0,8,
275188769,0.123769,-0.28156,0.15,0,0,0,0.4,0,0,0,8,
275188829,0.123769,-0.28156,0.15,0,0,0,0.4,0,0,0,8,
275188890,0.123769,-0.28156,0.15,0,0,0,0.4,0,0,0,8,
275188950,0.123769,-0.28156,0.15,0,0,0,0.4,0,0,0,8,
275189010,0.123769,-0.28156,0.15,0,0,0,0.4,0,0,0,8,
275189070,0.123769,-0.28156,0.15,0,0,0,0.4,0,0,0,8,
275189130,0.123769,-0.28156,0.15,0,0,0,0.4,0,0,0,8,
275189190,0.123769,-0.28156,0.15,0,0,0,0.4,0,0,0,8,
275189250,0.123769,-0.28156,0.15,0,0,0,0.4,0,0,0,8,
275189310,0.123769,-0.28156,0.15,0,0,0,0.4,0,0,0,8,
275189400,0.123769,-0.28156,0.15,0,0,0,0.6,0,0,0,8,
275189470,0.123769,-0.28156,0.15,0,0,0,0.4,0,0,0,8,
275189500,0.123769,-0.28156,0.15,0,0,0,0.2,0,0,0,8,
275189561,0.123769,-0.28156,0.15,0,0,0,0.4,0,0,0,8,
275189621,-0.132956,-0.28156,0.1119,0,0,0,0.4,0,0,0,8,
275189681,-0.00742498,-0.28156,-0.172575,0,0,0,0.4,0,0,0,8,
275189741,0.0112312,-0.28156,-0.187475,0,0,0,0.4,0,0,0,8,
275189831,0.0112312,-0.28156,-0.187475,0,0,0,0.6,0,0,0,8,
275189881,0.0112312,-0.28156,-0.187475,0,0,0,0.2,0,0,0,8,
275189941,0.00931875,-0.28156,-0.18505,0,0,0,0.4,0,0,0,8,
275189981,0.00375,-0.28156,-0.190075,0,0,0,0.4,0,0,0,8,
275190041,0.00375,-0.28156,-0.217575,0,0,0,0.4,0,0,0,8,
275190101,-3.74794e-005,-0.28156,-0.340325,0,0,0,0.4,0,0,0,8,
275190161,-0.0976125,-0.28156,-0.637675,0,0,0,0.4,0,0,0,8,
275190221,-0.127481,-0.28156,-0.730175,23.695,18.9022,-20.607,0.4,0,0,0,8,
275190282,-0.0936937,-0.28156,-0.815075,0.442997,1.2186,-1.7099,0.4,0,0,0,8,
275190342,-0.05625,-0.28156,-0.875125,0,0,0,0.4,0,0,0,8,
275190402,-0.0600188,-0.28156,-0.932575,0,0,0,0.4,0,0,0,8,
275190462,-0.0637688,-0.28156,-0.97505,0,0,0,0.4,0,0,0,8,
275190522,-0.0675188,-0.28156,-0.97745,0,0,0,0.4,0,0,0,8,
275190582,-0.112631,-0.28156,-0.8322,0,0,0,0.4,0,0,0,8,
275190642,-0.260813,-0.28156,-0.62225,0,0,0,0.4,0,0,0,8,
275190702,-0.382613,-0.28156,-0.49235,0,0,0,0.4,0,0,0,8,
275190762,-0.4707,-0.28156,-0.379875,2.0569,2.99296,-3.35869,0.4,0,0,0,8,
275190822,-0.521288,-0.28156,-0.31995,21.477,17.2943,-19.6989,0.4,0,0,0,8,
275190882,-0.551306,-0.28156,-0.3,16.9108,16.407,-16.7918,0.4,0,0,0,8,
275190942,-0.613256,-0.28156,-0.3326,0.315795,1.07764,-1.41477,0.4,0,0,0,8,
275191003,-0.66375,-0.28156,-0.4852,12.3929,0,0,0.4,0,0,0,8,
275191063,-0.661875,-0.28156,-0.54255,27.6059,0,0,0.4,0,0,0,8,
275191123,-0.6468,-0.28156,-0.68035,26.785,0,0,0.4,0,0,0,8,
275191183,-0.586762,-0.28156,-0.9329,18.4896,0,0,0.4,0,0,0,8,
275191243,-0.509944,-0.28156,-1.1876,0,0,0,0.4,0,0,0,8,
275191303,-0.46305,-0.28156,-1.25505,-1.83455,12.7154,17.2923,0.4,0,0,0,8,
275191363,-0.42,-0.28156,-1.31253,6.49659,10.4713,18.9078,0.4,0,0,0,8,
275191423,-0.423788,-0.28156,-1.33263,1.27995,1.93013,1.54696,0.4,0,0,0,8,
275191483,-0.423788,-0.28156,-1.33263,0,0,0,0.4,0,0,0,8,
275191543,-0.423788,-0.28156,-1.33263,0,0,0,0.4,0,0,0,8,
275191603,-0.423788,-0.28156,-1.33263,0,0,0,0.4,0,0,0,8,
275191664,-0.423788,-0.28156,-1.33263,0,0,0,0.4,0,0,0,8,
275191724,-0.560644,-0.28156,-1.28733,0,0,0,0.4,0,0,0,8,
275191784,-0.570019,-0.28156,-1.13978,0,0,0,0.4,0,0,0,8,
275191844,-0.592519,-0.28156,-0.984875,0,0,0,0.4,0,0,0,8,
275191904,-0.611269,-0.28156,-0.914925,0,0,0,0.4,0,0,0,8,
275191964,-0.613163,-0.28156,-0.907425,4.93489,0,0,0.4,0,0,0,8,
275192024,-0.624394,-0.28156,-0.900025,5.35152,0,0,0.4,0,0,0,8,
275192084,-0.626269,-0.28156,-0.902525,10.7058,0,0,0.4,0,0,0,8,
275192144,-0.626269,-0.28156,-0.902525,11.1183,0,0,0.4,0,0,0,8,
275192204,-0.626269,-0.28156,-0.902525,11.1183,0,0,0.4,0,0,0,8,
275192264,-0.613106,-0.28156,-0.895,11.1183,0,0,0.4,0,0,0,8,
275192324,-0.611231,-0.28156,-0.89505,5.32676,0,0,0.4,0,0,0,8,
275192385,-0.60375,-0.28156,-0.95505,4.08926,0,0,0.4,0,0,0,8,
275192445,-0.598106,-0.28156,-0.97755,0.797509,0,0,0.4,0,0,0,8,
275192505,-0.421538,-0.28156,-1.06023,0,0,0,0.4,0,0,0,8,
275192565,-0.335306,-0.28156,-1.12532,0.473171,-0.610457,2.45632,0.4,0,0,0,8,
275192625,-0.328219,-0.28156,-1.17755,6.92728,-2.69022,19.0734,0.4,0,0,0,8,
275192685,-0.420225,-0.28156,-1.21255,-1.09161,5.14116,20.9923,0.4,0,0,0,8,
275192745,-0.573862,-0.28156,-1.21997,0,0,0,0.4,0,0,0,8,
275192805,-0.585094,-0.28156,-1.21748,0,0,0,0.4,0,0,0,8,
275192865,-0.449644,-0.28156,-1.1599,0,0,0,0.4,0,0,0,8,
275192925,-0.170231,-0.28156,-1.09987,0,0,0,0.4,0,0,0,8,
275192985,0.0413625,-0.28156,-1.0174,0,0,0,0.4,0,0,0,8,
275193046,0.103237,-0.28156,-0.934875,0,0,0,0.4,0,0,0,8,
275193106,0.163144,-0.28156,-0.7647,0,0,0,0.4,0,0,0,8,
275193166,0.114225,-0.28156,-0.494575,0,0,0,0.4,0,0,0,8,
275193226,0.0149063,-0.28156,-0.2698,0,0,0,0.4,0,0,0,8,
275193286,-0.0601313,-0.28156,-0.1849,-15.7948,23.2496,-18.2245,0.4,0,0,0,8,
275193346,-0.125681,-0.28156,-0.0949,0,0,0,0.4,0,0,0,8,
275193406,-0.140606,-0.28156,-0.00985003,0,0,0,0.4,0,0,0,8,
275193466,-0.0448125,-0.28156,0.1001,0,0,0,0.4,0,0,0,8,
275193526,0.140962,-0.28156,0.13495,0,0,0,0.4,0,0,0,8,
275193586,0.352575,-0.28156,0.0874249,0,0,0,0.4,0,0,0,8,
275193646,0.391931,-0.28156,0.027375,-5.91654,6.10525,0.826181,0.4,0,0,0,8,
275193706,0.472538,-0.28156,-0.085075,3.69033,21.4609,2.60832,0.4,0,0,0,8,
275193767,0.48,-0.28156,-0.12255,0,0,0,0.4,0,0,0,8,
275193827,0.478125,-0.28156,-0.140025,0,0,0,0.4,0,0,0,8,
275193887,0.470531,-0.28156,-0.155025,0,0,0,0.4,0,0,0,8,
275193947,0.222769,-0.28156,-0.12985,0,0,0,0.4,0,0,0,8,
275194007,0.03915,-0.28156,-0.0424001,0,0,0,0.4,0,0,0,8,
275194067,-0.108844,-0.28156,0.0501249,0,0,0,0.4,0,0,0,8,
275194127,-0.131513,-0.28156,0.0830749,0,0,0,0.4,0,0,0,8,
275194187,-0.131513,-0.28156,0.0830749,-4.77494,4.58479,-10.6963,0.4,0,0,0,8,
275194247,-0.131513,-0.28156,0.0830749,-18.7069,9.35362,-27.8678,0.4,0,0,0,8,
275194307,-0.131513,-0.28156,0.0830749,-6.03608,4.19291,-5.98243,0.4,0,0,0,8,
275194367,-0.0901875,-0.28156,0.082175,0,0,0,0.4,0,0,0,8,
275194428,-0.1932,-0.28156,-0.00247496,-5.71969,3.66816,-5.0348,0.4,0,0,0,8,
275194488,-0.279544,-0.28156,0.0375751,0,0,0,0.4,0,0,0,8,
275194548,-0.294206,-0.28156,0.08005,0,0,0,0.4,0,0,0,8,
275194608,-0.0671063,-0.28156,0.0975751,0,0,0,0.4,0,0,0,8,
275194668,0.195225,-0.28156,0.127525,-27.6041,18.1458,1.39402,0.4,0,0,0,8,
275194728,0.217875,-0.28156,0.130125,7.22633,6.40009,14.3816,0.4,0,0,0,8,
275194788,0.39195,-0.28156,0.1249,0,0,0,0.4,0,0,0,8,
275194848,0.444394,-0.28156,0.0449001,0,0,0,0.4,0,0,0,8,
275194908,0.408581,-0.28156,-0.1103,0,0,0,0.4,0,0,0,8,
275194968,0.314981,-0.28156,-0.2276,0,0,0,0.4,0,0,0,8,
275195028,0.30555,-0.28156,-0.3502,0.767884,-1.56512,-0.597288,0.4,0,0,0,8,
275195088,0.219244,-0.28156,-0.435025,0,0,0,0.4,0,0,0,8,
275195149,0.0878625,-0.28156,-0.4149,0.486569,-0.85982,-2.07422,0.4,0,0,0,8,
275195209,-0.0807563,-0.28156,-0.3199,-1.56086,0.638293,-1.7918,0.4,0,0,0,8,
275195269,-0.133162,-0.28156,-0.2348,0,0,0,0.4,0,0,0,8,
275195329,-0.0540938,-0.28156,-0.1325,0,0,0,0.4,0,0,0,8,
275195389,0.169031,-0.28156,-0.182675,0,0,0,0.4,0,0,0,8,
275195449,0.286894,-0.28156,-0.3776,0,0,0,0.4,0,0,0,8,
275195509,0.300038,-0.28156,-0.44255,-1.95541,6.60042,-6.69582,0.4,0,0,0,8,
275195569,0.341306,-0.28156,-0.497575,0,0,0,0.4,0,0,0,8,
275195629,0.371269,-0.28156,-0.552575,0,0,0,0.4,0,0,0,8,
275195689,0.348694,-0.28156,-0.59,0,0,0,0.4,0,0,0,8,
275195749,0.243469,-0.28156,-0.58245,0,0,0,0.4,0,0,0,8,
275195809,0.0692625,-0.28156,-0.6478,0,0,0,0.4,0,0,0,8,
275195870,0.04695,-0.28156,-0.820275,0,0,0,0.4,0,0,0,8,
275195930,0.08625,-0.28156,-0.9801,-12.8411,10.7096,8.35284,0.4,0,0,0,8,
275195990,0.0937688,-0.28156,-1.0301,-28.1185,14.7792,-1.13056,0.4,0,0,0,8,
275196050,0.0861938,-0.28156,-1.11765,-1.17302,1.0087,-0.32906,0.4,0,0,0,8,
275196110,0.0185625,-0.28156,-1.18757,0,0,0,0.4,0,0,0,8,
275196170,-0.182138,-0.28156,-1.22245,0,0,0,0.4,0,0,0,8,
275196230,-0.369619,-0.28156,-1.17995,0,0,0,0.4,0,0,0,8,
275196290,-0.429375,-0.28156,-1.16747,8.29485,3.03632,-0.50488,0.4,0,0,0,8,
275196350,-0.412444,-0.28156,-1.12995,25.7202,-1.2365,-1.92379,0.4,0,0,0,8,
275196410,-0.395569,-0.28156,-1.1124,2.64459,1.27528,-0.316407,0.4,0,0,0,8,
275196470,-0.388106,-0.28156,-1.1,11.1302,4.84912,-4.16854,0.4,0,0,0,8,
275196531,-0.380531,-0.28156,-1.0975,14.1458,7.83583,-10.4378,0.4,0,0,0,8,
275196591,-0.369375,-0.28156,-1.08742,0.492276,0.401883,-0.634076,0.4,0,0,0,8,
275196651,-0.373125,-0.28156,-1.02747,0,0,0,0.4,0,0,0,8,
275196711,-0.375,-0.28156,-1.01495,0.458217,0.486251,-0.755356,0.4,0,0,0,8,
275196771,-0.378788,-0.28156,-0.9449,15.7579,13.8792,-18.3859,0.4,0,0,0,8,
275196831,-0.408806,-0.28156,-0.822175,27.1627,12.463,3.66269,0.4,0,0,0,8,
275196891,-0.427462,-0.28156,-0.5497,0,0,0,0.4,0,0,0,8,
275196951,-0.363694,-0.28156,-0.357375,0,0,0,0.4,0,0,0,8,
275197011,-0.329962,-0.28156,-0.299975,0,0,0,0.4,0,0,0,8,
275197071,-0.32625,-0.28156,-0.307575,0,0,0,0.4,0,0,0,8,
275197131,-0.313125,-0.28156,-0.5206,0,0,0,0.4,0,0,0,8,
275197191,-0.339375,-0.28156,-0.91295,0,0,0,0.4,0,0,0,8,
275197252,-0.303638,-0.28156,-1.1201,0,0,0,0.4,0,0,0,8,
275197312,-0.1779,-0.28156,-1.18003,0,0,0,0.4,0,0,0,8,
275197372,0.037725,-0.28156,-1.16995,-5.54156,4.64139,-6.50134,0.4,0,0,0,8,
275197432,0.135037,-0.28156,-1.12745,2.90099,3.42706,-11.3078,0.4,0,0,0,8,
275197492,0.204525,-0.28156,-1.05238,0,0,0,0.4,0,0,0,8,
275197552,0.288788,-0.28156,-0.9499,0,0,0,0.4,0,0,0,8,
275197612,0.251044,-0.28156,-0.81985,0,0,0,0.4,0,0,0,8,
275197672,0.00530622,-0.28156,-0.694925,15.9463,11.3017,17.9865,0.4,0,0,0,8,
275197732,-0.131325,-0.28156,-0.632425,0,0,0,0.4,0,0,0,8,
275197792,-0.138769,-0.28156,-0.624925,0,0,0,0.4,0,0,0,8,
275197852,-0.138731,-0.28156,-0.6175,0,0,0,0.4,0,0,0,8,
275197913,-0.0860813,-0.28156,-0.677775,0,0,0,0.4,0,0,0,8,
275197973,-0.0414,-0.28156,-0.917925,0,0,0,0.4,0,0,0,8,
275198033,-0.268519,-0.28156,-1.20265,0,0,0,0.4,0,0,0,8,
275198093,-0.476325,-0.28156,-1.23487,0,0,0,0.4,0,0,0,8,
275198153,-0.489319,-0.28156,-1.0948,0,0,0,0.4,0,0,0,8,
275198213,-0.489319,-0.28156,-1.0948,0,0,0,0.4,0,0,0,8,
275198273,-0.481875,-0.28156,-1.07503,0,0,0,0.4,0,0,0,8,
275198333,-0.587138,-0.28156,-1.14777,0,0,0,0.4,0,0,0,8,
275198393,-0.673425,-0.28156,-1.2328,15.9335,0,0,0.4,0,0,0,8,
275198453,-0.673425,-0.28156,-1.2328,31.867,0,0,0.4,0,0,0,8,
275198513,-0.673425,-0.28156,-1.2328,31.867,0,0,0.4,0,0,0,8,
275198573,-0.673425,-0.28156,-1.2328,31.867,0,0,0.4,0,0,0,8,
275198634,-0.673425,-0.28156,-1.2328,31.867,0,0,0.4,0,0,0,8,
275198694,-0.673425,-0.28156,-1.2328,31.867,0,0,0.4,0,0,0,8,
275198754,-0.673425,-0.28156,-1.2328,31.867,0,0,0.4,0,0,0,8,
275198814,-0.673425,-0.28156,-1.2328,31.867,0,0,0.4,0,0,0,8,
275198874,-0.673425,-0.28156,-1.2328,31.867,0,0,0.4,0,0,0,8,
275198934,-0.673425,-0.28156,-1.2328,31.867,0,0,0.4,0,0,0,8,
275198994,-0.673425,-0.28156,-1.2328,31.867,0,0,0.4,0,0,0,8,
275199054,-0.673425,-0.28156,-1.2328,31.867,0,0,0.4,0,0,0,8,
