milisec,RacketX,RacketY,RacketZ,forceX,forceX,forceX,ForceRatio,FriendPoint,EnemyPoint,haptics,scene
1295316,0,0,0,0,0,0,14,0,0,0,0,
1295355,-6.45031e-010,-0.15,-0.6,0,0,0,2,0,0,0,0,
1295357,-6.45031e-010,-0.15,-0.6,0,0,0,0.2,0,0,0,0,
1295474,-6.45031e-010,-0.15,-0.6,0,0,0,5.8,0,0,0,0,
1295477,-6.45031e-010,-0.15,-0.6,0,0,0,0.2,0,0,0,0,
1295516,-6.45031e-010,-0.15,-0.6,0,0,0,2,0,0,0,0,
1295556,-6.45031e-010,-0.15,-0.6,0,0,0,2,0,0,0,0,
1295596,-6.45031e-010,-0.15,-0.6,0,0,0,2,0,0,0,0,
1295636,-6.45031e-010,-0.15,-0.6,0,0,0,2,0,0,0,0,
1295694,-6.45031e-010,-0.15,-0.6,0,0,0,2.8,0,0,0,0,
1295715,-6.45031e-010,-0.15,-0.6,0,0,0,1.2,0,0,0,0,
1295760,-6.45031e-010,-0.15,-0.6,0,0,0,2.2,0,0,0,0,
1295795,-6.45031e-010,-0.15,-0.6,0,0,0,1.8,0,0,0,0,
1295836,-6.45031e-010,-0.15,-0.6,0,0,0,2,0,0,0,0,
1295876,-0.000189685,-0.14981,-0.600032,0,0,0,2,0,0,0,0,
1295916,0.000460343,-0.138491,-0.59738,0,0,0,2,0,0,0,0,
1295956,0.00199074,-0.0656866,-0.59254,0,0,0,2,0,0,0,0,
1295995,0.00142161,0.0325897,-0.598101,0,0,0,2,0,0,0,0,
1296035,0.0238024,0.141123,-0.608463,0,0,0,2,0,0,0,0,
1296075,0.0531655,0.203031,-0.601999,0,0,0,2,0,0,0,0,
1296115,0.0622057,0.247731,-0.608851,0,0,0,2,0,0,0,0,
1296157,0.101122,0.290135,-0.596381,0,0,0,2,0,0,0,0,
1296196,0.131168,0.363786,-0.582053,0,0,0,2,0,0,0,0,
1296236,0.172209,0.421042,-0.566728,0,0,0,2,0,0,0,0,
1296276,0.208873,0.468593,-0.543916,0,0,0,2,0,0,0,0,
1296315,0.242062,0.495648,-0.519725,0,0,0,2,0,0,0,0,
1296355,0.272718,0.508993,-0.493049,0,0,0,2,0,0,0,0,
1296395,0.293599,0.502855,-0.472138,0,0,0,2,0,0,0,0,
1296435,0.311869,0.483105,-0.455345,0,0,0,2,0,0,0,0,
1296476,0.323094,0.45158,-0.447107,0,0,0,2,0,0,0,0,
1296516,0.330222,0.410794,-0.444375,0,0,0,2,0,0,0,0,
1296556,0.334998,0.368738,-0.444916,0,0,0,2,0,0,0,0,
1296596,0.337526,0.329581,-0.446041,0,0,0,2,0,0,0,0,
1296635,0.333506,0.289805,-0.454683,0,0,0,2,0,0,0,0,
1296675,0.328836,0.258163,-0.460573,0,0,0,2,0,0,0,0,
1296715,0.321983,0.234377,-0.467023,0,0,0,2,0,0,0,0,
1296755,0.312523,0.214167,-0.474684,0,0,0,2,0,0,0,0,
1296796,0.308095,0.206408,-0.473501,0,0,0,2,0,0,0,0,
1296836,0.306353,0.206201,-0.472064,0,0,0,2,0,0,0,0,
1296876,0.305292,0.209659,-0.470925,0,0,0,2,0,0,0,0,
1296916,0.306129,0.21785,-0.468116,0,0,0,2,0,0,0,0,
1296955,0.306854,0.229307,-0.463572,0,0,0,2,0,0,0,0,
1296996,0.306476,0.240269,-0.461285,0,0,0,2,0,0,0,0,
1297035,0.306556,0.252755,-0.457237,0,0,0,2,0,0,0,0,
1297076,0.30554,0.263568,-0.454346,0,0,0,2,0,0,0,0,
1297116,0.303823,0.270979,-0.453349,0,0,0,2,0,0,0,0,
1297156,0.302658,0.276475,-0.451936,0,0,0,2,0,0,0,0,
1297196,0.301571,0.278174,-0.451967,0,0,0,2,0,0,0,0,
1297236,0.301571,0.278174,-0.451967,0,0,0,2,0,0,0,0,
1297275,0.301571,0.278174,-0.451967,0,0,0,2,0,0,0,0,
1297315,0.301569,0.278175,-0.451992,0,0,0,2,0,0,0,0,
1297355,0.301539,0.278168,-0.451999,0,0,0,2,0,0,0,0,
1297396,0.301537,0.27817,-0.452023,0,0,0,2,0,0,0,0,
1297436,0.301537,0.27817,-0.452023,0,0,0,2,0,0,0,0,
1297476,0.301508,0.278163,-0.45203,0,0,0,2,0,0,0,0,
1297516,0.301526,0.278182,-0.452012,0,0,0,2,0,0,0,0,
1297555,0.301526,0.278182,-0.452012,0,0,0,2,0,0,0,0,
1297595,0.301526,0.278182,-0.452012,0,0,0,2,0,0,0,0,
1297635,0.301526,0.278182,-0.452012,0,0,0,2,0,0,0,0,
1297675,0.301526,0.278182,-0.452012,0,0,0,2,0,0,0,0,
1297716,0.301526,0.278182,-0.452012,0,0,0,2,0,0,0,0,
1297756,0.301526,0.278182,-0.452012,0,0,0,2,0,0,0,0,
1297796,0.301526,0.278182,-0.452012,0,0,0,2,0,0,0,0,
1297836,0.301508,0.278163,-0.45203,0,0,0,2,0,0,0,0,
1297875,0.301508,0.278163,-0.45203,0,0,0,2,0,0,0,0,
1297915,0.301508,0.278163,-0.45203,0,0,0,2,0,0,0,0,
1297955,0.301516,0.278172,-0.452039,0,0,0,2,0,0,0,0,
1297995,0.301516,0.278172,-0.452039,0,0,0,2,0,0,0,0,
1298036,0.301516,0.278172,-0.452039,0,0,0,2,0,0,0,0,
1298076,0.301516,0.278172,-0.452039,0,0,0,2,0,0,0,0,
1298116,0.301516,0.278172,-0.452039,0,0,0,2,0,0,0,0,
1298156,0.301516,0.278172,-0.452039,0,0,0,2,0,0,0,0,
1298195,0.301516,0.278172,-0.452039,0,0,0,2,0,0,0,0,
1298235,0.301516,0.278172,-0.452039,0,0,0,2,0,0,0,0,
1298275,0.301516,0.278172,-0.452039,0,0,0,2,0,0,0,0,
1298315,0.301516,0.278172,-0.452039,0,0,0,2,0,0,0,0,
1298356,0.301516,0.278172,-0.452039,0,0,0,2,0,0,0,0,
1298396,0.301516,0.278172,-0.452039,0,0,0,2,0,0,0,0,
1298436,0.301516,0.278172,-0.452039,0,0,0,2,0,0,0,0,
1298476,0.301516,0.278172,-0.452039,0,0,0,2,0,0,0,0,
1298515,0.301516,0.278172,-0.452039,0,0,0,2,0,0,0,0,
1298555,0.301516,0.278172,-0.452039,0,0,0,2,0,0,0,0,
1298595,0.301516,0.278172,-0.452039,0,0,0,2,0,0,0,0,
1298635,0.301516,0.278172,-0.452039,0,0,0,2,0,0,0,0,
1298676,0.301516,0.278172,-0.452039,0,0,0,2,0,0,0,0,
1298716,0.301516,0.278172,-0.452039,0,0,0,2,0,0,0,0,
1298756,0.301516,0.278172,-0.452039,0,0,0,2,0,0,0,0,
1298796,0.301516,0.278172,-0.452039,0,0,0,2,0,0,0,0,
1298835,0.301516,0.278172,-0.452039,0,0,0,2,0,0,0,0,
1298875,0.301516,0.278172,-0.452039,0,0,0,2,0,0,0,0,
1298915,0.301516,0.278172,-0.452039,0,0,0,2,0,0,0,0,
1298956,0.301516,0.278172,-0.452039,0,0,0,2,0,0,0,0,
1298996,0.301516,0.278172,-0.452039,0,0,0,2,0,0,0,0,
1299036,0.301516,0.278172,-0.452039,0,0,0,2,0,0,0,0,
1299077,0.301516,0.278172,-0.452039,0,0,0,2,0,0,0,0,
1299116,0.301516,0.278172,-0.452039,0,0,0,2,0,0,0,0,
1299155,0.301516,0.278172,-0.452039,0,0,0,2,0,0,0,0,
1299195,0.301516,0.278172,-0.452039,0,0,0,2,0,0,0,0,
1299235,0.301516,0.278172,-0.452039,0,0,0,2,0,0,0,0,
1299276,0.301516,0.278172,-0.452039,0,0,0,2,0,0,0,0,
1299316,0.301516,0.278172,-0.452039,0,0,0,2,0,0,0,0,
1299356,0.301516,0.278172,-0.452039,0,0,0,2,0,0,0,0,
1299396,0.301516,0.278172,-0.452039,0,0,0,2,0,0,0,0,
1299435,0.301516,0.278172,-0.452039,0,0,0,2,0,0,0,0,
1299475,0.301516,0.278172,-0.452039,0,0,0,2,0,0,0,0,
1299515,0.301516,0.278172,-0.452039,0,0,0,2,0,0,0,0,
1299555,0.301516,0.278172,-0.452039,0,0,0,2,0,0,0,0,
1299596,0.301516,0.278172,-0.452039,0,0,0,2,0,0,0,0,
1299637,0.301516,0.278172,-0.452039,0,0,0,2,0,0,0,0,
1299676,0.301516,0.278172,-0.452039,0,0,0,2,0,0,0,0,
1299716,0.301516,0.278172,-0.452039,0,0,0,2,0,0,0,0,
1299755,0.301516,0.278172,-0.452039,0,0,0,2,0,0,0,0,
1299796,0.301516,0.278172,-0.452039,0,0,0,2,0,0,0,0,
1299835,0.301516,0.278172,-0.452039,0,0,0,2,0,0,0,0,
1299875,0.301516,0.278172,-0.452039,0,0,0,2,0,0,0,0,
1299916,0.301516,0.278172,-0.452039,0,0,0,2,0,0,0,0,
1299956,0.301516,0.278172,-0.452039,0,0,0,2,0,0,0,0,
1299996,0.301516,0.278172,-0.452039,0,0,0,2,0,0,0,0,
1300036,0.301516,0.278172,-0.452039,0,0,0,2,0,0,0,0,
1300075,0.301516,0.278172,-0.452039,0,0,0,2,0,0,0,0,
1300115,0.301516,0.278172,-0.452039,0,0,0,2,0,0,0,0,
1300155,0.301516,0.278172,-0.452039,0,0,0,2,0,0,0,0,
1300195,0.301516,0.278172,-0.452039,0,0,0,2,0,0,0,0,
1300236,0.301516,0.278172,-0.452039,0,0,0,2,0,0,0,0,
1300276,0.301516,0.278172,-0.452039,0,0,0,2,0,0,0,0,
1300316,0.301516,0.278172,-0.452039,0,0,0,2,0,0,0,0,
1300356,0.301516,0.278172,-0.452039,0,0,0,2,0,0,0,0,
1300395,0.301516,0.278172,-0.452039,0,0,0,2,0,0,0,0,
1300435,0.301516,0.278172,-0.452039,0,0,0,2,0,0,0,0,
1300475,0.301516,0.278172,-0.452039,0,0,0,2,0,0,0,0,
1300515,0.301516,0.278172,-0.452039,0,0,0,2,0,0,0,0,
1300556,0.301529,0.278159,-0.452026,0,0,0,2,0,0,0,0,
1300596,0.301529,0.278159,-0.452026,0,0,0,2,0,0,0,0,
1300636,0.301529,0.278159,-0.452026,0,0,0,2,0,0,0,0,
1300676,0.301529,0.278159,-0.452026,0,0,0,2,0,0,0,0,
1300715,0.301529,0.278159,-0.452026,0,0,0,2,0,0,0,0,
1300755,0.301529,0.278159,-0.452026,0,0,0,2,0,0,0,0,
1300795,0.301529,0.278159,-0.452026,0,0,0,2,0,0,0,0,
1300836,0.301529,0.278159,-0.452026,0,0,0,2,0,0,0,0,
1300876,0.301529,0.278159,-0.452026,0,0,0,2,0,0,0,0,
1300916,0.301529,0.278159,-0.452026,0,0,0,2,0,0,0,0,
1300956,0.301529,0.278159,-0.452026,0,0,0,2,0,0,0,0,
1300996,0.301529,0.278159,-0.452026,0,0,0,2,0,0,0,0,
1301035,0.301529,0.278159,-0.452026,0,0,0,2,0,0,0,0,
1301098,0.301529,0.278159,-0.452026,0,0,0,3,0,0,0,6,
1301115,0.301529,0.278159,-0.452026,0,0,0,1,0,0,0,6,
1301156,0.301529,0.278159,-0.452026,0,0,0,2,0,0,0,6,
1301196,0.301529,0.278159,-0.452026,0,0,0,2,0,0,0,6,
1301236,0.301529,0.278159,-0.452026,0,0,0,2,0,0,0,6,
1301276,0.301529,0.278159,-0.452026,0,0,0,2,0,0,0,6,
1301315,0.301529,0.278159,-0.452026,0,0,0,2,0,0,0,6,
1301355,0.301529,0.278159,-0.452026,0,0,0,2,0,0,0,6,
1301395,0.301529,0.278159,-0.452026,0,0,0,2,0,0,0,6,
1301435,0.301529,0.278159,-0.452026,0,0,0,2,0,0,0,6,
1301476,0.301529,0.278159,-0.452026,0,0,0,2,0,0,0,6,
1301516,0.301529,0.278159,-0.452026,0,0,0,2,0,0,0,6,
1301556,0.301529,0.278159,-0.452026,0,0,0,2,0,0,0,6,
1301596,0.301529,0.278159,-0.452026,0,0,0,2,0,0,0,6,
1301635,0.301529,0.278159,-0.452026,0,0,0,2,0,0,0,6,
1301675,0.301529,0.278159,-0.452026,0,0,0,2,0,0,0,6,
1301715,0.301529,0.278159,-0.452026,0,0,0,2,0,0,0,6,
1301755,0.301529,0.278159,-0.452026,0,0,0,2,0,0,0,6,
1301796,0.301529,0.278159,-0.452026,0,0,0,2,0,0,0,6,
1301836,0.301529,0.278159,-0.452026,0,0,0,2,0,0,0,6,
1301890,0.301529,0.278159,-0.452026,0,0,0,2.6,0,0,0,6,
1301916,0.301529,0.278159,-0.452026,0,0,0,1.4,0,0,0,6,
1301956,0.301529,0.278159,-0.452026,0,0,0,2,0,0,0,6,
1301996,0.301529,0.278159,-0.452026,0,0,0,2,0,0,0,6,
1302035,0.301529,0.278159,-0.452026,0,0,0,2,0,0,0,6,
1302076,0.301529,0.278159,-0.452026,0,0,0,2,0,0,0,6,
1302117,0.301529,0.278159,-0.452026,0,0,0,2,0,0,0,6,
1302156,0.301529,0.278159,-0.452026,0,0,0,2,0,0,0,6,
1302196,0.301529,0.278159,-0.452026,0,0,0,2,0,0,0,6,
1302236,0.301529,0.278159,-0.452026,0,0,0,2,0,0,0,6,
1302276,0.301529,0.278159,-0.452026,0,0,0,2,0,0,0,6,
1302315,0.301529,0.278159,-0.452026,0,0,0,2,0,0,0,6,
1302356,0.301529,0.278159,-0.452026,0,0,0,2,0,0,0,6,
1302395,0.301529,0.278159,-0.452026,0,0,0,2,0,0,0,6,
1302437,0.301518,0.27817,-0.452014,0,0,0,2,0,0,0,6,
1302477,0.301518,0.27817,-0.452014,0,0,0,2,0,0,0,6,
1302516,0.301518,0.27817,-0.452014,0,0,0,2,0,0,0,6,
1302556,0.301518,0.27817,-0.452014,0,0,0,2,0,0,0,6,
1302595,0.301518,0.27817,-0.452014,0,0,0,2,0,0,0,6,
1302635,0.301518,0.27817,-0.452014,0,0,0,2,0,0,0,6,
1302675,0.301518,0.27817,-0.452014,0,0,0,2,0,0,0,6,
1302716,0.301518,0.27817,-0.452014,0,0,0,2,0,0,0,6,
1302756,0.301518,0.27817,-0.452014,0,0,0,2,0,0,0,6,
1302797,0.301518,0.27817,-0.452014,0,0,0,2,0,0,0,6,
1302836,0.301518,0.27817,-0.452014,0,0,0,2,0,0,0,6,
1302876,0.301518,0.27817,-0.452014,0,0,0,2,0,0,0,6,
1302915,0.301518,0.27817,-0.452014,0,0,0,2,0,0,0,6,
1302955,0.301518,0.27817,-0.452014,0,0,0,2,0,0,0,6,
1302995,0.301518,0.27817,-0.452014,0,0,0,2,0,0,0,6,
1303036,0.301518,0.27817,-0.452014,0,0,0,2,0,0,0,6,
1303076,0.301518,0.27817,-0.452014,0,0,0,2,0,0,1,6,
1303117,0.301518,0.27817,-0.452014,0,0,0,2,0,0,1,6,
1303157,0.301518,0.27817,-0.452014,0,0,0,2,0,0,1,6,
1303196,0.301518,0.27817,-0.452014,0,0,0,2,0,0,1,6,
1303235,0.301518,0.27817,-0.452014,0,0,0,2,0,0,1,6,
1303275,0.301518,0.27817,-0.452014,0,0,0,2,0,0,1,6,
1303315,0.301518,0.27817,-0.452014,0,0,0,2,0,0,1,6,
1303356,0.301518,0.27817,-0.452014,0,0,0,2,0,0,1,6,
1303396,0.301518,0.27817,-0.452014,0,0,0,2,0,0,1,6,
1303437,0.301518,0.27817,-0.452014,0,0,0,2,0,0,1,6,
1303477,0.301518,0.27817,-0.452014,0,0,0,2,0,0,1,6,
1303515,0.301518,0.27817,-0.452014,0,0,0,2,0,0,1,6,
1303555,0.301518,0.27817,-0.452014,0,0,0,2,0,0,1,6,
1303595,0.301518,0.27817,-0.452014,0,0,0,2,0,0,1,6,
1303635,0.301518,0.27817,-0.452014,0,0,0,2,0,0,1,6,
1303676,0.301518,0.27817,-0.452014,0,0,0,2,0,0,1,6,
1303716,0.301518,0.27817,-0.452014,0,0,0,2,0,0,1,6,
1303756,0.301518,0.27817,-0.452014,0,0,0,2,0,0,1,6,
1303796,0.301518,0.27817,-0.452014,0,0,0,2,0,0,1,6,
1303835,0.301518,0.27817,-0.452014,0,0,0,2,0,0,1,6,
1303875,0.301518,0.27817,-0.452014,0,0,0,2,0,0,1,6,
1303915,0.301518,0.27817,-0.452014,0,0,0,2,0,0,1,6,
1303955,0.301518,0.27817,-0.452014,0,0,0,2,0,0,1,6,
1303996,0.301518,0.27817,-0.452014,0,0,0,2,0,0,1,6,
1304036,0.301518,0.27817,-0.452014,0,0,0,2,0,0,1,6,
1304076,0.301518,0.27817,-0.452014,0,0,0,2,0,0,1,6,
1304116,0.3015,0.278152,-0.452032,0,0,0,2,0,0,1,6,
1304155,0.3015,0.278152,-0.452032,0,0,0,2,0,0,1,6,
1304196,0.3015,0.278152,-0.452032,0,0,0,2,0,0,1,6,
1304235,0.3015,0.278152,-0.452032,0,0,0,2,0,0,1,6,
1304275,0.3015,0.278152,-0.452032,0,0,0,2,0,0,1,6,
1304317,0.3015,0.278152,-0.452032,0,0,0,2,0,0,1,6,
1304357,0.3015,0.278152,-0.452032,0,0,0,2,0,0,1,6,
1304397,0.3015,0.278152,-0.452032,0,0,0,2,0,0,1,6,
1304436,0.3015,0.278152,-0.452032,0,0,0,2,0,0,1,6,
1304476,0.3015,0.278152,-0.452032,0,0,0,2,0,0,1,6,
1304515,0.3015,0.278152,-0.452032,0,0,0,2,0,0,1,6,
1304555,0.3015,0.278152,-0.452032,0,0,0,2,0,0,1,6,
1304596,0.3015,0.278152,-0.452032,0,0,0,2,0,0,1,6,
1304636,0.3015,0.278152,-0.452032,0,0,0,2,0,0,1,6,
1304677,0.3015,0.278152,-0.452032,0,0,0,2,0,0,1,6,
1304717,0.3015,0.278152,-0.452032,0,0,0,2,0,0,1,6,
1304757,0.3015,0.278152,-0.452032,0,0,0,2,0,0,1,6,
1304795,0.3015,0.278152,-0.452032,0,0,0,2,0,0,1,6,
1304835,0.3015,0.278152,-0.452032,0,0,0,2,0,0,1,6,
1304875,0.3015,0.278152,-0.452032,0,0,0,2,0,0,1,6,
1304916,0.3015,0.278152,-0.452032,0,0,0,2,0,0,1,6,
1304957,0.3015,0.278152,-0.452032,0,0,0,2,0,0,1,6,
1304998,0.3015,0.278152,-0.452032,0,0,0,2,0,0,1,6,
1305037,0.3015,0.278152,-0.452032,0,0,0,2,0,0,1,6,
1305075,0.3015,0.278152,-0.452032,0,0,0,2,0,0,1,6,
1305115,0.3015,0.278152,-0.452032,0,0,0,2,0,0,1,6,
1305156,0.3015,0.278152,-0.452032,0,0,0,2,0,0,1,6,
1305196,0.301508,0.27816,-0.452041,0,0,0,2,0,0,1,6,
1305237,0.301508,0.27816,-0.452041,0,0,0,2,0,0,1,6,
1305277,0.301508,0.27816,-0.452041,0,0,0,2,0,0,1,6,
1305316,0.301508,0.27816,-0.452041,0,0,0,2,0,0,1,6,
1305357,0.301508,0.27816,-0.452041,0,0,0,2,0,0,1,6,
1305395,0.301508,0.27816,-0.452041,0,0,0,2,0,0,1,6,
1305435,0.301508,0.27816,-0.452041,0,0,0,2,0,0,1,6,
1305475,0.301508,0.27816,-0.452041,0,0,0,2,0,0,1,6,
1305515,0.30149,0.278142,-0.452059,0,0,0,2,0,0,1,6,
1305556,0.30149,0.278142,-0.452059,0,0,0,2,0,0,1,6,
1305597,0.30149,0.278142,-0.452059,0,0,0,2,0,0,1,6,
1305637,0.30149,0.278142,-0.452059,0,0,0,2,0,0,1,6,
1305677,0.30149,0.278142,-0.452059,0,0,0,2,0,0,1,6,
1305716,0.30149,0.278142,-0.452059,0,0,0,2,0,0,1,6,
1305756,0.30149,0.278142,-0.452059,0,0,0,2,0,0,1,6,
1305796,0.30149,0.278142,-0.452059,0,0,0,2,0,0,1,6,
1305835,0.30149,0.278142,-0.452059,0,0,0,2,0,0,1,6,
1305876,0.30149,0.278142,-0.452059,0,0,0,2,0,0,1,6,
1305916,0.30149,0.278142,-0.452059,0,0,0,2,0,0,1,6,
1305956,0.30149,0.278142,-0.452059,0,0,0,2,0,0,1,6,
1305997,0.30149,0.278142,-0.452059,0,0,0,2,0,0,1,6,
1306035,0.30149,0.278142,-0.452059,0,0,0,2,0,0,1,6,
1306075,0.30149,0.278142,-0.452059,0,0,0,2,0,0,1,6,
1306116,0.30149,0.278142,-0.452059,0,0,0,2,0,0,1,6,
1306155,0.30149,0.278142,-0.452059,0,0,0,2,0,0,1,6,
1306196,0.30149,0.278142,-0.452059,0,0,0,2,0,0,1,6,
1306237,0.30149,0.278142,-0.452059,0,0,0,2,0,0,1,6,
1306277,0.30149,0.278142,-0.452059,0,0,0,2,0,0,1,6,
1306317,0.30149,0.278142,-0.452059,0,0,0,2,0,0,1,6,
1306356,0.30149,0.278142,-0.452059,0,0,0,2,0,0,1,6,
1306395,0.30149,0.278142,-0.452059,0,0,0,2,0,0,1,6,
1306435,0.30149,0.278142,-0.452059,0,0,0,2,0,0,1,6,
1306475,0.30149,0.278142,-0.452059,0,0,0,2,0,0,1,6,
1306516,0.30149,0.278142,-0.452059,0,0,0,2,0,0,1,6,
1306556,0.30149,0.278142,-0.452059,0,0,0,2,0,0,1,6,
1306597,0.30149,0.278142,-0.452059,0,0,0,2,0,0,1,6,
1306637,0.30149,0.278142,-0.452059,0,0,0,2,0,0,1,6,
1306675,0.30149,0.278142,-0.452059,0,0,0,2,0,0,1,6,
1306716,0.30149,0.278142,-0.452059,0,0,0,2,0,0,1,6,
1306756,0.30149,0.278142,-0.452059,0,0,0,2,0,0,1,6,
1306797,0.30149,0.278142,-0.452059,0,0,0,2,0,0,1,6,
1306836,0.30149,0.278142,-0.452059,0,0,0,2,0,0,1,6,
1306876,0.30149,0.278142,-0.452059,0,0,0,2,0,0,1,6,
1306916,0.30149,0.278142,-0.452059,0,0,0,2,0,0,1,6,
1306955,0.30149,0.278142,-0.452059,0,0,0,2,0,0,1,6,
1306995,0.30149,0.278142,-0.452059,0,0,0,2,0,0,1,6,
1307035,0.30149,0.278142,-0.452059,0,0,0,2,0,0,1,6,
1307075,0.30149,0.278142,-0.452059,0,0,0,2,0,0,1,6,
1307116,0.30149,0.278142,-0.452059,0,0,0,2,0,0,1,6,
1307156,0.30149,0.278142,-0.452059,0,0,0,2,0,0,1,6,
1307196,0.30149,0.278142,-0.452059,0,0,0,2,0,0,1,6,
1307236,0.30149,0.278142,-0.452059,0,0,0,2,0,0,1,6,
1307275,0.30149,0.278142,-0.452059,0,0,0,2,0,0,1,6,
1307315,0.30149,0.278142,-0.452059,0,0,0,2,0,0,1,6,
1307355,0.30149,0.278142,-0.452059,0,0,0,2,0,0,1,6,
1307395,0.30149,0.278142,-0.452059,0,0,0,2,0,0,1,6,
1307436,0.30149,0.278142,-0.452059,0,0,0,2,0,0,1,6,
1307476,0.30149,0.278142,-0.452059,0,0,0,2,0,0,1,6,
1307516,0.30149,0.278142,-0.452059,0,0,0,2,0,0,1,6,
1307556,0.30149,0.278142,-0.452059,0,0,0,2,0,0,1,6,
1307595,0.30149,0.278142,-0.452059,0,0,0,2,0,0,1,6,
1307635,0.30149,0.278142,-0.452059,0,0,0,2,0,0,1,6,
1307675,0.30149,0.278142,-0.452059,0,0,0,2,0,0,1,6,
1307715,0.30149,0.278142,-0.452059,0,0,0,2,0,0,1,6,
1307756,0.30149,0.278142,-0.452059,0,0,0,2,0,0,1,6,
1307796,0.30149,0.278142,-0.452059,0,0,0,2,0,0,1,6,
1307836,0.30149,0.278142,-0.452059,0,0,0,2,0,0,1,6,
1307876,0.30149,0.278142,-0.452059,0,0,0,2,0,0,1,6,
1307915,0.30149,0.278142,-0.452059,0,0,0,2,0,0,1,6,
1307955,0.30149,0.278142,-0.452059,0,0,0,2,0,0,1,6,
1307995,0.30149,0.278142,-0.452059,0,0,0,2,0,0,1,6,
1308035,0.30149,0.278142,-0.452059,0,0,0,2,0,0,1,6,
1308077,0.30149,0.278142,-0.452059,0,0,0,2,0,0,1,6,
1308116,0.30149,0.278142,-0.452059,0,0,0,2,0,0,1,6,
1308156,0.30149,0.278142,-0.452059,0,0,0,2,0,0,1,6,
1308196,0.30149,0.278142,-0.452059,0,0,0,2,0,0,1,6,
1308236,0.30149,0.278142,-0.452059,0,0,0,2,0,0,1,6,
1308276,0.301472,0.278124,-0.452078,0,0,0,2,0,0,1,6,
1308316,0.301472,0.278124,-0.452078,0,0,0,2,0,0,1,6,
1308356,0.301472,0.278124,-0.452078,0,0,0,2,0,0,1,6,
1308397,0.301472,0.278124,-0.452078,0,0,0,2,0,0,1,6,
1308436,0.301472,0.278124,-0.452078,0,0,0,2,0,0,1,6,
1308477,0.301472,0.278124,-0.452078,0,0,0,2,0,0,1,6,
1308517,0.301472,0.278124,-0.452078,0,0,0,2,0,0,1,6,
1308555,0.301472,0.278124,-0.452078,0,0,0,2,0,0,1,6,
1308595,0.301472,0.278124,-0.452078,0,0,0,2,0,0,1,6,
1308635,0.301472,0.278124,-0.452078,0,0,0,2,0,0,1,6,
1308676,0.301472,0.278124,-0.452078,0,0,0,2,0,0,1,6,
1308717,0.301472,0.278124,-0.452078,0,0,0,2,0,0,1,6,
1308756,0.301472,0.278124,-0.452078,0,0,0,2,0,0,1,6,
1308796,0.301472,0.278124,-0.452078,0,0,0,2,0,0,1,6,
1308836,0.301472,0.278124,-0.452078,0,0,0,2,0,0,1,6,
1308876,0.301472,0.278124,-0.452078,0,0,0,2,0,0,1,6,
1308915,0.301472,0.278124,-0.452078,0,0,0,2,0,0,1,6,
1308956,0.301472,0.278124,-0.452078,0,0,0,2,0,0,1,6,
1308996,0.301472,0.278124,-0.452078,0,0,0,2,0,0,1,6,
1309037,0.301472,0.278124,-0.452078,0,0,0,2,0,0,1,6,
1309076,0.301472,0.278124,-0.452078,0,0,0,2,0,0,1,6,
1309116,0.301472,0.278124,-0.452078,0,0,0,2,0,0,1,6,
1309155,0.301472,0.278124,-0.452078,0,0,0,2,0,0,1,6,
1309195,0.301472,0.278124,-0.452078,0,0,0,2,0,0,1,6,
1309235,0.301472,0.278124,-0.452078,0,0,0,2,0,0,1,6,
1309275,0.301472,0.278124,-0.452078,0,0,0,2,0,0,1,6,
1309316,0.301472,0.278124,-0.452078,0,0,0,2,0,0,1,6,
1309356,0.301472,0.278124,-0.452078,0,0,0,2,0,0,1,6,
1309396,0.30136,0.278094,-0.45201,0,0,0,2,0,0,1,6,
1309436,0.300429,0.279362,-0.452714,0,0,0,2,0,0,1,6,
1309475,0.299332,0.281868,-0.453794,0,0,0,2,0,0,1,6,
1309515,0.297585,0.283706,-0.455536,0,0,0,2,0,0,1,6,
1309555,0.296974,0.284317,-0.456124,0,0,0,2,0,0,1,6,
1309595,0.29631,0.284193,-0.455777,0,0,0,2,0,0,1,6,
1309636,0.295176,0.284689,-0.456236,0,0,0,2,0,0,1,6,
1309676,0.294343,0.285487,-0.457034,0,0,0,2,0,0,1,6,
1309716,0.293256,0.286141,-0.457688,0,0,0,2,0,0,1,6,
1309756,0.291309,0.28583,-0.457378,0,0,0,2,0,0,1,6,
1309795,0.288547,0.283758,-0.45526,0,0,0,2,0,0,1,6,
1309835,0.284539,0.279977,-0.451545,0,0,0,2,0,0,1,6,
1309875,0.278124,0.273631,-0.446923,0,0,0,2,0,0,1,6,
1309915,0.268577,0.264288,-0.441721,0,0,0,2,0,0,1,6,
1309956,0.257581,0.253931,-0.435196,0,0,0,2,0,0,1,6,
1309996,0.247237,0.245523,-0.429589,0,0,0,2,0,0,1,6,
1310036,0.236792,0.240261,-0.427557,0,0,0,2,0,0,1,6,
1310076,0.22815,0.239333,-0.428405,0,0,0,2,0,0,1,6,
1310115,0.219727,0.24044,-0.430491,0,0,0,2,0,0,1,6,
1310155,0.208692,0.241635,-0.435122,0,0,0,2,0,0,1,6,
1310195,0.195478,0.244228,-0.443346,0,0,0,2,0,0,1,6,
1310235,0.178461,0.247087,-0.453434,0,0,0,2,0,0,1,6,
1310276,0.155478,0.24943,-0.467641,0,0,0,2,0,0,1,6,
1310316,0.125935,0.251124,-0.486934,0,0,0,2,0,0,1,6,
1310356,0.0916837,0.251389,-0.510669,0,0,0,2,0,0,1,6,
1310396,0.0527499,0.250114,-0.539321,0,0,0,2,0,0,1,6,
1310436,0.0118426,0.249295,-0.572187,0,0,0,2,0,0,1,6,
1310475,-0.035328,0.247462,-0.609447,0,0,0,2,0,0,1,6,
1310516,-0.084069,0.248737,-0.64771,0,0,0,2,0,0,1,6,
1310556,-0.133181,0.250682,-0.685591,0,0,0,2,0,0,1,6,
1310596,-0.179218,0.253123,-0.719808,0,0,0,2,0,0,1,6,
1310637,-0.220215,0.25477,-0.748847,0,0,0,2,0,0,1,6,
1310676,-0.254533,0.252827,-0.772779,0,0,0,2,0,0,1,6,
1310716,-0.279453,0.247928,-0.789796,0,0,0,2,0,0,1,6,
1310755,-0.294379,0.239168,-0.801026,0,0,0,2,0,0,1,6,
1310795,-0.299363,0.228043,-0.806877,0,0,0,2,0,0,1,6,
1310835,-0.299166,0.217591,-0.811958,0,0,0,2,0,0,1,6,
1310876,-0.298166,0.207383,-0.817997,0,0,0,2,0,0,1,6,
1310916,-0.298042,0.199137,-0.824026,0,0,0,2,0,0,1,6,
1310956,-0.29765,0.191729,-0.828916,0,0,0,2,0,0,1,6,
1310996,-0.296386,0.186471,-0.830581,0,0,0,2,0,0,1,6,
1311035,-0.296763,0.181641,-0.830204,0,0,0,2,0,0,1,6,
1311075,-0.297612,0.179744,-0.831996,0,0,0,2,0,0,1,6,
1311115,-0.290593,0.188524,-0.843689,0,0,0,2,0,0,1,6,
1311155,-0.28055,0.201878,-0.861175,0,0,0,2,0,0,1,6,
1311196,-0.259189,0.228391,-0.892599,0,0,0,2,0,0,1,6,
1311236,-0.257025,0.23531,-0.90609,0,0,0,2,0,0,1,6,
1311276,-0.251955,0.244878,-0.923023,0,0,0,2,0,0,1,6,
1311316,-0.24414,0.25227,-0.939349,0,0,0,2,0,0,1,6,
1311355,-0.235903,0.25812,-0.95515,0,0,0,2,0,0,1,6,
1311395,-0.224812,0.260288,-0.96931,0,0,0,2,0,0,1,6,
1311435,-0.2149,0.260449,-0.981393,0,0,0,2,0,0,1,6,
1311475,-0.204253,0.259006,-0.992831,0,0,0,2,0,0,1,6,
1311516,-0.19725,0.260957,-1.00375,0,0,0,2,0,0,1,6,
1311556,-0.193899,0.263985,-1.0135,0,0,0,2,0,0,1,6,
1311596,-0.196743,0.270842,-1.02145,0,0,0,2,0,0,1,6,
1311636,-0.203995,0.280398,-1.0304,0,0,0,2,0,0,1,6,
1311675,-0.214162,0.292007,-1.04134,0,0,0,2,0,0,1,6,
1311715,-0.224777,0.303755,-1.0548,0,0,0,2,0,0,1,6,
1311755,-0.231266,0.311197,-1.06833,0,0,0,2,0,0,1,6,
1311796,-0.230126,0.313162,-1.07948,0,0,0,2,0,0,1,6,
1311836,-0.219465,0.307288,-1.08655,0,0,0,2,0,0,1,6,
1311876,-0.207596,0.29998,-1.09168,0,0,0,2,0,0,1,6,
1311916,-0.199837,0.291302,-1.09529,0,0,0,2,0,0,1,6,
1311956,-0.199319,0.290083,-1.09668,0,0,0,2,0,0,1,6,
1311995,-0.203439,0.294045,-1.099,0,0,0,2,0,0,1,6,
1312035,-0.212872,0.301589,-1.10259,0,0,0,2,0,0,1,6,
1312075,-0.220925,0.302215,-1.10628,0,0,0,2,0,0,1,6,
1312115,-0.223761,0.300604,-1.10576,0,0,0,2,0,0,1,6,
1312156,-0.222709,0.303458,-1.10123,0,0,0,2,0,0,1,6,
1312196,-0.222261,0.304978,-1.09714,0,0,0,2,0,0,1,6,
1312236,-0.222852,0.303468,-1.09597,0,0,0,2,0,0,1,6,
1312276,-0.223146,0.300786,-1.1002,0,0,0,2,0,0,1,6,
1312315,-0.226183,0.294956,-1.10608,0,0,0,2,0,0,1,6,
1312355,-0.23104,0.291923,-1.11532,0,0,0,2,0,0,1,6,
1312395,-0.231701,0.293793,-1.11804,0,0,0,2,0,0,1,6,
1312437,-0.22208,0.296737,-1.11447,0,0,0,2,0,0,1,6,
1312476,-0.196565,0.312075,-1.12244,0,0,0,2,0,0,1,6,
1312517,-0.15816,0.339678,-1.14996,0,0,0,2,0,0,1,6,
1312557,-0.109397,0.373485,-1.18783,0,0,0,2,0,0,1,6,
1312596,-0.0586881,0.406362,-1.2286,0,0,0,2,0,0,1,6,
1312635,-0.0398636,0.395985,-1.22811,0,0,0,2,0,0,1,6,
1312675,-0.0242416,0.37907,-1.22211,0,0,0,2,0,0,1,6,
1312715,-0.0144265,0.363181,-1.22154,0,0,0,2,0,0,1,6,
1312756,-0.0072786,0.350463,-1.22386,0,0,0,2,0,0,1,6,
1312796,-0.00277979,0.341217,-1.22819,0,0,0,2,0,0,1,6,
1312837,-0.00210645,0.332995,-1.23262,0,0,0,2,0,0,1,6,
1312877,-0.00570714,0.325045,-1.23734,0,0,0,2,0,0,1,6,
1312916,-0.0119662,0.317412,-1.24126,0,0,0,2,0,0,1,6,
1312955,-0.0195327,0.309785,-1.24589,0,0,0,2,0,0,1,6,
1312995,-0.0286605,0.300934,-1.25191,0,0,0,2,0,0,1,6,
1313035,-0.0398148,0.290495,-1.26047,0,0,0,2,0,0,1,6,
1313076,-0.051096,0.279225,-1.27195,0,0,0,2,0,0,1,6,
1313117,-0.0619605,0.26869,-1.28449,0,0,0,2,0,0,1,6,
1313158,-0.0724935,0.258168,-1.29758,0,0,0,2,0,0,1,6,
1313197,-0.0814991,0.249343,-1.31074,0,0,0,2,0,0,1,6,
1313236,-0.0891263,0.241182,-1.32467,0,0,0,2,0,0,1,6,
1313276,-0.0927848,0.23282,-1.33799,0,0,0,2,0,0,1,6,
1313316,-0.0917838,0.224134,-1.35,0,0,0,2,0,0,1,6,
1313356,-0.0867847,0.215574,-1.35935,0,0,0,2,0,0,1,6,
1313397,-0.0811168,0.208744,-1.36739,0,0,0,2,0,0,1,6,
1313436,-0.077449,0.204201,-1.37466,0,0,0,2,0,0,1,6,
1313477,-0.0741944,0.200264,-1.38042,0,0,0,2,0,0,1,6,
1313517,-0.0722852,0.197934,-1.38508,0,0,0,2,0,0,1,6,
1313556,-0.0720719,0.198039,-1.38667,0,0,0,2,0,0,1,6,
1313596,-0.0743125,0.202944,-1.38145,0,0,0,2,0,0,1,6,
1313636,-0.0777293,0.212479,-1.36846,0,0,0,2,0,0,1,6,
1313676,-0.0796521,0.225864,-1.34681,0,0,0,2,0,0,1,6,
1313716,-0.0788136,0.243283,-1.32061,0,0,0,2,0,0,1,6,
1313756,-0.0729622,0.263919,-1.28927,0,0,0,2,0,0,1,6,
1313797,-0.063701,0.288877,-1.25577,0,0,0,2,0,0,1,6,
1313837,-0.0545759,0.317891,-1.22143,0,0,0,2,0,0,1,6,
1313876,-0.0450957,0.348434,-1.18857,0,0,0,2,0,0,1,6,
1313916,-0.0329094,0.38162,-1.1574,0,0,0,2,0,0,1,6,
1313955,-0.0183325,0.414794,-1.12902,0,0,0,2,0,0,1,6,
1313995,-0.00356202,0.44492,-1.10521,0,0,0,2,0,0,1,6,
1314036,0.0138424,0.471849,-1.08459,0,0,0,2,0,0,1,6,
1314076,0.0308513,0.49554,-1.06591,0,0,0,2,0,0,1,6,
1314116,0.0466235,0.514472,-1.05027,0,0,0,2,0,0,1,6,
1314157,0.0635925,0.530391,-1.03725,0,0,0,2,0,0,1,6,
1314195,0.0790574,0.544652,-1.02988,0,0,0,2,0,0,1,6,
1314236,0.0946466,0.5576,-1.02462,0,0,0,2,0,0,1,6,
1314275,0.108336,0.565752,-1.0204,0,0,0,2,0,0,1,6,
1314316,0.118403,0.568738,-1.01821,0,0,0,2,0,0,1,6,
1314356,0.127328,0.567612,-1.01718,0,0,0,2,0,0,1,6,
1314397,0.133734,0.564182,-1.01771,0,0,0,2,0,0,1,6,
1314436,0.138016,0.559486,-1.01937,0,0,0,2,0,0,1,6,
1314476,0.141002,0.553066,-1.02161,0,0,0,2,0,0,1,6,
1314516,0.143274,0.545084,-1.02438,0,0,0,2,0,0,1,6,
1314555,0.145138,0.536804,-1.02816,0,0,0,2,0,0,1,6,
1314595,0.145638,0.529108,-1.03203,0,0,0,2,0,0,1,6,
1314636,0.143678,0.521923,-1.0361,0,0,0,2,0,0,1,6,
1314676,0.142437,0.516234,-1.03876,0,0,0,2,0,0,1,6,
1314717,0.141575,0.511683,-1.03972,0,0,0,2,0,0,0,6,
1314756,0.141268,0.508007,-1.03948,0,0,0,2,0,0,0,6,
1314795,0.14112,0.505398,-1.03853,0,0,0,2,0,0,0,6,
1314835,0.141294,0.500099,-1.03631,0,0,0,2,0,0,0,6,
1314875,0.139878,0.487671,-1.03422,0,0,0,2,0,0,0,6,
1314915,0.135577,0.469239,-1.03526,0,0,0,2,0,0,0,6,
1314957,0.128693,0.448513,-1.04053,0,0,0,2,0,0,0,6,
1314996,0.120551,0.428478,-1.04936,0,0,0,2,0,0,0,6,
1315036,0.109208,0.409152,-1.06204,0,0,0,2,0,0,0,6,
1315076,0.097077,0.390256,-1.07645,0,0,0,2,0,0,0,6,
1315115,0.0851751,0.373236,-1.09114,0,0,0,2,0,0,0,6,
1315155,0.0732031,0.355424,-1.10752,0,0,0,2,0,0,0,6,
1315195,0.0631289,0.338369,-1.12361,0,0,0,2,0,0,0,6,
1315235,0.0520389,0.321239,-1.14211,0,0,0,2,0,0,0,6,
1315276,0.0404607,0.303952,-1.16309,0,0,0,2,0,0,0,6,
1315316,0.030396,0.289049,-1.18559,0,0,0,2,0,0,0,6,
1315356,0.0212664,0.27507,-1.20844,0,0,0,2,0,0,0,6,
1315396,0.012895,0.262626,-1.22972,0,0,0,2,0,0,0,6,
1315435,0.00553697,0.251047,-1.25049,0,0,0,2,0,0,0,6,
1315475,-0.000147298,0.239232,-1.2714,0,0,0,2,0,0,0,6,
1315515,-0.00434523,0.227934,-1.29216,0,0,0,2,0,0,0,6,
1315555,-0.0063388,0.217225,-1.31255,0,0,0,2,0,0,0,6,
1315596,-0.00699622,0.20781,-1.33303,0,0,0,2,0,0,0,6,
1315636,-0.00821715,0.200177,-1.35336,0,0,0,2,0,0,0,6,
1315676,-0.010868,0.19466,-1.37198,0,0,0,2,0,0,0,6,
1315716,-0.0146651,0.191854,-1.38615,0,0,0,2,0,0,0,6,
1315755,-0.0182966,0.192117,-1.39284,0,0,0,2,0,0,0,6,
1315795,-0.0207536,0.195098,-1.39198,0,0,0,2,0,0,0,6,
1315835,-0.022402,0.202146,-1.38276,0,0,0,2,0,0,0,6,
1315875,-0.0212351,0.213716,-1.3604,0,0,0,2,0,0,0,6,
1315916,-0.0188173,0.231436,-1.32789,0,0,0,2,0,0,0,6,
1315956,-0.0166755,0.255101,-1.29034,0,0,0,2,0,0,0,6,
1315996,-0.0167922,0.284812,-1.25255,0,0,0,2,0,0,0,6,
1316036,-0.0152031,0.319373,-1.21893,0,0,0,2,0,0,0,6,
1316075,-0.0112745,0.3567,-1.18955,0,0,0,2,0,0,0,6,
1316115,-0.00150576,0.396887,-1.16132,0,0,0,2,0,0,0,6,
1316155,0.0131616,0.436101,-1.13618,0,0,0,2,0,0,0,6,
1316196,0.0316127,0.472662,-1.11338,0,0,0,2,0,0,0,6,
1316236,0.0509086,0.506208,-1.09304,0,0,0,2,0,0,0,6,
1316276,0.069014,0.537221,-1.07485,0,0,0,2,0,0,0,6,
1316316,0.085451,0.563589,-1.0608,0,0,0,2,0,0,0,6,
1316356,0.101072,0.585145,-1.04831,0,0,0,2,0,0,0,6,
1316395,0.11392,0.598907,-1.04121,0,0,0,2,0,0,0,6,
1316435,0.123855,0.608027,-1.03826,0,0,0,2,0,0,0,6,
1316475,0.129609,0.613091,-1.0392,0,0,0,2,0,0,0,6,
1316516,0.133283,0.61446,-1.04224,0,0,0,2,0,0,0,6,
1316556,0.134838,0.6123,-1.04558,0,0,0,2,0,0,0,6,
1316597,0.135131,0.606942,-1.04836,0,0,0,2,0,0,0,6,
1316636,0.134659,0.599144,-1.05015,0,0,0,2,0,0,0,6,
1316675,0.133182,0.590008,-1.05151,0,0,0,2,0,0,0,6,
1316716,0.131663,0.581512,-1.05242,0,0,0,2,0,0,0,6,
1316756,0.130789,0.574637,-1.05233,0,0,0,2,0,0,1,6,
1316796,0.130648,0.569447,-1.05119,0,0,0,2,0,0,1,6,
1316836,0.131503,0.56545,-1.04929,0,0,0,2,0,0,1,6,
1316877,0.132688,0.562353,-1.04701,0,0,0,2,0,0,1,6,
1316916,0.133441,0.560215,-1.04509,0,0,0,2,0,0,1,6,
1316956,0.134042,0.558619,-1.04351,0,0,0,2,0,0,1,6,
1316995,0.134682,0.557446,-1.04213,0,0,0,2,0,0,1,6,
1317035,0.135018,0.556614,-1.04144,0,0,0,2,0,0,1,6,
1317075,0.134748,0.555962,-1.04168,0,0,0,2,0,0,1,6,
1317115,-1.57959e-005,-0.150016,-0.600016,0,0,0,2,0,0,1,6,
1317157,-0.000886131,-0.151044,-0.600348,0,0,0,2,0,0,1,6,
1317197,-0.00237296,-0.152436,-0.600631,0,0,0,2,0,0,1,6,
1317236,-0.00505738,-0.155247,-0.601066,0,0,0,2,0,0,1,6,
1317276,-0.0109113,-0.162805,-0.601117,0,0,0,2,0,0,1,6,
1317315,-0.0211823,-0.17521,-0.601348,0,0,0,2,0,0,1,6,
1317356,-0.0362378,-0.192198,-0.602546,0,0,0,2,0,0,1,6,
1317395,-0.0528587,-0.211499,-0.605241,0,0,0,2,0,0,1,6,
1317435,-0.0701889,-0.232481,-0.609997,0,0,0,2,0,0,1,6,
1317476,-0.0851767,-0.254687,-0.614969,0,0,0,2,0,0,1,6,
1317516,-0.097682,-0.277555,-0.62094,0,0,0,2,0,0,1,6,
1317556,-0.109044,-0.30053,-0.626654,0,0,0,2,0,0,1,6,
1317596,-0.118792,-0.323269,-0.631484,0,0,0,2,0,0,1,6,
1317635,-0.12917,-0.345376,-0.635555,0,0,0,2,0,0,1,6,
1317675,-0.141145,-0.367401,-0.639213,0,0,0,2,0,0,1,6,
1317715,-0.156126,-0.389934,-0.643565,0,0,0,2,0,0,1,6,
1317755,-0.171429,-0.410435,-0.648333,0,4.34774,0,2,0,0,1,6,
1317796,-0.181769,-0.41933,-0.651326,0,30.6773,0,2,0,0,1,6,
1317836,-0.185935,-0.424749,-0.65302,0,45.883,0,2,0,0,1,6,
1317876,-0.189551,-0.431069,-0.652174,0,58.263,0,2,0,0,1,6,
1317916,-0.191769,-0.437602,-0.648984,0,72.6774,0,2,0,0,1,6,
1317955,-0.189335,-0.443043,-0.646297,0,86.0708,0,2,0,0,1,6,
1317995,-0.185274,-0.449139,-0.645065,0,98.3616,0,2,0,0,1,6,
1318035,-0.182582,-0.455072,-0.645332,0,112.105,0,2,0,0,1,6,
1318075,-0.180301,-0.459252,-0.64844,0,123.249,0,2,0,0,1,6,
1318116,-0.179105,-0.464367,-0.653749,0,132.993,0,2,0,0,1,6,
1318156,-0.177388,-0.469686,-0.660338,0,144.753,0,2,0,0,1,6,
1318196,-0.173882,-0.474757,-0.667149,0,156.096,0,2,0,0,1,6,
1318236,-0.223641,-0.426416,-0.62171,0,119.937,0,2,0,0,1,6,
1318275,-0.244331,-0.432081,-0.622943,0,48.4348,0,2,0,0,1,6,
1318315,-0.246731,-0.444474,-0.647328,0,86.2243,0,2,0,0,1,6,
1318356,-0.249361,-0.431121,-0.649652,0,80.8494,0,2,0,0,1,6,
1318397,-0.251428,-0.427613,-0.653723,0,61.8986,0,2,0,0,1,6,
1318437,-0.261063,-0.426576,-0.65076,0,57.3754,0,2,0,0,1,6,
1318476,-0.267701,-0.424111,-0.643466,0,54.2594,0,2,0,0,1,6,
1318517,-0.269103,-0.419229,-0.632512,0,46.6266,0,2,0,0,1,6,
1318555,-0.265648,-0.410429,-0.621237,0,31.5185,0,2,0,0,1,6,
1318596,-0.260645,-0.40242,-0.609972,0,12.0874,0,2,0,0,1,6,
1318635,-0.259849,-0.398822,-0.601779,0,0.601825,0,2,0,0,1,6,
1318675,-0.260905,-0.397,-0.598481,0,0,0,2,0,0,1,6,
1318717,-0.261305,-0.395604,-0.598046,0,0,0,2,0,0,1,6,
1318757,-0.259861,-0.393425,-0.598939,0,0,0,2,0,0,1,6,
1318797,-0.258002,-0.389338,-0.599973,0,0,0,2,0,0,1,6,
1318836,-0.256553,-0.383226,-0.598699,0,0,0,2,0,0,1,6,
1318875,-0.256539,-0.376178,-0.594921,0,0,0,2,0,0,1,6,
1318915,-0.256135,-0.368694,-0.587401,0,0,0,2,0,0,1,6,
1318955,-0.25537,-0.35962,-0.578475,0,0,0,2,0,0,1,6,
1318995,-0.25441,-0.351634,-0.569864,0,0,0,2,0,0,1,6,
1319036,-0.254726,-0.346916,-0.564607,0,0,0,2,0,0,1,6,
1319076,-0.25739,-0.34674,-0.562308,0,0,0,2,0,0,1,6,
1319116,-0.260593,-0.351618,-0.562511,0,0,0,2,0,0,1,6,
1319156,-0.263957,-0.361175,-0.566618,0,0,0,2,0,0,1,6,
1319195,-0.267479,-0.373001,-0.573197,0,0,0,2,0,0,1,6,
1319235,-0.269774,-0.385742,-0.582419,0,0,0,2,0,0,1,6,
1319275,-0.27078,-0.398114,-0.594109,0,0,0,2,0,0,1,6,
1319315,-0.271024,-0.408673,-0.606447,0,6.13596,0,2,0,0,1,6,
1319356,-0.268249,-0.414558,-0.616251,0,23.4765,0,2,0,0,1,6,
1319396,-0.265616,-0.417516,-0.622327,0,33.189,0,2,0,0,1,6,
1319436,-0.264899,-0.41861,-0.624169,0,37.73,0,2,0,0,1,6,
1319477,-0.264534,-0.418928,-0.623553,0,38.919,0,2,0,0,1,6,
1319515,-0.263963,-0.418909,-0.620767,0,39.5708,0,2,0,0,1,6,
1319555,-0.263025,-0.418984,-0.617147,0,39.4064,0,2,0,0,1,6,
1319595,-0.262282,-0.420498,-0.615029,0,40.7735,0,2,0,0,1,6,
1319635,-0.263563,-0.423641,-0.613852,0,45.618,0,2,0,0,1,6,
1319676,-0.266647,-0.42976,-0.615274,0,55.4466,0,2,0,0,1,6,
1319716,-0.273399,-0.437605,-0.620103,0,70.8312,0,2,0,0,1,6,
1319756,-0.281266,-0.44581,-0.626902,0,88.8203,0,2,0,0,1,6,
1319796,-0.299877,-0.43986,-0.62073,0,101.487,0,2,0,0,1,6,
1319835,-0.332523,-0.431198,-0.604201,0,63.2106,0,2,0,0,1,6,
1319875,-0.352346,-0.443118,-0.613777,0,78.8781,0,2,0,0,1,6,
1319915,-0.374736,-0.439042,-0.610243,0,92.966,0,2,0,0,1,6,
1319955,-0.385543,-0.439234,-0.607699,0,81.2077,0,2,0,0,1,6,
1319996,-0.392067,-0.442372,-0.607257,0,87.502,0,2,0,0,1,6,
1320036,-0.394308,-0.442443,-0.606522,0,91.6236,0,2,0,0,1,6,
1320077,-0.394641,-0.441705,-0.604588,0,90.4534,0,2,0,0,1,6,
1320116,-0.394315,-0.440244,-0.600596,0,88.5081,0,2,0,0,1,6,
1320155,-0.392254,-0.437947,-0.596371,0,84.1846,0,2,0,0,1,6,
1320195,-0.386424,-0.43577,-0.593802,0,79.1287,0,2,0,0,1,6,
1320235,-0.37727,-0.43302,-0.591702,0,73.904,0,2,0,0,1,6,
1320276,-0.366227,-0.430417,-0.592229,0,67.7942,0,2,0,0,1,6,
1320316,-0.354306,-0.429322,-0.597234,0,63.0776,0,2,0,0,1,6,
1320357,-0.341289,-0.430334,-0.606493,0,63.3008,0,2,0,0,1,6,
1320396,-0.326764,-0.430958,-0.620491,0,65.2323,0,2,0,0,1,6,
1320436,-0.31433,-0.431839,-0.635458,0,66.7981,0,2,0,0,1,6,
1320475,-0.307704,-0.43277,-0.647017,0,68.9096,0,2,0,0,1,6,
1320515,-0.306199,-0.433315,-0.655225,0,70.4485,0,2,0,0,1,6,
1320556,-0.306316,-0.433286,-0.658485,0,71.3542,0,2,0,0,1,6,
1320596,-0.306469,-0.432924,-0.658689,0,70.7835,0,2,0,0,1,6,
1320636,-0.30685,-0.431375,-0.657263,0,68.934,0,2,0,0,1,6,
1320677,-0.309051,-0.427456,-0.648447,0,63.5425,0,2,0,0,1,6,
1320717,-0.316004,-0.420599,-0.631421,0,51.5793,0,2,0,0,1,6,
1320755,-0.325077,-0.414811,-0.615794,0,36.9974,0,2,0,0,1,6,
1320795,-0.335823,-0.410353,-0.601404,0,25.5932,0,2,0,0,1,6,
1320836,-0.347427,-0.406909,-0.588301,0,17.2071,0,2,0,0,1,6,
1320875,-0.357299,-0.402847,-0.576546,0,8.93502,0,2,0,0,1,6,
1320916,-0.363453,-0.399367,-0.566895,0,1.28716,0,2,0,0,1,6,
1320956,-0.367083,-0.398738,-0.561347,0,0,0,2,0,0,1,6,
1320996,-0.366117,-0.402339,-0.562474,0,0.231768,0,2,0,0,1,6,
1321036,-0.361377,-0.407887,-0.570945,0,8.61764,0,2,0,0,1,6,
1321075,-0.357535,-0.413151,-0.584678,0,20.5666,0,2,0,0,1,6,
1321115,-0.357962,-0.418708,-0.598334,0,31.9423,0,2,0,0,1,6,
1321155,-0.364067,-0.425943,-0.611495,0,45.8338,0,2,0,0,1,6,
1321195,-0.371618,-0.433542,-0.626311,0,62.5899,0,2,0,0,1,6,
1321236,-0.377732,-0.441111,-0.641025,0,78.9697,0,2,0,0,1,6,
1321276,-0.380888,-0.448067,-0.654912,0,95.7326,0,2,0,0,1,6,
1321316,-0.393098,-0.437334,-0.650383,0,101.226,0,2,0,0,1,6,
1321356,-0.4008,-0.438133,-0.650279,0,75.3113,0,2,0,0,1,6,
1321395,-0.402585,-0.442169,-0.655976,0,86.6796,0,2,0,0,1,6,
1321435,-0.403338,-0.443822,-0.657751,0,92.2837,0,2,0,0,1,6,
1321475,-0.407844,-0.446661,-0.657221,0,96.7195,0,2,0,0,1,6,
1321515,-0.424548,-0.439092,-0.646654,0,99.6396,0,2,0,0,1,6,
1321556,-0.444631,-0.432185,-0.632191,0,68.2759,0,2,0,0,1,6,
1321596,-0.45326,-0.436323,-0.63314,0,73.2091,0,2,0,0,1,6,
1321636,-0.457911,-0.439215,-0.633214,0,80.6734,0,2,0,0,1,6,
1321676,-0.46069,-0.44219,-0.631635,0,86.921,0,2,0,0,1,6,
1321715,-0.464393,-0.444767,-0.629939,0,93.4096,0,2,0,0,1,6,
1321755,-0.468518,-0.445827,-0.626331,0,97.527,0,2,0,0,1,6,
1321795,-0.47158,-0.445683,-0.62062,0,98.665,0,2,0,0,1,6,
1321835,-0.473125,-0.444752,-0.614506,0,97.3825,0,2,0,0,1,6,
1321876,-0.474104,-0.443843,-0.609285,0,95.304,0,2,0,0,1,6,
1321916,-0.474566,-0.442674,-0.605656,0,93.2112,0,2,0,0,1,6,
1321956,-0.474631,-0.441156,-0.603101,0,90.0518,0,2,0,0,1,6,
1321996,-0.474828,-0.440292,-0.601964,0,87.406,0,2,0,0,1,6,
1322035,-0.474802,-0.440123,-0.601957,0,86.229,0,2,0,0,1,6,
1322075,-0.475205,-0.439955,-0.6024,0,85.9708,0,2,0,0,1,6,
1322115,-0.47663,-0.439724,-0.603922,0,85.3354,0,2,0,0,1,6,
1322156,-0.478529,-0.440753,-0.607493,0,86.0092,0,2,0,0,1,6,
1322196,-0.480768,-0.443165,-0.614407,0,89.7744,0,2,0,0,1,6,
1322236,-0.48159,-0.445131,-0.624229,0,94.8206,0,2,0,0,1,6,
1322276,-0.481547,-0.446947,-0.634645,0,98.9431,0,2,0,0,1,6,
1322316,-0.482363,-0.447847,-0.643183,0,102.38,0,2,0,0,1,6,
1322356,-0.483018,-0.448415,-0.650108,0,103.634,0,2,0,0,1,6,
1322395,-0.494103,-0.438533,-0.646059,0,100.371,0,2,0,0,1,6,
1322435,-0.501097,-0.436124,-0.646012,0,76.7232,0,2,0,0,1,6,
1322476,-0.502011,-0.436753,-0.652915,0,78.2182,0,2,0,0,1,6,
1322516,-0.50241,-0.436492,-0.656999,0,78.3872,0,2,0,0,1,6,
1322556,-0.503263,-0.436473,-0.65862,0,78.0101,0,2,0,0,1,6,
1322596,-0.503799,-0.436486,-0.659022,0,78.0701,0,2,0,0,1,6,
1322635,-0.503814,-0.436471,-0.659007,0,78.0487,0,2,0,0,1,6,
1322676,-0.503757,-0.436488,-0.658958,0,78.0305,0,2,0,0,1,6,
1322715,-0.503648,-0.436596,-0.658819,0,78.1957,0,2,0,0,1,6,
1322755,-0.50352,-0.436685,-0.6587,0,78.4599,0,2,0,0,1,6,
1322796,-0.50352,-0.436685,-0.6587,0,78.5068,0,2,0,0,1,6,
1322836,-0.503527,-0.43666,-0.658715,0,78.4991,0,2,0,0,1,6,
1322877,-0.503504,-0.436603,-0.658773,0,78.3957,0,2,0,0,1,6,
1322916,-0.503465,-0.436564,-0.658812,0,78.3051,0,2,0,0,1,6,
1322955,-0.50338,-0.43649,-0.65858,0,78.1757,0,2,0,0,1,6,
1322995,-0.503013,-0.436144,-0.657642,0,77.791,0,2,0,0,1,6,
1323035,-0.502338,-0.435355,-0.655746,0,76.593,0,2,0,0,1,6,
1323075,-0.501161,-0.433882,-0.651652,0,74.2489,0,2,0,0,1,6,
1323116,-0.49972,-0.431729,-0.644518,0,70.334,0,2,0,0,1,6,
1323156,-0.498652,-0.429013,-0.634311,0,64.9088,0,2,0,0,1,6,
1323196,-0.497797,-0.426601,-0.623519,0,59.2749,0,2,0,0,1,6,
1323236,-0.497121,-0.423737,-0.613715,0,53.5792,0,2,0,0,1,6,
1323275,-0.496796,-0.420784,-0.604327,0,47.0367,0,2,0,0,1,6,
1323315,-0.497319,-0.418262,-0.595286,0,40.8928,0,2,0,0,1,6,
1323355,-0.498727,-0.416561,-0.588699,0,36.0116,0,2,0,0,1,6,
1323395,-0.500115,-0.415699,-0.586118,0,33.1986,0,2,0,0,1,6,
1323437,-0.500317,-0.415816,-0.586,0,32.382,0,2,0,0,1,6,
1323476,-0.500152,-0.416569,-0.588222,0,33.347,0,2,0,0,1,6,
1323516,-0.501313,-0.418439,-0.594238,0,35.7796,0,2,0,0,1,6,
1323556,-0.502972,-0.421748,-0.604407,0,41.6249,0,2,0,0,1,6,
1323595,-0.502317,-0.424326,-0.619164,0,48.3233,0,2,0,0,1,6,
1323635,-0.498981,-0.426895,-0.638662,0,53.8868,0,2,0,0,1,6,
1323675,-0.492836,-0.428869,-0.658612,0,59.1002,0,2,0,0,1,6,
1323715,-0.487925,-0.429371,-0.676855,0,62.0297,0,2,0,0,1,6,
1323756,-0.484271,-0.428714,-0.692183,0,61.9692,0,2,0,0,1,6,
1323796,-0.481302,-0.427833,-0.703378,0,60.0827,0,2,0,0,1,6,
1323836,-0.47853,-0.427107,-0.711872,0,58.2261,0,2,0,0,1,6,
1323876,-0.475661,-0.426558,-0.718087,0,56.8897,0,2,0,0,1,6,
1323915,-0.472761,-0.426291,-0.721804,0,56.015,0,2,0,0,1,6,
1323955,-0.469959,-0.425945,-0.7251,0,55.2053,0,2,0,0,1,6,
1323995,-0.467048,-0.425561,-0.728552,0,54.5482,0,2,0,0,1,6,
1324036,-0.464495,-0.425168,-0.732355,0,53.6902,0,2,0,0,1,6,
1324076,-0.46275,-0.424887,-0.736665,0,52.9136,0,2,0,0,1,6,
1324116,-0.461769,-0.424221,-0.741184,0,51.9068,0,2,0,0,1,6,
1324156,-0.460404,-0.4238,-0.744412,0,50.616,0,2,0,0,1,6,
1324196,-0.458822,-0.423234,-0.748167,0,49.6303,0,2,0,0,1,6,
1324235,-0.456988,-0.422532,-0.752722,0,48.3548,0,2,0,0,1,6,
1324275,-0.454818,-0.421795,-0.757703,0,46.6758,0,2,0,0,1,6,
1324315,-0.452587,-0.421062,-0.762892,0,45.0145,0,2,0,0,1,6,
1324357,-0.450601,-0.4203,-0.767583,0,43.3613,0,2,0,0,1,6,
1324396,-0.448409,-0.419709,-0.772198,0,41.8478,0,2,0,0,1,6,
1324436,-0.446406,-0.419218,-0.775498,0,40.6545,0,2,0,0,1,6,
1324476,-0.444879,-0.418886,-0.778061,0,39.724,0,2,0,0,1,6,
1324515,-0.44398,-0.418636,-0.779655,0,38.9939,0,2,0,0,1,6,
1324555,-0.443669,-0.418601,-0.77996,0,38.76,0,2,0,0,1,6,
1324595,-0.443669,-0.418601,-0.77996,0,38.7229,0,2,0,0,1,6,
1324635,-0.443686,-0.418584,-0.779943,0,38.7153,0,2,0,0,1,6,
1324676,-0.443648,-0.418622,-0.779905,0,38.7224,0,2,0,0,1,6,
1324716,-0.443587,-0.418705,-0.779537,0,38.8684,0,2,0,0,1,6,
1324756,-0.443696,-0.418699,-0.778748,0,38.9729,0,2,0,0,1,6,
1324796,-0.443514,-0.418478,-0.77677,0,38.7371,0,2,0,0,1,6,
1324836,-0.443652,-0.41823,-0.773891,0,38.2088,0,2,0,0,1,6,
1324875,-0.444456,-0.41833,-0.770118,0,38.0563,0,2,0,0,1,6,
1324915,-0.446637,-0.41879,-0.763954,0,38.6469,0,2,0,0,1,6,
1324955,-0.449335,-0.419165,-0.75584,0,39.5616,0,2,0,0,1,6,
1324996,-0.451905,-0.419606,-0.745298,0,40.3056,0,2,0,0,1,6,
1325036,-0.454292,-0.419811,-0.73207,0,41.2018,0,2,0,0,1,6,
1325076,-0.45542,-0.419553,-0.718604,0,41.1583,0,2,0,0,1,6,
1325116,-0.455345,-0.418906,-0.704269,0,40.1365,0,2,0,0,1,6,
1325155,-0.456367,-0.416908,-0.689623,0,37.5805,0,2,0,0,1,6,
1325195,-0.457454,-0.414921,-0.675351,0,33.1028,0,2,0,0,1,6,
1325235,-0.458839,-0.412477,-0.66417,0,28.1211,0,2,0,0,1,6,
1325275,-0.460624,-0.410262,-0.655732,0,23.1682,0,2,0,0,1,6,
1325316,-0.462373,-0.407633,-0.649224,0,17.9481,0,2,0,0,1,6,
1325356,-0.46498,-0.404518,-0.643633,0,11.628,0,2,0,0,1,6,
1325396,-0.469772,-0.400555,-0.637283,0,3.99981,0,2,0,0,1,6,
1325436,-0.475394,-0.395102,-0.629858,0,0,0,2,0,0,1,6,
1325475,-0.478274,-0.388368,-0.621284,0,0,0,2,0,0,1,6,
1325515,-0.47937,-0.380547,-0.611071,0,0,0,2,0,0,1,6,
1325555,-0.480944,-0.37211,-0.600126,0,0,0,2,0,0,1,6,
1325595,-0.481199,-0.363395,-0.587755,0,0,0,2,0,0,1,6,
1325636,-0.479509,-0.352394,-0.574977,0,0,0,2,0,0,1,6,
1325677,-0.476269,-0.339967,-0.561929,0,0,0,2,0,0,1,6,
1325716,-0.471831,-0.327697,-0.549476,0,0,0,2,0,0,1,6,
1325756,-0.466143,-0.316199,-0.537584,0,0,0,2,0,0,1,6,
1325795,-0.460494,-0.305285,-0.525911,0,0,0,2,0,0,1,6,
1325835,-0.454246,-0.293939,-0.513769,0,0,0,2,0,0,1,6,
1325875,-0.446895,-0.281178,-0.502236,0,0,0,2,0,0,1,6,
1325916,-0.438958,-0.269374,-0.490478,0,0,0,2,0,0,1,6,
1325956,-0.431003,-0.258784,-0.479355,0,0,0,2,0,0,1,6,
1325996,-0.424359,-0.249991,-0.469101,0,0,0,2,0,0,1,6,
1326036,-0.419727,-0.243899,-0.460356,0,0,0,2,0,0,1,6,
1326076,-0.416012,-0.240683,-0.453502,0,0,0,2,0,0,1,6,
1326115,-0.413646,-0.23753,-0.449814,0,0,0,2,0,0,1,6,
1326155,-0.413471,-0.235589,-0.448494,0,0,0,2,0,0,1,6,
1326195,-0.41391,-0.23567,-0.448177,0,0,0,2,0,0,1,6,
1326236,-0.414478,-0.237685,-0.447608,0,0,0,2,0,0,1,6,
1326276,-0.415844,-0.242403,-0.446163,0,0,0,2,0,0,1,6,
1326317,-0.416222,-0.248592,-0.447287,0,0,0,2,0,0,1,6,
1326356,-0.416665,-0.255243,-0.45051,0,0,0,2,0,0,1,6,
1326395,-0.418689,-0.263747,-0.454501,0,0,0,2,0,0,1,6,
1326435,-0.421193,-0.271359,-0.460701,0,0,0,2,0,0,1,6,
1326475,-0.422293,-0.27562,-0.467142,0,0,0,2,0,0,1,6,
1326515,-0.422926,-0.274768,-0.471608,0,0,0,2,0,0,1,6,
1326556,-0.423765,-0.268445,-0.472828,0,0,0,2,0,0,1,6,
1326596,-0.424503,-0.256434,-0.468987,0,0,0,2,0,0,1,6,
1326637,-0.423396,-0.240219,-0.459822,0,0,0,2,0,0,1,6,
1326676,-0.419026,-0.219111,-0.447071,0,0,0,2,0,0,1,6,
1326715,-0.409994,-0.194555,-0.433122,0,0,0,2,0,0,1,6,
1326756,-0.395436,-0.165127,-0.417928,0,0,0,2,0,0,1,6,
1326795,-0.377902,-0.135539,-0.404656,0,0,0,2,0,0,1,6,
1326835,-0.359419,-0.107048,-0.393244,0,0,0,2,0,0,1,6,
1326877,-0.3381,-0.0807449,-0.38563,0,0,0,2,0,0,1,6,
1326916,-0.319859,-0.0554357,-0.377906,0,0,0,2,0,0,1,6,
1326957,-0.304592,-0.0303306,-0.372522,0,0,0,2,0,0,1,6,
1326996,-0.292774,-0.00665401,-0.370914,0,0,0,2,0,0,1,6,
1327035,-0.282227,0.0146551,-0.370003,0,0,0,2,0,0,1,6,
1327075,-0.274487,0.0319192,-0.370708,0,0,0,2,0,0,1,6,
1327115,-0.26986,0.0435778,-0.372553,0,0,0,2,0,0,1,6,
1327155,-0.267379,0.051789,-0.374178,0,0,0,2,0,0,1,6,
1327196,-0.265476,0.0559306,-0.374052,0,0,0,2,0,0,1,6,
1327237,-0.263676,0.0572525,-0.373598,0,0,0,2,0,0,1,6,
1327277,-0.262492,0.0575301,-0.37393,0,0,0,2,0,0,1,6,
1327316,-0.26094,0.0564477,-0.373901,0,0,0,2,0,0,1,6,
1327355,-0.259997,0.0535042,-0.374011,0,0,0,2,0,0,1,6,
1327395,-0.259525,0.0488072,-0.373937,0,0,0,2,0,0,1,6,
1327435,-0.260125,0.0425682,-0.37357,0,0,0,2,0,0,1,6,
1327475,-0.260897,0.0361486,-0.373447,0,0,0,2,0,0,1,6,
1327516,-0.000110815,-0.150396,-0.600047,0,0,0,2,0,0,1,6,
1327556,-0.00102571,-0.15548,-0.600361,0,0,0,2,0,0,1,6,
1327596,-0.00152576,-0.159789,-0.600925,0,0,0,2,0,0,1,6,
1327636,-0.00156587,-0.163283,-0.601692,0,0,0,2,0,0,1,6,
1327675,-0.00122911,-0.165799,-0.602273,0,0,0,2,0,0,1,6,
1327715,-0.000278943,-0.167827,-0.60303,0,0,0,2,0,0,1,6,
1327755,4.24365e-005,-0.170725,-0.603561,0,0,0,2,0,0,1,6,
1327796,-0.000122427,-0.175977,-0.605275,0,0,0,2,0,0,1,6,
1327836,-0.000139456,-0.184511,-0.607505,0,0,0,2,0,0,1,6,
1327876,-0.000745611,-0.196996,-0.61077,0,0,0,2,0,0,1,6,
1327916,-0.00144049,-0.213131,-0.614325,0,0,0,2,0,0,1,6,
1327956,-0.00211584,-0.233261,-0.61972,0,0,0,2,0,0,1,6,
1327995,-0.00295344,-0.255249,-0.625768,0,0,0,2,0,0,1,6,
1328035,-0.00437662,-0.278337,-0.632345,0,0,0,2,0,0,1,6,
1328076,-0.00450863,-0.29884,-0.64153,7.47362,14.0864,-4.64569,2,0,0,1,6,
1328117,3.93018e-006,-0.316955,-0.652735,11.4778,16.3689,-8.47146,2,0,0,1,6,
1328157,0.000748957,-0.337396,-0.662843,5.42303,5.44233,-4.39097,2,0,0,1,6,
1328197,-0.00443122,-0.362284,-0.673607,3.24936,1.90064,-2.92352,2,0,0,1,6,
1328237,-0.0105686,-0.387801,-0.686748,0.101705,0.0334335,-0.0987355,2,0,0,1,6,
1328275,-0.0175272,-0.408532,-0.700329,0,2.87377,0,2,0,0,1,6,
1328315,-0.02307,-0.419102,-0.710526,0,28.7182,0,2,0,0,1,6,
1328355,-0.0257952,-0.425083,-0.717023,0,45.4827,0,2,0,0,1,6,
1328395,-0.0329659,-0.434196,-0.721236,0,61.7741,0,2,0,0,1,6,
1328436,-0.0390989,-0.442861,-0.723219,0,82.0579,0,2,0,0,1,6,
1328476,-0.0402917,-0.450227,-0.725374,0,99.169,0,2,0,0,1,6,
1328516,-0.0414793,-0.457568,-0.726842,0,116.06,0,2,0,0,1,6,
1328556,-0.0420006,-0.461536,-0.727103,0,128.969,0,2,0,0,1,6,
1328595,-0.0756726,-0.433488,-0.694501,0,111.933,0,2,0,0,1,6,
1328635,-0.0936884,-0.444177,-0.694229,0,76.0165,0,2,0,0,1,6,
1328675,-0.106305,-0.453939,-0.702736,0,109.646,0,2,0,0,1,6,
1328715,-0.126369,-0.441415,-0.691961,0,101.238,0,2,0,0,1,6,
1328757,-0.133328,-0.448446,-0.697477,0,94.9218,0,2,0,0,1,6,
1328796,-0.154595,-0.442329,-0.689675,0,100.746,0,2,0,0,1,6,
1328837,-0.163954,-0.444039,-0.690262,0,91.8181,0,2,0,0,1,6,
1328876,-0.166267,-0.444447,-0.689896,0,94.7811,0,2,0,0,1,6,
1328916,-0.165774,-0.444823,-0.68937,0,95.8745,0,2,0,0,1,6,
1328956,-0.164624,-0.445357,-0.688254,0,96.9518,0,2,0,0,1,6,
1328995,-0.163489,-0.44584,-0.687086,0,98.085,0,2,0,0,1,6,
1329036,-0.162727,-0.446288,-0.686788,0,99.2515,0,2,0,0,1,6,
1329076,-0.162711,-0.446038,-0.68708,0,99.553,0,2,0,0,1,6,
1329116,-0.163177,-0.444789,-0.688412,0,97.8864,0,2,0,0,1,6,
1329156,-0.164481,-0.443628,-0.690063,0,95.1754,0,2,0,0,1,6,
1329196,-0.165249,-0.44224,-0.691393,0,92.4901,0,2,0,0,1,6,
1329236,-0.164532,-0.440473,-0.692141,0,89.1028,0,2,0,0,1,6,
1329275,-0.160645,-0.437307,-0.692704,0,83.8553,0,2,0,0,1,6,
1329315,-0.15359,-0.433746,-0.692074,0,76.3104,0,2,0,0,1,6,
1329355,-0.144848,-0.430343,-0.690213,0,68.7167,0,2,0,0,1,6,
1329396,-0.135404,-0.426628,-0.687836,0,60.8983,0,2,0,0,1,6,
1329437,-0.127082,-0.422894,-0.685144,0,52.6408,0,2,0,0,1,6,
1329477,-0.121495,-0.420465,-0.683592,0,45.4156,0,2,0,0,1,6,
1329516,-0.120032,-0.419858,-0.683209,0,41.8962,0,2,0,0,1,6,
1329555,-0.120032,-0.419858,-0.683209,0,41.488,0,2,0,0,1,6,
1329595,-0.120039,-0.419899,-0.683249,0,41.4996,0,2,0,0,1,6,
1329636,-0.12039,-0.420615,-0.683388,0,41.9197,0,2,0,0,1,6,
1329676,-0.122657,-0.423621,-0.684755,0,45.8142,0,2,0,0,1,6,
1329716,-0.125667,-0.428592,-0.688847,0,54.4712,0,2,0,0,1,6,
1329756,-0.129035,-0.433882,-0.695368,0,66.1853,0,2,0,0,1,6,
1329796,-0.132801,-0.438077,-0.702155,0,76.3547,0,2,0,0,1,6,
1329837,-0.138055,-0.442941,-0.709758,0.197239,85.5706,1.50195,2,0,0,1,6,
1329876,-0.145111,-0.447714,-0.715687,0.809633,93.7364,7.02139,2,0,0,1,6,
1329916,-0.153602,-0.451831,-0.719816,0.775434,102.668,9.13333,2,0,0,1,6,
1329956,-0.160399,-0.454502,-0.721524,0.352051,111.378,6.72066,2,0,0,1,6,
1329997,-0.162884,-0.45612,-0.721586,0.0439616,118.82,1.22888,2,0,0,1,6,
1330037,-0.164022,-0.457964,-0.721249,0,122.933,0,2,0,0,1,6,
1330076,-0.198543,-0.4276,-0.688024,0,99.4529,0,2,0,0,1,6,
1330116,-0.205098,-0.437675,-0.696241,0,67.5241,0,2,0,0,1,6,
1330155,-0.206239,-0.442474,-0.707569,0,86.8017,0,2,0,0,1,6,
1330195,-0.205789,-0.444212,-0.715769,0,93.1805,0,2,0,0,1,6,
1330235,-0.206641,-0.445222,-0.720281,0,96.2523,0,2,0,0,1,6,
1330275,-0.208746,-0.445467,-0.721199,0,97.5868,0,2,0,0,1,6,
1330316,-0.20961,-0.444751,-0.720197,0,97.2109,0,2,0,0,1,6,
1330356,-0.210237,-0.443456,-0.716454,0,95.209,0,2,0,0,1,6,
1330396,-0.210944,-0.439548,-0.70985,0,90.1714,0,2,0,0,1,6,
1330436,-0.210817,-0.433907,-0.700149,0,79.1884,0,2,0,0,1,6,
1330475,-0.211245,-0.428474,-0.687876,0,66.9077,0,2,0,0,1,6,
1330515,-0.214283,-0.423789,-0.675327,0,55.5844,0,2,0,0,1,6,
1330555,-0.21655,-0.420755,-0.666727,0,46.8584,0,2,0,0,1,6,
1330595,-0.217522,-0.419187,-0.661808,0,41.6552,0,2,0,0,1,6,
1330637,-0.217933,-0.419171,-0.661017,0,39.7486,0,2,0,0,1,6,
1330676,-0.219475,-0.421345,-0.663493,0,41.5547,0,2,0,0,1,6,
1330716,-0.224846,-0.427189,-0.673234,0,49.9206,0,2,0,0,1,6,
1330756,-0.232562,-0.434656,-0.687221,0,65.13,0,2,0,0,1,6,
1330795,-0.239494,-0.440565,-0.700384,0,80.1326,0,2,0,0,1,6,
1330836,-0.245066,-0.445038,-0.710602,0,91.8796,0,2,0,0,1,6,
1330875,-0.250437,-0.447488,-0.715505,0,99.7147,0,2,0,0,1,6,
1330915,-0.254789,-0.448532,-0.716924,0,103.419,0,2,0,0,1,6,
1330957,-0.255755,-0.448556,-0.716695,0,104.846,0,2,0,0,1,6,
1330996,-0.255974,-0.447757,-0.712739,0,104.158,0,2,0,0,1,6,
1331037,-0.255423,-0.444227,-0.704561,0,100.176,0,2,0,0,1,6,
1331076,-0.255066,-0.438246,-0.692311,0,89.297,0,2,0,0,1,6,
1331115,-0.25644,-0.432038,-0.6793,0,75.8209,0,2,0,0,1,6,
1331155,-0.258982,-0.42648,-0.665888,0,62.5216,0,2,0,0,1,6,
1331195,-0.26105,-0.422257,-0.6551,0,51.4696,0,2,0,0,1,6,
1331235,-0.262103,-0.419902,-0.648845,0,44.2143,0,2,0,0,1,6,
1331277,-0.263004,-0.418983,-0.648285,0,40.5011,0,2,0,0,1,6,
1331316,-0.266244,-0.419184,-0.654201,0,39.1546,0,2,0,0,1,6,
1331356,-0.271803,-0.421303,-0.667373,0,41.8583,0,2,0,0,1,6,
1331396,-0.278619,-0.423595,-0.683087,0,47.4921,0,2,0,0,1,6,
1331435,-0.283216,-0.423881,-0.695243,0,50.1543,0,2,0,0,1,6,
1331475,-0.285737,-0.424679,-0.703958,0,50.9093,0,2,0,0,1,6,
1331515,-0.286426,-0.426163,-0.709229,0,53.4235,0,2,0,0,1,6,
1331555,-0.284924,-0.428439,-0.713344,0,57.4215,0,2,0,0,1,6,
1331596,-0.282191,-0.431512,-0.717309,0,63.321,0,2,0,0,1,6,
1331636,-0.27983,-0.434629,-0.720504,0,70.2107,0,2,0,0,1,6,
1331676,-0.278461,-0.437752,-0.722816,0,77.101,0,2,0,0,1,6,
1331716,-0.27772,-0.440212,-0.724403,0,83.4478,0,2,0,0,1,6,
1331755,-0.276273,-0.442196,-0.725623,0,88.1223,0,2,0,0,1,6,
1331795,-0.273683,-0.444631,-0.726062,0,92.9725,0,2,0,0,1,6,
1331835,-0.268783,-0.44806,-0.726525,0,99.1781,0,2,0,0,1,6,
1331876,-0.261971,-0.451597,-0.727781,0,107.265,0,2,0,0,1,6,
1331917,-0.253564,-0.454275,-0.72833,-0.139439,113.463,1.69868,2,0,0,1,6,
1331957,-0.246785,-0.455864,-0.727747,-0.195708,116.65,4.46625,2,0,0,1,6,
1331997,-0.243928,-0.457036,-0.727165,-0.0820139,118.839,5.99014,2,0,0,1,6,
1332036,-0.242925,-0.457773,-0.726529,-0.0166953,120.096,7.4809,2,0,0,1,6,
1332076,-0.24159,-0.458531,-0.725661,0.0486049,121.074,8.46824,2,0,0,1,6,
1332116,-0.239774,-0.459512,-0.725148,0.139301,122.93,8.46935,2,0,0,1,6,
1332156,-0.238521,-0.460365,-0.725396,0.235417,124.678,8.78031,2,0,0,1,6,
1332197,-0.236423,-0.46184,-0.726776,0.339586,126.49,9.40605,2,0,0,1,6,
1332237,-0.235782,-0.460898,-0.728447,0.623495,129.352,11.3463,2,0,0,1,6,
1332276,-0.27728,-0.418292,-0.693677,0.0681737,82.6415,4.11361,2,0,0,1,6,
1332317,-0.273758,-0.427838,-0.719245,-0.438298,48.9693,2.61126,2,0,0,1,6,
1332356,-0.274127,-0.434266,-0.73949,-5.7868,52.499,31.9732,2,0,0,1,6,
1332396,-0.281311,-0.438576,-0.747208,-10.4192,54.9413,47.8511,2,0,0,1,6,
1332436,-0.291353,-0.439816,-0.750687,-11.7113,63.5169,41.4318,2,0,0,1,6,
1332476,-0.299377,-0.439864,-0.748683,-9.98859,71.668,28.8961,2,0,0,1,6,
1332517,-0.300773,-0.437491,-0.74184,-3.69909,78.8808,9.96542,2,0,0,1,6,
1332557,-0.299387,-0.433608,-0.73203,0,76.5914,0,2,0,0,1,6,
1332596,-0.300582,-0.429785,-0.719859,0,67.6547,0,2,0,0,1,6,
1332636,-0.302438,-0.427568,-0.709949,0,60.7453,0,2,0,0,1,6,
1332675,-0.303136,-0.426364,-0.706018,0,57.0926,0,2,0,0,1,6,
1332715,-0.303071,-0.42614,-0.70605,0,55.4907,0,2,0,0,1,6,
1332755,-0.303804,-0.425816,-0.707355,0,55.0661,0,2,0,0,1,6,
1332795,-0.306033,-0.425697,-0.711708,0,54.3242,0,2,0,0,1,6,
1332837,-0.311069,-0.427207,-0.719029,0,55.6555,0,2,0,0,1,6,
1332876,-0.316473,-0.429249,-0.728603,0,59.5784,0,2,0,0,1,6,
1332916,-0.317801,-0.431256,-0.740546,0,64.1821,0,2,0,0,1,6,
1332957,-0.316977,-0.433204,-0.753818,0,68.4089,0,2,0,0,1,6,
1332995,-0.316824,-0.435211,-0.766633,0,73.1036,0,2,0,0,1,6,
1333035,-0.316553,-0.436456,-0.776568,0,76.5897,0,2,0,0,1,6,
1333075,-0.316749,-0.436563,-0.78268,0,78.2252,0,2,0,0,1,6,
1333115,-0.317619,-0.43624,-0.785945,0,77.9187,0,2,0,0,1,6,
1333156,-0.318135,-0.435907,-0.787294,0,77.2132,0,2,0,0,1,6,
1333197,-0.318099,-0.435906,-0.787295,0,76.7993,0,2,0,0,1,6,
1333236,-0.318097,-0.435908,-0.78709,0,76.7679,0,2,0,0,1,6,
1333276,-0.318034,-0.435971,-0.785876,0,76.8162,0,2,0,0,1,6,
1333315,-0.317936,-0.43607,-0.784559,0,77.0076,0,2,0,0,1,6,
1333355,-0.31783,-0.436175,-0.784251,0,77.2889,0,2,0,0,1,6,
1333395,-0.317556,-0.436384,-0.783977,0,77.5608,0,2,0,0,1,6,
1333435,-0.317394,-0.437426,-0.782676,0,78.5633,0,2,0,0,1,6,
1333476,-0.317987,-0.439488,-0.781203,0,82.1714,0,2,0,0,1,6,
1333516,-0.318198,-0.442098,-0.781159,0,87.0738,0,2,0,0,1,6,
1333556,-0.317317,-0.445502,-0.782681,0,93.6673,0,2,0,0,1,6,
1333596,-0.3146,-0.44818,-0.785715,0,100.799,0,2,0,0,1,6,
1333635,-0.313202,-0.450384,-0.788918,0,106.026,0,2,0,0,1,6,
1333675,-0.313643,-0.451559,-0.791123,0,110.006,0,2,0,0,1,6,
1333715,-0.314023,-0.45221,-0.791331,0,111.889,0,2,0,0,1,6,
1333756,-0.314435,-0.453038,-0.790526,0,113.444,0,2,0,0,1,6,
1333796,-0.31405,-0.453415,-0.79007,0,114.89,0,2,0,0,1,6,
1333837,-0.313273,-0.454092,-0.789073,0,115.883,0,2,0,0,1,6,
1333876,-0.312685,-0.454992,-0.787932,0,117.854,0,2,0,0,1,6,
1333916,-0.312781,-0.455192,-0.787698,0,119.008,0,2,0,0,1,6,
1333955,-0.31286,-0.455547,-0.787408,0,119.481,0,2,0,0,1,6,
1333995,-0.313897,-0.456619,-0.78682,0,120.935,0,2,0,0,1,6,
1334035,-0.333441,-0.439119,-0.768343,0,115.827,0,2,0,0,1,6,
1334076,-0.351416,-0.431423,-0.755477,0,65.1381,0,2,0,0,1,6,
1334116,-0.358247,-0.434077,-0.7615,0,70.0433,0,2,0,0,1,6,
1334156,-0.360023,-0.434891,-0.762906,0,73.6058,0,2,0,0,1,6,
1334196,-0.360172,-0.436326,-0.761599,0,75.6561,0,2,0,0,1,6,
1334235,-0.359636,-0.437966,-0.759647,0,79.5824,0,2,0,0,1,6,
1334275,-0.358614,-0.439001,-0.757034,0,82.4147,0,2,0,0,1,6,
1334315,-0.359595,-0.439123,-0.751408,0,83.9547,0,2,0,0,1,6,
1334355,-0.360793,-0.437334,-0.741271,0,82.4908,0,2,0,0,1,6,
1334396,-0.359704,-0.434105,-0.728802,0,77.0293,0,2,0,0,1,6,
1334436,-0.357984,-0.4309,-0.717127,0,69.5964,0,2,0,0,1,6,
1334477,-0.356731,-0.428192,-0.708331,0,63.0033,0,2,0,0,1,6,
1334516,-0.355815,-0.425523,-0.701265,0,57.3081,0,2,0,0,1,6,
1334555,-0.35493,-0.422731,-0.694126,0,51.1581,0,2,0,0,1,6,
1334595,-0.354815,-0.41953,-0.686678,0,44.7034,0,2,0,0,1,6,
1334635,-0.354699,-0.415929,-0.680067,0,37.1409,0,2,0,0,1,6,
1334675,-0.354293,-0.413853,-0.675912,0,30.5886,0,2,0,0,1,6,
1334716,-0.353091,-0.413257,-0.673275,0,27.6933,0,2,0,0,1,6,
1334756,-0.351493,-0.411942,-0.673631,0,25.8871,0,2,0,0,1,6,
1334796,-0.349107,-0.410051,-0.674878,0,22.2992,0,2,0,0,1,6,
1334837,-0.346348,-0.407238,-0.670555,0,17.0023,0,2,0,0,1,6,
1334875,-0.347699,-0.400383,-0.651893,0,8.22543,0,2,0,0,1,6,
1334916,-0.355402,-0.397744,-0.603468,0,0,0,2,0,0,1,6,
1334956,-0.367742,-0.403757,-0.530795,0,1.53346,0,2,0,0,1,6,
1334995,-0.397707,-0.403695,-0.445533,0,8.00568,0,2,0,0,1,6,
1335037,-0.440961,-0.403704,-0.346452,0,5.30048,0,2,0,0,1,6,
1335077,-0.483597,-0.411281,-0.233374,-4.89575,8.53693,-15.6432,2,0,0,1,6,
