milisec,RacketX,RacketY,RacketZ,forceX,forceX,forceX,ForceRatio,FriendPoint,EnemyPoint,haptics,scene
282447767,0,0,0,7482.18,4004.44,-8300.85,7.8,0,0,0,0,
282447797,-1.49155,-0.88,1.48717,1567.37,843.04,-1735.67,1.6,0,0,0,0,
282447809,-1.49155,-0.88,1.48717,587.763,316.14,-650.875,0.6,0,0,0,0,
282447849,-1.49155,-0.88,1.48717,1959.21,1053.8,-2169.58,2,0,0,0,0,
282447891,-1.49155,-0.88,1.48717,1959.21,1053.8,-2169.58,2,0,0,0,0,
282447930,-1.49155,-0.88,1.48717,1959.21,1053.8,-2169.58,2,0,0,0,0,
282447969,-1.49155,-0.88,1.48717,1959.21,1053.8,-2169.58,2,0,0,0,0,
282448021,-1.49155,-0.88,1.48717,2546.97,1369.94,-2820.46,2.6,0,0,0,0,
282448049,-1.49155,-0.88,1.48717,1371.45,737.66,-1518.71,1.4,0,0,0,0,
282448091,-1.49155,-0.88,1.48717,1959.21,1053.8,-2169.58,2,0,0,0,0,
282448129,-1.49155,-0.88,1.48717,1959.21,1053.8,-2169.58,2,0,0,0,0,
282448169,-1.49155,-0.88,1.48717,1959.21,1053.8,-2169.58,2,0,0,0,0,
282448210,-1.49155,-0.88,1.48717,1959.21,1053.8,-2169.58,2,0,0,0,0,
282448249,-1.49155,-0.88,1.48717,1959.21,1053.8,-2169.58,2,0,0,0,0,
282448289,-1.49155,-0.88,1.48717,1959.21,1053.8,-2169.58,2,0,0,0,0,
282448329,-1.49155,-0.88,1.48717,1959.21,1053.8,-2169.58,2,0,0,0,0,
282448369,-1.49155,-0.88,1.48717,1959.21,1053.8,-2169.58,2,0,0,0,0,
282448409,-1.49155,-0.88,1.48717,1959.21,1053.8,-2169.58,2,0,0,0,0,
282448449,-1.49155,-0.88,1.48717,1959.21,1053.8,-2169.58,2,0,0,0,0,
282448489,-1.49155,-0.88,1.48717,1959.21,1053.8,-2169.58,2,0,0,0,0,
282448530,-1.49155,-0.88,1.48717,1959.21,1053.8,-2169.58,2,0,0,0,0,
282448569,-1.49155,-0.88,1.48717,1959.21,1053.8,-2169.58,2,0,0,0,0,
282448609,-1.49155,-0.88,1.48717,1959.21,1053.8,-2169.58,2,0,0,0,0,
282448649,-1.49155,-0.88,1.48717,1959.21,1053.8,-2169.58,2,0,0,0,0,
282448689,-1.49155,-0.88,1.48717,1959.21,1053.8,-2169.58,2,0,0,0,0,
282448729,-1.49155,-0.88,1.48717,1959.21,1053.8,-2169.58,2,0,0,0,0,
282448769,-1.49155,-0.88,1.48717,1959.21,1053.8,-2169.58,2,0,0,0,0,
282448809,-1.49155,-0.88,1.48717,1959.21,1053.8,-2169.58,2,0,0,0,0,
282448850,-1.49155,-0.88,1.48717,1959.21,1053.8,-2169.58,2,0,0,0,0,
282448889,-1.49155,-0.88,1.48717,1959.21,1053.8,-2169.58,2,0,0,0,0,
282448929,-1.49155,-0.88,1.48717,1959.21,1053.8,-2169.58,2,0,0,0,0,
282448969,-1.49155,-0.88,1.48717,1959.21,1053.8,-2169.58,2,0,0,0,0,
282449009,-1.49155,-0.88,1.48717,1959.21,1053.8,-2169.58,2,0,0,0,0,
282449049,-1.49155,-0.88,1.48717,1959.21,1053.8,-2169.58,2,0,0,0,0,
282449089,-1.49155,-0.88,1.48717,1959.21,1053.8,-2169.58,2,0,0,0,0,
282449129,-1.49155,-0.88,1.48717,1959.21,1053.8,-2169.58,2,0,0,0,0,
282449170,-1.49155,-0.88,1.48717,1959.21,1053.8,-2169.58,2,0,0,0,0,
282449209,-1.49155,-0.88,1.48717,1959.21,1053.8,-2169.58,2,0,0,0,0,
282449249,-1.49155,-0.88,1.48717,1959.21,1053.8,-2169.58,2,0,0,0,0,
282449289,-1.49155,-0.88,1.48717,1959.21,1053.8,-2169.58,2,0,0,0,0,
282449329,-1.49155,-0.88,1.48717,1959.21,1053.8,-2169.58,2,0,0,0,0,
282449369,-1.49155,-0.88,1.48717,1959.21,1053.8,-2169.58,2,0,0,0,0,
282449409,-1.49155,-0.88,1.48717,1959.21,1053.8,-2169.58,2,0,0,0,0,
282449450,-1.49155,-0.88,1.48717,1959.21,1053.8,-2169.58,2,0,0,0,0,
282449490,-1.49155,-0.88,1.48717,1959.21,1053.8,-2169.58,2,0,0,0,0,
282449529,-1.49155,-0.88,1.48717,1959.21,1053.8,-2169.58,2,0,0,0,0,
282449569,-1.49155,-0.88,1.48717,1959.21,1053.8,-2169.58,2,0,0,0,0,
282449609,-1.49155,-0.88,1.48717,1959.21,1053.8,-2169.58,2,0,0,0,0,
282449649,-1.49155,-0.88,1.48717,1959.21,1053.8,-2169.58,2,0,0,0,0,
282449689,-1.49155,-0.88,1.48717,1959.21,1053.8,-2169.58,2,0,0,0,0,
282449729,-1.49155,-0.88,1.48717,1959.21,1053.8,-2169.58,2,0,0,0,0,
282449770,-1.49155,-0.88,1.48717,1959.21,1053.8,-2169.58,2,0,0,0,0,
282449811,-1.49155,-0.88,1.48717,1959.21,1053.8,-2169.58,2,0,0,0,0,
282449849,-1.49155,-0.88,1.48717,1959.21,1053.8,-2169.58,2,0,0,0,0,
282449889,-1.49155,-0.88,1.48717,1959.21,1053.8,-2169.58,2,0,0,0,0,
282449929,-1.49155,-0.88,1.48717,1959.21,1053.8,-2169.58,2,0,0,0,0,
282449969,-1.49155,-0.88,1.48717,1959.21,1053.8,-2169.58,2,0,0,0,0,
282450009,-1.49155,-0.88,1.48717,1959.21,1053.8,-2169.58,2,0,0,0,0,
282450049,-1.49155,-0.88,1.48717,1959.21,1053.8,-2169.58,2,0,0,0,0,
282450090,-1.49155,-0.88,1.48717,1959.21,1053.8,-2169.58,2,0,0,0,0,
282450129,-1.49155,-0.88,1.48717,1959.21,1053.8,-2169.58,2,0,0,0,0,
282450169,-1.49155,-0.88,1.48717,1959.21,1053.8,-2169.58,2,0,0,0,0,
282450209,-1.49155,-0.88,1.48717,1959.21,1053.8,-2169.58,2,0,0,0,0,
282450249,-1.49155,-0.88,1.48717,1959.21,1053.8,-2169.58,2,0,0,0,0,
282450289,-1.49155,-0.88,1.48717,1959.21,1053.8,-2169.58,2,0,0,0,0,
282450329,-1.49155,-0.88,1.48717,1959.21,1053.8,-2169.58,2,0,0,0,0,
282450369,-1.49155,-0.88,1.48717,1959.21,1053.8,-2169.58,2,0,0,0,0,
282450410,-1.49155,-0.88,1.48717,1959.21,1053.8,-2169.58,2,0,0,0,0,
282450449,-1.49155,-0.88,1.48717,1959.21,1053.8,-2169.58,2,0,0,0,0,
282450489,-1.49155,-0.88,1.48717,1959.21,1053.8,-2169.58,2,0,0,0,0,
282450529,-1.49155,-0.88,1.48717,1959.21,1053.8,-2169.58,2,0,0,0,0,
282450569,-1.49155,-0.88,1.48717,1959.21,1053.8,-2169.58,2,0,0,0,0,
282450609,-1.49155,-0.88,1.48717,1959.21,1053.8,-2169.58,2,0,0,0,0,
282450649,-1.49155,-0.88,1.48717,1959.21,1053.8,-2169.58,2,0,0,0,0,
282450689,-1.49155,-0.88,1.48717,1959.21,1053.8,-2169.58,2,0,0,0,0,
282450730,-1.49155,-0.88,1.48717,1959.21,1053.8,-2169.58,2,0,0,0,0,
282450769,-1.49155,-0.88,1.48717,1959.21,1053.8,-2169.58,2,0,0,0,0,
282450809,-1.49155,-0.88,1.48717,1959.21,1053.8,-2169.58,2,0,0,0,0,
282450849,-1.49155,-0.88,1.48717,1959.21,1053.8,-2169.58,2,0,0,0,0,
282450889,-1.49155,-0.88,1.48717,1959.21,1053.8,-2169.58,2,0,0,0,0,
282450929,-1.49155,-0.88,1.48717,1959.21,1053.8,-2169.58,2,0,0,0,0,
282450969,-1.49155,-0.88,1.48717,1959.21,1053.8,-2169.58,2,0,0,0,0,
282451009,-1.49155,-0.88,1.48717,1959.21,1053.8,-2169.58,2,0,0,0,0,
282451050,-1.49155,-0.88,1.48717,1959.21,1053.8,-2169.58,2,0,0,0,0,
282451089,-1.49155,-0.88,1.48717,1959.21,1053.8,-2169.58,2,0,0,0,0,
282451129,-1.49155,-0.88,1.48717,1959.21,1053.8,-2169.58,2,0,0,0,0,
282451169,-1.49155,-0.88,1.48717,1959.21,1053.8,-2169.58,2,0,0,0,0,
282451209,-1.49155,-0.88,1.48717,1959.21,1053.8,-2169.58,2,0,0,0,0,
282451249,-1.49155,-0.88,1.48717,1959.21,1053.8,-2169.58,2,0,0,0,0,
282451289,-1.49155,-0.88,1.48717,1959.21,1053.8,-2169.58,2,0,0,0,0,
282451330,-1.49155,-0.88,1.48717,1959.21,1053.8,-2169.58,2,0,0,0,0,
282451370,-1.49155,-0.88,1.48717,1959.21,1053.8,-2169.58,2,0,0,0,0,
282451409,-1.49155,-0.88,1.48717,1959.21,1053.8,-2169.58,2,0,0,0,0,
282451449,-1.49155,-0.88,1.48717,1959.21,1053.8,-2169.58,2,0,0,0,0,
282451489,-1.49155,-0.88,1.48717,1959.21,1053.8,-2169.58,2,0,0,0,0,
282451529,-1.49155,-0.88,1.48717,1959.21,1053.8,-2169.58,2,0,0,0,0,
282451569,-1.49155,-0.88,1.48717,1959.21,1053.8,-2169.58,2,0,0,0,0,
282451609,-1.49155,-0.88,1.48717,1959.21,1053.8,-2169.58,2,0,0,0,0,
282451650,-1.49155,-0.88,1.48717,1959.21,1053.8,-2169.58,2,0,0,0,0,
282451690,-1.49155,-0.88,1.48717,1959.21,1053.8,-2169.58,2,0,0,0,0,
282451729,-1.49155,-0.88,1.48717,1959.21,1053.8,-2169.58,2,0,0,0,0,
282451769,-1.49155,-0.88,1.48717,1959.21,1053.8,-2169.58,2,0,0,0,0,
282451809,-1.49155,-0.88,1.48717,1959.21,1053.8,-2169.58,2,0,0,0,0,
282451849,-1.49155,-0.88,1.48717,1959.21,1053.8,-2169.58,2,0,0,0,0,
282451889,-1.49155,-0.88,1.48717,1959.21,1053.8,-2169.58,2,0,0,0,0,
282451929,-1.49155,-0.88,1.48717,1959.21,1053.8,-2169.58,2,0,0,0,0,
282451970,-1.49155,-0.88,1.48717,1959.21,1053.8,-2169.58,2,0,0,0,0,
282452009,-1.49155,-0.88,1.48717,1959.21,1053.8,-2169.58,2,0,0,0,0,
282452049,-1.49155,-0.88,1.48717,1959.21,1053.8,-2169.58,2,0,0,0,0,
282452089,-1.49155,-0.88,1.48717,1959.21,1053.8,-2169.58,2,0,0,0,0,
282452129,-1.49155,-0.88,1.48717,1959.21,1053.8,-2169.58,2,0,0,0,0,
282452169,-1.49155,-0.88,1.48717,1959.21,1053.8,-2169.58,2,0,0,0,0,
282452209,-1.49155,-0.88,1.48717,1959.21,1053.8,-2169.58,2,0,0,0,0,
282452249,-1.49155,-0.88,1.48717,1959.21,1053.8,-2169.58,2,0,0,0,0,
282452290,-1.49155,-0.88,1.48717,1959.21,1053.8,-2169.58,2,0,0,0,0,
282452329,-1.49155,-0.88,1.48717,1959.21,1053.8,-2169.58,2,0,0,0,0,
282452369,-1.49155,-0.88,1.48717,1959.21,1053.8,-2169.58,2,0,0,0,0,
282452409,-1.49155,-0.88,1.48717,1959.21,1053.8,-2169.58,2,0,0,0,0,
282452449,-1.49155,-0.88,1.48717,1959.21,1053.8,-2169.58,2,0,0,0,0,
282452489,-1.49155,-0.88,1.48717,1959.21,1053.8,-2169.58,2,0,0,0,0,
282452529,-1.49155,-0.88,1.48717,1959.21,1053.8,-2169.58,2,0,0,0,0,
282452569,-1.49155,-0.88,1.48717,1959.21,1053.8,-2169.58,2,0,0,0,0,
282452610,-1.49155,-0.88,1.48717,1959.21,1053.8,-2169.58,2,0,0,0,0,
282452649,-1.49155,-0.88,1.48717,1959.21,1053.8,-2169.58,2,0,0,0,0,
282452689,-1.49155,-0.88,1.48717,1959.21,1053.8,-2169.58,2,0,0,0,0,
282452729,-1.49155,-0.88,1.48717,1959.21,1053.8,-2169.58,2,0,0,0,0,
282452769,-1.49155,-0.88,1.48717,1959.21,1053.8,-2169.58,2,0,0,0,0,
282452809,-1.49155,-0.88,1.48717,1959.21,1053.8,-2169.58,2,0,0,0,0,
282452849,-1.49155,-0.88,1.48717,1959.21,1053.8,-2169.58,2,0,0,0,0,
282452889,-1.49155,-0.88,1.48717,1959.21,1053.8,-2169.58,2,0,0,0,0,
282452930,-1.49155,-0.88,1.48717,1959.21,1053.8,-2169.58,2,0,0,0,0,
282452969,-1.49155,-0.88,1.48717,1959.21,1053.8,-2169.58,2,0,0,0,0,
282453009,-1.49155,-0.88,1.48717,1959.21,1053.8,-2169.58,2,0,0,0,0,
282453049,-1.49155,-0.88,1.48717,1959.21,1053.8,-2169.58,2,0,0,0,0,
282453089,-1.49155,-0.88,1.48717,1959.21,1053.8,-2169.58,2,0,0,0,0,
282453129,-1.49155,-0.88,1.48717,1959.21,1053.8,-2169.58,2,0,0,0,0,
282453169,-1.49155,-0.88,1.48717,1959.21,1053.8,-2169.58,2,0,0,0,0,
282453210,-1.49155,-0.88,1.48717,1959.21,1053.8,-2169.58,2,0,0,0,0,
282453250,-1.49155,-0.88,1.48717,1959.21,1053.8,-2169.58,2,0,0,0,0,
282453289,-1.49155,-0.88,1.48717,1959.21,1053.8,-2169.58,2,0,0,0,0,
282453329,-1.49155,-0.88,1.48717,1959.21,1053.8,-2169.58,2,0,0,0,0,
282453369,-1.49155,-0.88,1.48717,1959.21,1053.8,-2169.58,2,0,0,0,0,
282453409,-1.49155,-0.88,1.48717,1959.21,1053.8,-2169.58,2,0,0,0,0,
282453449,-1.49155,-0.88,1.48717,1959.21,1053.8,-2169.58,2,0,0,0,0,
282453489,-1.49155,-0.88,1.48717,1959.21,1053.8,-2169.58,2,0,0,0,0,
282453530,-1.49155,-0.88,1.48717,1959.21,1053.8,-2169.58,2,0,0,0,0,
282453570,-1.49155,-0.88,1.48717,1959.21,1053.8,-2169.58,2,0,0,0,0,
282453609,-1.49155,-0.88,1.48717,1959.21,1053.8,-2169.58,2,0,0,0,0,
282453649,-1.49155,-0.88,1.48717,1959.21,1053.8,-2169.58,2,0,0,0,0,
282453689,-1.49155,-0.88,1.48717,1959.21,1053.8,-2169.58,2,0,0,0,0,
282453729,-1.49155,-0.88,1.48717,1959.21,1053.8,-2169.58,2,0,0,0,0,
282453769,-1.49155,-0.88,1.48717,1959.21,1053.8,-2169.58,2,0,0,0,0,
282453809,-1.49155,-0.88,1.48717,1959.21,1053.8,-2169.58,2,0,0,0,0,
282453850,-1.49155,-0.88,1.48717,1959.21,1053.8,-2169.58,2,0,0,0,0,
282453890,-1.49155,-0.88,1.48717,1959.21,1053.8,-2169.58,2,0,0,0,0,
282453929,-1.49155,-0.88,1.48717,1959.21,1053.8,-2169.58,2,0,0,0,9,
282453969,-1.49155,-0.88,1.48717,1959.21,1053.8,-2169.58,2,0,0,0,9,
282454009,-1.49155,-0.88,1.48717,1959.21,1053.8,-2169.58,2,0,0,0,9,
282454049,-1.49155,-0.88,1.48717,1959.21,1053.8,-2169.58,2,0,0,0,9,
282454089,-1.49155,-0.88,1.48717,1959.21,1053.8,-2169.58,2,0,0,0,9,
282454129,-1.49155,-0.88,1.48717,1959.21,1053.8,-2169.58,2,0,0,0,9,
282454170,-1.49155,-0.88,1.48717,1959.21,1053.8,-2169.58,2,0,0,0,9,
282454209,-1.49155,-0.88,1.48717,1959.21,1053.8,-2169.58,2,0,0,0,9,
282454249,-1.49155,-0.88,1.48717,1959.21,1053.8,-2169.58,2,0,0,0,9,
282454289,-1.49155,-0.88,1.48717,1959.21,1053.8,-2169.58,2,0,0,0,9,
282454329,-1.49155,-0.88,1.48717,1959.21,1053.8,-2169.58,2,0,0,0,9,
282454369,-1.49155,-0.88,1.48717,1959.21,1053.8,-2169.58,2,0,0,0,9,
282454409,-1.49155,-0.88,1.48717,1959.21,1053.8,-2169.58,2,0,0,0,9,
282454449,-1.49155,-0.88,1.48717,1959.21,1053.8,-2169.58,2,0,0,0,9,
282454490,-1.49155,-0.88,1.48717,1959.21,1053.8,-2169.58,2,0,0,0,9,
282454529,-1.49155,-0.88,1.48717,1959.21,1053.8,-2169.58,2,0,0,0,9,
282454569,-1.49155,-0.88,1.48717,1959.21,1053.8,-2169.58,2,0,0,0,9,
282454609,-1.49155,-0.88,1.48717,1959.21,1053.8,-2169.58,2,0,0,0,9,
282454649,-1.49155,-0.88,1.48717,1959.21,1053.8,-2169.58,2,0,0,0,9,
282454689,-1.49155,-0.88,1.48717,1959.21,1053.8,-2169.58,2,0,0,0,9,
282454729,-1.49155,-0.88,1.48717,1959.21,1053.8,-2169.58,2,0,0,0,9,
282454769,-1.49155,-0.88,1.48717,1959.21,1053.8,-2169.58,2,0,0,0,9,
282454810,-1.49155,-0.88,1.48717,1959.21,1053.8,-2169.58,2,0,0,0,9,
282454849,-1.49155,-0.88,1.48717,1959.21,1053.8,-2169.58,2,0,0,0,9,
282454889,-1.49155,-0.88,1.48717,1959.21,1053.8,-2169.58,2,0,0,0,9,
282454929,-1.49155,-0.88,1.48717,1959.21,1053.8,-2169.58,2,0,0,0,9,
282454969,-1.49155,-0.88,1.48717,1959.21,1053.8,-2169.58,2,0,0,0,9,
282455009,-1.49155,-0.88,1.48717,1959.21,1053.8,-2169.58,2,0,0,0,9,
282455049,-1.49155,-0.88,1.48717,1959.21,1053.8,-2169.58,2,0,0,0,9,
282455090,-1.49155,-0.88,1.48717,1959.21,1053.8,-2169.58,2,0,0,0,9,
282455130,-1.49155,-0.88,1.48717,1959.21,1053.8,-2169.58,2,0,0,0,9,
282455169,-1.49155,-0.88,1.48717,1959.21,1053.8,-2169.58,2,0,0,0,9,
282455209,-1.49155,-0.88,1.48717,1959.21,1053.8,-2169.58,2,0,0,0,9,
282455249,-1.49155,-0.88,1.48717,1959.21,1053.8,-2169.58,2,0,0,0,9,
282455289,-1.49155,-0.88,1.48717,1959.21,1053.8,-2169.58,2,0,0,0,9,
282455329,-1.49155,-0.88,1.48717,1959.21,1053.8,-2169.58,2,0,0,0,9,
282455369,-1.49155,-0.88,1.48717,1959.21,1053.8,-2169.58,2,0,0,0,9,
282455410,-1.49155,-0.88,1.48717,1959.21,1053.8,-2169.58,2,0,0,0,9,
282455450,-1.49155,-0.88,1.48717,1959.21,1053.8,-2169.58,2,0,0,0,9,
282455489,-1.49155,-0.88,1.48717,1959.21,1053.8,-2169.58,2,0,0,0,9,
282455529,-1.49155,-0.88,1.48717,1959.21,1053.8,-2169.58,2,0,0,0,9,
282455569,-1.49155,-0.88,1.48717,1959.21,1053.8,-2169.58,2,0,0,0,9,
282455609,-1.49155,-0.88,1.48717,1959.21,1053.8,-2169.58,2,0,0,0,9,
282455649,-1.49155,-0.88,1.48717,1959.21,1053.8,-2169.58,2,0,0,0,9,
282455689,-1.49155,-0.88,1.48717,1959.21,1053.8,-2169.58,2,0,0,0,9,
282455730,-1.49155,-0.88,1.48717,1959.21,1053.8,-2169.58,2,0,0,0,9,
282455770,-1.49155,-0.88,1.48717,1959.21,1053.8,-2169.58,2,0,0,0,9,
282455809,-1.49155,-0.88,1.48717,1959.21,1053.8,-2169.58,2,0,0,0,9,
282455849,-1.49155,-0.88,1.48717,1959.21,1053.8,-2169.58,2,0,0,0,9,
282455889,-1.49155,-0.88,1.48717,1959.21,1053.8,-2169.58,2,0,0,0,9,
282455929,-1.49155,-0.88,1.48717,1959.21,1053.8,-2169.58,2,0,0,0,9,
282455969,-1.49155,-0.88,1.48717,1959.21,1053.8,-2169.58,2,0,0,0,9,
282456009,-1.49155,-0.88,1.48717,1959.21,1053.8,-2169.58,2,0,0,0,9,
282456050,-1.49155,-0.88,1.48717,1959.21,1053.8,-2169.58,2,0,0,0,9,
282456089,-1.49155,-0.88,1.48717,1959.21,1053.8,-2169.58,2,0,0,0,9,
282456129,-1.49155,-0.88,1.48717,1959.21,1053.8,-2169.58,2,0,0,0,9,
282456169,-1.49155,-0.88,1.48717,1959.21,1053.8,-2169.58,2,0,0,0,9,
282456209,-1.49155,-0.88,1.48717,1959.21,1053.8,-2169.58,2,0,0,0,9,
282456249,-1.49155,-0.88,1.48717,1959.21,1053.8,-2169.58,2,0,0,0,9,
282456289,-1.49155,-0.88,1.48717,1959.21,1053.8,-2169.58,2,0,0,0,9,
282456329,-1.49155,-0.88,1.48717,1959.21,1053.8,-2169.58,2,0,0,0,9,
282456370,-1.49155,-0.88,1.48717,1959.21,1053.8,-2169.58,2,0,0,0,9,
282456409,-1.49155,-0.88,1.48717,1959.21,1053.8,-2169.58,2,0,0,0,9,
282456449,-1.49155,-0.88,1.48717,1959.21,1053.8,-2169.58,2,0,0,0,9,
282456489,-1.49155,-0.88,1.48717,1959.21,1053.8,-2169.58,2,0,0,0,9,
282456529,-1.49155,-0.88,1.48717,1959.21,1053.8,-2169.58,2,0,0,0,9,
282456569,-1.49155,-0.88,1.48717,1959.21,1053.8,-2169.58,2,0,0,0,9,
282456609,-1.49155,-0.88,1.48717,1959.21,1053.8,-2169.58,2,0,0,0,9,
282456649,-1.49155,-0.88,1.48717,1959.21,1053.8,-2169.58,2,0,0,0,9,
282456690,-1.49155,-0.88,1.48717,1959.21,1053.8,-2169.58,2,0,0,0,9,
282456729,-1.49155,-0.88,1.48717,1959.21,1053.8,-2169.58,2,0,0,0,9,
282456769,-1.49155,-0.88,1.48717,1959.21,1053.8,-2169.58,2,0,0,0,9,
282456809,-1.49155,-0.88,1.48717,1959.21,1053.8,-2169.58,2,0,0,0,9,
282456849,-1.49155,-0.88,1.48717,1959.21,1053.8,-2169.58,2,0,0,0,9,
282456889,-1.49155,-0.88,1.48717,1959.21,1053.8,-2169.58,2,0,0,0,9,
282456929,-1.49155,-0.88,1.48717,1959.21,1053.8,-2169.58,2,0,0,0,9,
282456970,-1.49155,-0.88,1.48717,1959.21,1053.8,-2169.58,2,0,0,0,9,
282457010,-1.49155,-0.88,1.48717,1959.21,1053.8,-2169.58,2,0,0,0,9,
282457049,-1.49155,-0.88,1.48717,1959.21,1053.8,-2169.58,2,0,0,0,9,
282457089,-1.49155,-0.88,1.48717,1959.21,1053.8,-2169.58,2,0,0,0,9,
282457129,-1.49155,-0.88,1.48717,1959.21,1053.8,-2169.58,2,0,0,0,9,
282457169,-1.49155,-0.88,1.48717,1959.21,1053.8,-2169.58,2,0,0,0,9,
282457209,-1.49155,-0.88,1.48717,1959.21,1053.8,-2169.58,2,0,0,0,9,
282457249,-1.49155,-0.88,1.48717,1959.21,1053.8,-2169.58,2,0,0,0,9,
282457290,-1.49155,-0.88,1.48717,1959.21,1053.8,-2169.58,2,0,0,0,9,
282457330,-1.49155,-0.88,1.48717,1959.21,1053.8,-2169.58,2,0,0,0,9,
282457369,-1.49155,-0.88,1.48717,1959.21,1053.8,-2169.58,2,0,0,0,9,
282457409,-1.49155,-0.88,1.48717,1959.21,1053.8,-2169.58,2,0,0,0,9,
282457449,-1.49155,-0.88,1.48717,1959.21,1053.8,-2169.58,2,0,0,0,9,
282457489,-1.49155,-0.88,1.48717,1959.21,1053.8,-2169.58,2,0,0,0,9,
282457529,-1.49155,-0.88,1.48717,1959.21,1053.8,-2169.58,2,0,0,0,9,
282457569,-1.49155,-0.88,1.48717,1959.21,1053.8,-2169.58,2,0,0,0,9,
282457610,-1.49155,-0.88,1.48717,1959.21,1053.8,-2169.58,2,0,0,0,9,
282457650,-1.49155,-0.88,1.48717,1959.21,1053.8,-2169.58,2,0,0,0,9,
282457689,-1.49155,-0.88,1.48717,1959.21,1053.8,-2169.58,2,0,0,0,9,
282457729,-1.49155,-0.88,1.48717,1959.21,1053.8,-2169.58,2,0,0,0,9,
282457769,-1.49155,-0.88,1.48717,1959.21,1053.8,-2169.58,2,0,0,0,9,
282457809,-1.49155,-0.88,1.48717,1959.21,1053.8,-2169.58,2,0,0,0,9,
282457849,-1.49155,-0.88,1.48717,1959.21,1053.8,-2169.58,2,0,0,0,9,
282457889,-1.49155,-0.88,1.48717,1959.21,1053.8,-2169.58,2,0,0,0,9,
282457930,-1.49155,-0.88,1.48717,1959.21,1053.8,-2169.58,2,0,0,0,9,
282457969,-1.49155,-0.88,1.48717,1959.21,1053.8,-2169.58,2,0,0,0,9,
282458009,-1.49155,-0.88,1.48717,1959.21,1053.8,-2169.58,2,0,0,0,9,
282458049,-1.49155,-0.88,1.48717,1959.21,1053.8,-2169.58,2,0,0,0,9,
282458089,-1.49155,-0.88,1.48717,1959.21,1053.8,-2169.58,2,0,0,0,9,
282458129,-1.49155,-0.88,1.48717,1959.21,1053.8,-2169.58,2,0,0,0,9,
282458169,-1.49155,-0.88,1.48717,1959.21,1053.8,-2169.58,2,0,0,0,9,
282458209,-1.49155,-0.88,1.48717,1959.21,1053.8,-2169.58,2,0,0,0,9,
282458250,-1.49155,-0.88,1.48717,1959.21,1053.8,-2169.58,2,0,0,0,9,
282458289,-1.49155,-0.88,1.48717,1959.21,1053.8,-2169.58,2,0,0,0,9,
282458329,-1.49155,-0.88,1.48717,1959.21,1053.8,-2169.58,2,0,0,0,9,
282458369,-1.49155,-0.88,1.48717,1959.21,1053.8,-2169.58,2,0,0,0,9,
282458409,-1.49155,-0.88,1.48717,1959.21,1053.8,-2169.58,2,0,0,0,9,
282458449,-1.49155,-0.88,1.48717,1959.21,1053.8,-2169.58,2,0,0,0,9,
282458489,-1.49155,-0.88,1.48717,1959.21,1053.8,-2169.58,2,0,0,0,9,
282458529,-1.49155,-0.88,1.48717,1959.21,1053.8,-2169.58,2,0,0,0,9,
282458570,-1.49155,-0.88,1.48717,1959.21,1053.8,-2169.58,2,0,0,0,9,
282458609,-1.49155,-0.88,1.48717,1959.21,1053.8,-2169.58,2,0,0,0,9,
282458649,-1.49155,-0.88,1.48717,1959.21,1053.8,-2169.58,2,0,0,0,9,
282458689,-1.49155,-0.88,1.48717,1959.21,1053.8,-2169.58,2,0,0,0,9,
282458729,-1.49155,-0.88,1.48717,1959.21,1053.8,-2169.58,2,0,0,0,9,
282458769,-1.49155,-0.88,1.48717,1959.21,1053.8,-2169.58,2,0,0,0,9,
282458809,-1.49155,-0.88,1.48717,1959.21,1053.8,-2169.58,2,0,0,0,9,
282458849,-1.49155,-0.88,1.48717,1959.21,1053.8,-2169.58,2,0,0,0,9,
282458890,-1.49155,-0.88,1.48717,1959.21,1053.8,-2169.58,2,0,0,0,9,
282458929,-1.49155,-0.88,1.48717,1959.21,1053.8,-2169.58,2,0,0,0,9,
282458969,-1.49155,-0.88,1.48717,1959.21,1053.8,-2169.58,2,0,0,0,9,
282459009,-1.49155,-0.88,1.48717,1959.21,1053.8,-2169.58,2,0,0,0,9,
282459049,-1.49155,-0.88,1.48717,1959.21,1053.8,-2169.58,2,0,0,0,9,
282459089,-1.49155,-0.88,1.48717,1959.21,1053.8,-2169.58,2,0,0,0,9,
282459129,-1.49155,-0.88,1.48717,1959.21,1053.8,-2169.58,2,0,0,0,9,
282459170,-1.49155,-0.88,1.48717,1959.21,1053.8,-2169.58,2,0,0,0,9,
282459210,-1.49155,-0.88,1.48717,1959.21,1053.8,-2169.58,2,0,0,0,9,
282459249,-1.49155,-0.88,1.48717,1959.21,1053.8,-2169.58,2,0,0,0,9,
282459289,-1.49155,-0.88,1.48717,1959.21,1053.8,-2169.58,2,0,0,0,9,
282459329,-1.49155,-0.88,1.48717,1959.21,1053.8,-2169.58,2,0,0,0,9,
282459369,-1.49155,-0.88,1.48717,1959.21,1053.8,-2169.58,2,0,0,0,9,
282459409,-1.49155,-0.88,1.48717,1959.21,1053.8,-2169.58,2,0,0,0,9,
282459449,-1.49155,-0.88,1.48717,1959.21,1053.8,-2169.58,2,0,0,0,9,
282459490,-1.49155,-0.88,1.48717,1959.21,1053.8,-2169.58,2,0,0,0,9,
282459530,-1.49155,-0.88,1.48717,1959.21,1053.8,-2169.58,2,0,0,0,9,
282459569,-1.49155,-0.88,1.48717,1959.21,1053.8,-2169.58,2,0,0,0,9,
282459609,-1.49155,-0.88,1.48717,1959.21,1053.8,-2169.58,2,0,0,0,9,
282459649,-1.49155,-0.88,1.48717,1959.21,1053.8,-2169.58,2,0,0,0,9,
282459689,-1.49155,-0.88,1.48717,1959.21,1053.8,-2169.58,2,0,0,0,9,
282459729,-1.49155,-0.88,1.48717,1959.21,1053.8,-2169.58,2,0,0,0,9,
282459769,-1.49155,-0.88,1.48717,1959.21,1053.8,-2169.58,2,0,0,0,9,
282459810,-1.49155,-0.88,1.48717,1959.21,1053.8,-2169.58,2,0,0,0,9,
282459849,-1.49155,-0.88,1.48717,1959.21,1053.8,-2169.58,2,0,0,0,9,
282459889,-1.49155,-0.88,1.48717,1959.21,1053.8,-2169.58,2,0,0,0,9,
282459929,-1.49155,-0.88,1.48717,1959.21,1053.8,-2169.58,2,0,0,0,9,
282459969,-1.49155,-0.88,1.48717,1959.21,1053.8,-2169.58,2,0,0,0,9,
282460009,-1.49155,-0.88,1.48717,1959.21,1053.8,-2169.58,2,0,0,0,9,
282460049,-1.49155,-0.88,1.48717,1959.21,1053.8,-2169.58,2,0,0,0,9,
282460089,-1.49155,-0.88,1.48717,1959.21,1053.8,-2169.58,2,0,0,0,9,
282460130,-1.49155,-0.88,1.48717,1959.21,1053.8,-2169.58,2,0,0,0,2,
282460169,-1.49155,-0.88,1.48717,1959.21,1053.8,-2169.58,2,0,0,0,2,
282460209,-1.49155,-0.88,1.48717,1959.21,1053.8,-2169.58,2,0,0,0,2,
282460249,-1.49155,-0.88,1.48717,1959.21,1053.8,-2169.58,2,0,0,0,2,
282460289,-1.49155,-0.88,1.48717,1959.21,1053.8,-2169.58,2,0,0,0,2,
282460329,-1.49155,-0.88,1.48717,1959.21,1053.8,-2169.58,2,0,0,0,2,
282460369,-1.49155,-0.88,1.48717,1959.21,1053.8,-2169.58,2,0,0,0,2,
282460409,-1.49155,-0.88,1.48717,1959.21,1053.8,-2169.58,2,0,0,0,2,
282460450,-1.49155,-0.88,1.48717,1959.21,1053.8,-2169.58,2,0,0,0,2,
282460489,-1.49155,-0.88,1.48717,1959.21,1053.8,-2169.58,2,0,0,0,2,
282460529,-1.49155,-0.88,1.48717,1959.21,1053.8,-2169.58,2,0,0,0,2,
282460569,-1.49155,-0.88,1.48717,1959.21,1053.8,-2169.58,2,0,0,0,2,
282460609,-1.49155,-0.88,1.48717,1959.21,1053.8,-2169.58,2,0,0,0,2,
282460649,-1.49155,-0.88,1.48717,1959.21,1053.8,-2169.58,2,0,0,0,2,
282460689,-1.49155,-0.88,1.48717,1959.21,1053.8,-2169.58,2,0,0,0,2,
282460729,-1.49155,-0.88,1.48717,1959.21,1053.8,-2169.58,2,0,0,0,2,
282460770,-1.49155,-0.88,1.48717,1959.21,1053.8,-2169.58,2,0,0,0,2,
282460809,-1.49155,-0.88,1.48717,1959.21,1053.8,-2169.58,2,0,0,0,2,
282460849,-1.49155,-0.88,1.48717,1959.21,1053.8,-2169.58,2,0,0,0,2,
282460889,-1.49155,-0.88,1.48717,1959.21,1053.8,-2169.58,2,0,0,0,2,
282460929,-1.49155,-0.88,1.48717,1959.21,1053.8,-2169.58,2,0,0,0,2,
282460969,-1.49155,-0.88,1.48717,1959.21,1053.8,-2169.58,2,0,0,0,2,
282461009,-1.49155,-0.88,1.48717,1959.21,1053.8,-2169.58,2,0,0,0,2,
282461050,-1.49155,-0.88,1.48717,1959.21,1053.8,-2169.58,2,0,0,0,2,
282461090,-1.49155,-0.88,1.48717,1959.21,1053.8,-2169.58,2,0,0,0,2,
282461129,-1.49155,-0.88,1.48717,1959.21,1053.8,-2169.58,2,0,0,0,2,
282461169,-1.49155,-0.88,1.48717,1959.21,1053.8,-2169.58,2,0,0,0,2,
282461209,-1.49155,-0.88,1.48717,1959.21,1053.8,-2169.58,2,0,0,0,2,
282461249,-1.49155,-0.88,1.48717,1959.21,1053.8,-2169.58,2,0,0,0,2,
282461289,-1.49155,-0.88,1.48717,1959.21,1053.8,-2169.58,2,0,0,0,2,
282461329,-1.49155,-0.88,1.48717,1959.21,1053.8,-2169.58,2,0,0,0,2,
282461370,-1.49155,-0.88,1.48717,1959.21,1053.8,-2169.58,2,0,0,0,3,
282461410,-1.49155,-0.88,1.48717,1959.21,1053.8,-2169.58,2,0,0,0,3,
282461449,-1.49155,-0.88,1.48717,1959.21,1053.8,-2169.58,2,0,0,0,3,
282461489,-1.49155,-0.88,1.48717,1959.21,1053.8,-2169.58,2,0,0,0,3,
282461529,-1.49155,-0.88,1.48717,1959.21,1053.8,-2169.58,2,0,0,0,3,
282461569,-1.49155,-0.88,1.48717,1959.21,1053.8,-2169.58,2,0,0,0,9,
282461609,-1.49155,-0.88,1.48717,1959.21,1053.8,-2169.58,2,0,0,0,9,
282461649,-1.49155,-0.88,1.48717,1959.21,1053.8,-2169.58,2,0,0,0,9,
282461690,-1.49155,-0.88,1.48717,1959.21,1053.8,-2169.58,2,0,0,0,9,
282461729,-1.49155,-0.88,1.48717,1959.21,1053.8,-2169.58,2,0,0,0,9,
282461769,-1.49155,-0.88,1.48717,1959.21,1053.8,-2169.58,2,0,0,0,9,
282461809,-1.49155,-0.88,1.48717,1959.21,1053.8,-2169.58,2,0,0,0,9,
282461849,-1.49155,-0.88,1.48717,1959.21,1053.8,-2169.58,2,0,0,0,9,
282461889,-1.49155,-0.88,1.48717,1959.21,1053.8,-2169.58,2,0,0,0,9,
282461929,-1.49155,-0.88,1.48717,1959.21,1053.8,-2169.58,2,0,0,0,9,
282461969,-1.49155,-0.88,1.48717,1959.21,1053.8,-2169.58,2,0,0,0,9,
282462010,-1.49155,-0.88,1.48717,1959.21,1053.8,-2169.58,2,0,0,0,9,
282462049,-1.49155,-0.88,1.48717,1959.21,1053.8,-2169.58,2,0,0,0,9,
282462089,-1.49155,-0.88,1.48717,1959.21,1053.8,-2169.58,2,0,0,0,9,
282462129,-1.49155,-0.88,1.48717,1959.21,1053.8,-2169.58,2,0,0,0,9,
282462169,-1.49155,-0.88,1.48717,1959.21,1053.8,-2169.58,2,0,0,0,9,
282462209,-1.49155,-0.88,1.48717,1959.21,1053.8,-2169.58,2,0,0,0,9,
282462249,-1.49155,-0.88,1.48717,1959.21,1053.8,-2169.58,2,0,0,0,9,
282462289,-1.49155,-0.88,1.48717,1959.21,1053.8,-2169.58,2,0,0,0,9,
282462330,-1.49155,-0.88,1.48717,1959.21,1053.8,-2169.58,2,0,0,0,9,
282462369,-1.49155,-0.88,1.48717,1959.21,1053.8,-2169.58,2,0,0,0,9,
282462409,-1.49155,-0.88,1.48717,1959.21,1053.8,-2169.58,2,0,0,0,9,
282462449,-1.49155,-0.88,1.48717,1959.21,1053.8,-2169.58,2,0,0,0,9,
282462489,-1.49155,-0.88,1.48717,1959.21,1053.8,-2169.58,2,0,0,0,9,
282462529,-1.49155,-0.88,1.48717,1959.21,1053.8,-2169.58,2,0,0,0,9,
282462569,-1.49155,-0.88,1.48717,1959.21,1053.8,-2169.58,2,0,0,0,9,
282462609,-1.49155,-0.88,1.48717,1959.21,1053.8,-2169.58,2,0,0,0,9,
282462650,-1.49155,-0.88,1.48717,1959.21,1053.8,-2169.58,2,0,0,0,9,
282462689,-1.49155,-0.88,1.48717,1959.21,1053.8,-2169.58,2,0,0,0,9,
282462729,-1.49155,-0.88,1.48717,1959.21,1053.8,-2169.58,2,0,0,0,9,
282462769,-1.49155,-0.88,1.48717,1959.21,1053.8,-2169.58,2,0,0,0,9,
282462809,-1.49155,-0.88,1.48717,1959.21,1053.8,-2169.58,2,0,0,0,9,
282462849,-1.49155,-0.88,1.48717,1959.21,1053.8,-2169.58,2,0,0,0,9,
282462889,-1.49155,-0.88,1.48717,1959.21,1053.8,-2169.58,2,0,0,0,9,
282462930,-1.49155,-0.88,1.48717,1959.21,1053.8,-2169.58,2,0,0,0,9,
282462970,-1.49155,-0.88,1.48717,1959.21,1053.8,-2169.58,2,0,0,0,9,
282463009,-1.49155,-0.88,1.48717,1959.21,1053.8,-2169.58,2,0,0,0,9,
282463049,-1.49155,-0.88,1.48717,1959.21,1053.8,-2169.58,2,0,0,0,9,
282463089,-1.49155,-0.88,1.48717,1959.21,1053.8,-2169.58,2,0,0,0,9,
282463129,-1.49155,-0.88,1.48717,1959.21,1053.8,-2169.58,2,0,0,0,9,
282463169,-1.49155,-0.88,1.48717,1959.21,1053.8,-2169.58,2,0,0,0,9,
282463209,-1.49155,-0.88,1.48717,1959.21,1053.8,-2169.58,2,0,0,0,9,
282463250,-1.49155,-0.88,1.48717,1959.21,1053.8,-2169.58,2,0,0,0,9,
282463290,-1.49155,-0.88,1.48717,1959.21,1053.8,-2169.58,2,0,0,0,9,
282463329,-1.49155,-0.88,1.48717,1959.21,1053.8,-2169.58,2,0,0,0,9,
282463369,-1.49155,-0.88,1.48717,1959.21,1053.8,-2169.58,2,0,0,0,9,
282463409,-1.49155,-0.88,1.48717,1959.21,1053.8,-2169.58,2,0,0,0,9,
282463449,-1.49155,-0.88,1.48717,1959.21,1053.8,-2169.58,2,0,0,0,9,
282463489,-1.49155,-0.88,1.48717,1959.21,1053.8,-2169.58,2,0,0,0,9,
282463529,-1.49155,-0.88,1.48717,1959.21,1053.8,-2169.58,2,0,0,0,9,
282463570,-1.49155,-0.88,1.48717,1959.21,1053.8,-2169.58,2,0,0,0,9,
282463609,-1.49155,-0.88,1.48717,1959.21,1053.8,-2169.58,2,0,0,0,9,
282463649,-1.49155,-0.88,1.48717,1959.21,1053.8,-2169.58,2,0,0,0,9,
282463689,-1.49155,-0.88,1.48717,1959.21,1053.8,-2169.58,2,0,0,0,9,
282463729,-1.49155,-0.88,1.48717,1959.21,1053.8,-2169.58,2,0,0,0,9,
282463769,-1.49155,-0.88,1.48717,1959.21,1053.8,-2169.58,2,0,0,0,9,
282463809,-1.49155,-0.88,1.48717,1959.21,1053.8,-2169.58,2,0,0,0,9,
282463849,-1.49155,-0.88,1.48717,1959.21,1053.8,-2169.58,2,0,0,0,9,
282463890,-1.49155,-0.88,1.48717,1959.21,1053.8,-2169.58,2,0,0,0,9,
282463929,-1.49155,-0.88,1.48717,1959.21,1053.8,-2169.58,2,0,0,0,9,
282463969,-1.49155,-0.88,1.48717,1959.21,1053.8,-2169.58,2,0,0,0,9,
282464009,-1.49155,-0.88,1.48717,1959.21,1053.8,-2169.58,2,0,0,0,9,
282464049,-1.49155,-0.88,1.48717,1959.21,1053.8,-2169.58,2,0,0,0,9,
282464089,-1.49155,-0.88,1.48717,1959.21,1053.8,-2169.58,2,0,0,0,9,
282464129,-1.49155,-0.88,1.48717,1959.21,1053.8,-2169.58,2,0,0,0,9,
282464169,-1.49155,-0.88,1.48717,1959.21,1053.8,-2169.58,2,0,0,0,9,
282464210,-1.49155,-0.88,1.48717,1959.21,1053.8,-2169.58,2,0,0,0,9,
282464249,-1.49155,-0.88,1.48717,1959.21,1053.8,-2169.58,2,0,0,0,9,
282464289,-1.49155,-0.88,1.48717,1959.21,1053.8,-2169.58,2,0,0,0,9,
282464329,-1.49155,-0.88,1.48717,1959.21,1053.8,-2169.58,2,0,0,0,9,
282464369,-1.49155,-0.88,1.48717,1959.21,1053.8,-2169.58,2,0,0,0,9,
282464409,-1.49155,-0.88,1.48717,1959.21,1053.8,-2169.58,2,0,0,0,9,
282464449,-1.49155,-0.88,1.48717,1959.21,1053.8,-2169.58,2,0,0,0,9,
282464489,-1.49155,-0.88,1.48717,1959.21,1053.8,-2169.58,2,0,0,0,9,
282464530,-1.49155,-0.88,1.48717,1959.21,1053.8,-2169.58,2,0,0,0,9,
282464569,-1.49155,-0.88,1.48717,1959.21,1053.8,-2169.58,2,0,0,0,9,
282464609,-1.49155,-0.88,1.48717,1959.21,1053.8,-2169.58,2,0,0,0,9,
282464649,-1.49155,-0.88,1.48717,1959.21,1053.8,-2169.58,2,0,0,0,9,
282464689,-1.49155,-0.88,1.48717,1959.21,1053.8,-2169.58,2,0,0,0,9,
282464729,-1.49155,-0.88,1.48717,1959.21,1053.8,-2169.58,2,0,0,0,9,
282464769,-1.49155,-0.88,1.48717,1959.21,1053.8,-2169.58,2,0,0,0,9,
282464810,-1.49155,-0.88,1.48717,1959.21,1053.8,-2169.58,2,0,0,0,9,
282464850,-1.49155,-0.88,1.48717,1959.21,1053.8,-2169.58,2,0,0,0,9,
282464889,-1.49155,-0.88,1.48717,1959.21,1053.8,-2169.58,2,0,0,0,9,
282464929,-1.49155,-0.88,1.48717,1959.21,1053.8,-2169.58,2,0,0,0,9,
282464969,-1.49155,-0.88,1.48717,1959.21,1053.8,-2169.58,2,0,0,0,9,
282465009,-1.49155,-0.88,1.48717,1959.21,1053.8,-2169.58,2,0,0,0,9,
282465049,-1.49155,-0.88,1.48717,1959.21,1053.8,-2169.58,2,0,0,0,9,
282465089,-1.49155,-0.88,1.48717,1959.21,1053.8,-2169.58,2,0,0,0,9,
282465130,-1.49155,-0.88,1.48717,1959.21,1053.8,-2169.58,2,0,0,0,9,
282465170,-1.49155,-0.88,1.48717,1959.21,1053.8,-2169.58,2,0,0,0,9,
282465209,-1.49155,-0.88,1.48717,1959.21,1053.8,-2169.58,2,0,0,0,9,
282465249,-1.49155,-0.88,1.48717,1959.21,1053.8,-2169.58,2,0,0,0,9,
282465289,-1.49155,-0.88,1.48717,1959.21,1053.8,-2169.58,2,0,0,0,9,
282465329,-1.49155,-0.88,1.48717,1959.21,1053.8,-2169.58,2,0,0,0,9,
282465369,-1.49155,-0.88,1.48717,1959.21,1053.8,-2169.58,2,0,0,0,9,
282465409,-1.49155,-0.88,1.48717,1959.21,1053.8,-2169.58,2,0,0,0,9,
282465450,-1.49155,-0.88,1.48717,1959.21,1053.8,-2169.58,2,0,0,0,9,
282465490,-1.49155,-0.88,1.48717,1959.21,1053.8,-2169.58,2,0,0,0,9,
282465529,-1.49155,-0.88,1.48717,1959.21,1053.8,-2169.58,2,0,0,0,9,
282465569,-1.49155,-0.88,1.48717,1959.21,1053.8,-2169.58,2,0,0,0,9,
282465609,-1.49155,-0.88,1.48717,1959.21,1053.8,-2169.58,2,0,0,0,9,
282465649,-1.49155,-0.88,1.48717,1959.21,1053.8,-2169.58,2,0,0,0,9,
282465689,-1.49155,-0.88,1.48717,1959.21,1053.8,-2169.58,2,0,0,0,9,
282465729,-1.49155,-0.88,1.48717,1959.21,1053.8,-2169.58,2,0,0,0,9,
282465770,-1.49155,-0.88,1.48717,1959.21,1053.8,-2169.58,2,0,0,0,9,
282465809,-1.49155,-0.88,1.48717,1959.21,1053.8,-2169.58,2,0,0,0,9,
282465849,-1.49155,-0.88,1.48717,1959.21,1053.8,-2169.58,2,0,0,0,9,
282465889,-1.49155,-0.88,1.48717,1959.21,1053.8,-2169.58,2,0,0,0,9,
282465929,-1.49155,-0.88,1.48717,1959.21,1053.8,-2169.58,2,0,0,0,9,
282465969,-1.49155,-0.88,1.48717,1959.21,1053.8,-2169.58,2,0,0,0,9,
282466009,-1.49155,-0.88,1.48717,1959.21,1053.8,-2169.58,2,0,0,0,9,
282466049,-1.49155,-0.88,1.48717,1959.21,1053.8,-2169.58,2,0,0,0,9,
282466090,-1.49155,-0.88,1.48717,1959.21,1053.8,-2169.58,2,0,0,0,9,
282466129,-1.49155,-0.88,1.48717,1959.21,1053.8,-2169.58,2,0,0,0,9,
282466169,-1.49155,-0.88,1.48717,1959.21,1053.8,-2169.58,2,0,0,0,9,
282466209,-1.49155,-0.88,1.48717,1959.21,1053.8,-2169.58,2,0,0,0,9,
282466249,-1.49155,-0.88,1.48717,1959.21,1053.8,-2169.58,2,0,0,0,9,
282466289,-1.49155,-0.88,1.48717,1959.21,1053.8,-2169.58,2,0,0,0,9,
282466329,-1.49155,-0.88,1.48717,1959.21,1053.8,-2169.58,2,0,0,0,9,
282466369,-1.49155,-0.88,1.48717,1959.21,1053.8,-2169.58,2,0,0,0,9,
282466410,-1.49155,-0.88,1.48717,1959.21,1053.8,-2169.58,2,0,0,0,9,
282466449,-1.49155,-0.88,1.48717,1959.21,1053.8,-2169.58,2,0,0,0,9,
282466489,-1.49155,-0.88,1.48717,1959.21,1053.8,-2169.58,2,0,0,0,9,
282466529,-1.49155,-0.88,1.48717,1959.21,1053.8,-2169.58,2,0,0,0,9,
282466569,-1.49155,-0.88,1.48717,1959.21,1053.8,-2169.58,2,0,0,0,9,
282466609,-1.49155,-0.88,1.48717,1959.21,1053.8,-2169.58,2,0,0,0,9,
282466649,-1.49155,-0.88,1.48717,1959.21,1053.8,-2169.58,2,0,0,0,9,
282466690,-1.49155,-0.88,1.48717,1959.21,1053.8,-2169.58,2,0,0,0,9,
282466730,-1.49155,-0.88,1.48717,1959.21,1053.8,-2169.58,2,0,0,0,9,
282466769,-1.49155,-0.88,1.48717,1959.21,1053.8,-2169.58,2,0,0,0,9,
282466809,-1.49155,-0.88,1.48717,1959.21,1053.8,-2169.58,2,0,0,0,9,
282466849,-1.49155,-0.88,1.48717,1959.21,1053.8,-2169.58,2,0,0,0,9,
282466889,-1.49155,-0.88,1.48717,1959.21,1053.8,-2169.58,2,0,0,0,9,
282466929,-1.49155,-0.88,1.48717,1959.21,1053.8,-2169.58,2,0,0,0,9,
282466969,-1.49155,-0.88,1.48717,1959.21,1053.8,-2169.58,2,0,0,0,9,
282467010,-1.49155,-0.88,1.48717,1959.21,1053.8,-2169.58,2,0,0,0,9,
282467050,-1.49155,-0.88,1.48717,1959.21,1053.8,-2169.58,2,0,0,0,9,
282467089,-1.49155,-0.88,1.48717,1959.21,1053.8,-2169.58,2,0,0,0,9,
282467129,-1.49155,-0.88,1.48717,1959.21,1053.8,-2169.58,2,0,0,0,9,
282467169,-1.49155,-0.88,1.48717,1959.21,1053.8,-2169.58,2,0,0,0,9,
282467209,-1.49155,-0.88,1.48717,1959.21,1053.8,-2169.58,2,0,0,0,9,
282467249,-1.49155,-0.88,1.48717,1959.21,1053.8,-2169.58,2,0,0,0,9,
282467289,-1.49155,-0.88,1.48717,1959.21,1053.8,-2169.58,2,0,0,0,9,
282467330,-1.49155,-0.88,1.48717,1959.21,1053.8,-2169.58,2,0,0,0,9,
282467370,-1.49155,-0.88,1.48717,1959.21,1053.8,-2169.58,2,0,0,0,9,
282467409,-1.49155,-0.88,1.48717,1959.21,1053.8,-2169.58,2,0,0,0,9,
282467449,-1.49155,-0.88,1.48717,1959.21,1053.8,-2169.58,2,0,0,0,9,
282467489,-1.49155,-0.88,1.48717,1959.21,1053.8,-2169.58,2,0,0,0,9,
282467529,-1.49155,-0.88,1.48717,1959.21,1053.8,-2169.58,2,0,0,0,9,
282467569,-1.49155,-0.88,1.48717,1959.21,1053.8,-2169.58,2,0,0,0,9,
282467609,-1.49155,-0.88,1.48717,1959.21,1053.8,-2169.58,2,0,0,0,9,
282467650,-1.49155,-0.88,1.48717,1959.21,1053.8,-2169.58,2,0,0,0,9,
282467689,-1.49155,-0.88,1.48717,1959.21,1053.8,-2169.58,2,0,0,0,9,
282467729,-1.49155,-0.88,1.48717,1959.21,1053.8,-2169.58,2,0,0,0,9,
282467769,-1.49155,-0.88,1.48717,1959.21,1053.8,-2169.58,2,0,0,0,9,
282467809,-1.49155,-0.88,1.48717,1959.21,1053.8,-2169.58,2,0,0,0,9,
282467849,-1.49155,-0.88,1.48717,1959.21,1053.8,-2169.58,2,0,0,0,9,
282467889,-1.49155,-0.88,1.48717,1959.21,1053.8,-2169.58,2,0,0,0,9,
282467929,-1.49155,-0.88,1.48717,1959.21,1053.8,-2169.58,2,0,0,0,9,
282467970,-1.49155,-0.88,1.48717,1959.21,1053.8,-2169.58,2,0,0,0,9,
282468009,-1.49155,-0.88,1.48717,1959.21,1053.8,-2169.58,2,0,0,0,9,
282468049,-1.49155,-0.88,1.48717,1959.21,1053.8,-2169.58,2,0,0,0,9,
282468089,-1.49155,-0.88,1.48717,1959.21,1053.8,-2169.58,2,0,0,0,9,
282468129,-1.49155,-0.88,1.48717,1959.21,1053.8,-2169.58,2,0,0,0,9,
282468169,-1.49155,-0.88,1.48717,1959.21,1053.8,-2169.58,2,0,0,0,9,
282468209,-1.49155,-0.88,1.48717,1959.21,1053.8,-2169.58,2,0,0,0,9,
282468249,-1.49155,-0.88,1.48717,1959.21,1053.8,-2169.58,2,0,0,0,9,
282468290,-1.49155,-0.88,1.48717,1959.21,1053.8,-2169.58,2,0,0,0,9,
282468329,-1.49155,-0.88,1.48717,1959.21,1053.8,-2169.58,2,0,0,0,9,
282468369,-1.49155,-0.88,1.48717,1959.21,1053.8,-2169.58,2,0,0,0,9,
282468409,-1.49155,-0.88,1.48717,1959.21,1053.8,-2169.58,2,0,0,0,9,
282468449,-1.49155,-0.88,1.48717,1959.21,1053.8,-2169.58,2,0,0,0,9,
282468489,-1.49155,-0.88,1.48717,1959.21,1053.8,-2169.58,2,0,0,0,9,
282468529,-1.49155,-0.88,1.48717,1959.21,1053.8,-2169.58,2,0,0,0,9,
282468570,-1.49155,-0.88,1.48717,1959.21,1053.8,-2169.58,2,0,0,0,9,
282468610,-1.49155,-0.88,1.48717,1959.21,1053.8,-2169.58,2,0,0,0,9,
282468649,-1.49155,-0.88,1.48717,1959.21,1053.8,-2169.58,2,0,0,0,9,
282468689,-1.49155,-0.88,1.48717,1959.21,1053.8,-2169.58,2,0,0,0,9,
282468729,-1.49155,-0.88,1.48717,1959.21,1053.8,-2169.58,2,0,0,0,9,
282468769,-1.49155,-0.88,1.48717,1959.21,1053.8,-2169.58,2,0,0,0,9,
282468809,-1.49155,-0.88,1.48717,1959.21,1053.8,-2169.58,2,0,0,0,9,
282468849,-1.49155,-0.88,1.48717,1959.21,1053.8,-2169.58,2,0,0,0,9,
282468890,-1.49155,-0.88,1.48717,1959.21,1053.8,-2169.58,2,0,0,0,9,
282468930,-1.49155,-0.88,1.48717,1959.21,1053.8,-2169.58,2,0,0,0,9,
282468969,-1.49155,-0.88,1.48717,1959.21,1053.8,-2169.58,2,0,0,0,9,
282469009,-1.49155,-0.88,1.48717,1959.21,1053.8,-2169.58,2,0,0,0,9,
282469049,-1.49155,-0.88,1.48717,1959.21,1053.8,-2169.58,2,0,0,0,9,
282469089,-1.49155,-0.88,1.48717,1959.21,1053.8,-2169.58,2,0,0,0,9,
282469129,-1.49155,-0.88,1.48717,1959.21,1053.8,-2169.58,2,0,0,0,9,
282469169,-1.49155,-0.88,1.48717,1959.21,1053.8,-2169.58,2,0,0,0,9,
282469211,-1.49155,-0.88,1.48717,1959.21,1053.8,-2169.58,2,0,0,0,9,
282469250,-1.49155,-0.88,1.48717,1959.21,1053.8,-2169.58,2,0,0,0,9,
282469289,-1.49155,-0.88,1.48717,1959.21,1053.8,-2169.58,2,0,0,0,9,
282469329,-1.49155,-0.88,1.48717,1959.21,1053.8,-2169.58,2,0,0,0,9,
282469369,-1.49155,-0.88,1.48717,1959.21,1053.8,-2169.58,2,0,0,0,9,
282469409,-1.49155,-0.88,1.48717,1959.21,1053.8,-2169.58,2,0,0,0,9,
282469449,-1.49155,-0.88,1.48717,1959.21,1053.8,-2169.58,2,0,0,0,9,
282469489,-1.49155,-0.88,1.48717,1959.21,1053.8,-2169.58,2,0,0,0,9,
282469530,-1.49155,-0.88,1.48717,1959.21,1053.8,-2169.58,2,0,0,0,9,
282469569,-1.49155,-0.88,1.48717,1959.21,1053.8,-2169.58,2,0,0,0,9,
282469609,-1.49155,-0.88,1.48717,1959.21,1053.8,-2169.58,2,0,0,0,9,
282469649,-1.49155,-0.88,1.48717,1959.21,1053.8,-2169.58,2,0,0,0,9,
282469689,-1.49155,-0.88,1.48717,1959.21,1053.8,-2169.58,2,0,0,0,9,
282469729,-1.49155,-0.88,1.48717,1959.21,1053.8,-2169.58,2,0,0,0,9,
282469769,-1.49155,-0.88,1.48717,1959.21,1053.8,-2169.58,2,0,0,0,9,
282469809,-1.49155,-0.88,1.48717,1959.21,1053.8,-2169.58,2,0,0,0,9,
282469850,-1.49155,-0.88,1.48717,1959.21,1053.8,-2169.58,2,0,0,0,9,
282469889,-1.49155,-0.88,1.48717,1959.21,1053.8,-2169.58,2,0,0,0,9,
282469929,-1.49155,-0.88,1.48717,1959.21,1053.8,-2169.58,2,0,0,0,9,
282469969,-1.49155,-0.88,1.48717,1959.21,1053.8,-2169.58,2,0,0,0,9,
282470009,-1.49155,-0.88,1.48717,1959.21,1053.8,-2169.58,2,0,0,0,9,
282470049,-1.49155,-0.88,1.48717,1959.21,1053.8,-2169.58,2,0,0,0,9,
282470089,-1.49155,-0.88,1.48717,1959.21,1053.8,-2169.58,2,0,0,0,9,
282470129,-1.49155,-0.88,1.48717,1959.21,1053.8,-2169.58,2,0,0,0,9,
282470170,-1.49155,-0.88,1.48717,1959.21,1053.8,-2169.58,2,0,0,0,9,
282470209,-1.49155,-0.88,1.48717,1959.21,1053.8,-2169.58,2,0,0,0,9,
282470249,-1.49155,-0.88,1.48717,1959.21,1053.8,-2169.58,2,0,0,0,9,
282470289,-1.49155,-0.88,1.48717,1959.21,1053.8,-2169.58,2,0,0,0,9,
282470329,-1.49155,-0.88,1.48717,1959.21,1053.8,-2169.58,2,0,0,0,9,
282470369,-1.49155,-0.88,1.48717,1959.21,1053.8,-2169.58,2,0,0,0,9,
282470409,-1.49155,-0.88,1.48717,1959.21,1053.8,-2169.58,2,0,0,0,9,
282470450,-1.49155,-0.88,1.48717,1959.21,1053.8,-2169.58,2,0,0,0,9,
282470490,-1.49155,-0.88,1.48717,1959.21,1053.8,-2169.58,2,0,0,0,9,
282470529,-1.49155,-0.88,1.48717,1959.21,1053.8,-2169.58,2,0,0,0,9,
282470569,-1.49155,-0.88,1.48717,1959.21,1053.8,-2169.58,2,0,0,0,9,
282470609,-1.49155,-0.88,1.48717,1959.21,1053.8,-2169.58,2,0,0,0,9,
282470649,-1.49155,-0.88,1.48717,1959.21,1053.8,-2169.58,2,0,0,0,9,
282470689,-1.49155,-0.88,1.48717,1959.21,1053.8,-2169.58,2,0,0,0,9,
282470729,-1.49155,-0.88,1.48717,1959.21,1053.8,-2169.58,2,0,0,0,9,
282470770,-1.49155,-0.88,1.48717,1959.21,1053.8,-2169.58,2,0,0,0,9,
282470810,-1.49155,-0.88,1.48717,1959.21,1053.8,-2169.58,2,0,0,0,9,
282470849,-1.49155,-0.88,1.48717,1959.21,1053.8,-2169.58,2,0,0,0,9,
282470889,-1.49155,-0.88,1.48717,1959.21,1053.8,-2169.58,2,0,0,0,9,
282470929,-1.49155,-0.88,1.48717,1959.21,1053.8,-2169.58,2,0,0,0,9,
282470969,-1.49155,-0.88,1.48717,1959.21,1053.8,-2169.58,2,0,0,0,9,
282471009,-1.49155,-0.88,1.48717,1959.21,1053.8,-2169.58,2,0,0,0,9,
282471049,-1.49155,-0.88,1.48717,1959.21,1053.8,-2169.58,2,0,0,0,9,
282471090,-1.49155,-0.88,1.48717,1959.21,1053.8,-2169.58,2,0,0,0,9,
282471130,-1.49155,-0.88,1.48717,1959.21,1053.8,-2169.58,2,0,0,0,9,
282471169,-1.49155,-0.88,1.48717,1959.21,1053.8,-2169.58,2,0,0,0,9,
282471209,-1.49155,-0.88,1.48717,1959.21,1053.8,-2169.58,2,0,0,0,9,
