milisec,RacketX,RacketY,RacketZ,forceX,forceX,forceX,ForceRatio,FriendPoint,EnemyPoint,haptics,scene
285124067,0,0,0,18483,9905.71,-20614.2,19,0,0,0,0,
285124113,-1.47105,-0.88,1.48792,2105.52,1159.18,-2388.36,2.2,0,0,0,0,
285124117,-1.47105,-0.88,1.48792,191.411,105.38,-217.123,0.2,0,0,0,0,
285124155,-1.47105,-0.88,1.48792,1914.11,1053.8,-2171.24,2,0,0,0,0,
285124195,-1.47105,-0.88,1.48792,1914.11,1053.8,-2171.24,2,0,0,0,0,
285124235,-1.47105,-0.88,1.48792,1914.11,1053.8,-2171.24,2,0,0,0,0,
285124275,-1.47105,-0.88,1.48792,1914.11,1053.8,-2171.24,2,0,0,0,0,
285124340,-1.47105,-0.88,1.48792,3062.58,1686.08,-3473.98,3.2,0,0,0,0,
285124354,-1.47105,-0.88,1.48792,765.644,421.52,-868.494,0.8,0,0,0,0,
285124412,-1.47105,-0.88,1.48792,2679.75,1475.32,-3039.73,2.8,0,0,0,0,
285124435,-1.47105,-0.88,1.48792,1148.47,632.28,-1302.74,1.2,0,0,0,0,
285124475,-1.47105,-0.88,1.48792,1914.11,1053.8,-2171.24,2,0,0,0,0,
285124515,-1.47105,-0.88,1.48792,1914.11,1053.8,-2171.24,2,0,0,0,0,
285124555,-1.47105,-0.88,1.48792,1914.11,1053.8,-2171.24,2,0,0,0,0,
285124595,-1.47105,-0.88,1.48792,1914.11,1053.8,-2171.24,2,0,0,0,0,
285124635,-1.47105,-0.88,1.48792,1914.11,1053.8,-2171.24,2,0,0,0,0,
285124674,-1.47105,-0.88,1.48792,1914.11,1053.8,-2171.24,2,0,0,0,0,
285124715,-1.47105,-0.88,1.48792,1914.11,1053.8,-2171.24,2,0,0,0,0,
285124756,-1.47105,-0.88,1.48792,1914.11,1053.8,-2171.24,2,0,0,0,0,
285124795,-1.47105,-0.88,1.48792,1914.11,1053.8,-2171.24,2,0,0,0,0,
285124835,-1.47105,-0.88,1.48792,1914.11,1053.8,-2171.24,2,0,0,0,0,
285124875,-1.47105,-0.88,1.48792,1914.11,1053.8,-2171.24,2,0,0,0,0,
285124915,-1.47105,-0.88,1.48792,1914.11,1053.8,-2171.24,2,0,0,0,0,
285124954,-1.47105,-0.88,1.48792,1914.11,1053.8,-2171.24,2,0,0,0,0,
285124994,-1.47105,-0.88,1.48792,1914.11,1053.8,-2171.24,2,0,0,0,0,
285125035,-1.47105,-0.88,1.48792,1914.11,1053.8,-2171.24,2,0,0,0,0,
285125075,-1.47105,-0.88,1.48792,1914.11,1053.8,-2171.24,2,0,0,0,0,
285125115,-1.47105,-0.88,1.48792,1914.11,1053.8,-2171.24,2,0,0,0,0,
285125155,-1.47105,-0.88,1.48792,1914.11,1053.8,-2171.24,2,0,0,0,0,
285125195,-1.47105,-0.88,1.48792,1914.11,1053.8,-2171.24,2,0,0,0,0,
285125235,-1.47105,-0.88,1.48792,1914.11,1053.8,-2171.24,2,0,0,0,0,
285125274,-1.47105,-0.88,1.48792,1914.11,1053.8,-2171.24,2,0,0,0,0,
285125314,-1.47105,-0.88,1.48792,1914.11,1053.8,-2171.24,2,0,0,0,0,
285125355,-1.47105,-0.88,1.48792,1914.11,1053.8,-2171.24,2,0,0,0,0,
285125395,-1.47105,-0.88,1.48792,1914.11,1053.8,-2171.24,2,0,0,0,0,
285125435,-1.47105,-0.88,1.48792,1914.11,1053.8,-2171.24,2,0,0,0,0,
285125475,-1.47105,-0.88,1.48792,1914.11,1053.8,-2171.24,2,0,0,0,0,
285125515,-1.47105,-0.88,1.48792,1914.11,1053.8,-2171.24,2,0,0,0,0,
285125555,-1.47105,-0.88,1.48792,1914.11,1053.8,-2171.24,2,0,0,0,0,
285125594,-1.47105,-0.88,1.48792,1914.11,1053.8,-2171.24,2,0,0,0,0,
285125634,-1.47105,-0.88,1.48792,1914.11,1053.8,-2171.24,2,0,0,0,0,
285125675,-1.47105,-0.88,1.48792,1914.11,1053.8,-2171.24,2,0,0,0,0,
285125715,-1.47105,-0.88,1.48792,1914.11,1053.8,-2171.24,2,0,0,0,0,
285125755,-1.47105,-0.88,1.48792,1914.11,1053.8,-2171.24,2,0,0,0,0,
285125795,-1.47105,-0.88,1.48792,1914.11,1053.8,-2171.24,2,0,0,0,0,
285125835,-1.47105,-0.88,1.48792,1914.11,1053.8,-2171.24,2,0,0,0,0,
285125875,-1.47105,-0.88,1.48792,1914.11,1053.8,-2171.24,2,0,0,0,0,
285125914,-1.47105,-0.88,1.48792,1914.11,1053.8,-2171.24,2,0,0,0,0,
285125954,-1.47105,-0.88,1.48792,1914.11,1053.8,-2171.24,2,0,0,0,0,
285125995,-1.47105,-0.88,1.48792,1914.11,1053.8,-2171.24,2,0,0,0,0,
285126035,-1.47105,-0.88,1.48792,1914.11,1053.8,-2171.24,2,0,0,0,0,
285126075,-1.47105,-0.88,1.48792,1914.11,1053.8,-2171.24,2,0,0,0,0,
285126115,-1.47105,-0.88,1.48792,1914.11,1053.8,-2171.24,2,0,0,0,0,
285126155,-1.47105,-0.88,1.48792,1914.11,1053.8,-2171.24,2,0,0,0,0,
285126195,-1.47105,-0.88,1.48792,1914.11,1053.8,-2171.24,2,0,0,0,0,
285126234,-1.47105,-0.88,1.48792,1914.11,1053.8,-2171.24,2,0,0,0,0,
285126274,-1.47105,-0.88,1.48792,1914.11,1053.8,-2171.24,2,0,0,0,0,
285126315,-1.47105,-0.88,1.48792,1914.11,1053.8,-2171.24,2,0,0,0,0,
285126355,-1.47105,-0.88,1.48792,1914.11,1053.8,-2171.24,2,0,0,0,0,
285126395,-1.47105,-0.88,1.48792,1914.11,1053.8,-2171.24,2,0,0,0,0,
285126435,-1.47105,-0.88,1.48792,1914.11,1053.8,-2171.24,2,0,0,0,0,
285126475,-1.47105,-0.88,1.48792,1914.11,1053.8,-2171.24,2,0,0,0,0,
285126515,-1.47105,-0.88,1.48792,1914.11,1053.8,-2171.24,2,0,0,0,0,
285126554,-1.47105,-0.88,1.48792,1914.11,1053.8,-2171.24,2,0,0,0,0,
285126595,-1.47105,-0.88,1.48792,1914.11,1053.8,-2171.24,2,0,0,0,0,
285126635,-1.47105,-0.88,1.48792,1914.11,1053.8,-2171.24,2,0,0,0,0,
285126675,-1.47105,-0.88,1.48792,1914.11,1053.8,-2171.24,2,0,0,0,0,
285126715,-1.47105,-0.88,1.48792,1914.11,1053.8,-2171.24,2,0,0,0,0,
285126755,-1.47105,-0.88,1.48792,1914.11,1053.8,-2171.24,2,0,0,0,0,
285126795,-1.47105,-0.88,1.48792,1914.11,1053.8,-2171.24,2,0,0,0,0,
285126834,-1.47105,-0.88,1.48792,1914.11,1053.8,-2171.24,2,0,0,0,0,
285126874,-1.47105,-0.88,1.48792,1914.11,1053.8,-2171.24,2,0,0,0,0,
285126915,-1.47105,-0.88,1.48792,1914.11,1053.8,-2171.24,2,0,0,0,0,
285126955,-1.47105,-0.88,1.48792,1914.11,1053.8,-2171.24,2,0,0,0,0,
285126995,-1.47105,-0.88,1.48792,1914.11,1053.8,-2171.24,2,0,0,0,0,
285127035,-1.47105,-0.88,1.48792,1914.11,1053.8,-2171.24,2,0,0,0,0,
285127075,-1.47105,-0.88,1.48792,1914.11,1053.8,-2171.24,2,0,0,0,0,
285127115,-1.47105,-0.88,1.48792,1914.11,1053.8,-2171.24,2,0,0,0,0,
285127154,-1.47105,-0.88,1.48792,1914.11,1053.8,-2171.24,2,0,0,0,0,
285127194,-1.47105,-0.88,1.48792,1914.11,1053.8,-2171.24,2,0,0,0,0,
285127235,-1.47105,-0.88,1.48792,1914.11,1053.8,-2171.24,2,0,0,0,0,
285127275,-1.47105,-0.88,1.48792,1914.11,1053.8,-2171.24,2,0,0,0,0,
285127315,-1.47105,-0.88,1.48792,1914.11,1053.8,-2171.24,2,0,0,0,0,
285127355,-1.47105,-0.88,1.48792,1914.11,1053.8,-2171.24,2,0,0,0,0,
285127395,-1.47105,-0.88,1.48792,1914.11,1053.8,-2171.24,2,0,0,0,0,
285127435,-1.47105,-0.88,1.48792,1914.11,1053.8,-2171.24,2,0,0,0,0,
285127474,-1.47105,-0.88,1.48792,1914.11,1053.8,-2171.24,2,0,0,0,0,
285127514,-1.47105,-0.88,1.48792,1914.11,1053.8,-2171.24,2,0,0,0,0,
285127555,-1.47105,-0.88,1.48792,1914.11,1053.8,-2171.24,2,0,0,0,0,
285127595,-1.47105,-0.88,1.48792,1914.11,1053.8,-2171.24,2,0,0,0,0,
285127635,-1.47105,-0.88,1.48792,1914.11,1053.8,-2171.24,2,0,0,0,0,
285127675,-1.47105,-0.88,1.48792,1914.11,1053.8,-2171.24,2,0,0,0,0,
285127715,-1.47105,-0.88,1.48792,1914.11,1053.8,-2171.24,2,0,0,0,0,
285127755,-1.47105,-0.88,1.48792,1914.11,1053.8,-2171.24,2,0,0,0,0,
285127794,-1.47105,-0.88,1.48792,1914.11,1053.8,-2171.24,2,0,0,0,0,
285127834,-1.47105,-0.88,1.48792,1914.11,1053.8,-2171.24,2,0,0,0,0,
285127875,-1.47105,-0.88,1.48792,1914.11,1053.8,-2171.24,2,0,0,0,0,
285127915,-1.47105,-0.88,1.48792,1914.11,1053.8,-2171.24,2,0,0,0,0,
285127955,-1.47105,-0.88,1.48792,1914.11,1053.8,-2171.24,2,0,0,0,0,
285127995,-1.47105,-0.88,1.48792,1914.11,1053.8,-2171.24,2,0,0,0,0,
285128035,-1.47105,-0.88,1.48792,1914.11,1053.8,-2171.24,2,0,0,0,0,
285128075,-1.47105,-0.88,1.48792,1914.11,1053.8,-2171.24,2,0,0,0,0,
285128114,-1.47105,-0.88,1.48792,1914.11,1053.8,-2171.24,2,0,0,0,0,
285128154,-1.47105,-0.88,1.48792,1914.11,1053.8,-2171.24,2,0,0,0,0,
285128195,-1.47105,-0.88,1.48792,1914.11,1053.8,-2171.24,2,0,0,0,0,
285128235,-1.47105,-0.88,1.48792,1914.11,1053.8,-2171.24,2,0,0,0,0,
285128275,-1.47105,-0.88,1.48792,1914.11,1053.8,-2171.24,2,0,0,0,0,
285128315,-1.47105,-0.88,1.48792,1914.11,1053.8,-2171.24,2,0,0,0,0,
285128355,-1.47105,-0.88,1.48792,1914.11,1053.8,-2171.24,2,0,0,0,0,
285128395,-1.47105,-0.88,1.48792,1914.11,1053.8,-2171.24,2,0,0,0,0,
285128434,-1.47105,-0.88,1.48792,1914.11,1053.8,-2171.24,2,0,0,0,0,
285128475,-1.47105,-0.88,1.48792,1914.11,1053.8,-2171.24,2,0,0,0,0,
285128515,-1.47105,-0.88,1.48792,1914.11,1053.8,-2171.24,2,0,0,0,0,
285128555,-1.47105,-0.88,1.48792,1914.11,1053.8,-2171.24,2,0,0,0,0,
285128595,-1.47105,-0.88,1.48792,1914.11,1053.8,-2171.24,2,0,0,0,0,
285128635,-1.47105,-0.88,1.48792,1914.11,1053.8,-2171.24,2,0,0,0,0,
285128675,-1.47105,-0.88,1.48792,1914.11,1053.8,-2171.24,2,0,0,0,0,
285128714,-1.47105,-0.88,1.48792,1914.11,1053.8,-2171.24,2,0,0,0,0,
285128754,-1.47105,-0.88,1.48792,1914.11,1053.8,-2171.24,2,0,0,0,0,
285128795,-1.47105,-0.88,1.48792,1914.11,1053.8,-2171.24,2,0,0,0,9,
285128835,-1.47105,-0.88,1.48792,1914.11,1053.8,-2171.24,2,0,0,0,9,
285128875,-1.47105,-0.88,1.48792,1914.11,1053.8,-2171.24,2,0,0,0,9,
285128915,-1.47105,-0.88,1.48792,1914.11,1053.8,-2171.24,2,0,0,0,9,
285128955,-1.47105,-0.88,1.48792,1914.11,1053.8,-2171.24,2,0,0,0,9,
285128995,-1.47105,-0.88,1.48792,1914.11,1053.8,-2171.24,2,0,0,0,9,
285129034,-1.47105,-0.88,1.48792,1914.11,1053.8,-2171.24,2,0,0,0,9,
285129074,-1.47105,-0.88,1.48792,1914.11,1053.8,-2171.24,2,0,0,0,9,
285129115,-1.47105,-0.88,1.48792,1914.11,1053.8,-2171.24,2,0,0,0,9,
285129155,-1.47105,-0.88,1.48792,1914.11,1053.8,-2171.24,2,0,0,0,9,
285129195,-1.47105,-0.88,1.48792,1914.11,1053.8,-2171.24,2,0,0,0,9,
285129235,-1.47105,-0.88,1.48792,1914.11,1053.8,-2171.24,2,0,0,0,9,
285129275,-1.47105,-0.88,1.48792,1914.11,1053.8,-2171.24,2,0,0,0,9,
285129315,-1.47105,-0.88,1.48792,1914.11,1053.8,-2171.24,2,0,0,0,9,
285129354,-1.47105,-0.88,1.48792,1914.11,1053.8,-2171.24,2,0,0,0,9,
285129394,-1.47105,-0.88,1.48792,1914.11,1053.8,-2171.24,2,0,0,0,9,
285129435,-1.47105,-0.88,1.48792,1914.11,1053.8,-2171.24,2,0,0,0,9,
285129475,-1.47105,-0.88,1.48792,1914.11,1053.8,-2171.24,2,0,0,0,9,
285129515,-1.47105,-0.88,1.48792,1914.11,1053.8,-2171.24,2,0,0,0,9,
285129555,-1.47105,-0.88,1.48792,1914.11,1053.8,-2171.24,2,0,0,0,9,
285129595,-1.47105,-0.88,1.48792,1914.11,1053.8,-2171.24,2,0,0,0,9,
285129635,-1.47105,-0.88,1.48792,1914.11,1053.8,-2171.24,2,0,0,0,9,
285129674,-1.47105,-0.88,1.48792,1914.11,1053.8,-2171.24,2,0,0,0,9,
285129714,-1.47105,-0.88,1.48792,1914.11,1053.8,-2171.24,2,0,0,0,9,
285129755,-1.47105,-0.88,1.48792,1914.11,1053.8,-2171.24,2,0,0,0,9,
285129795,-1.47105,-0.88,1.48792,1914.11,1053.8,-2171.24,2,0,0,0,9,
285129835,-1.47105,-0.88,1.48792,1914.11,1053.8,-2171.24,2,0,0,0,9,
285129875,-1.47105,-0.88,1.48792,1914.11,1053.8,-2171.24,2,0,0,0,9,
285129915,-1.47105,-0.88,1.48792,1914.11,1053.8,-2171.24,2,0,0,0,9,
285129955,-1.47105,-0.88,1.48792,1914.11,1053.8,-2171.24,2,0,0,0,9,
285129994,-1.47105,-0.88,1.48792,1914.11,1053.8,-2171.24,2,0,0,0,9,
285130034,-1.47105,-0.88,1.48792,1914.11,1053.8,-2171.24,2,0,0,0,9,
285130075,-1.47105,-0.88,1.48792,1914.11,1053.8,-2171.24,2,0,0,0,9,
285130115,-1.47105,-0.88,1.48792,1914.11,1053.8,-2171.24,2,0,0,0,9,
285130155,-1.47105,-0.88,1.48792,1914.11,1053.8,-2171.24,2,0,0,0,9,
285130195,-1.47105,-0.88,1.48792,1914.11,1053.8,-2171.24,2,0,0,0,9,
285130235,-1.47105,-0.88,1.48792,1914.11,1053.8,-2171.24,2,0,0,0,9,
285130275,-1.47105,-0.88,1.48792,1914.11,1053.8,-2171.24,2,0,0,0,9,
285130314,-1.47105,-0.88,1.48792,1914.11,1053.8,-2171.24,2,0,0,0,9,
285130355,-1.47105,-0.88,1.48792,1914.11,1053.8,-2171.24,2,0,0,0,9,
285130395,-1.47105,-0.88,1.48792,1914.11,1053.8,-2171.24,2,0,0,0,9,
285130435,-1.47105,-0.88,1.48792,1914.11,1053.8,-2171.24,2,0,0,0,9,
285130475,-1.47105,-0.88,1.48792,1914.11,1053.8,-2171.24,2,0,0,0,9,
285130515,-1.47105,-0.88,1.48792,1914.11,1053.8,-2171.24,2,0,0,0,9,
285130555,-1.47105,-0.88,1.48792,1914.11,1053.8,-2171.24,2,0,0,0,9,
285130594,-1.47105,-0.88,1.48792,1914.11,1053.8,-2171.24,2,0,0,0,9,
285130634,-1.47105,-0.88,1.48792,1914.11,1053.8,-2171.24,2,0,0,0,9,
285130675,-1.47105,-0.88,1.48792,1914.11,1053.8,-2171.24,2,0,0,0,9,
285130715,-1.47105,-0.88,1.48792,1914.11,1053.8,-2171.24,2,0,0,0,9,
285130755,-1.47105,-0.88,1.48792,1914.11,1053.8,-2171.24,2,0,0,0,9,
285130795,-1.47105,-0.88,1.48792,1914.11,1053.8,-2171.24,2,0,0,0,9,
285130835,-1.47105,-0.88,1.48792,1914.11,1053.8,-2171.24,2,0,0,0,9,
285130875,-1.47105,-0.88,1.48792,1914.11,1053.8,-2171.24,2,0,0,0,9,
285130914,-1.47105,-0.88,1.48792,1914.11,1053.8,-2171.24,2,0,0,0,9,
285130954,-1.47105,-0.88,1.48792,1914.11,1053.8,-2171.24,2,0,0,0,9,
285130995,-1.47105,-0.88,1.48792,1914.11,1053.8,-2171.24,2,0,0,0,9,
285131035,-1.47105,-0.88,1.48792,1914.11,1053.8,-2171.24,2,0,0,0,9,
285131075,-1.47105,-0.88,1.48792,1914.11,1053.8,-2171.24,2,0,0,0,9,
285131115,-1.47105,-0.88,1.48792,1914.11,1053.8,-2171.24,2,0,0,0,9,
285131155,-1.47105,-0.88,1.48792,1914.11,1053.8,-2171.24,2,0,0,0,9,
285131195,-1.47105,-0.88,1.48792,1914.11,1053.8,-2171.24,2,0,0,0,9,
285131234,-1.47105,-0.88,1.48792,1914.11,1053.8,-2171.24,2,0,0,0,9,
285131274,-1.47105,-0.88,1.48792,1914.11,1053.8,-2171.24,2,0,0,0,9,
285131315,-1.47105,-0.88,1.48792,1914.11,1053.8,-2171.24,2,0,0,0,9,
285131355,-1.47105,-0.88,1.48792,1914.11,1053.8,-2171.24,2,0,0,0,9,
285131395,-1.47105,-0.88,1.48792,1914.11,1053.8,-2171.24,2,0,0,0,9,
285131435,-1.47105,-0.88,1.48792,1914.11,1053.8,-2171.24,2,0,0,0,9,
285131475,-1.47105,-0.88,1.48792,1914.11,1053.8,-2171.24,2,0,0,0,9,
285131515,-1.47105,-0.88,1.48792,1914.11,1053.8,-2171.24,2,0,0,0,9,
285131554,-1.47105,-0.88,1.48792,1914.11,1053.8,-2171.24,2,0,0,0,9,
285131594,-1.47105,-0.88,1.48792,1914.11,1053.8,-2171.24,2,0,0,0,9,
285131635,-1.47105,-0.88,1.48792,1914.11,1053.8,-2171.24,2,0,0,0,9,
285131675,-1.47105,-0.88,1.48792,1914.11,1053.8,-2171.24,2,0,0,0,9,
285131715,-1.47105,-0.88,1.48792,1914.11,1053.8,-2171.24,2,0,0,0,9,
285131755,-1.47105,-0.88,1.48792,1914.11,1053.8,-2171.24,2,0,0,0,9,
285131795,-1.47105,-0.88,1.48792,1914.11,1053.8,-2171.24,2,0,0,0,9,
285131835,-1.47105,-0.88,1.48792,1914.11,1053.8,-2171.24,2,0,0,0,9,
285131874,-1.47105,-0.88,1.48792,1914.11,1053.8,-2171.24,2,0,0,0,9,
285131914,-1.47105,-0.88,1.48792,1914.11,1053.8,-2171.24,2,0,0,0,9,
285131955,-1.47105,-0.88,1.48792,1914.11,1053.8,-2171.24,2,0,0,0,9,
285131995,-1.47105,-0.88,1.48792,1914.11,1053.8,-2171.24,2,0,0,0,9,
285132035,-1.47105,-0.88,1.48792,1914.11,1053.8,-2171.24,2,0,0,0,9,
285132075,-1.47105,-0.88,1.48792,1914.11,1053.8,-2171.24,2,0,0,0,9,
285132115,-1.47105,-0.88,1.48792,1914.11,1053.8,-2171.24,2,0,0,0,9,
285132155,-1.47105,-0.88,1.48792,1914.11,1053.8,-2171.24,2,0,0,0,9,
285132194,-1.47105,-0.88,1.48792,1914.11,1053.8,-2171.24,2,0,0,0,9,
285132235,-1.47105,-0.88,1.48792,1914.11,1053.8,-2171.24,2,0,0,0,9,
285132275,-1.47105,-0.88,1.48792,1914.11,1053.8,-2171.24,2,0,0,0,9,
285132315,-1.47105,-0.88,1.48792,1914.11,1053.8,-2171.24,2,0,0,0,9,
285132355,-1.47105,-0.88,1.48792,1914.11,1053.8,-2171.24,2,0,0,0,9,
285132395,-1.47105,-0.88,1.48792,1914.11,1053.8,-2171.24,2,0,0,0,9,
285132435,-1.47105,-0.88,1.48792,1914.11,1053.8,-2171.24,2,0,0,0,9,
285132475,-1.47105,-0.88,1.48792,1914.11,1053.8,-2171.24,2,0,0,0,9,
285132514,-1.47105,-0.88,1.48792,1914.11,1053.8,-2171.24,2,0,0,0,9,
285132555,-1.47105,-0.88,1.48792,1914.11,1053.8,-2171.24,2,0,0,0,9,
285132595,-1.47105,-0.88,1.48792,1914.11,1053.8,-2171.24,2,0,0,0,9,
285132635,-1.47105,-0.88,1.48792,1914.11,1053.8,-2171.24,2,0,0,0,9,
285132675,-1.47105,-0.88,1.48792,1914.11,1053.8,-2171.24,2,0,0,0,9,
285132715,-1.47105,-0.88,1.48792,1914.11,1053.8,-2171.24,2,0,0,0,9,
285132755,-1.47105,-0.88,1.48792,1914.11,1053.8,-2171.24,2,0,0,0,9,
285132794,-1.47105,-0.88,1.48792,1914.11,1053.8,-2171.24,2,0,0,0,9,
285132834,-1.47105,-0.88,1.48792,1914.11,1053.8,-2171.24,2,0,0,0,9,
285132875,-1.47105,-0.88,1.48792,1914.11,1053.8,-2171.24,2,0,0,0,9,
285132915,-1.47105,-0.88,1.48792,1914.11,1053.8,-2171.24,2,0,0,0,9,
285132955,-1.47105,-0.88,1.48792,1914.11,1053.8,-2171.24,2,0,0,0,9,
285132995,-1.47105,-0.88,1.48792,1914.11,1053.8,-2171.24,2,0,0,0,9,
285133035,-1.47105,-0.88,1.48792,1914.11,1053.8,-2171.24,2,0,0,0,9,
285133075,-1.47105,-0.88,1.48792,1914.11,1053.8,-2171.24,2,0,0,0,9,
285133114,-1.47105,-0.88,1.48792,1914.11,1053.8,-2171.24,2,0,0,0,9,
285133154,-1.47105,-0.88,1.48792,1914.11,1053.8,-2171.24,2,0,0,0,9,
285133195,-1.47105,-0.88,1.48792,1914.11,1053.8,-2171.24,2,0,0,0,9,
285133235,-1.47105,-0.88,1.48792,1914.11,1053.8,-2171.24,2,0,0,0,9,
285133275,-1.47105,-0.88,1.48792,1914.11,1053.8,-2171.24,2,0,0,0,9,
285133315,-1.47105,-0.88,1.48792,1914.11,1053.8,-2171.24,2,0,0,0,9,
285133355,-1.47105,-0.88,1.48792,1914.11,1053.8,-2171.24,2,0,0,0,9,
285133395,-1.47105,-0.88,1.48792,1914.11,1053.8,-2171.24,2,0,0,0,9,
285133434,-1.47105,-0.88,1.48792,1914.11,1053.8,-2171.24,2,0,0,0,9,
285133474,-1.47105,-0.88,1.48792,1914.11,1053.8,-2171.24,2,0,0,0,9,
285133515,-1.47105,-0.88,1.48792,1914.11,1053.8,-2171.24,2,0,0,0,9,
285133555,-1.47105,-0.88,1.48792,1914.11,1053.8,-2171.24,2,0,0,0,9,
285133595,-1.47105,-0.88,1.48792,1914.11,1053.8,-2171.24,2,0,0,0,9,
285133635,-1.47105,-0.88,1.48792,1914.11,1053.8,-2171.24,2,0,0,0,9,
285133675,-1.47105,-0.88,1.48792,1914.11,1053.8,-2171.24,2,0,0,0,9,
285133715,-1.47105,-0.88,1.48792,1914.11,1053.8,-2171.24,2,0,0,0,9,
285133754,-1.47105,-0.88,1.48792,1914.11,1053.8,-2171.24,2,0,0,0,9,
285133794,-1.47105,-0.88,1.48792,1914.11,1053.8,-2171.24,2,0,0,0,9,
285133835,-1.47105,-0.88,1.48792,1914.11,1053.8,-2171.24,2,0,0,0,9,
285133875,-1.47105,-0.88,1.48792,1914.11,1053.8,-2171.24,2,0,0,0,9,
285133915,-1.47105,-0.88,1.48792,1914.11,1053.8,-2171.24,2,0,0,0,9,
285133955,-1.47105,-0.88,1.48792,1914.11,1053.8,-2171.24,2,0,0,0,9,
285133995,-1.47105,-0.88,1.48792,1914.11,1053.8,-2171.24,2,0,0,0,9,
285134035,-1.47105,-0.88,1.48792,1914.11,1053.8,-2171.24,2,0,0,0,9,
285134074,-1.47105,-0.88,1.48792,1914.11,1053.8,-2171.24,2,0,0,0,9,
285134114,-1.47105,-0.88,1.48792,1914.11,1053.8,-2171.24,2,0,0,0,9,
285134155,-1.47105,-0.88,1.48792,1914.11,1053.8,-2171.24,2,0,0,0,9,
285134195,-1.47105,-0.88,1.48792,1914.11,1053.8,-2171.24,2,0,0,0,9,
285134235,-1.47105,-0.88,1.48792,1914.11,1053.8,-2171.24,2,0,0,0,9,
285134275,-1.47105,-0.88,1.48792,1914.11,1053.8,-2171.24,2,0,0,0,9,
285134315,-1.47105,-0.88,1.48792,1914.11,1053.8,-2171.24,2,0,0,0,9,
285134355,-1.47105,-0.88,1.48792,1914.11,1053.8,-2171.24,2,0,0,0,9,
285134394,-1.47105,-0.88,1.48792,1914.11,1053.8,-2171.24,2,0,0,0,9,
285134435,-1.47105,-0.88,1.48792,1914.11,1053.8,-2171.24,2,0,0,0,9,
285134475,-1.47105,-0.88,1.48792,1914.11,1053.8,-2171.24,2,0,0,0,9,
285134515,-1.47105,-0.88,1.48792,1914.11,1053.8,-2171.24,2,0,0,0,9,
285134555,-1.47105,-0.88,1.48792,1914.11,1053.8,-2171.24,2,0,0,0,9,
285134595,-1.47105,-0.88,1.48792,1914.11,1053.8,-2171.24,2,0,0,0,9,
285134635,-1.47105,-0.88,1.48792,1914.11,1053.8,-2171.24,2,0,0,0,9,
285134674,-1.47105,-0.88,1.48792,1914.11,1053.8,-2171.24,2,0,0,0,9,
285134714,-1.47105,-0.88,1.48792,1914.11,1053.8,-2171.24,2,0,0,0,9,
285134755,-1.47105,-0.88,1.48792,1914.11,1053.8,-2171.24,2,0,0,0,9,
285134795,-1.47105,-0.88,1.48792,1914.11,1053.8,-2171.24,2,0,0,0,9,
285134835,-1.47105,-0.88,1.48792,1914.11,1053.8,-2171.24,2,0,0,0,9,
285134875,-1.47105,-0.88,1.48792,1914.11,1053.8,-2171.24,2,0,0,0,9,
285134915,-1.47105,-0.88,1.48792,1914.11,1053.8,-2171.24,2,0,0,0,9,
285134955,-1.47105,-0.88,1.48792,1914.11,1053.8,-2171.24,2,0,0,0,9,
285134994,-1.47105,-0.88,1.48792,1914.11,1053.8,-2171.24,2,0,0,0,9,
285135034,-1.47105,-0.88,1.48792,1914.11,1053.8,-2171.24,2,0,0,0,9,
285135075,-1.47105,-0.88,1.48792,1914.11,1053.8,-2171.24,2,0,0,0,9,
285135115,-1.47105,-0.88,1.48792,1914.11,1053.8,-2171.24,2,0,0,0,9,
285135155,-1.47105,-0.88,1.48792,1914.11,1053.8,-2171.24,2,0,0,0,9,
285135195,-1.47105,-0.88,1.48792,1914.11,1053.8,-2171.24,2,0,0,0,9,
285135235,-1.47105,-0.88,1.48792,1914.11,1053.8,-2171.24,2,0,0,0,9,
285135275,-1.47105,-0.88,1.48792,1914.11,1053.8,-2171.24,2,0,0,0,9,
285135314,-1.47105,-0.88,1.48792,1914.11,1053.8,-2171.24,2,0,0,0,9,
285135354,-1.47105,-0.88,1.48792,1914.11,1053.8,-2171.24,2,0,0,0,9,
285135395,-1.47105,-0.88,1.48792,1914.11,1053.8,-2171.24,2,0,0,0,9,
285135435,-1.47105,-0.88,1.48792,1914.11,1053.8,-2171.24,2,0,0,0,9,
285135475,-1.47105,-0.88,1.48792,1914.11,1053.8,-2171.24,2,0,0,0,9,
285135515,-1.47105,-0.88,1.48792,1914.11,1053.8,-2171.24,2,0,0,0,9,
285135555,-1.47105,-0.88,1.48792,1914.11,1053.8,-2171.24,2,0,0,0,9,
285135595,-1.47105,-0.88,1.48792,1914.11,1053.8,-2171.24,2,0,0,0,9,
285135634,-1.47105,-0.88,1.48792,1914.11,1053.8,-2171.24,2,0,0,0,9,
285135674,-1.47105,-0.88,1.48792,1914.11,1053.8,-2171.24,2,0,0,0,9,
285135715,-1.47105,-0.88,1.48792,1914.11,1053.8,-2171.24,2,0,0,0,9,
285135755,-1.47105,-0.88,1.48792,1914.11,1053.8,-2171.24,2,0,0,0,9,
285135795,-1.47105,-0.88,1.48792,1914.11,1053.8,-2171.24,2,0,0,0,9,
285135835,-1.47105,-0.88,1.48792,1914.11,1053.8,-2171.24,2,0,0,0,9,
285135875,-1.47105,-0.88,1.48792,1914.11,1053.8,-2171.24,2,0,0,0,9,
285135915,-1.47105,-0.88,1.48792,1914.11,1053.8,-2171.24,2,0,0,0,9,
285135954,-1.47105,-0.88,1.48792,1914.11,1053.8,-2171.24,2,0,0,0,9,
285135994,-1.47105,-0.88,1.48792,1914.11,1053.8,-2171.24,2,0,0,0,9,
285136035,-1.47105,-0.88,1.48792,1914.11,1053.8,-2171.24,2,0,0,0,9,
285136075,-1.47105,-0.88,1.48792,1914.11,1053.8,-2171.24,2,0,0,0,9,
285136115,-1.47105,-0.88,1.48792,1914.11,1053.8,-2171.24,2,0,0,0,9,
285136155,-1.47105,-0.88,1.48792,1914.11,1053.8,-2171.24,2,0,0,0,9,
285136195,-1.47105,-0.88,1.48792,1914.11,1053.8,-2171.24,2,0,0,0,9,
285136235,-1.47105,-0.88,1.48792,1914.11,1053.8,-2171.24,2,0,0,0,9,
285136274,-1.47105,-0.88,1.48792,1914.11,1053.8,-2171.24,2,0,0,0,9,
285136315,-1.47105,-0.88,1.48792,1914.11,1053.8,-2171.24,2,0,0,0,9,
285136355,-1.47105,-0.88,1.48792,1914.11,1053.8,-2171.24,2,0,0,0,9,
285136395,-1.47105,-0.88,1.48792,1914.11,1053.8,-2171.24,2,0,0,0,9,
285136435,-1.47105,-0.88,1.48792,1914.11,1053.8,-2171.24,2,0,0,0,9,
285136475,-1.47105,-0.88,1.48792,1914.11,1053.8,-2171.24,2,0,0,0,9,
285136515,-1.47105,-0.88,1.48792,1914.11,1053.8,-2171.24,2,0,0,0,9,
285136554,-1.47105,-0.88,1.48792,1914.11,1053.8,-2171.24,2,0,0,0,9,
285136594,-1.47105,-0.88,1.48792,1914.11,1053.8,-2171.24,2,0,0,0,9,
285136635,-1.47105,-0.88,1.48792,1914.11,1053.8,-2171.24,2,0,0,0,9,
285136675,-1.47105,-0.88,1.48792,1914.11,1053.8,-2171.24,2,0,0,0,9,
285136715,-1.47105,-0.88,1.48792,1914.11,1053.8,-2171.24,2,0,0,0,9,
285136755,-1.47105,-0.88,1.48792,1914.11,1053.8,-2171.24,2,0,0,0,9,
285136795,-1.47105,-0.88,1.48792,1914.11,1053.8,-2171.24,2,0,0,0,9,
285136835,-1.47105,-0.88,1.48792,1914.11,1053.8,-2171.24,2,0,0,0,9,
285136874,-1.47105,-0.88,1.48792,1914.11,1053.8,-2171.24,2,0,0,0,9,
285136914,-1.47105,-0.88,1.48792,1914.11,1053.8,-2171.24,2,0,0,0,9,
285136955,-1.47105,-0.88,1.48792,1914.11,1053.8,-2171.24,2,0,0,0,9,
285136995,-1.47105,-0.88,1.48792,1914.11,1053.8,-2171.24,2,0,0,0,9,
285137035,-1.47105,-0.88,1.48792,1914.11,1053.8,-2171.24,2,0,0,0,9,
285137075,-1.47105,-0.88,1.48792,1914.11,1053.8,-2171.24,2,0,0,0,9,
285137115,-1.47105,-0.88,1.48792,1914.11,1053.8,-2171.24,2,0,0,0,9,
285137155,-1.47105,-0.88,1.48792,1914.11,1053.8,-2171.24,2,0,0,0,9,
285137194,-1.47105,-0.88,1.48792,1914.11,1053.8,-2171.24,2,0,0,0,9,
285137234,-1.47105,-0.88,1.48792,1914.11,1053.8,-2171.24,2,0,0,0,9,
285137275,-1.47105,-0.88,1.48792,1914.11,1053.8,-2171.24,2,0,0,0,9,
285137315,-1.47105,-0.88,1.48792,1914.11,1053.8,-2171.24,2,0,0,0,9,
285137355,-1.47105,-0.88,1.48792,1914.11,1053.8,-2171.24,2,0,0,0,9,
285137395,-1.47105,-0.88,1.48792,1914.11,1053.8,-2171.24,2,0,0,0,9,
285137435,-1.47105,-0.88,1.48792,1914.11,1053.8,-2171.24,2,0,0,0,9,
285137475,-1.47105,-0.88,1.48792,1914.11,1053.8,-2171.24,2,0,0,0,9,
285137514,-1.47105,-0.88,1.48792,1914.11,1053.8,-2171.24,2,0,0,0,9,
285137554,-1.47105,-0.88,1.48792,1914.11,1053.8,-2171.24,2,0,0,0,9,
285137595,-1.47105,-0.88,1.48792,1914.11,1053.8,-2171.24,2,0,0,0,9,
285137635,-1.47105,-0.88,1.48792,1914.11,1053.8,-2171.24,2,0,0,0,9,
285137675,-1.47105,-0.88,1.48792,1914.11,1053.8,-2171.24,2,0,0,0,9,
285137715,-1.47105,-0.88,1.48792,1914.11,1053.8,-2171.24,2,0,0,0,9,
285137755,-1.47105,-0.88,1.48792,1914.11,1053.8,-2171.24,2,0,0,0,9,
285137795,-1.47105,-0.88,1.48792,1914.11,1053.8,-2171.24,2,0,0,0,9,
285137834,-1.47105,-0.88,1.48792,1914.11,1053.8,-2171.24,2,0,0,0,9,
285137874,-1.47105,-0.88,1.48792,1914.11,1053.8,-2171.24,2,0,0,0,9,
285137915,-1.47105,-0.88,1.48792,1914.11,1053.8,-2171.24,2,0,0,0,9,
285137955,-1.47105,-0.88,1.48792,1914.11,1053.8,-2171.24,2,0,0,0,9,
285137995,-1.47105,-0.88,1.48792,1914.11,1053.8,-2171.24,2,0,0,0,9,
285138035,-1.47105,-0.88,1.48792,1914.11,1053.8,-2171.24,2,0,0,0,9,
285138075,-1.47105,-0.88,1.48792,1914.11,1053.8,-2171.24,2,0,0,0,9,
285138115,-1.47105,-0.88,1.48792,1914.11,1053.8,-2171.24,2,0,0,0,9,
285138154,-1.47105,-0.88,1.48792,1914.11,1053.8,-2171.24,2,0,0,0,9,
285138195,-1.47105,-0.88,1.48792,1914.11,1053.8,-2171.24,2,0,0,0,9,
285138235,-1.47105,-0.88,1.48792,1914.11,1053.8,-2171.24,2,0,0,0,9,
285138275,-1.47105,-0.88,1.48792,1914.11,1053.8,-2171.24,2,0,0,0,9,
285138315,-1.47105,-0.88,1.48792,1914.11,1053.8,-2171.24,2,0,0,0,9,
285138355,-1.47105,-0.88,1.48792,1914.11,1053.8,-2171.24,2,0,0,0,9,
285138395,-1.47105,-0.88,1.48792,1914.11,1053.8,-2171.24,2,0,0,0,9,
285138434,-1.47105,-0.88,1.48792,1914.11,1053.8,-2171.24,2,0,0,0,9,
285138474,-1.47105,-0.88,1.48792,1914.11,1053.8,-2171.24,2,0,0,0,9,
285138515,-1.47105,-0.88,1.48792,1914.11,1053.8,-2171.24,2,0,0,0,9,
285138555,-1.47105,-0.88,1.48792,1914.11,1053.8,-2171.24,2,0,0,0,9,
285138595,-1.47105,-0.88,1.48792,1914.11,1053.8,-2171.24,2,0,0,0,9,
285138635,-1.47105,-0.88,1.48792,1914.11,1053.8,-2171.24,2,0,0,0,9,
285138675,-1.47105,-0.88,1.48792,1914.11,1053.8,-2171.24,2,0,0,0,9,
285138715,-1.47105,-0.88,1.48792,1914.11,1053.8,-2171.24,2,0,0,0,9,
285138754,-1.47105,-0.88,1.48792,1914.11,1053.8,-2171.24,2,0,0,0,9,
285138794,-1.47105,-0.88,1.48792,1914.11,1053.8,-2171.24,2,0,0,0,9,
285138835,-1.47105,-0.88,1.48792,1914.11,1053.8,-2171.24,2,0,0,0,9,
285138875,-1.47105,-0.88,1.48792,1914.11,1053.8,-2171.24,2,0,0,0,9,
285138915,-1.47105,-0.88,1.48792,1914.11,1053.8,-2171.24,2,0,0,0,9,
285138955,-1.47105,-0.88,1.48792,1914.11,1053.8,-2171.24,2,0,0,0,9,
285138995,-1.47105,-0.88,1.48792,1914.11,1053.8,-2171.24,2,0,0,0,9,
285139035,-1.47105,-0.88,1.48792,1914.11,1053.8,-2171.24,2,0,0,0,9,
285139074,-1.47105,-0.88,1.48792,1914.11,1053.8,-2171.24,2,0,0,0,9,
285139114,-1.47105,-0.88,1.48792,1914.11,1053.8,-2171.24,2,0,0,0,9,
285139155,-1.47105,-0.88,1.48792,1914.11,1053.8,-2171.24,2,0,0,0,9,
285139195,-1.47105,-0.88,1.48792,1914.11,1053.8,-2171.24,2,0,0,0,9,
285139235,-1.47105,-0.88,1.48792,1914.11,1053.8,-2171.24,2,0,0,0,9,
285139275,-1.47105,-0.88,1.48792,1914.11,1053.8,-2171.24,2,0,0,0,9,
285139315,-1.47105,-0.88,1.48792,1914.11,1053.8,-2171.24,2,0,0,0,9,
285139355,-1.47105,-0.88,1.48792,1914.11,1053.8,-2171.24,2,0,0,0,9,
285139394,-1.47105,-0.88,1.48792,1914.11,1053.8,-2171.24,2,0,0,0,9,
285139434,-1.47105,-0.88,1.48792,1914.11,1053.8,-2171.24,2,0,0,0,9,
285139475,-1.47105,-0.88,1.48792,1914.11,1053.8,-2171.24,2,0,0,0,9,
285139515,-1.47105,-0.88,1.48792,1914.11,1053.8,-2171.24,2,0,0,0,9,
285139555,-1.47105,-0.88,1.48792,1914.11,1053.8,-2171.24,2,0,0,0,9,
285139595,-1.47105,-0.88,1.48792,1914.11,1053.8,-2171.24,2,0,0,0,9,
285139635,-1.47105,-0.88,1.48792,1914.11,1053.8,-2171.24,2,0,0,0,9,
285139675,-1.47105,-0.88,1.48792,1914.11,1053.8,-2171.24,2,0,0,0,9,
285139714,-1.47105,-0.88,1.48792,1914.11,1053.8,-2171.24,2,0,0,0,9,
285139754,-1.47105,-0.88,1.48792,1914.11,1053.8,-2171.24,2,0,0,0,9,
285139795,-1.47105,-0.88,1.48792,1914.11,1053.8,-2171.24,2,0,0,0,9,
285139835,-1.47105,-0.88,1.48792,1914.11,1053.8,-2171.24,2,0,0,0,9,
285139875,-1.47105,-0.88,1.48792,1914.11,1053.8,-2171.24,2,0,0,0,9,
285139915,-1.47105,-0.88,1.48792,1914.11,1053.8,-2171.24,2,0,0,0,9,
285139955,-1.47105,-0.88,1.48792,1914.11,1053.8,-2171.24,2,0,0,0,9,
285139995,-1.47105,-0.88,1.48792,1914.11,1053.8,-2171.24,2,0,0,0,9,
285140034,-1.47105,-0.88,1.48792,1914.11,1053.8,-2171.24,2,0,0,0,9,
285140075,-1.47105,-0.88,1.48792,1914.11,1053.8,-2171.24,2,0,0,0,9,
285140115,-1.47105,-0.88,1.48792,1914.11,1053.8,-2171.24,2,0,0,0,9,
285140155,-1.47105,-0.88,1.48792,1914.11,1053.8,-2171.24,2,0,0,0,9,
285140195,-1.47105,-0.88,1.48792,1914.11,1053.8,-2171.24,2,0,0,0,9,
285140235,-1.47105,-0.88,1.48792,1914.11,1053.8,-2171.24,2,0,0,0,9,
285140275,-1.47105,-0.88,1.48792,1914.11,1053.8,-2171.24,2,0,0,0,9,
285140314,-1.47105,-0.88,1.48792,1914.11,1053.8,-2171.24,2,0,0,0,9,
285140354,-1.47105,-0.88,1.48792,1914.11,1053.8,-2171.24,2,0,0,0,9,
285140395,-1.47105,-0.88,1.48792,1914.11,1053.8,-2171.24,2,0,0,0,9,
285140435,-1.47105,-0.88,1.48792,1914.11,1053.8,-2171.24,2,0,0,0,9,
285140475,-1.47105,-0.88,1.48792,1914.11,1053.8,-2171.24,2,0,0,0,9,
285140515,-1.47105,-0.88,1.48792,1914.11,1053.8,-2171.24,2,0,0,0,9,
285140555,-1.47105,-0.88,1.48792,1914.11,1053.8,-2171.24,2,0,0,0,9,
285140595,-1.47105,-0.88,1.48792,1914.11,1053.8,-2171.24,2,0,0,0,9,
285140634,-1.47105,-0.88,1.48792,1914.11,1053.8,-2171.24,2,0,0,0,9,
285140674,-1.47105,-0.88,1.48792,1914.11,1053.8,-2171.24,2,0,0,0,9,
285140715,-1.47105,-0.88,1.48792,1914.11,1053.8,-2171.24,2,0,0,0,9,
285140755,-1.47105,-0.88,1.48792,1914.11,1053.8,-2171.24,2,0,0,0,9,
285140795,-1.47105,-0.88,1.48792,1914.11,1053.8,-2171.24,2,0,0,0,9,
285140835,-1.47105,-0.88,1.48792,1914.11,1053.8,-2171.24,2,0,0,0,9,
285140875,-1.47105,-0.88,1.48792,1914.11,1053.8,-2171.24,2,0,0,0,9,
285140915,-1.47105,-0.88,1.48792,1914.11,1053.8,-2171.24,2,0,0,0,9,
285140954,-1.47105,-0.88,1.48792,1914.11,1053.8,-2171.24,2,0,0,0,9,
285140994,-1.47105,-0.88,1.48792,1914.11,1053.8,-2171.24,2,0,0,0,9,
285141035,-1.47105,-0.88,1.48792,1914.11,1053.8,-2171.24,2,0,0,0,9,
285141075,-1.47105,-0.88,1.48792,1914.11,1053.8,-2171.24,2,0,0,0,9,
285141115,-1.47105,-0.88,1.48792,1914.11,1053.8,-2171.24,2,0,0,0,9,
285141155,-1.47105,-0.88,1.48792,1914.11,1053.8,-2171.24,2,0,0,0,9,
285141195,-1.47105,-0.88,1.48792,1914.11,1053.8,-2171.24,2,0,0,0,9,
285141235,-1.47105,-0.88,1.48792,1914.11,1053.8,-2171.24,2,0,0,0,9,
285141274,-1.47105,-0.88,1.48792,1914.11,1053.8,-2171.24,2,0,0,0,9,
285141314,-1.47105,-0.88,1.48792,1914.11,1053.8,-2171.24,2,0,0,0,9,
285141355,-1.47105,-0.88,1.48792,1914.11,1053.8,-2171.24,2,0,0,0,9,
285141395,-1.47105,-0.88,1.48792,1914.11,1053.8,-2171.24,2,0,0,0,9,
285141435,-1.47105,-0.88,1.48792,1914.11,1053.8,-2171.24,2,0,0,0,9,
285141475,-1.47105,-0.88,1.48792,1914.11,1053.8,-2171.24,2,0,0,0,9,
285141515,-1.47105,-0.88,1.48792,1914.11,1053.8,-2171.24,2,0,0,0,9,
285141555,-1.47105,-0.88,1.48792,1914.11,1053.8,-2171.24,2,0,0,0,9,
285141594,-1.47105,-0.88,1.48792,1914.11,1053.8,-2171.24,2,0,0,0,9,
285141634,-1.47105,-0.88,1.48792,1914.11,1053.8,-2171.24,2,0,0,0,9,
285141675,-1.47105,-0.88,1.48792,1914.11,1053.8,-2171.24,2,0,0,0,9,
285141715,-1.47105,-0.88,1.48792,1914.11,1053.8,-2171.24,2,0,0,0,9,
285141755,-1.47105,-0.88,1.48792,1914.11,1053.8,-2171.24,2,0,0,0,9,
285141795,-1.47105,-0.88,1.48792,1914.11,1053.8,-2171.24,2,0,0,0,9,
285141835,-1.47105,-0.88,1.48792,1914.11,1053.8,-2171.24,2,0,0,0,9,
285141875,-1.47105,-0.88,1.48792,1914.11,1053.8,-2171.24,2,0,0,0,9,
285141914,-1.47105,-0.88,1.48792,1914.11,1053.8,-2171.24,2,0,0,0,9,
285141955,-1.47105,-0.88,1.48792,1914.11,1053.8,-2171.24,2,0,0,0,9,
285141995,-1.47105,-0.88,1.48792,1914.11,1053.8,-2171.24,2,0,0,0,9,
285142035,-1.47105,-0.88,1.48792,1914.11,1053.8,-2171.24,2,0,0,0,9,
285142075,-1.47105,-0.88,1.48792,1914.11,1053.8,-2171.24,2,0,0,0,9,
285142115,-1.47105,-0.88,1.48792,1914.11,1053.8,-2171.24,2,0,0,0,9,
285142155,-1.47105,-0.88,1.48792,1914.11,1053.8,-2171.24,2,0,0,0,9,
285142194,-1.47105,-0.88,1.48792,1914.11,1053.8,-2171.24,2,0,0,0,9,
285142234,-1.47105,-0.88,1.48792,1914.11,1053.8,-2171.24,2,0,0,0,9,
285142275,-1.47105,-0.88,1.48792,1914.11,1053.8,-2171.24,2,0,0,0,9,
285142315,-1.47105,-0.88,1.48792,1914.11,1053.8,-2171.24,2,0,0,0,9,
285142355,-1.47105,-0.88,1.48792,1914.11,1053.8,-2171.24,2,0,0,0,9,
285142395,-1.47105,-0.88,1.48792,1914.11,1053.8,-2171.24,2,0,0,0,9,
285142435,-1.47105,-0.88,1.48792,1914.11,1053.8,-2171.24,2,0,0,0,9,
285142475,-1.47105,-0.88,1.48792,1914.11,1053.8,-2171.24,2,0,0,0,9,
285142514,-1.47105,-0.88,1.48792,1914.11,1053.8,-2171.24,2,0,0,0,9,
285142554,-1.47105,-0.88,1.48792,1914.11,1053.8,-2171.24,2,0,0,0,9,
285142595,-1.47105,-0.88,1.48792,1914.11,1053.8,-2171.24,2,0,0,0,9,
285142635,-1.47105,-0.88,1.48792,1914.11,1053.8,-2171.24,2,0,0,0,9,
285142675,-1.47105,-0.88,1.48792,1914.11,1053.8,-2171.24,2,0,0,0,9,
285142715,-1.47105,-0.88,1.48792,1914.11,1053.8,-2171.24,2,0,0,0,9,
285142755,-1.47105,-0.88,1.48792,1914.11,1053.8,-2171.24,2,0,0,0,9,
285142795,-1.47105,-0.88,1.48792,1914.11,1053.8,-2171.24,2,0,0,0,9,
285142834,-1.47105,-0.88,1.48792,1914.11,1053.8,-2171.24,2,0,0,0,9,
285142874,-1.47105,-0.88,1.48792,1914.11,1053.8,-2171.24,2,0,0,0,9,
285142915,-1.47105,-0.88,1.48792,1914.11,1053.8,-2171.24,2,0,0,0,9,
285142955,-1.47105,-0.88,1.48792,1914.11,1053.8,-2171.24,2,0,0,0,9,
285142995,-1.47105,-0.88,1.48792,1914.11,1053.8,-2171.24,2,0,0,0,9,
285143035,-1.47105,-0.88,1.48792,1914.11,1053.8,-2171.24,2,0,0,0,9,
285143075,-1.47105,-0.88,1.48792,1914.11,1053.8,-2171.24,2,0,0,0,9,
285143115,-1.47105,-0.88,1.48792,1914.11,1053.8,-2171.24,2,0,0,0,9,
285143154,-1.47105,-0.88,1.48792,1914.11,1053.8,-2171.24,2,0,0,0,9,
285143194,-1.47105,-0.88,1.48792,1914.11,1053.8,-2171.24,2,0,0,0,9,
285143235,-1.47105,-0.88,1.48792,1914.11,1053.8,-2171.24,2,0,0,0,9,
285143275,-1.47105,-0.88,1.48792,1914.11,1053.8,-2171.24,2,0,0,0,9,
285143315,-1.47105,-0.88,1.48792,1914.11,1053.8,-2171.24,2,0,0,0,9,
285143355,-1.47105,-0.88,1.48792,1914.11,1053.8,-2171.24,2,0,0,0,9,
285143395,-1.47105,-0.88,1.48792,1914.11,1053.8,-2171.24,2,0,0,0,9,
285143435,-1.47105,-0.88,1.48792,1914.11,1053.8,-2171.24,2,0,0,0,9,
285143474,-1.47105,-0.88,1.48792,1914.11,1053.8,-2171.24,2,0,0,0,9,
285143514,-1.47105,-0.88,1.48792,1914.11,1053.8,-2171.24,2,0,0,0,9,
285143555,-1.47105,-0.88,1.48792,1914.11,1053.8,-2171.24,2,0,0,0,9,
285143595,-1.47105,-0.88,1.48792,1914.11,1053.8,-2171.24,2,0,0,0,9,
285143635,-1.47105,-0.88,1.48792,1914.11,1053.8,-2171.24,2,0,0,0,9,
285143675,-1.47105,-0.88,1.48792,1914.11,1053.8,-2171.24,2,0,0,0,9,
285143715,-1.47105,-0.88,1.48792,1914.11,1053.8,-2171.24,2,0,0,0,9,
285143755,-1.47105,-0.88,1.48792,1914.11,1053.8,-2171.24,2,0,0,0,9,
285143794,-1.47105,-0.88,1.48792,1914.11,1053.8,-2171.24,2,0,0,0,9,
285143835,-1.47105,-0.88,1.48792,1914.11,1053.8,-2171.24,2,0,0,0,9,
285143875,-1.47105,-0.88,1.48792,1914.11,1053.8,-2171.24,2,0,0,0,9,
285143915,-1.47105,-0.88,1.48792,1914.11,1053.8,-2171.24,2,0,0,0,9,
285143955,-1.47105,-0.88,1.48792,1914.11,1053.8,-2171.24,2,0,0,0,9,
285143995,-1.47105,-0.88,1.48792,1914.11,1053.8,-2171.24,2,0,0,0,9,
285144035,-1.47105,-0.88,1.48792,1914.11,1053.8,-2171.24,2,0,0,0,9,
285144075,-1.47105,-0.88,1.48792,1914.11,1053.8,-2171.24,2,0,0,0,9,
285144114,-1.47105,-0.88,1.48792,1914.11,1053.8,-2171.24,2,0,0,0,9,
285144155,-1.47105,-0.88,1.48792,1914.11,1053.8,-2171.24,2,0,0,0,9,
285144195,-1.47105,-0.88,1.48792,1914.11,1053.8,-2171.24,2,0,0,0,9,
285144235,-1.47105,-0.88,1.48792,1914.11,1053.8,-2171.24,2,0,0,0,9,
285144275,-1.47105,-0.88,1.48792,1914.11,1053.8,-2171.24,2,0,0,0,9,
285144315,-1.47105,-0.88,1.48792,1914.11,1053.8,-2171.24,2,0,0,0,9,
285144355,-1.47105,-0.88,1.48792,1914.11,1053.8,-2171.24,2,0,0,0,9,
285144394,-1.47105,-0.88,1.48792,1914.11,1053.8,-2171.24,2,0,0,0,9,
285144434,-1.47105,-0.88,1.48792,1914.11,1053.8,-2171.24,2,0,0,0,9,
285144475,-1.47105,-0.88,1.48792,1914.11,1053.8,-2171.24,2,0,0,0,9,
285144515,-1.47105,-0.88,1.48792,1914.11,1053.8,-2171.24,2,0,0,0,9,
285144555,-1.47105,-0.88,1.48792,1914.11,1053.8,-2171.24,2,0,0,0,9,
285144595,-1.47105,-0.88,1.48792,1914.11,1053.8,-2171.24,2,0,0,0,9,
285144635,-1.47105,-0.88,1.48792,1914.11,1053.8,-2171.24,2,0,0,0,9,
285144675,-1.47105,-0.88,1.48792,1914.11,1053.8,-2171.24,2,0,0,0,9,
285144714,-1.47105,-0.88,1.48792,1914.11,1053.8,-2171.24,2,0,0,0,9,
285144754,-1.47105,-0.88,1.48792,1914.11,1053.8,-2171.24,2,0,0,0,9,
285144795,-1.47105,-0.88,1.48792,1914.11,1053.8,-2171.24,2,0,0,0,9,
285144835,-1.47105,-0.88,1.48792,1914.11,1053.8,-2171.24,2,0,0,0,9,
285144875,-1.47105,-0.88,1.48792,1914.11,1053.8,-2171.24,2,0,0,0,9,
285144915,-1.47105,-0.88,1.48792,1914.11,1053.8,-2171.24,2,0,0,0,9,
285144955,-1.47105,-0.88,1.48792,1914.11,1053.8,-2171.24,2,0,0,0,9,
285144995,-1.47105,-0.88,1.48792,1914.11,1053.8,-2171.24,2,0,0,0,9,
285145034,-1.47105,-0.88,1.48792,1914.11,1053.8,-2171.24,2,0,0,0,9,
