milisec,RacketX,RacketY,RacketZ,forceX,forceX,forceX,ForceRatio,FriendPoint,EnemyPoint,haptics,scene
10974629,0,0,0,0,0,0,0.4,0,0,0,0,
10974669,-0.0193498,-0.186364,-0.591261,0,0,0,0.4,0,0,0,0,
10974719,-0.0273774,-0.186181,-0.585001,0,0,0,0.4,0,0,0,0,
10974780,-0.0325446,-0.177844,-0.57898,0,0,0,0.4,0,0,0,0,
10974840,-0.0385848,-0.167584,-0.574594,0,0,0,0.4,0,0,0,0,
10974910,-0.0422738,-0.160169,-0.571193,0,0,0,0.4,0,0,0,0,
10974960,-0.0460218,-0.153933,-0.569211,0,0,0,0.4,0,0,0,0,
10975020,-0.0475542,-0.151372,-0.56824,0,0,0,0.4,0,0,0,0,
10975080,-0.0480743,-0.150536,-0.568085,0,0,0,0.4,0,0,0,0,
10975140,-0.0483029,-0.150147,-0.567885,0,0,0,0.4,0,0,0,0,
10975200,-0.0486161,-0.149662,-0.56774,4.81724,0.425537,-3.2156,0.4,0,0,0,0,
10975260,-0.0486971,-0.149524,-0.567687,0,0,0,0.4,0,0,0,0,
10975320,-0.0488726,-0.149225,-0.567568,0,0,0,0.4,0,0,0,0,
10975380,-0.0488726,-0.149225,-0.567568,0,0,0,0.4,0,0,0,0,
10975440,-0.0489148,-0.149251,-0.567525,0,0,0,0.4,0,0,0,0,
10975501,-0.0489283,-0.149228,-0.567512,0,0,0,0.4,0,0,0,0,
10975561,-0.0489427,-0.149253,-0.567498,0,0,0,0.4,0,0,0,0,
10975621,-0.0489706,-0.149255,-0.56747,0,0,0,0.4,0,0,0,0,
10975681,-0.048984,-0.149232,-0.567456,0,0,0,0.4,0,0,0,0,
10975741,-0.048984,-0.149232,-0.567456,0,0,0,0.4,0,0,0,0,
10975801,-0.0489973,-0.149209,-0.567443,0,0,0,0.4,0,0,0,0,
10975861,-0.0489973,-0.149209,-0.567443,0,0,0,0.4,0,0,0,9,
10975921,-0.0490108,-0.149186,-0.56743,0,0,0,0.4,0,0,0,9,
10975981,-0.0490108,-0.149186,-0.56743,0,0,0,0.4,0,0,0,9,
10976041,-0.0490108,-0.149186,-0.56743,0,0,0,0.4,0,0,0,9,
10976101,-0.0490108,-0.149186,-0.56743,0,0,0,0.4,0,0,0,9,
10976161,-0.0490108,-0.149186,-0.56743,0,0,0,0.4,0,0,0,9,
10976222,-0.0490108,-0.149186,-0.56743,0,0,0,0.4,0,0,0,9,
10976282,-0.0490108,-0.149186,-0.56743,0,0,0,0.4,0,0,0,9,
10976342,-0.0490108,-0.149186,-0.56743,0,0,0,0.4,0,0,0,9,
10976402,-0.0490108,-0.149186,-0.56743,0,0,0,0.4,0,0,0,9,
10976462,-0.0490108,-0.149186,-0.56743,0,0,0,0.4,0,0,0,9,
10976522,-0.0490108,-0.149186,-0.56743,0,0,0,0.4,0,0,0,9,
10976582,-0.0490108,-0.149186,-0.56743,0,0,0,0.4,0,0,0,9,
10976642,-0.0490108,-0.149186,-0.56743,0,0,0,0.4,0,0,0,9,
10976702,-0.0490108,-0.149186,-0.56743,-3.09405,1.23431,0.670963,0.4,0,0,0,9,
10976762,-0.0490108,-0.149186,-0.56743,0,0,0,0.4,0,0,0,9,
10976822,-0.0490108,-0.149186,-0.56743,0,0,0,0.4,0,0,0,9,
10976883,-0.0490108,-0.149186,-0.56743,0,0,0,0.4,0,0,0,9,
10976943,-0.0490108,-0.149186,-0.56743,0,0,0,0.4,0,0,0,9,
10977003,-0.0490108,-0.149186,-0.56743,0,0,0,0.4,0,0,0,9,
10977063,-0.0490108,-0.149186,-0.56743,0,0,0,0.4,0,0,0,9,
10977123,-0.0490108,-0.149186,-0.56743,0,0,0,0.4,0,0,0,9,
10977183,-0.0490108,-0.149186,-0.56743,0,0,0,0.4,0,0,0,9,
10977243,-0.0490108,-0.149186,-0.56743,0,0,0,0.4,0,0,0,9,
10977303,-0.0490108,-0.149186,-0.56743,0,0,0,0.4,0,0,0,9,
10977373,-0.0490108,-0.149186,-0.56743,0,0,0,0.4,0,0,0,9,
10977423,-0.0490108,-0.149186,-0.56743,0,0,0,0.4,0,0,0,9,
10977483,-0.0490108,-0.149186,-0.56743,0,0,0,0.4,0,0,0,9,
10977543,-0.0490108,-0.149186,-0.56743,0,0,0,0.4,0,0,0,9,
10977604,-0.0490108,-0.149186,-0.56743,0,0,0,0.4,0,0,0,9,
10977664,-0.0490108,-0.149186,-0.56743,0,0,0,0.4,0,0,0,9,
10977724,-0.0490108,-0.149186,-0.56743,0,0,0,0.4,0,0,0,9,
10977784,-0.0490108,-0.149186,-0.56743,0,0,0,0.4,0,0,0,9,
10977844,-0.0490108,-0.149186,-0.56743,0,0,0,0.4,0,0,0,9,
10977904,-0.0490108,-0.149186,-0.56743,0,0,0,0.4,0,0,0,9,
10977964,-0.0490108,-0.149186,-0.56743,0,0,0,0.4,0,0,0,9,
10978024,-0.0490108,-0.149186,-0.56743,0,0,0,0.4,0,0,0,9,
10978084,-0.0506106,-0.147505,-0.567613,0,0,0,0.4,0,0,0,9,
10978144,-0.0555914,-0.143628,-0.568975,0,0,0,0.4,0,0,0,9,
10978204,-0.0580259,-0.139701,-0.569089,0,0,0,0.4,0,0,0,9,
10978265,-0.0458799,-0.127501,-0.554487,0,0,0,0.4,0,0,0,9,
10978325,-0.00388944,-0.0887166,-0.504192,0,0,0,0.4,0,0,0,9,
10978395,0.0426284,-0.0640538,-0.445162,0,0,0,0.4,0,0,0,9,
10978445,0.0551685,-0.053496,-0.422775,0,0,0,0.4,0,0,0,9,
10978505,0.0294139,-0.0573477,-0.435629,0,0,0,0.4,0,0,0,9,
10978565,-0.0222025,-0.0707688,-0.481346,0,0,0,0.4,0,0,0,9,
10978625,-0.0766267,-0.0651076,-0.527086,0,0,0,0.4,0,0,0,9,
10978685,-0.116005,-0.0591718,-0.553701,0,0,0,0.4,0,0,0,9,
10978745,-0.119631,-0.0548551,-0.550334,0,0,0,0.4,0,0,0,9,
10978805,-0.0849766,-0.0256007,-0.501086,0,0,0,0.4,0,0,0,9,
10978865,-0.0674654,-0.0328273,-0.46847,0,0,0,0.4,0,0,0,9,
10978925,-0.0812651,-0.01649,-0.468356,0,0,0,0.4,0,0,0,9,
10978986,-0.0769928,0.00358605,-0.460246,0,0,0,0.4,0,0,0,9,
10979046,-0.0514048,0.0218085,-0.427943,11.6744,3.68438,-5.64684,0.4,0,0,0,9,
10979106,-0.0651933,0.0366429,-0.439086,-1.19436,0.807313,-1.37438,0.4,0,0,0,9,
10979166,-0.0814485,0.0664047,-0.446769,0,0,0,0.4,0,0,0,9,
10979226,-0.0889946,0.0674344,-0.450295,0,0,0,0.4,0,0,0,9,
10979286,-0.11604,0.0933582,-0.474359,0,0,0,0.4,0,0,0,9,
10979346,-0.121029,0.131066,-0.473381,0,0,0,0.4,0,0,0,9,
10979406,-0.101239,0.151548,-0.446006,0,0,0,0.4,0,0,0,9,
10979466,-0.0936235,0.115615,-0.418887,0,0,0,0.4,0,0,0,9,
10979526,-0.0926401,0.0812795,-0.40516,0,0,0,0.4,0,0,0,9,
10979586,-0.0820747,0.0684945,-0.383003,0,0,0,0.4,0,0,0,9,
10979647,-0.0779743,0.052385,-0.371163,0,0,0,0.4,0,0,0,9,
10979707,-0.0900767,0.0183119,-0.373119,0,0,0,0.4,0,0,0,9,
10979767,-0.101215,-0.00610979,-0.37212,0,0,0,0.4,0,0,0,9,
10979827,-0.12248,-0.0435232,-0.373489,0,0,0,0.4,0,0,0,9,
10979887,-0.138449,-0.0747425,-0.368817,0,0,0,0.4,0,0,0,9,
10979947,-0.156854,-0.107574,-0.362517,0,0,0,0.4,0,0,0,9,
10980007,-0.167414,-0.125739,-0.35453,0,0,0,0.4,0,0,0,9,
10980067,-0.176381,-0.140815,-0.349997,0,0,0,0.4,0,0,0,9,
10980127,-0.179604,-0.145282,-0.348094,0,0,0,0.4,0,0,0,9,
10980187,-0.179756,-0.144634,-0.34794,0,0,0,0.4,0,0,0,9,
10980247,-0.179833,-0.144504,-0.347972,0,0,0,0.4,0,0,0,9,
10980307,-0.179984,-0.144247,-0.347794,0,0,0,0.4,0,0,0,9,
10980378,-0.180052,-0.14413,-0.347862,0,0,0,0.4,0,0,0,9,
10980428,-0.180085,-0.144074,-0.347829,0,0,0,0.4,0,0,0,9,
10980488,-0.180074,-0.144093,-0.34784,0,0,0,0.4,0,0,0,9,
10980548,-0.180074,-0.144093,-0.34784,0,0,0,0.4,0,0,0,9,
10980608,-0.180074,-0.144093,-0.34784,0,0,0,0.4,0,0,0,9,
10980668,-0.180074,-0.144093,-0.34784,0,0,0,0.4,0,0,0,9,
10980728,-0.180085,-0.144074,-0.347829,0,0,0,0.4,0,0,0,9,
10980788,-0.180074,-0.144093,-0.34784,0,0,0,0.4,0,0,0,9,
10980848,-0.180085,-0.144074,-0.347829,0,0,0,0.4,0,0,0,9,
10980908,-0.180085,-0.144074,-0.347829,0,0,0,0.4,0,0,0,9,
10980968,-0.180085,-0.144074,-0.347829,0,0,0,0.4,0,0,0,9,
10981028,-0.180085,-0.144074,-0.347829,0,0,0,0.4,0,0,0,9,
10981089,-0.180085,-0.144074,-0.347829,0,0,0,0.4,0,0,0,9,
