milisec,RacketX,RacketY,RacketZ,forceX,forceX,forceX,ForceRatio,FriendPoint,EnemyPoint,haptics,scene
281381087,0,0,0,7696.79,4109.82,-8503.56,8,0,0,0,0,
281381129,-1.4958,-0.88,1.48286,2165.42,1159.18,-2376.11,2.2,0,0,0,0,
281381135,-1.4958,-0.88,1.48286,196.856,105.38,-216.01,0.2,0,0,0,0,
281381173,-1.4958,-0.88,1.48286,1968.56,1053.8,-2160.1,2,0,0,0,0,
281381214,-1.4958,-0.88,1.48286,1968.56,1053.8,-2160.1,2,0,0,0,0,
281381253,-1.4958,-0.88,1.48286,1968.56,1053.8,-2160.1,2,0,0,0,0,
281381294,-1.4958,-0.88,1.48286,1968.56,1053.8,-2160.1,2,0,0,0,0,
281381362,-1.4958,-0.88,1.48286,3346.55,1791.46,-3672.17,3.4,0,0,0,0,
281381373,-1.4958,-0.88,1.48286,590.568,316.14,-648.029,0.6,0,0,0,0,
281381430,-1.4958,-0.88,1.48286,2755.98,1475.32,-3024.14,2.8,0,0,0,0,
281381453,-1.4958,-0.88,1.48286,1181.14,632.28,-1296.06,1.2,0,0,0,0,
281381493,-1.4958,-0.88,1.48286,1968.56,1053.8,-2160.1,2,0,0,0,0,
281381534,-1.4958,-0.88,1.48286,1968.56,1053.8,-2160.1,2,0,0,0,0,
281381573,-1.4958,-0.88,1.48286,1968.56,1053.8,-2160.1,2,0,0,0,0,
281381613,-1.4958,-0.88,1.48286,1968.56,1053.8,-2160.1,2,0,0,0,0,
281381653,-1.4958,-0.88,1.48286,1968.56,1053.8,-2160.1,2,0,0,0,0,
281381693,-1.4958,-0.88,1.48286,1968.56,1053.8,-2160.1,2,0,0,0,0,
281381733,-1.4958,-0.88,1.48286,1968.56,1053.8,-2160.1,2,0,0,0,0,
281381773,-1.4958,-0.88,1.48286,1968.56,1053.8,-2160.1,2,0,0,0,0,
281381813,-1.4958,-0.88,1.48286,1968.56,1053.8,-2160.1,2,0,0,0,0,
281381854,-1.4958,-0.88,1.48286,1968.56,1053.8,-2160.1,2,0,0,0,0,
281381893,-1.4958,-0.88,1.48286,1968.56,1053.8,-2160.1,2,0,0,0,0,
281381933,-1.4958,-0.88,1.48286,1968.56,1053.8,-2160.1,2,0,0,0,0,
281381973,-1.4958,-0.88,1.48286,1968.56,1053.8,-2160.1,2,0,0,0,0,
281382013,-1.4958,-0.88,1.48286,1968.56,1053.8,-2160.1,2,0,0,0,0,
281382053,-1.4958,-0.88,1.48286,1968.56,1053.8,-2160.1,2,0,0,0,0,
281382093,-1.4958,-0.88,1.48286,1968.56,1053.8,-2160.1,2,0,0,0,0,
281382133,-1.4958,-0.88,1.48286,1968.56,1053.8,-2160.1,2,0,0,0,0,
281382174,-1.4958,-0.88,1.48286,1968.56,1053.8,-2160.1,2,0,0,0,0,
281382213,-1.4958,-0.88,1.48286,1968.56,1053.8,-2160.1,2,0,0,0,0,
281382253,-1.4958,-0.88,1.48286,1968.56,1053.8,-2160.1,2,0,0,0,0,
281382293,-1.4958,-0.88,1.48286,1968.56,1053.8,-2160.1,2,0,0,0,0,
281382333,-1.4958,-0.88,1.48286,1968.56,1053.8,-2160.1,2,0,0,0,0,
281382373,-1.4958,-0.88,1.48286,1968.56,1053.8,-2160.1,2,0,0,0,0,
281382413,-1.4958,-0.88,1.48286,1968.56,1053.8,-2160.1,2,0,0,0,0,
281382453,-1.4958,-0.88,1.48286,1968.56,1053.8,-2160.1,2,0,0,0,0,
281382494,-1.4958,-0.88,1.48286,1968.56,1053.8,-2160.1,2,0,0,0,0,
281382533,-1.4958,-0.88,1.48286,1968.56,1053.8,-2160.1,2,0,0,0,0,
281382573,-1.4958,-0.88,1.48286,1968.56,1053.8,-2160.1,2,0,0,0,0,
281382613,-1.4958,-0.88,1.48286,1968.56,1053.8,-2160.1,2,0,0,0,0,
281382653,-1.4958,-0.88,1.48286,1968.56,1053.8,-2160.1,2,0,0,0,0,
281382693,-1.4958,-0.88,1.48286,1968.56,1053.8,-2160.1,2,0,0,0,0,
281382733,-1.4958,-0.88,1.48286,1968.56,1053.8,-2160.1,2,0,0,0,0,
281382774,-1.4958,-0.88,1.48286,1968.56,1053.8,-2160.1,2,0,0,0,0,
281382814,-1.4958,-0.88,1.48286,1968.56,1053.8,-2160.1,2,0,0,0,0,
281382853,-1.4958,-0.88,1.48286,1968.56,1053.8,-2160.1,2,0,0,0,0,
281382893,-1.4958,-0.88,1.48286,1968.56,1053.8,-2160.1,2,0,0,0,0,
281382933,-1.4958,-0.88,1.48286,1968.56,1053.8,-2160.1,2,0,0,0,0,
281382973,-1.4958,-0.88,1.48286,1968.56,1053.8,-2160.1,2,0,0,0,0,
281383013,-1.4958,-0.88,1.48286,1968.56,1053.8,-2160.1,2,0,0,0,0,
281383053,-1.4958,-0.88,1.48286,1968.56,1053.8,-2160.1,2,0,0,0,0,
281383094,-1.4958,-0.88,1.48286,1968.56,1053.8,-2160.1,2,0,0,0,0,
281383133,-1.4958,-0.88,1.48286,1968.56,1053.8,-2160.1,2,0,0,0,0,
281383173,-1.4958,-0.88,1.48286,1968.56,1053.8,-2160.1,2,0,0,0,0,
281383213,-1.4958,-0.88,1.48286,1968.56,1053.8,-2160.1,2,0,0,0,0,
281383253,-1.4958,-0.88,1.48286,1968.56,1053.8,-2160.1,2,0,0,0,0,
281383293,-1.4958,-0.88,1.48286,1968.56,1053.8,-2160.1,2,0,0,0,0,
281383333,-1.4958,-0.88,1.48286,1968.56,1053.8,-2160.1,2,0,0,0,0,
281383373,-1.4958,-0.88,1.48286,1968.56,1053.8,-2160.1,2,0,0,0,0,
281383414,-1.4958,-0.88,1.48286,1968.56,1053.8,-2160.1,2,0,0,0,0,
281383453,-1.4958,-0.88,1.48286,1968.56,1053.8,-2160.1,2,0,0,0,0,
281383493,-1.4958,-0.88,1.48286,1968.56,1053.8,-2160.1,2,0,0,0,0,
281383533,-1.4958,-0.88,1.48286,1968.56,1053.8,-2160.1,2,0,0,0,0,
281383573,-1.4958,-0.88,1.48286,1968.56,1053.8,-2160.1,2,0,0,0,0,
281383613,-1.4958,-0.88,1.48286,1968.56,1053.8,-2160.1,2,0,0,0,0,
281383653,-1.4958,-0.88,1.48286,1968.56,1053.8,-2160.1,2,0,0,0,0,
281383693,-1.4958,-0.88,1.48286,1968.56,1053.8,-2160.1,2,0,0,0,0,
281383734,-1.4958,-0.88,1.48286,1968.56,1053.8,-2160.1,2,0,0,0,0,
281383773,-1.4958,-0.88,1.48286,1968.56,1053.8,-2160.1,2,0,0,0,0,
281383813,-1.4958,-0.88,1.48286,1968.56,1053.8,-2160.1,2,0,0,0,0,
281383853,-1.4958,-0.88,1.48286,1968.56,1053.8,-2160.1,2,0,0,0,0,
281383893,-1.4958,-0.88,1.48286,1968.56,1053.8,-2160.1,2,0,0,0,0,
281383933,-1.4958,-0.88,1.48286,1968.56,1053.8,-2160.1,2,0,0,0,0,
281383973,-1.4958,-0.88,1.48286,1968.56,1053.8,-2160.1,2,0,0,0,0,
281384013,-1.4958,-0.88,1.48286,1968.56,1053.8,-2160.1,2,0,0,0,0,
281384054,-1.4958,-0.88,1.48286,1968.56,1053.8,-2160.1,2,0,0,0,0,
281384093,-1.4958,-0.88,1.48286,1968.56,1053.8,-2160.1,2,0,0,0,0,
281384133,-1.4958,-0.88,1.48286,1968.56,1053.8,-2160.1,2,0,0,0,0,
281384173,-1.4958,-0.88,1.48286,1968.56,1053.8,-2160.1,2,0,0,0,0,
281384213,-1.4958,-0.88,1.48286,1968.56,1053.8,-2160.1,2,0,0,0,0,
281384253,-1.4958,-0.88,1.48286,1968.56,1053.8,-2160.1,2,0,0,0,0,
281384293,-1.4958,-0.88,1.48286,1968.56,1053.8,-2160.1,2,0,0,0,0,
281384333,-1.4958,-0.88,1.48286,1968.56,1053.8,-2160.1,2,0,0,0,0,
281384374,-1.4958,-0.88,1.48286,1968.56,1053.8,-2160.1,2,0,0,0,0,
281384413,-1.4958,-0.88,1.48286,1968.56,1053.8,-2160.1,2,0,0,0,0,
281384453,-1.4958,-0.88,1.48286,1968.56,1053.8,-2160.1,2,0,0,0,0,
281384493,-1.4958,-0.88,1.48286,1968.56,1053.8,-2160.1,2,0,0,0,0,
281384533,-1.4958,-0.88,1.48286,1968.56,1053.8,-2160.1,2,0,0,0,0,
281384573,-1.4958,-0.88,1.48286,1968.56,1053.8,-2160.1,2,0,0,0,0,
281384613,-1.4958,-0.88,1.48286,1968.56,1053.8,-2160.1,2,0,0,0,0,
281384654,-1.4958,-0.88,1.48286,1968.56,1053.8,-2160.1,2,0,0,0,0,
281384694,-1.4958,-0.88,1.48286,1968.56,1053.8,-2160.1,2,0,0,0,0,
281384733,-1.4958,-0.88,1.48286,1968.56,1053.8,-2160.1,2,0,0,0,0,
281384773,-1.4958,-0.88,1.48286,1968.56,1053.8,-2160.1,2,0,0,0,0,
281384813,-1.4958,-0.88,1.48286,1968.56,1053.8,-2160.1,2,0,0,0,0,
281384853,-1.4958,-0.88,1.48286,1968.56,1053.8,-2160.1,2,0,0,0,0,
281384893,-1.4958,-0.88,1.48286,1968.56,1053.8,-2160.1,2,0,0,0,0,
281384933,-1.4958,-0.88,1.48286,1968.56,1053.8,-2160.1,2,0,0,0,0,
281384974,-1.4958,-0.88,1.48286,1968.56,1053.8,-2160.1,2,0,0,0,0,
281385013,-1.4958,-0.88,1.48286,1968.56,1053.8,-2160.1,2,0,0,0,0,
281385053,-1.4958,-0.88,1.48286,1968.56,1053.8,-2160.1,2,0,0,0,0,
281385093,-1.4958,-0.88,1.48286,1968.56,1053.8,-2160.1,2,0,0,0,0,
281385133,-1.4958,-0.88,1.48286,1968.56,1053.8,-2160.1,2,0,0,0,0,
281385173,-1.4958,-0.88,1.48286,1968.56,1053.8,-2160.1,2,0,0,0,0,
281385213,-1.4958,-0.88,1.48286,1968.56,1053.8,-2160.1,2,0,0,0,0,
281385253,-1.4958,-0.88,1.48286,1968.56,1053.8,-2160.1,2,0,0,0,0,
281385294,-1.4958,-0.88,1.48286,1968.56,1053.8,-2160.1,2,0,0,0,0,
281385333,-1.4958,-0.88,1.48286,1968.56,1053.8,-2160.1,2,0,0,0,0,
281385373,-1.4958,-0.88,1.48286,1968.56,1053.8,-2160.1,2,0,0,0,0,
281385413,-1.4958,-0.88,1.48286,1968.56,1053.8,-2160.1,2,0,0,0,0,
281385453,-1.4958,-0.88,1.48286,1968.56,1053.8,-2160.1,2,0,0,0,0,
281385493,-1.4958,-0.88,1.48286,1968.56,1053.8,-2160.1,2,0,0,0,0,
281385533,-1.4958,-0.88,1.48286,1968.56,1053.8,-2160.1,2,0,0,0,0,
281385573,-1.4958,-0.88,1.48286,1968.56,1053.8,-2160.1,2,0,0,0,0,
281385614,-1.4958,-0.88,1.48286,1968.56,1053.8,-2160.1,2,0,0,0,0,
281385653,-1.4958,-0.88,1.48286,1968.56,1053.8,-2160.1,2,0,0,0,0,
281385693,-1.4958,-0.88,1.48286,1968.56,1053.8,-2160.1,2,0,0,0,0,
281385733,-1.4958,-0.88,1.48286,1968.56,1053.8,-2160.1,2,0,0,0,0,
281385773,-1.4958,-0.88,1.48286,1968.56,1053.8,-2160.1,2,0,0,0,0,
281385813,-1.4958,-0.88,1.48286,1968.56,1053.8,-2160.1,2,0,0,0,0,
281385853,-1.4958,-0.88,1.48286,1968.56,1053.8,-2160.1,2,0,0,0,0,
281385893,-1.4958,-0.88,1.48286,1968.56,1053.8,-2160.1,2,0,0,0,0,
281385934,-1.4958,-0.88,1.48286,1968.56,1053.8,-2160.1,2,0,0,0,0,
281385973,-1.4958,-0.88,1.48286,1968.56,1053.8,-2160.1,2,0,0,0,0,
281386013,-1.4958,-0.88,1.48286,1968.56,1053.8,-2160.1,2,0,0,0,0,
281386053,-1.4958,-0.88,1.48286,1968.56,1053.8,-2160.1,2,0,0,0,0,
281386093,-1.4958,-0.88,1.48286,1968.56,1053.8,-2160.1,2,0,0,0,0,
281386133,-1.4958,-0.88,1.48286,1968.56,1053.8,-2160.1,2,0,0,0,0,
281386173,-1.4958,-0.88,1.48286,1968.56,1053.8,-2160.1,2,0,0,0,0,
281386213,-1.4958,-0.88,1.48286,1968.56,1053.8,-2160.1,2,0,0,0,0,
281386254,-1.4958,-0.88,1.48286,1968.56,1053.8,-2160.1,2,0,0,0,0,
281386293,-1.4958,-0.88,1.48286,1968.56,1053.8,-2160.1,2,0,0,0,0,
281386333,-1.4958,-0.88,1.48286,1968.56,1053.8,-2160.1,2,0,0,0,0,
281386373,-1.4958,-0.88,1.48286,1968.56,1053.8,-2160.1,2,0,0,0,0,
281386413,-1.4958,-0.88,1.48286,1968.56,1053.8,-2160.1,2,0,0,0,0,
281386453,-1.4958,-0.88,1.48286,1968.56,1053.8,-2160.1,2,0,0,0,0,
281386493,-1.4958,-0.88,1.48286,1968.56,1053.8,-2160.1,2,0,0,0,0,
281386534,-1.4958,-0.88,1.48286,1968.56,1053.8,-2160.1,2,0,0,0,0,
281386574,-1.4958,-0.88,1.48286,1968.56,1053.8,-2160.1,2,0,0,0,0,
281386613,-1.4958,-0.88,1.48286,1968.56,1053.8,-2160.1,2,0,0,0,0,
281386653,-1.4958,-0.88,1.48286,1968.56,1053.8,-2160.1,2,0,0,0,0,
281386693,-1.4958,-0.88,1.48286,1968.56,1053.8,-2160.1,2,0,0,0,0,
281386733,-1.4958,-0.88,1.48286,1968.56,1053.8,-2160.1,2,0,0,0,0,
281386773,-1.4958,-0.88,1.48286,1968.56,1053.8,-2160.1,2,0,0,0,0,
281386813,-1.4958,-0.88,1.48286,1968.56,1053.8,-2160.1,2,0,0,0,0,
281386854,-1.4958,-0.88,1.48286,1968.56,1053.8,-2160.1,2,0,0,0,0,
281386893,-1.4958,-0.88,1.48286,1968.56,1053.8,-2160.1,2,0,0,0,0,
281386933,-1.4958,-0.88,1.48286,1968.56,1053.8,-2160.1,2,0,0,0,0,
281386973,-1.4958,-0.88,1.48286,1968.56,1053.8,-2160.1,2,0,0,0,0,
281387013,-1.4958,-0.88,1.48286,1968.56,1053.8,-2160.1,2,0,0,0,0,
281387053,-1.4958,-0.88,1.48286,1968.56,1053.8,-2160.1,2,0,0,0,0,
281387093,-1.4958,-0.88,1.48286,1968.56,1053.8,-2160.1,2,0,0,0,0,
281387133,-1.4958,-0.88,1.48286,1968.56,1053.8,-2160.1,2,0,0,0,0,
281387174,-1.4958,-0.88,1.48286,1968.56,1053.8,-2160.1,2,0,0,0,0,
281387213,-1.4958,-0.88,1.48286,1968.56,1053.8,-2160.1,2,0,0,0,0,
281387253,-1.4958,-0.88,1.48286,1968.56,1053.8,-2160.1,2,0,0,0,0,
281387293,-1.4958,-0.88,1.48286,1968.56,1053.8,-2160.1,2,0,0,0,0,
281387333,-1.4958,-0.88,1.48286,1968.56,1053.8,-2160.1,2,0,0,0,0,
281387373,-1.4958,-0.88,1.48286,1968.56,1053.8,-2160.1,2,0,0,0,0,
281387413,-1.4958,-0.88,1.48286,1968.56,1053.8,-2160.1,2,0,0,0,0,
281387453,-1.4958,-0.88,1.48286,1968.56,1053.8,-2160.1,2,0,0,0,0,
281387494,-1.4958,-0.88,1.48286,1968.56,1053.8,-2160.1,2,0,0,0,0,
281387533,-1.4958,-0.88,1.48286,1968.56,1053.8,-2160.1,2,0,0,0,0,
281387573,-1.4958,-0.88,1.48286,1968.56,1053.8,-2160.1,2,0,0,0,0,
281387613,-1.4958,-0.88,1.48286,1968.56,1053.8,-2160.1,2,0,0,0,0,
281387653,-1.4958,-0.88,1.48286,1968.56,1053.8,-2160.1,2,0,0,0,0,
281387693,-1.4958,-0.88,1.48286,1968.56,1053.8,-2160.1,2,0,0,0,0,
281387733,-1.4958,-0.88,1.48286,1968.56,1053.8,-2160.1,2,0,0,0,0,
281387773,-1.4958,-0.88,1.48286,1968.56,1053.8,-2160.1,2,0,0,0,0,
281387814,-1.4958,-0.88,1.48286,1968.56,1053.8,-2160.1,2,0,0,0,0,
281387853,-1.4958,-0.88,1.48286,1968.56,1053.8,-2160.1,2,0,0,0,0,
281387893,-1.4958,-0.88,1.48286,1968.56,1053.8,-2160.1,2,0,0,0,0,
281387933,-1.4958,-0.88,1.48286,1968.56,1053.8,-2160.1,2,0,0,0,0,
281387973,-1.4958,-0.88,1.48286,1968.56,1053.8,-2160.1,2,0,0,0,0,
281388013,-1.4958,-0.88,1.48286,1968.56,1053.8,-2160.1,2,0,0,0,0,
281388053,-1.4958,-0.88,1.48286,1968.56,1053.8,-2160.1,2,0,0,0,0,
281388093,-1.4958,-0.88,1.48286,1968.56,1053.8,-2160.1,2,0,0,0,0,
281388134,-1.4958,-0.88,1.48286,1968.56,1053.8,-2160.1,2,0,0,0,0,
281388173,-1.4958,-0.88,1.48286,1968.56,1053.8,-2160.1,2,0,0,0,0,
281388213,-1.4958,-0.88,1.48286,1968.56,1053.8,-2160.1,2,0,0,0,0,
281388253,-1.4958,-0.88,1.48286,1968.56,1053.8,-2160.1,2,0,0,0,0,
281388293,-1.4958,-0.88,1.48286,1968.56,1053.8,-2160.1,2,0,0,0,0,
281388333,-1.4958,-0.88,1.48286,1968.56,1053.8,-2160.1,2,0,0,0,0,
281388373,-1.4958,-0.88,1.48286,1968.56,1053.8,-2160.1,2,0,0,0,0,
281388414,-1.4958,-0.88,1.48286,1968.56,1053.8,-2160.1,2,0,0,0,0,
281388454,-1.4958,-0.88,1.48286,1968.56,1053.8,-2160.1,2,0,0,0,0,
281388493,-1.4958,-0.88,1.48286,1968.56,1053.8,-2160.1,2,0,0,0,0,
281388533,-1.4958,-0.88,1.48286,1968.56,1053.8,-2160.1,2,0,0,0,0,
281388573,-1.4958,-0.88,1.48286,1968.56,1053.8,-2160.1,2,0,0,0,0,
281388613,-1.4958,-0.88,1.48286,1968.56,1053.8,-2160.1,2,0,0,0,0,
281388653,-1.4958,-0.88,1.48286,1968.56,1053.8,-2160.1,2,0,0,0,0,
281388693,-1.4958,-0.88,1.48286,1968.56,1053.8,-2160.1,2,0,0,0,0,
281388734,-1.4958,-0.88,1.48286,1968.56,1053.8,-2160.1,2,0,0,0,0,
281388774,-1.4958,-0.88,1.48286,1968.56,1053.8,-2160.1,2,0,0,0,0,
281388813,-1.4958,-0.88,1.48286,1968.56,1053.8,-2160.1,2,0,0,0,0,
281388853,-1.4958,-0.88,1.48286,1968.56,1053.8,-2160.1,2,0,0,0,0,
281388893,-1.4958,-0.88,1.48286,1968.56,1053.8,-2160.1,2,0,0,0,0,
281388933,-1.4958,-0.88,1.48286,1968.56,1053.8,-2160.1,2,0,0,0,0,
281388973,-1.4958,-0.88,1.48286,1968.56,1053.8,-2160.1,2,0,0,0,0,
281389013,-1.4958,-0.88,1.48286,1968.56,1053.8,-2160.1,2,0,0,0,0,
281389054,-1.4958,-0.88,1.48286,1968.56,1053.8,-2160.1,2,0,0,0,0,
281389093,-1.4958,-0.88,1.48286,1968.56,1053.8,-2160.1,2,0,0,0,0,
281389133,-1.4958,-0.88,1.48286,1968.56,1053.8,-2160.1,2,0,0,0,0,
281389173,-1.4958,-0.88,1.48286,1968.56,1053.8,-2160.1,2,0,0,0,0,
281389213,-1.4958,-0.88,1.48286,1968.56,1053.8,-2160.1,2,0,0,0,0,
281389253,-1.4958,-0.88,1.48286,1968.56,1053.8,-2160.1,2,0,0,0,0,
281389293,-1.4958,-0.88,1.48286,1968.56,1053.8,-2160.1,2,0,0,0,0,
281389333,-1.4958,-0.88,1.48286,1968.56,1053.8,-2160.1,2,0,0,0,0,
281389374,-1.4958,-0.88,1.48286,1968.56,1053.8,-2160.1,2,0,0,0,0,
281389413,-1.4958,-0.88,1.48286,1968.56,1053.8,-2160.1,2,0,0,0,0,
281389453,-1.4958,-0.88,1.48286,1968.56,1053.8,-2160.1,2,0,0,0,0,
281389493,-1.4958,-0.88,1.48286,1968.56,1053.8,-2160.1,2,0,0,0,0,
281389533,-1.4958,-0.88,1.48286,1968.56,1053.8,-2160.1,2,0,0,0,0,
281389573,-1.4958,-0.88,1.48286,1968.56,1053.8,-2160.1,2,0,0,0,0,
281389613,-1.4958,-0.88,1.48286,1968.56,1053.8,-2160.1,2,0,0,0,0,
281389653,-1.4958,-0.88,1.48286,1968.56,1053.8,-2160.1,2,0,0,0,0,
281389694,-1.4958,-0.88,1.48286,1968.56,1053.8,-2160.1,2,0,0,0,0,
281389733,-1.4958,-0.88,1.48286,1968.56,1053.8,-2160.1,2,0,0,0,0,
281389773,-1.4958,-0.88,1.48286,1968.56,1053.8,-2160.1,2,0,0,0,0,
281389813,-1.4958,-0.88,1.48286,1968.56,1053.8,-2160.1,2,0,0,0,0,
281389853,-1.4958,-0.88,1.48286,1968.56,1053.8,-2160.1,2,0,0,0,0,
281389893,-1.4958,-0.88,1.48286,1968.56,1053.8,-2160.1,2,0,0,0,0,
281389933,-1.4958,-0.88,1.48286,1968.56,1053.8,-2160.1,2,0,0,0,0,
281389973,-1.4958,-0.88,1.48286,1968.56,1053.8,-2160.1,2,0,0,0,0,
281390014,-1.4958,-0.88,1.48286,1968.56,1053.8,-2160.1,2,0,0,0,0,
281390053,-1.4958,-0.88,1.48286,1968.56,1053.8,-2160.1,2,0,0,0,0,
281390093,-1.4958,-0.88,1.48286,1968.56,1053.8,-2160.1,2,0,0,0,0,
281390133,-1.4958,-0.88,1.48286,1968.56,1053.8,-2160.1,2,0,0,0,0,
281390173,-1.4958,-0.88,1.48286,1968.56,1053.8,-2160.1,2,0,0,0,0,
281390213,-1.4958,-0.88,1.48286,1968.56,1053.8,-2160.1,2,0,0,0,0,
281390253,-1.4958,-0.88,1.48286,1968.56,1053.8,-2160.1,2,0,0,0,0,
281390293,-1.4958,-0.88,1.48286,1968.56,1053.8,-2160.1,2,0,0,0,0,
281390334,-1.4958,-0.88,1.48286,1968.56,1053.8,-2160.1,2,0,0,0,0,
281390373,-1.4958,-0.88,1.48286,1968.56,1053.8,-2160.1,2,0,0,0,0,
281390413,-1.4958,-0.88,1.48286,1968.56,1053.8,-2160.1,2,0,0,0,0,
281390453,-1.4958,-0.88,1.48286,1968.56,1053.8,-2160.1,2,0,0,0,0,
281390493,-1.4958,-0.88,1.48286,1968.56,1053.8,-2160.1,2,0,0,0,0,
281390533,-1.4958,-0.88,1.48286,1968.56,1053.8,-2160.1,2,0,0,0,0,
281390573,-1.4958,-0.88,1.48286,1968.56,1053.8,-2160.1,2,0,0,0,0,
281390614,-1.4958,-0.88,1.48286,1968.56,1053.8,-2160.1,2,0,0,0,0,
281390654,-1.4958,-0.88,1.48286,1968.56,1053.8,-2160.1,2,0,0,0,0,
281390693,-1.4958,-0.88,1.48286,1968.56,1053.8,-2160.1,2,0,0,0,0,
281390733,-1.4958,-0.88,1.48286,1968.56,1053.8,-2160.1,2,0,0,0,0,
281390773,-1.4958,-0.88,1.48286,1968.56,1053.8,-2160.1,2,0,0,0,0,
281390813,-1.4958,-0.88,1.48286,1968.56,1053.8,-2160.1,2,0,0,0,0,
281390853,-1.4958,-0.88,1.48286,1968.56,1053.8,-2160.1,2,0,0,0,0,
281390893,-1.4958,-0.88,1.48286,1968.56,1053.8,-2160.1,2,0,0,0,0,
281390934,-1.4958,-0.88,1.48286,1968.56,1053.8,-2160.1,2,0,0,0,0,
281390973,-1.4958,-0.88,1.48286,1968.56,1053.8,-2160.1,2,0,0,0,0,
281391013,-1.4958,-0.88,1.48286,1968.56,1053.8,-2160.1,2,0,0,0,0,
281391053,-1.4958,-0.88,1.48286,1968.56,1053.8,-2160.1,2,0,0,0,0,
281391093,-1.4958,-0.88,1.48286,1968.56,1053.8,-2160.1,2,0,0,0,0,
281391133,-1.4958,-0.88,1.48286,1968.56,1053.8,-2160.1,2,0,0,0,0,
281391173,-1.4958,-0.88,1.48286,1968.56,1053.8,-2160.1,2,0,0,0,0,
281391213,-1.4958,-0.88,1.48286,1968.56,1053.8,-2160.1,2,0,0,0,0,
281391254,-1.4958,-0.88,1.48286,1968.56,1053.8,-2160.1,2,0,0,0,0,
281391293,-1.4958,-0.88,1.48286,1968.56,1053.8,-2160.1,2,0,0,0,0,
281391333,-1.4958,-0.88,1.48286,1968.56,1053.8,-2160.1,2,0,0,0,0,
281391373,-1.4958,-0.88,1.48286,1968.56,1053.8,-2160.1,2,0,0,0,0,
281391413,-1.4958,-0.88,1.48286,1968.56,1053.8,-2160.1,2,0,0,0,0,
281391453,-1.4958,-0.88,1.48286,1968.56,1053.8,-2160.1,2,0,0,0,0,
281391493,-1.4958,-0.88,1.48286,1968.56,1053.8,-2160.1,2,0,0,0,0,
281391533,-1.4958,-0.88,1.48286,1968.56,1053.8,-2160.1,2,0,0,0,0,
281391574,-1.4958,-0.88,1.48286,1968.56,1053.8,-2160.1,2,0,0,0,0,
281391613,-1.4958,-0.88,1.48286,1968.56,1053.8,-2160.1,2,0,0,0,0,
281391653,-1.4958,-0.88,1.48286,1968.56,1053.8,-2160.1,2,0,0,0,0,
281391693,-1.4958,-0.88,1.48286,1968.56,1053.8,-2160.1,2,0,0,0,0,
281391733,-1.4958,-0.88,1.48286,1968.56,1053.8,-2160.1,2,0,0,0,0,
281391773,-1.4958,-0.88,1.48286,1968.56,1053.8,-2160.1,2,0,0,0,0,
281391813,-1.4958,-0.88,1.48286,1968.56,1053.8,-2160.1,2,0,0,0,0,
281391853,-1.4958,-0.88,1.48286,1968.56,1053.8,-2160.1,2,0,0,0,0,
281391894,-1.4958,-0.88,1.48286,1968.56,1053.8,-2160.1,2,0,0,0,0,
281391933,-1.4958,-0.88,1.48286,1968.56,1053.8,-2160.1,2,0,0,0,0,
281391973,-1.4958,-0.88,1.48286,1968.56,1053.8,-2160.1,2,0,0,0,0,
281392013,-1.4958,-0.88,1.48286,1968.56,1053.8,-2160.1,2,0,0,0,0,
281392053,-1.4958,-0.88,1.48286,1968.56,1053.8,-2160.1,2,0,0,0,0,
281392093,-1.4958,-0.88,1.48286,1968.56,1053.8,-2160.1,2,0,0,0,0,
281392133,-1.4958,-0.88,1.48286,1968.56,1053.8,-2160.1,2,0,0,0,0,
281392173,-1.4958,-0.88,1.48286,1968.56,1053.8,-2160.1,2,0,0,0,0,
281392214,-1.4958,-0.88,1.48286,1968.56,1053.8,-2160.1,2,0,0,0,0,
281392253,-1.4958,-0.88,1.48286,1968.56,1053.8,-2160.1,2,0,0,0,0,
281392293,-1.4958,-0.88,1.48286,1968.56,1053.8,-2160.1,2,0,0,0,0,
281392333,-1.4958,-0.88,1.48286,1968.56,1053.8,-2160.1,2,0,0,0,0,
281392373,-1.4958,-0.88,1.48286,1968.56,1053.8,-2160.1,2,0,0,0,0,
281392413,-1.4958,-0.88,1.48286,1968.56,1053.8,-2160.1,2,0,0,0,0,
281392453,-1.4958,-0.88,1.48286,1968.56,1053.8,-2160.1,2,0,0,0,0,
281392494,-1.4958,-0.88,1.48286,1968.56,1053.8,-2160.1,2,0,0,0,0,
281392534,-1.4958,-0.88,1.48286,1968.56,1053.8,-2160.1,2,0,0,0,0,
281392573,-1.4958,-0.88,1.48286,1968.56,1053.8,-2160.1,2,0,0,0,0,
281392613,-1.4958,-0.88,1.48286,1968.56,1053.8,-2160.1,2,0,0,0,0,
281392653,-1.4958,-0.88,1.48286,1968.56,1053.8,-2160.1,2,0,0,0,0,
281392693,-1.4958,-0.88,1.48286,1968.56,1053.8,-2160.1,2,0,0,0,0,
281392733,-1.4958,-0.88,1.48286,1968.56,1053.8,-2160.1,2,0,0,0,0,
281392773,-1.4958,-0.88,1.48286,1968.56,1053.8,-2160.1,2,0,0,0,0,
281392814,-1.4958,-0.88,1.48286,1968.56,1053.8,-2160.1,2,0,0,0,0,
281392853,-1.4958,-0.88,1.48286,1968.56,1053.8,-2160.1,2,0,0,0,0,
281392893,-1.4958,-0.88,1.48286,1968.56,1053.8,-2160.1,2,0,0,0,0,
281392933,-1.4958,-0.88,1.48286,1968.56,1053.8,-2160.1,2,0,0,0,0,
281392973,-1.4958,-0.88,1.48286,1968.56,1053.8,-2160.1,2,0,0,0,0,
281393013,-1.4958,-0.88,1.48286,1968.56,1053.8,-2160.1,2,0,0,0,0,
281393053,-1.4958,-0.88,1.48286,1968.56,1053.8,-2160.1,2,0,0,0,0,
281393093,-1.4958,-0.88,1.48286,1968.56,1053.8,-2160.1,2,0,0,0,0,
281393134,-1.4958,-0.88,1.48286,1968.56,1053.8,-2160.1,2,0,0,0,0,
281393173,-1.4958,-0.88,1.48286,1968.56,1053.8,-2160.1,2,0,0,0,0,
281393213,-1.4958,-0.88,1.48286,1968.56,1053.8,-2160.1,2,0,0,0,0,
281393253,-1.4958,-0.88,1.48286,1968.56,1053.8,-2160.1,2,0,0,0,0,
281393293,-1.4958,-0.88,1.48286,1968.56,1053.8,-2160.1,2,0,0,0,0,
281393333,-1.4958,-0.88,1.48286,1968.56,1053.8,-2160.1,2,0,0,0,0,
281393373,-1.4958,-0.88,1.48286,1968.56,1053.8,-2160.1,2,0,0,0,0,
281393413,-1.4958,-0.88,1.48286,1968.56,1053.8,-2160.1,2,0,0,0,0,
281393454,-1.4958,-0.88,1.48286,1968.56,1053.8,-2160.1,2,0,0,0,0,
281393493,-1.4958,-0.88,1.48286,1968.56,1053.8,-2160.1,2,0,0,0,0,
281393533,-1.4958,-0.88,1.48286,1968.56,1053.8,-2160.1,2,0,0,0,0,
281393573,-1.4958,-0.88,1.48286,1968.56,1053.8,-2160.1,2,0,0,0,0,
281393613,-1.4958,-0.88,1.48286,1968.56,1053.8,-2160.1,2,0,0,0,0,
281393653,-1.4958,-0.88,1.48286,1968.56,1053.8,-2160.1,2,0,0,0,0,
281393693,-1.4958,-0.88,1.48286,1968.56,1053.8,-2160.1,2,0,0,0,0,
281393733,-1.4958,-0.88,1.48286,1968.56,1053.8,-2160.1,2,0,0,0,0,
281393774,-1.4958,-0.88,1.48286,1968.56,1053.8,-2160.1,2,0,0,0,0,
281393813,-1.4958,-0.88,1.48286,1968.56,1053.8,-2160.1,2,0,0,0,0,
281393853,-1.4958,-0.88,1.48286,1968.56,1053.8,-2160.1,2,0,0,0,0,
281393893,-1.4958,-0.88,1.48286,1968.56,1053.8,-2160.1,2,0,0,0,0,
281393933,-1.4958,-0.88,1.48286,1968.56,1053.8,-2160.1,2,0,0,0,0,
281393973,-1.4958,-0.88,1.48286,1968.56,1053.8,-2160.1,2,0,0,0,0,
281394013,-1.4958,-0.88,1.48286,1968.56,1053.8,-2160.1,2,0,0,0,0,
281394053,-1.4958,-0.88,1.48286,1968.56,1053.8,-2160.1,2,0,0,0,0,
281394094,-1.4958,-0.88,1.48286,1968.56,1053.8,-2160.1,2,0,0,0,0,
281394133,-1.4958,-0.88,1.48286,1968.56,1053.8,-2160.1,2,0,0,0,0,
281394173,-1.4958,-0.88,1.48286,1968.56,1053.8,-2160.1,2,0,0,0,0,
281394213,-1.4958,-0.88,1.48286,1968.56,1053.8,-2160.1,2,0,0,0,0,
281394253,-1.4958,-0.88,1.48286,1968.56,1053.8,-2160.1,2,0,0,0,0,
281394293,-1.4958,-0.88,1.48286,1968.56,1053.8,-2160.1,2,0,0,0,0,
281394333,-1.4958,-0.88,1.48286,1968.56,1053.8,-2160.1,2,0,0,0,0,
281394374,-1.4958,-0.88,1.48286,1968.56,1053.8,-2160.1,2,0,0,0,0,
281394414,-1.4958,-0.88,1.48286,1968.56,1053.8,-2160.1,2,0,0,0,0,
281394453,-1.4958,-0.88,1.48286,1968.56,1053.8,-2160.1,2,0,0,0,0,
281394493,-1.4958,-0.88,1.48286,1968.56,1053.8,-2160.1,2,0,0,0,0,
281394533,-1.4958,-0.88,1.48286,1968.56,1053.8,-2160.1,2,0,0,0,0,
281394573,-1.4958,-0.88,1.48286,1968.56,1053.8,-2160.1,2,0,0,0,0,
281394613,-1.4958,-0.88,1.48286,1968.56,1053.8,-2160.1,2,0,0,0,0,
281394653,-1.4958,-0.88,1.48286,1968.56,1053.8,-2160.1,2,0,0,0,0,
281394694,-1.4958,-0.88,1.48286,1968.56,1053.8,-2160.1,2,0,0,0,0,
281394733,-1.4958,-0.88,1.48286,1968.56,1053.8,-2160.1,2,0,0,0,0,
281394773,-1.4958,-0.88,1.48286,1968.56,1053.8,-2160.1,2,0,0,0,0,
281394813,-1.4958,-0.88,1.48286,1968.56,1053.8,-2160.1,2,0,0,0,0,
281394853,-1.4958,-0.88,1.48286,1968.56,1053.8,-2160.1,2,0,0,0,0,
281394893,-1.4958,-0.88,1.48286,1968.56,1053.8,-2160.1,2,0,0,0,0,
281394933,-1.4958,-0.88,1.48286,1968.56,1053.8,-2160.1,2,0,0,0,0,
281394973,-1.4958,-0.88,1.48286,1968.56,1053.8,-2160.1,2,0,0,0,0,
281395014,-1.4958,-0.88,1.48286,1968.56,1053.8,-2160.1,2,0,0,0,0,
281395053,-1.4958,-0.88,1.48286,1968.56,1053.8,-2160.1,2,0,0,0,0,
281395093,-1.4958,-0.88,1.48286,1968.56,1053.8,-2160.1,2,0,0,0,0,
281395133,-1.4958,-0.88,1.48286,1968.56,1053.8,-2160.1,2,0,0,0,0,
281395173,-1.4958,-0.88,1.48286,1968.56,1053.8,-2160.1,2,0,0,0,0,
281395213,-1.06995,-0.88,-0.232875,1602.61,1053.8,-1296.06,2,0,0,0,0,
281395253,-1.0651,-0.88,-0.44685,1009.78,1053.8,0,2,0,0,0,0,
281395293,-1.11505,-0.88,-0.750525,1065.02,1053.8,0,2,0,0,0,0,
281395334,-1.16535,-0.88,-0.843825,1161.82,1053.8,0,2,0,0,0,0,
281395373,-1.3909,-0.88,-0.866287,1423.63,1053.8,0,2,0,0,0,0,
281395413,-1.3909,-0.88,-0.866287,1737.78,1053.8,0,2,0,0,0,0,
281395453,-1.3909,-0.88,-0.866287,1737.78,1053.8,0,2,0,0,0,0,
281395493,-1.3909,-0.88,-0.866287,1737.78,1053.8,0,2,0,0,0,0,
281395533,-1.3909,-0.88,-0.866287,1737.78,1053.8,0,2,0,0,0,0,
281395573,-1.3909,-0.88,-0.866287,1737.78,1053.8,0,2,0,0,0,0,
281395613,-1.3909,-0.88,-0.866287,1737.78,1053.8,0,2,0,0,0,0,
281395654,-1.3909,-0.88,-0.866287,1737.78,1053.8,0,2,0,0,0,0,
281395693,-1.3909,-0.88,-0.866287,1737.78,1053.8,0,2,0,0,0,0,
281395733,-1.3909,-0.88,-0.866287,1737.78,1053.8,0,2,0,0,0,0,
281395773,-1.3909,-0.88,-0.866287,1737.78,1053.8,0,2,0,0,0,0,
281395813,-1.3909,-0.88,-0.866287,1737.78,1053.8,0,2,0,0,0,0,
281395853,-1.3909,-0.88,-0.866287,1737.78,1053.8,0,2,0,0,0,0,
281395893,-1.3909,-0.88,-0.866287,1737.78,1053.8,0,2,0,0,0,0,
281395933,-1.3909,-0.88,-0.866287,1737.78,1053.8,0,2,0,0,0,0,
281395974,-1.3909,-0.88,-0.866287,1737.78,1053.8,0,2,0,0,0,0,
281396013,-1.3909,-0.88,-0.866287,1737.78,1053.8,0,2,0,0,0,0,
281396053,-1.3909,-0.88,-0.866287,1737.78,1053.8,0,2,0,0,0,0,
281396518,-1.3909,-0.88,-0.866287,20158.2,12224.1,0,23.2,0,0,0,0,
281396531,-1.3909,-0.88,-0.866287,521.334,316.14,0,0.6,0,0,0,0,
281396561,-1.3909,-0.88,-0.866287,1390.22,843.04,0,1.6,0,0,0,0,
281396602,-1.3909,-0.88,-0.866287,1737.78,1053.8,0,2,0,0,0,0,
281396641,-1.3909,-0.88,-0.866287,1737.78,1053.8,0,2,0,0,0,0,
281396681,-1.3909,-0.88,-0.866287,1737.78,1053.8,0,2,0,0,0,0,
281396721,-1.3909,-0.88,-0.866287,1737.78,1053.8,0,2,0,0,0,0,
281396761,-1.3909,-0.88,-0.866287,1737.78,1053.8,0,2,0,0,0,0,
281396801,-1.3909,-0.88,-0.866287,1737.78,1053.8,0,2,0,0,0,0,
281396841,-1.3909,-0.88,-0.866287,1737.78,1053.8,0,2,0,0,0,0,
281396882,-1.3909,-0.88,-0.866287,1737.78,1053.8,0,2,0,0,0,0,
281396922,-1.3909,-0.88,-0.866287,1737.78,1053.8,0,2,0,0,0,0,
281396961,-1.3909,-0.88,-0.866287,1737.78,1053.8,0,2,0,0,0,0,
281397001,-1.3909,-0.88,-0.866287,1737.78,1053.8,0,2,0,0,0,0,
281397041,-1.3909,-0.88,-0.866287,1737.78,1053.8,0,2,0,0,0,0,
281397081,-1.3909,-0.88,-0.866287,1737.78,1053.8,0,2,0,0,0,0,
281397121,-1.3909,-0.88,-0.866287,1737.78,1053.8,0,2,0,0,0,0,
281397161,-1.3909,-0.88,-0.866287,1737.78,1053.8,0,2,0,0,0,0,
281397202,-1.3909,-0.88,-0.866287,1737.78,1053.8,0,2,0,0,0,0,
281397241,-1.3909,-0.88,-0.866287,1737.78,1053.8,0,2,0,0,0,0,
281397281,-1.3909,-0.88,-0.866287,1737.78,1053.8,0,2,0,0,0,0,
281397321,-1.3909,-0.88,-0.866287,1737.78,1053.8,0,2,0,0,0,0,
281397361,-1.3909,-0.88,-0.866287,1737.78,1053.8,0,2,0,0,0,0,
281397401,-1.3909,-0.88,-0.866287,1737.78,1053.8,0,2,0,0,0,0,
281397442,-1.3909,-0.88,-0.866287,1737.78,1053.8,0,2,0,0,0,0,
281397481,-1.3909,-0.88,-0.866287,1737.78,1053.8,0,2,0,0,0,0,
281397522,-1.3909,-0.88,-0.866287,1737.78,1053.8,0,2,0,0,0,0,
281397561,-1.3909,-0.88,-0.866287,1737.78,1053.8,0,2,0,0,0,0,
281397601,-1.3909,-0.88,-0.866287,1737.78,1053.8,0,2,0,0,0,0,
281397641,-1.3909,-0.88,-0.866287,1737.78,1053.8,0,2,0,0,0,0,
281397681,-1.3909,-0.88,-0.866287,1737.78,1053.8,0,2,0,0,0,0,
281397721,-1.3909,-0.88,-0.866287,1737.78,1053.8,0,2,0,0,0,0,
281397761,-1.3909,-0.88,-0.866287,1737.78,1053.8,0,2,0,0,0,0,
281397801,-1.3909,-0.88,-0.866287,1737.78,1053.8,0,2,0,0,0,0,
281397842,-1.3909,-0.88,-0.866287,1737.78,1053.8,0,2,0,0,0,0,
281397881,-1.3909,-0.88,-0.866287,1737.78,1053.8,0,2,0,0,0,0,
281397921,-1.3909,-0.88,-0.866287,1737.78,1053.8,0,2,0,0,0,0,
281397961,-1.3909,-0.88,-0.866287,1737.78,1053.8,0,2,0,0,0,0,
281398001,-1.3909,-0.88,-0.866287,1737.78,1053.8,0,2,0,0,0,0,
281398041,-1.3909,-0.88,-0.866287,1737.78,1053.8,0,2,0,0,0,0,
281398081,-1.3909,-0.88,-0.866287,1737.78,1053.8,0,2,0,0,0,0,
281398121,-1.3909,-0.88,-0.866287,1737.78,1053.8,0,2,0,0,0,0,
281398162,-1.3909,-0.88,-0.866287,1737.78,1053.8,0,2,0,0,0,0,
281398201,-1.3909,-0.88,-0.866287,1737.78,1053.8,0,2,0,0,0,0,
281398241,-1.3909,-0.88,-0.866287,1737.78,1053.8,0,2,0,0,0,0,
281398281,-1.3909,-0.88,-0.866287,1737.78,1053.8,0,2,0,0,0,0,
281398321,-1.3909,-0.88,-0.866287,1737.78,1053.8,0,2,0,0,0,0,
281398361,-1.3909,-0.88,-0.866287,1737.78,1053.8,0,2,0,0,0,0,
281398401,-1.3909,-0.88,-0.866287,1737.78,1053.8,0,2,0,0,0,0,
281398441,-1.3909,-0.88,-0.866287,1737.78,1053.8,0,2,0,0,0,0,
281398482,-1.3909,-0.88,-0.866287,1737.78,1053.8,0,2,0,0,0,0,
281398521,-1.3909,-0.88,-0.866287,1737.78,1053.8,0,2,0,0,0,0,
281398561,-1.3909,-0.88,-0.866287,1737.78,1053.8,0,2,0,0,0,0,
281398601,-1.3909,-0.88,-0.866287,1737.78,1053.8,0,2,0,0,0,0,
281398641,-1.3909,-0.88,-0.866287,1737.78,1053.8,0,2,0,0,0,0,
281398681,-1.3909,-0.88,-0.866287,1737.78,1053.8,0,2,0,0,0,0,
281398721,-1.3909,-0.88,-0.866287,1737.78,1053.8,0,2,0,0,0,0,
281398762,-1.3909,-0.88,-0.866287,1737.78,1053.8,0,2,0,0,0,0,
281398802,-1.3909,-0.88,-0.866287,1737.78,1053.8,0,2,0,0,0,0,
281398841,-1.3909,-0.88,-0.866287,1737.78,1053.8,0,2,0,0,0,0,
281398881,-1.3909,-0.88,-0.866287,1737.78,1053.8,0,2,0,0,0,0,
281398921,-1.3909,-0.88,-0.866287,1737.78,1053.8,0,2,0,0,0,0,
281398961,-1.3909,-0.88,-0.866287,1737.78,1053.8,0,2,0,0,0,0,
281399001,-1.3909,-0.88,-0.866287,1737.78,1053.8,0,2,0,0,0,0,
