milisec,RacketX,RacketY,RacketZ,forceX,forceX,forceX,ForceRatio,FriendPoint,EnemyPoint,haptics,scene
283226064,0,0,0,18365.4,9800.33,-20389.9,18.8,0,0,0,0,
283226113,-1.492,-0.88,1.4859,2352.24,1264.56,-2600.14,2.4,0,0,0,0,
283226117,-1.492,-0.88,1.4859,196.02,105.38,-216.678,0.2,0,0,0,0,
283226156,-1.492,-0.88,1.4859,1960.2,1053.8,-2166.78,2,0,0,0,0,
283226196,-1.492,-0.88,1.4859,1960.2,1053.8,-2166.78,2,0,0,0,0,
283226236,-1.492,-0.88,1.4859,1960.2,1053.8,-2166.78,2,0,0,0,0,
283226276,-1.492,-0.88,1.4859,1960.2,1053.8,-2166.78,2,0,0,0,0,
283226344,-1.492,-0.88,1.4859,3332.34,1791.46,-3683.53,3.4,0,0,0,0,
283226355,-1.492,-0.88,1.4859,588.06,316.14,-650.034,0.6,0,0,0,0,
283226413,-1.492,-0.88,1.4859,2744.28,1475.32,-3033.49,2.8,0,0,0,0,
283226436,-1.492,-0.88,1.4859,1176.12,632.28,-1300.07,1.2,0,0,0,0,
283226476,-1.492,-0.88,1.4859,1960.2,1053.8,-2166.78,2,0,0,0,0,
283226516,-1.492,-0.88,1.4859,1960.2,1053.8,-2166.78,2,0,0,0,0,
283226556,-1.492,-0.88,1.4859,1960.2,1053.8,-2166.78,2,0,0,0,0,
283226596,-1.492,-0.88,1.4859,1960.2,1053.8,-2166.78,2,0,0,0,0,
283226636,-1.492,-0.88,1.4859,1960.2,1053.8,-2166.78,2,0,0,0,0,
283226675,-1.492,-0.88,1.4859,1960.2,1053.8,-2166.78,2,0,0,0,0,
283226715,-1.492,-0.88,1.4859,1960.2,1053.8,-2166.78,2,0,0,0,0,
283226756,-1.492,-0.88,1.4859,1960.2,1053.8,-2166.78,2,0,0,0,0,
283226796,-1.492,-0.88,1.4859,1960.2,1053.8,-2166.78,2,0,0,0,0,
283226836,-0.7,-0.88,0.0900375,1263.24,1053.8,-1300.07,2,0,0,0,0,
283226876,-0.7,-0.88,0.0900375,217.8,1053.8,0,2,0,0,0,0,
283226916,-0.7,-0.88,0.0937875,217.8,1053.8,0,2,0,0,0,0,
283226955,-0.70005,-0.88,0.0975,217.877,1053.8,0,2,0,0,0,0,
283226995,-0.70005,-0.88,0.0975,217.91,1053.8,0,2,0,0,0,0,
283227035,-0.70005,-0.88,0.0975,217.91,1053.8,0,2,0,0,0,0,
283227076,-0.70005,-0.88,0.0975,217.91,1053.8,0,2,0,0,0,0,
283227116,-0.70005,-0.88,0.0975,217.91,1053.8,0,2,0,0,0,0,
283227156,-0.70005,-0.88,0.0975,217.91,1053.8,0,2,0,0,0,0,
283227196,-0.70005,-0.88,0.0975,217.91,1053.8,0,2,0,0,0,0,
283227236,-0.70005,-0.88,0.0975,217.91,1053.8,0,2,0,0,0,0,
283227275,-0.70005,-0.88,0.0975,217.91,1053.8,0,2,0,0,0,0,
283227315,-0.70005,-0.88,0.0975,217.91,1053.8,0,2,0,0,0,0,
283227355,-0.70005,-0.88,0.0975,217.91,1053.8,0,2,0,0,0,0,
283227396,-0.70005,-0.88,0.0975,217.91,1053.8,0,2,0,0,0,0,
283227436,-0.70005,-0.88,0.0975,217.91,1053.8,0,2,0,0,0,0,
283227476,-0.70005,-0.88,0.0975,217.91,1053.8,0,2,0,0,0,0,
283227516,-0.70005,-0.88,0.0975,217.91,1053.8,0,2,0,0,0,0,
283227556,-0.70005,-0.88,0.0975,217.91,1053.8,0,2,0,0,0,0,
283227595,-0.70005,-0.88,0.0975,217.91,1053.8,0,2,0,0,0,0,
283227635,-0.70005,-0.88,0.0975,217.91,1053.8,0,2,0,0,0,0,
283227676,-0.70005,-0.88,0.0975,217.91,1053.8,0,2,0,0,0,0,
283227716,-0.70005,-0.88,0.0975,217.91,1053.8,0,2,0,0,0,0,
283227756,-0.70005,-0.88,0.0975,217.91,1053.8,0,2,0,0,0,0,
283227796,-0.70005,-0.88,0.0975,217.91,1053.8,0,2,0,0,0,0,
283227836,-0.70005,-0.88,0.0975,217.91,1053.8,0,2,0,0,0,0,
283227876,-0.70005,-0.88,0.0975,217.91,1053.8,0,2,0,0,0,0,
283227915,-0.70005,-0.88,0.0975,217.91,1053.8,0,2,0,0,0,0,
283227955,-0.70005,-0.88,0.0975,217.91,1053.8,0,2,0,0,0,0,
283227996,-0.70005,-0.88,0.0975,217.91,1053.8,0,2,0,0,0,0,
283228036,-0.70005,-0.88,0.0975,217.91,1053.8,0,2,0,0,0,0,
283228076,-0.70005,-0.88,0.0975,217.91,1053.8,0,2,0,0,0,9,
283228116,-0.70005,-0.88,0.0975,217.91,1053.8,0,2,0,0,0,9,
283228156,-0.70005,-0.88,0.0975,217.91,1053.8,0,2,0,0,0,9,
283228196,-0.70005,-0.88,0.0975,217.91,1053.8,0,2,0,0,0,9,
283228235,-0.70005,-0.88,0.0975,217.91,1053.8,0,2,0,0,0,9,
283228275,-0.70005,-0.88,0.0975,217.91,1053.8,0,2,0,0,0,9,
283228316,-0.70005,-0.88,0.0975,217.91,1053.8,0,2,0,0,0,9,
283228356,-0.70005,-0.88,0.0975,217.91,1053.8,0,2,0,0,0,9,
283228396,-0.70005,-0.88,0.0975,217.91,1053.8,0,2,0,0,0,9,
283228436,-0.70005,-0.88,0.0975,217.91,1053.8,0,2,0,0,0,9,
283228476,-0.70005,-0.88,0.0975,217.91,1053.8,0,2,0,0,0,9,
283228516,-0.70005,-0.88,0.0975,217.91,1053.8,0,2,0,0,0,9,
283228555,-0.70005,-0.88,0.0975,217.91,1053.8,0,2,0,0,0,9,
283228595,-0.70005,-0.88,0.0975,217.91,1053.8,0,2,0,0,0,9,
283228636,-0.70005,-0.88,0.0975,217.91,1053.8,0,2,0,0,0,9,
283228676,-0.70005,-0.88,0.0975,217.91,1053.8,0,2,0,0,0,9,
283228716,-0.70005,-0.88,0.0975,217.91,1053.8,0,2,0,0,0,9,
283228756,-0.70005,-0.88,0.0975,217.91,1053.8,0,2,0,0,0,9,
283228796,-0.70005,-0.88,0.0975,217.91,1053.8,0,2,0,0,0,9,
283228835,-0.70005,-0.88,0.0975,217.91,1053.8,0,2,0,0,0,9,
283228875,-0.70005,-0.88,0.0975,217.91,1053.8,0,2,0,0,0,9,
283228915,-0.70005,-0.88,0.0975,217.91,1053.8,0,2,0,0,0,9,
283228956,-0.70005,-0.88,0.0975,217.91,1053.8,0,2,0,0,0,9,
283228996,-0.70005,-0.88,0.0975,217.91,1053.8,0,2,0,0,0,9,
283229036,-0.70005,-0.88,0.0975,217.91,1053.8,0,2,0,0,0,9,
283229076,-0.70005,-0.88,0.0975,217.91,1053.8,0,2,0,0,0,9,
283229116,-0.70005,-0.88,0.0975,217.91,1053.8,0,2,0,0,0,9,
283229155,-0.70005,-0.88,0.0975,217.91,1053.8,0,2,0,0,0,9,
283229195,-0.70005,-0.88,0.0975,217.91,1053.8,0,2,0,0,0,9,
283229235,-0.70005,-0.88,0.0975,217.91,1053.8,0,2,0,0,0,9,
283229276,-0.70005,-0.88,0.0975,217.91,1053.8,0,2,0,0,0,9,
283229316,-0.70005,-0.88,0.0975,217.91,1053.8,0,2,0,0,0,9,
283229356,-0.70005,-0.88,0.0975,217.91,1053.8,0,2,0,0,0,9,
283229396,-0.70005,-0.88,0.0975,217.91,1053.8,0,2,0,0,0,9,
283229436,-0.70005,-0.88,0.0975,217.91,1053.8,0,2,0,0,0,9,
283229475,-0.70005,-0.88,0.0975,217.91,1053.8,0,2,0,0,0,9,
283229515,-0.70005,-0.88,0.0975,217.91,1053.8,0,2,0,0,0,9,
283229556,-0.70005,-0.88,0.0975,217.91,1053.8,0,2,0,0,0,9,
283229596,-0.70005,-0.88,0.0975,217.91,1053.8,0,2,0,0,0,9,
283229636,-0.70005,-0.88,0.0975,217.91,1053.8,0,2,0,0,0,9,
283229676,-0.70005,-0.88,0.0975,217.91,1053.8,0,2,0,0,0,9,
283229716,-0.70005,-0.88,0.0975,217.91,1053.8,0,2,0,0,0,9,
283229756,-0.70005,-0.88,0.0975,217.91,1053.8,0,2,0,0,0,9,
283229795,-0.70005,-0.88,0.0975,217.91,1053.8,0,2,0,0,0,9,
283229835,-0.70005,-0.88,0.0975,217.91,1053.8,0,2,0,0,0,9,
283229876,-0.70005,-0.88,0.0975,217.91,1053.8,0,2,0,0,0,9,
283229916,-0.70005,-0.88,0.0975,217.91,1053.8,0,2,0,0,0,9,
283229956,-0.70005,-0.88,0.0975,217.91,1053.8,0,2,0,0,0,9,
283229996,-0.70005,-0.88,0.0975,217.91,1053.8,0,2,0,0,0,9,
283230036,-0.70005,-0.88,0.0975,217.91,1053.8,0,2,0,0,0,9,
283230076,-0.70005,-0.88,0.0975,217.91,1053.8,0,2,0,0,0,9,
283230115,-0.70005,-0.88,0.0975,217.91,1053.8,0,2,0,0,0,9,
283230155,-0.70005,-0.88,0.0975,217.91,1053.8,0,2,0,0,0,9,
283230196,-0.70005,-0.88,0.0975,217.91,1053.8,0,2,0,0,0,9,
283230236,-0.70005,-0.88,0.0975,217.91,1053.8,0,2,0,0,0,9,
283230276,-0.70005,-0.88,0.0975,217.91,1053.8,0,2,0,0,0,9,
283230316,-0.70005,-0.88,0.0975,217.91,1053.8,0,2,0,0,0,9,
283230356,-0.70005,-0.88,0.0975,217.91,1053.8,0,2,0,0,0,9,
283230396,-0.70005,-0.88,0.0975,217.91,1053.8,0,2,0,0,0,9,
283230435,-0.70005,-0.88,0.0975,217.91,1053.8,0,2,0,0,0,9,
283230475,-0.70005,-0.88,0.0975,217.91,1053.8,0,2,0,0,0,9,
283230516,-0.70005,-0.88,0.0975,217.91,1053.8,0,2,0,0,0,9,
283230556,-0.70005,-0.88,0.0975,217.91,1053.8,0,2,0,0,0,9,
283230596,-0.70005,-0.88,0.0975,217.91,1053.8,0,2,0,0,0,9,
283230636,-0.70005,-0.88,0.0975,217.91,1053.8,0,2,0,0,0,9,
283230676,-0.70005,-0.88,0.0975,217.91,1053.8,0,2,0,0,0,9,
283230715,-0.70005,-0.88,0.0975,217.91,1053.8,0,2,0,0,0,9,
283230755,-0.70005,-0.88,0.0975,217.91,1053.8,0,2,0,0,0,9,
283230795,-0.70005,-0.88,0.0975,217.91,1053.8,0,2,0,0,0,9,
283230836,-0.70005,-0.88,0.0975,217.91,1053.8,0,2,0,0,0,9,
283230876,-0.70005,-0.88,0.0975,217.91,1053.8,0,2,0,0,0,9,
283230916,-0.70005,-0.88,0.0975,217.91,1053.8,0,2,0,0,0,9,
283230956,-0.70005,-0.88,0.0975,217.91,1053.8,0,2,0,0,0,9,
283230996,-0.70005,-0.88,0.0975,217.91,1053.8,0,2,0,0,0,9,
283231035,-0.70005,-0.88,0.0975,217.91,1053.8,0,2,0,0,0,9,
283231075,-0.70005,-0.88,0.0975,217.91,1053.8,0,2,0,0,0,9,
283231115,-0.70005,-0.88,0.0975,217.91,1053.8,0,2,0,0,0,9,
283231156,-0.70005,-0.88,0.0975,217.91,1053.8,0,2,0,0,0,9,
283231196,-0.70005,-0.88,0.0975,217.91,1053.8,0,2,0,0,0,9,
283231236,-0.70005,-0.88,0.0975,217.91,1053.8,0,2,0,0,0,9,
283231276,-0.70005,-0.88,0.0975,217.91,1053.8,0,2,0,0,0,9,
283231316,-0.70005,-0.88,0.0975,217.91,1053.8,0,2,0,0,0,9,
283231355,-0.70005,-0.88,0.0975,217.91,1053.8,0,2,0,0,0,9,
283231395,-0.70005,-0.88,0.0975,217.91,1053.8,0,2,0,0,0,9,
283231436,-0.70005,-0.88,0.0975,217.91,1053.8,0,2,0,0,0,9,
283231476,-0.70005,-0.88,0.0975,217.91,1053.8,0,2,0,0,0,9,
283231517,-0.70005,-0.88,0.0975,217.91,1053.8,0,2,0,0,0,9,
283231556,-0.70005,-0.88,0.0975,217.91,1053.8,0,2,0,0,0,9,
283231596,-0.70005,-0.88,0.0975,217.91,1053.8,0,2,0,0,0,9,
283231636,-0.70005,-0.88,0.0975,217.91,1053.8,0,2,0,0,0,9,
283231675,-0.70005,-0.88,0.0975,217.91,1053.8,0,2,0,0,0,9,
283231715,-0.70005,-0.88,0.0975,217.91,1053.8,0,2,0,0,0,9,
283231756,-0.70005,-0.88,0.0975,217.91,1053.8,0,2,0,0,0,9,
283231796,-0.70005,-0.88,0.0975,217.91,1053.8,0,2,0,0,0,9,
283231836,-0.70005,-0.88,0.0975,217.91,1053.8,0,2,0,0,0,9,
283231876,-0.70005,-0.88,0.0975,217.91,1053.8,0,2,0,0,0,9,
283231916,-0.70005,-0.88,0.0975,217.91,1053.8,0,2,0,0,0,9,
283231956,-0.70005,-0.88,0.0975,217.91,1053.8,0,2,0,0,0,9,
283231995,-0.70005,-0.88,0.0975,217.91,1053.8,0,2,0,0,0,9,
283232035,-0.70005,-0.88,0.0975,217.91,1053.8,0,2,0,0,0,9,
283232076,-0.70005,-0.88,0.0975,217.91,1053.8,0,2,0,0,0,9,
283232116,-0.70005,-0.88,0.0975,217.91,1053.8,0,2,0,0,0,9,
283232156,-0.70005,-0.88,0.0975,217.91,1053.8,0,2,0,0,0,9,
283232196,-0.70005,-0.88,0.0975,217.91,1053.8,0,2,0,0,0,9,
283232236,-0.70005,-0.88,0.0975,217.91,1053.8,0,2,0,0,0,9,
283232276,-0.70005,-0.88,0.0975,217.91,1053.8,0,2,0,0,0,9,
283232315,-0.70005,-0.88,0.0975,217.91,1053.8,0,2,0,0,0,9,
283232355,-0.70005,-0.88,0.0975,217.91,1053.8,0,2,0,0,0,9,
283232396,-0.70005,-0.88,0.0975,217.91,1053.8,0,2,0,0,0,9,
283232436,-0.70005,-0.88,0.0975,217.91,1053.8,0,2,0,0,0,9,
283232476,-0.70005,-0.88,0.0975,217.91,1053.8,0,2,0,0,0,9,
283232516,-0.70005,-0.88,0.0975,217.91,1053.8,0,2,0,0,0,9,
283232556,-0.70005,-0.88,0.0975,217.91,1053.8,0,2,0,0,0,9,
283232595,-0.70005,-0.88,0.0975,217.91,1053.8,0,2,0,0,0,9,
283232635,-0.70005,-0.88,0.0975,217.91,1053.8,0,2,0,0,0,9,
283232675,-0.70005,-0.88,0.0975,217.91,1053.8,0,2,0,0,0,9,
283232716,-0.70005,-0.88,0.0975,217.91,1053.8,0,2,0,0,0,9,
283232756,-0.70005,-0.88,0.0975,217.91,1053.8,0,2,0,0,0,9,
283232796,-0.70005,-0.88,0.0975,217.91,1053.8,0,2,0,0,0,9,
283232836,-0.70005,-0.88,0.0975,217.91,1053.8,0,2,0,0,0,9,
283232876,-0.70005,-0.88,0.0975,217.91,1053.8,0,2,0,0,0,9,
283232915,-0.70005,-0.88,0.0975,217.91,1053.8,0,2,0,0,0,9,
283232955,-0.70005,-0.88,0.0975,217.91,1053.8,0,2,0,0,0,9,
283232995,-0.70005,-0.88,0.0975,217.91,1053.8,0,2,0,0,0,9,
283233036,-0.70005,-0.88,0.0975,217.91,1053.8,0,2,0,0,0,9,
283233076,-0.70005,-0.88,0.0975,217.91,1053.8,0,2,0,0,0,9,
283233116,-0.70005,-0.88,0.0975,217.91,1053.8,0,2,0,0,0,9,
283233156,-0.70005,-0.88,0.0975,217.91,1053.8,0,2,0,0,0,9,
283233196,-0.70005,-0.88,0.0975,217.91,1053.8,0,2,0,0,0,9,
283233235,-0.70005,-0.88,0.0975,217.91,1053.8,0,2,0,0,0,9,
283233275,-0.70005,-0.88,0.0975,217.91,1053.8,0,2,0,0,0,9,
283233316,-0.70005,-0.88,0.0975,217.91,1053.8,0,2,0,0,0,9,
283233356,-0.70005,-0.88,0.0975,217.91,1053.8,0,2,0,0,0,9,
283233396,-0.70005,-0.88,0.0975,217.91,1053.8,0,2,0,0,0,9,
283233436,-0.70005,-0.88,0.0975,217.91,1053.8,0,2,0,0,0,9,
283233476,-0.70005,-0.88,0.0975,217.91,1053.8,0,2,0,0,0,9,
283233516,-0.70005,-0.88,0.0975,217.91,1053.8,0,2,0,0,0,9,
283233555,-0.70005,-0.88,0.0975,217.91,1053.8,0,2,0,0,0,9,
283233595,-0.70005,-0.88,0.0975,217.91,1053.8,0,2,0,0,0,9,
283233636,-0.70005,-0.88,0.0975,217.91,1053.8,0,2,0,0,0,9,
283233676,-0.70005,-0.88,0.0975,217.91,1053.8,0,2,0,0,0,9,
283233716,-0.70005,-0.88,0.0975,217.91,1053.8,0,2,0,0,0,9,
283233756,-0.70005,-0.88,0.0975,217.91,1053.8,0,2,0,0,0,9,
283233796,-0.70005,-0.88,0.0975,217.91,1053.8,0,2,0,0,0,9,
283233836,-0.70005,-0.88,0.0975,217.91,1053.8,0,2,0,0,0,9,
283233875,-0.70005,-0.88,0.0975,217.91,1053.8,0,2,0,0,0,9,
283233915,-0.70005,-0.88,0.0975,217.91,1053.8,0,2,0,0,0,9,
283233956,-0.70005,-0.88,0.0975,217.91,1053.8,0,2,0,0,0,9,
283233996,-0.70005,-0.88,0.0975,217.91,1053.8,0,2,0,0,0,9,
283234036,-0.70005,-0.88,0.0975,217.91,1053.8,0,2,0,0,0,9,
283234076,-0.70005,-0.88,0.0975,217.91,1053.8,0,2,0,0,0,9,
283234116,-0.70005,-0.88,0.0975,217.91,1053.8,0,2,0,0,0,9,
283234156,-0.70005,-0.88,0.0975,217.91,1053.8,0,2,0,0,0,9,
283234195,-0.70005,-0.88,0.0975,217.91,1053.8,0,2,0,0,0,9,
283234235,-0.70005,-0.88,0.0975,217.91,1053.8,0,2,0,0,0,9,
283234276,-0.70005,-0.88,0.0975,217.91,1053.8,0,2,0,0,0,9,
283234316,-0.70005,-0.88,0.0975,217.91,1053.8,0,2,0,0,0,9,
283234356,-0.70005,-0.88,0.0975,217.91,1053.8,0,2,0,0,0,9,
283234396,-0.70005,-0.88,0.0975,217.91,1053.8,0,2,0,0,0,9,
283234436,-0.70005,-0.88,0.0975,217.91,1053.8,0,2,0,0,0,9,
283234476,-0.70005,-0.88,0.0975,217.91,1053.8,0,2,0,0,0,9,
283234515,-0.70005,-0.88,0.0975,217.91,1053.8,0,2,0,0,0,9,
283234555,-0.70005,-0.88,0.0975,217.91,1053.8,0,2,0,0,0,9,
283234596,-0.70005,-0.88,0.0975,217.91,1053.8,0,2,0,0,0,9,
283234636,-0.70005,-0.88,0.0975,217.91,1053.8,0,2,0,0,0,9,
283234676,-0.70005,-0.88,0.0975,217.91,1053.8,0,2,0,0,0,9,
283234716,-0.70005,-0.88,0.0975,217.91,1053.8,0,2,0,0,0,9,
283234756,-0.70005,-0.88,0.0975,217.91,1053.8,0,2,0,0,0,9,
283234795,-0.70005,-0.88,0.0975,217.91,1053.8,0,2,0,0,0,9,
283234835,-0.70005,-0.88,0.0975,217.91,1053.8,0,2,0,0,0,9,
283234875,-0.70005,-0.88,0.0975,217.91,1053.8,0,2,0,0,0,9,
283234916,-0.70005,-0.88,0.0975,217.91,1053.8,0,2,0,0,0,9,
283234956,-0.70005,-0.88,0.0975,217.91,1053.8,0,2,0,0,0,9,
283234996,-0.70005,-0.88,0.0975,217.91,1053.8,0,2,0,0,0,9,
283235036,-0.70005,-0.88,0.0975,217.91,1053.8,0,2,0,0,0,9,
283235076,-0.70005,-0.88,0.0975,217.91,1053.8,0,2,0,0,0,9,
283235115,-0.70005,-0.88,0.0975,217.91,1053.8,0,2,0,0,0,9,
283235155,-0.70005,-0.88,0.0975,217.91,1053.8,0,2,0,0,0,9,
283235196,-0.70005,-0.88,0.0975,217.91,1053.8,0,2,0,0,0,9,
283235236,-0.70005,-0.88,0.0975,217.91,1053.8,0,2,0,0,0,9,
283235276,-0.70005,-0.88,0.0975,217.91,1053.8,0,2,0,0,0,9,
283235316,-0.70005,-0.88,0.0975,217.91,1053.8,0,2,0,0,0,9,
283235356,-0.70005,-0.88,0.0975,217.91,1053.8,0,2,0,0,0,9,
283235396,-0.70005,-0.88,0.0975,217.91,1053.8,0,2,0,0,0,9,
283235435,-0.70005,-0.88,0.0975,217.91,1053.8,0,2,0,0,0,9,
283235475,-0.70005,-0.88,0.0975,217.91,1053.8,0,2,0,0,0,9,
283235516,-0.70005,-0.88,0.0975,217.91,1053.8,0,2,0,0,0,9,
283235556,-0.70005,-0.88,0.0975,217.91,1053.8,0,2,0,0,0,9,
283235596,-0.70005,-0.88,0.0975,217.91,1053.8,0,2,0,0,0,9,
283235636,-0.70005,-0.88,0.0975,217.91,1053.8,0,2,0,0,0,9,
283235676,-0.70005,-0.88,0.0975,217.91,1053.8,0,2,0,0,0,9,
283235716,-0.70005,-0.88,0.0975,217.91,1053.8,0,2,0,0,0,9,
283235755,-0.70005,-0.88,0.0975,217.91,1053.8,0,2,0,0,0,9,
283235795,-0.70005,-0.88,0.0975,217.91,1053.8,0,2,0,0,0,9,
283235836,-0.70005,-0.88,0.0975,217.91,1053.8,0,2,0,0,0,9,
283235876,-0.70005,-0.88,0.0975,217.91,1053.8,0,2,0,0,0,9,
283235916,-0.70005,-0.88,0.0975,217.91,1053.8,0,2,0,0,0,9,
283235956,-0.70005,-0.88,0.0975,217.91,1053.8,0,2,0,0,0,9,
283235996,-0.70005,-0.88,0.0975,217.91,1053.8,0,2,0,0,0,9,
283236036,-0.70005,-0.88,0.0975,217.91,1053.8,0,2,0,0,0,9,
283236075,-0.70005,-0.88,0.0975,217.91,1053.8,0,2,0,0,0,9,
283236115,-0.70005,-0.88,0.0975,217.91,1053.8,0,2,0,0,0,9,
283236156,-0.70005,-0.88,0.0975,217.91,1053.8,0,2,0,0,0,9,
283236196,-0.70005,-0.88,0.0975,217.91,1053.8,0,2,0,0,0,9,
283236236,-0.70005,-0.88,0.0975,217.91,1053.8,0,2,0,0,0,9,
283236276,-0.70005,-0.88,0.0975,217.91,1053.8,0,2,0,0,0,9,
283236316,-0.70005,-0.88,0.0975,217.91,1053.8,0,2,0,0,0,9,
283236356,-0.70005,-0.88,0.0975,217.91,1053.8,0,2,0,0,0,9,
283236395,-0.70005,-0.88,0.0975,217.91,1053.8,0,2,0,0,0,9,
283236435,-0.70005,-0.88,0.0975,217.91,1053.8,0,2,0,0,0,9,
283236476,-0.70005,-0.88,0.0975,217.91,1053.8,0,2,0,0,0,9,
283236516,-0.70005,-0.88,0.0975,217.91,1053.8,0,2,0,0,0,9,
283236556,-0.70005,-0.88,0.0975,217.91,1053.8,0,2,0,0,0,9,
283236596,-0.70005,-0.88,0.0975,217.91,1053.8,0,2,0,0,0,9,
283236636,-0.70005,-0.88,0.0975,217.91,1053.8,0,2,0,0,0,9,
283236675,-0.70005,-0.88,0.0975,217.91,1053.8,0,2,0,0,0,9,
283236715,-0.70005,-0.88,0.0975,217.91,1053.8,0,2,0,0,0,9,
283236755,-0.70005,-0.88,0.0975,217.91,1053.8,0,2,0,0,0,9,
283236796,-0.70005,-0.88,0.0975,217.91,1053.8,0,2,0,0,0,9,
283236836,-0.70005,-0.88,0.0975,217.91,1053.8,0,2,0,0,0,9,
283236876,-0.70005,-0.88,0.0975,217.91,1053.8,0,2,0,0,0,9,
283236916,-0.70005,-0.88,0.0975,217.91,1053.8,0,2,0,0,0,9,
283236956,-0.70005,-0.88,0.0975,217.91,1053.8,0,2,0,0,0,9,
283236995,-0.70005,-0.88,0.0975,217.91,1053.8,0,2,0,0,0,9,
283237035,-0.70005,-0.88,0.0975,217.91,1053.8,0,2,0,0,0,9,
283237076,-0.70005,-0.88,0.0975,217.91,1053.8,0,2,0,0,0,9,
283237116,-0.70005,-0.88,0.0975,217.91,1053.8,0,2,0,0,0,9,
283237156,-0.70005,-0.88,0.0975,217.91,1053.8,0,2,0,0,0,9,
283237196,-0.70005,-0.88,0.0975,217.91,1053.8,0,2,0,0,0,9,
283237236,-0.70005,-0.88,0.0975,217.91,1053.8,0,2,0,0,0,9,
283237276,-0.70005,-0.88,0.0975,217.91,1053.8,0,2,0,0,0,9,
283237315,-0.70005,-0.88,0.0975,217.91,1053.8,0,2,0,0,0,9,
283237355,-0.70005,-0.88,0.0975,217.91,1053.8,0,2,0,0,0,9,
283237396,-0.70005,-0.88,0.0975,217.91,1053.8,0,2,0,0,0,9,
283237436,-0.70005,-0.88,0.0975,217.91,1053.8,0,2,0,0,0,9,
283237476,-0.70005,-0.88,0.0975,217.91,1053.8,0,2,0,0,0,9,
283237516,-0.70005,-0.88,0.0975,217.91,1053.8,0,2,0,0,0,9,
283237556,-0.70005,-0.88,0.0975,217.91,1053.8,0,2,0,0,0,9,
283237596,-0.70005,-0.88,0.0975,217.91,1053.8,0,2,0,0,0,9,
283237635,-0.70005,-0.88,0.0975,217.91,1053.8,0,2,0,0,0,9,
283237675,-0.70005,-0.88,0.0975,217.91,1053.8,0,2,0,0,0,9,
283237716,-0.70005,-0.88,0.0975,217.91,1053.8,0,2,0,0,0,9,
283237756,-0.70005,-0.88,0.0975,217.91,1053.8,0,2,0,0,0,9,
283237796,-0.70005,-0.88,0.0975,217.91,1053.8,0,2,0,0,0,9,
283237836,-0.70005,-0.88,0.0975,217.91,1053.8,0,2,0,0,0,9,
283237876,-0.70005,-0.88,0.0975,217.91,1053.8,0,2,0,0,0,9,
283237916,-0.70005,-0.88,0.0975,217.91,1053.8,0,2,0,0,0,9,
283237955,-0.70005,-0.88,0.0975,217.91,1053.8,0,2,0,0,0,9,
283237995,-0.70005,-0.88,0.0975,217.91,1053.8,0,2,0,0,0,9,
283238036,-0.70005,-0.88,0.0975,217.91,1053.8,0,2,0,0,0,9,
283238076,-0.70005,-0.88,0.0975,217.91,1053.8,0,2,0,0,0,9,
283238116,-0.70005,-0.88,0.0975,217.91,1053.8,0,2,0,0,0,9,
283238156,-0.70005,-0.88,0.0975,217.91,1053.8,0,2,0,0,0,9,
283238196,-0.70005,-0.88,0.0975,217.91,1053.8,0,2,0,0,0,9,
283238236,-0.70005,-0.88,0.0975,217.91,1053.8,0,2,0,0,0,9,
283238275,-0.70005,-0.88,0.0975,217.91,1053.8,0,2,0,0,0,9,
283238315,-0.70005,-0.88,0.0975,217.91,1053.8,0,2,0,0,0,9,
283238356,-0.70005,-0.88,0.0975,217.91,1053.8,0,2,0,0,0,9,
283238396,-0.70005,-0.88,0.0975,217.91,1053.8,0,2,0,0,0,9,
283238436,-0.70005,-0.88,0.0975,217.91,1053.8,0,2,0,0,0,9,
283238476,-0.70005,-0.88,0.0975,217.91,1053.8,0,2,0,0,0,9,
283238516,-0.70005,-0.88,0.0975,217.91,1053.8,0,2,0,0,0,9,
283238555,-0.70005,-0.88,0.0975,217.91,1053.8,0,2,0,0,0,9,
283238595,-0.70005,-0.88,0.0975,217.91,1053.8,0,2,0,0,0,9,
283238635,-0.70005,-0.88,0.0975,217.91,1053.8,0,2,0,0,0,9,
283238676,-0.70005,-0.88,0.0975,217.91,1053.8,0,2,0,0,0,9,
283238716,-0.70005,-0.88,0.0975,217.91,1053.8,0,2,0,0,0,2,
283238756,-0.70005,-0.88,0.0975,217.91,1053.8,0,2,0,0,0,2,
283238796,-0.70005,-0.88,0.0975,217.91,1053.8,0,2,0,0,0,2,
283238836,-0.70005,-0.88,0.0975,217.91,1053.8,0,2,0,0,0,2,
283238875,-0.70005,-0.88,0.0975,217.91,1053.8,0,2,0,0,0,2,
283238915,-0.70005,-0.88,0.0975,217.91,1053.8,0,2,0,0,0,2,
283238955,-0.70005,-0.88,0.0975,217.91,1053.8,0,2,0,0,0,2,
283238996,-0.70005,-0.88,0.0975,217.91,1053.8,0,2,0,0,0,2,
283239036,-0.70005,-0.88,0.0975,217.91,1053.8,0,2,0,0,0,2,
283239076,-0.70005,-0.88,0.0975,217.91,1053.8,0,2,0,0,0,2,
283239116,-0.70005,-0.88,0.0975,217.91,1053.8,0,2,0,0,0,2,
283239156,-0.70005,-0.88,0.0975,217.91,1053.8,0,2,0,0,0,2,
283239195,-0.70005,-0.88,0.0975,217.91,1053.8,0,2,0,0,0,2,
283239235,-0.70005,-0.88,0.0975,217.91,1053.8,0,2,0,0,0,2,
283239276,-0.70005,-0.88,0.0975,217.91,1053.8,0,2,0,0,0,2,
283239316,-0.70005,-0.88,0.0975,217.91,1053.8,0,2,0,0,0,2,
283239356,-0.70005,-0.88,0.0975,217.91,1053.8,0,2,0,0,0,2,
283239396,-0.70005,-0.88,0.0975,217.91,1053.8,0,2,0,0,0,2,
283239436,-0.70005,-0.88,0.0975,217.91,1053.8,0,2,0,0,0,2,
283239476,-0.70005,-0.88,0.0975,217.91,1053.8,0,2,0,0,0,2,
283239515,-0.70005,-0.88,0.0975,217.91,1053.8,0,2,0,0,0,2,
283239555,-0.70005,-0.88,0.0975,217.91,1053.8,0,2,0,0,0,2,
283239596,-0.70005,-0.88,0.0975,217.91,1053.8,0,2,0,0,0,2,
283239636,-0.70005,-0.88,0.0975,217.91,1053.8,0,2,0,0,0,2,
283239676,-0.70005,-0.88,0.0975,217.91,1053.8,0,2,0,0,0,2,
283239716,-0.70005,-0.88,0.0975,217.91,1053.8,0,2,0,0,0,2,
283239756,-0.70005,-0.88,0.0975,217.91,1053.8,0,2,0,0,0,2,
283239796,-0.70005,-0.88,0.0975,217.91,1053.8,0,2,0,0,0,2,
283239835,-0.70005,-0.88,0.0975,217.91,1053.8,0,2,0,0,0,2,
283239875,-0.70005,-0.88,0.0975,217.91,1053.8,0,2,0,0,0,2,
283239916,-0.70005,-0.88,0.0975,217.91,1053.8,0,2,0,0,0,9,
283239956,-0.70005,-0.88,0.0975,217.91,1053.8,0,2,0,0,0,9,
283239996,-0.70005,-0.88,0.0975,217.91,1053.8,0,2,0,0,0,9,
283240036,-0.70005,-0.88,0.0975,217.91,1053.8,0,2,0,0,0,9,
283240076,-0.70005,-0.88,0.0975,217.91,1053.8,0,2,0,0,0,9,
283240116,-0.70005,-0.88,0.0975,217.91,1053.8,0,2,0,0,0,9,
283240155,-0.70005,-0.88,0.0975,217.91,1053.8,0,2,0,0,0,9,
283240195,-0.70005,-0.88,0.0975,217.91,1053.8,0,2,0,0,0,9,
283240236,-0.70005,-0.88,0.0975,217.91,1053.8,0,2,0,0,0,9,
283240276,-0.70005,-0.88,0.0975,217.91,1053.8,0,2,0,0,0,9,
283240316,-0.70005,-0.88,0.0975,217.91,1053.8,0,2,0,0,0,9,
283240356,-0.70005,-0.88,0.0975,217.91,1053.8,0,2,0,0,0,9,
283240396,-0.70005,-0.88,0.0975,217.91,1053.8,0,2,0,0,0,9,
283240435,-0.70005,-0.88,0.0975,217.91,1053.8,0,2,0,0,0,9,
283240475,-0.70005,-0.88,0.0975,217.91,1053.8,0,2,0,0,0,9,
283240515,-0.70005,-0.88,0.0975,217.91,1053.8,0,2,0,0,0,9,
283240556,-0.70005,-0.88,0.0975,217.91,1053.8,0,2,0,0,0,9,
283240596,-0.70005,-0.88,0.0975,217.91,1053.8,0,2,0,0,0,9,
283240636,-0.70005,-0.88,0.0975,217.91,1053.8,0,2,0,0,0,9,
283240676,-0.70005,-0.88,0.0975,217.91,1053.8,0,2,0,0,0,9,
283240716,-0.70005,-0.88,0.0975,217.91,1053.8,0,2,0,0,0,9,
283240755,-0.70005,-0.88,0.0975,217.91,1053.8,0,2,0,0,0,9,
283240795,-0.70005,-0.88,0.0975,217.91,1053.8,0,2,0,0,0,9,
283240835,-0.70005,-0.88,0.0975,217.91,1053.8,0,2,0,0,0,9,
283240876,-0.70005,-0.88,0.0975,217.91,1053.8,0,2,0,0,0,9,
283240916,-0.70005,-0.88,0.0975,217.91,1053.8,0,2,0,0,0,9,
283240956,-0.70005,-0.88,0.0975,217.91,1053.8,0,2,0,0,0,9,
283240996,-0.70005,-0.88,0.0975,217.91,1053.8,0,2,0,0,0,9,
283241036,-0.70005,-0.88,0.0975,217.91,1053.8,0,2,0,0,0,9,
283241075,-0.70005,-0.88,0.0975,217.91,1053.8,0,2,0,0,0,9,
283241115,-0.70005,-0.88,0.0975,217.91,1053.8,0,2,0,0,0,9,
283241156,-0.70005,-0.88,0.0975,217.91,1053.8,0,2,0,0,0,9,
283241196,-0.70005,-0.88,0.0975,217.91,1053.8,0,2,0,0,0,9,
283241236,-0.70005,-0.88,0.0975,217.91,1053.8,0,2,0,0,0,9,
283241276,-0.70005,-0.88,0.0975,217.91,1053.8,0,2,0,0,0,9,
283241316,-0.70005,-0.88,0.0975,217.91,1053.8,0,2,0,0,0,9,
283241356,-0.70005,-0.88,0.0975,217.91,1053.8,0,2,0,0,0,9,
283241395,-0.70005,-0.88,0.0975,217.91,1053.8,0,2,0,0,0,9,
283241435,-0.70005,-0.88,0.0975,217.91,1053.8,0,2,0,0,0,9,
283241476,-0.70005,-0.88,0.0975,217.91,1053.8,0,2,0,0,0,9,
283241516,-0.70005,-0.88,0.0975,217.91,1053.8,0,2,0,0,0,9,
283241556,-0.70005,-0.88,0.0975,217.91,1053.8,0,2,0,0,0,9,
283241596,-0.70005,-0.88,0.0975,217.91,1053.8,0,2,0,0,0,9,
283241636,-0.70005,-0.88,0.0975,217.91,1053.8,0,2,0,0,0,9,
283241676,-0.70005,-0.88,0.0975,217.91,1053.8,0,2,0,0,0,9,
283241715,-0.70005,-0.88,0.0975,217.91,1053.8,0,2,0,0,0,9,
283241755,-0.70005,-0.88,0.0975,217.91,1053.8,0,2,0,0,0,9,
283241796,-0.70005,-0.88,0.0975,217.91,1053.8,0,2,0,0,0,9,
283241836,-0.70005,-0.88,0.0975,217.91,1053.8,0,2,0,0,0,9,
283241876,-0.70005,-0.88,0.0975,217.91,1053.8,0,2,0,0,0,9,
283241916,-0.70005,-0.88,0.0975,217.91,1053.8,0,2,0,0,0,9,
283241956,-0.70005,-0.88,0.0975,217.91,1053.8,0,2,0,0,0,9,
283241996,-0.70005,-0.88,0.0975,217.91,1053.8,0,2,0,0,0,9,
283242035,-0.70005,-0.88,0.0975,217.91,1053.8,0,2,0,0,0,9,
283242075,-0.70005,-0.88,0.0975,217.91,1053.8,0,2,0,0,0,9,
283242116,-0.70005,-0.88,0.0975,217.91,1053.8,0,2,0,0,0,9,
283242156,-0.70005,-0.88,0.0975,217.91,1053.8,0,2,0,0,0,9,
283242196,-0.70005,-0.88,0.0975,217.91,1053.8,0,2,0,0,0,9,
283242236,-0.70005,-0.88,0.0975,217.91,1053.8,0,2,0,0,0,9,
283242276,-0.70005,-0.88,0.0975,217.91,1053.8,0,2,0,0,0,9,
283242315,-0.70005,-0.88,0.0975,217.91,1053.8,0,2,0,0,0,9,
283242355,-0.70005,-0.88,0.0975,217.91,1053.8,0,2,0,0,0,9,
283242395,-0.70005,-0.88,0.0975,217.91,1053.8,0,2,0,0,0,9,
283242436,-0.70005,-0.88,0.0975,217.91,1053.8,0,2,0,0,0,9,
283242476,-0.70005,-0.88,0.0975,217.91,1053.8,0,2,0,0,0,9,
283242516,-0.70005,-0.88,0.0975,217.91,1053.8,0,2,0,0,0,9,
283242556,-0.70005,-0.88,0.0975,217.91,1053.8,0,2,0,0,0,9,
283242596,-0.70005,-0.88,0.0975,217.91,1053.8,0,2,0,0,0,9,
283242635,-0.70005,-0.88,0.0975,217.91,1053.8,0,2,0,0,0,9,
283242675,-0.70005,-0.88,0.0975,217.91,1053.8,0,2,0,0,0,9,
283242715,-0.70005,-0.88,0.0975,217.91,1053.8,0,2,0,0,0,9,
283242756,-0.70005,-0.88,0.0975,217.91,1053.8,0,2,0,0,0,9,
283242796,-0.70005,-0.88,0.0975,217.91,1053.8,0,2,0,0,0,9,
283242836,-0.70005,-0.88,0.0975,217.91,1053.8,0,2,0,0,0,9,
283242876,-0.70005,-0.88,0.0975,217.91,1053.8,0,2,0,0,0,9,
283242916,-0.70005,-0.88,0.0975,217.91,1053.8,0,2,0,0,0,9,
283242955,-0.70005,-0.88,0.0975,217.91,1053.8,0,2,0,0,0,9,
283242995,-0.70005,-0.88,0.0975,217.91,1053.8,0,2,0,0,0,9,
283243036,-0.70005,-0.88,0.0975,217.91,1053.8,0,2,0,0,0,9,
283243076,-0.70005,-0.88,0.0975,217.91,1053.8,0,2,0,0,0,9,
283243116,-0.70005,-0.88,0.0975,217.91,1053.8,0,2,0,0,0,9,
283243156,-0.70005,-0.88,0.0975,217.91,1053.8,0,2,0,0,0,9,
283243196,-0.70005,-0.88,0.0975,217.91,1053.8,0,2,0,0,0,9,
283243236,-0.70005,-0.88,0.0975,217.91,1053.8,0,2,0,0,0,9,
283243275,-0.70005,-0.88,0.0975,217.91,1053.8,0,2,0,0,0,9,
283243315,-0.70005,-0.88,0.0975,217.91,1053.8,0,2,0,0,0,9,
283243356,-0.70005,-0.88,0.0975,217.91,1053.8,0,2,0,0,0,9,
283243396,-0.70005,-0.88,0.0975,217.91,1053.8,0,2,0,0,0,9,
283243436,-0.70005,-0.88,0.0975,217.91,1053.8,0,2,0,0,0,9,
283243476,-0.70005,-0.88,0.0975,217.91,1053.8,0,2,0,0,0,9,
283243516,-0.70005,-0.88,0.0975,217.91,1053.8,0,2,0,0,0,9,
283243556,-0.70005,-0.88,0.0975,217.91,1053.8,0,2,0,0,0,9,
283243595,-0.70005,-0.88,0.0975,217.91,1053.8,0,2,0,0,0,9,
283243635,-0.70005,-0.88,0.0975,217.91,1053.8,0,2,0,0,0,9,
283243676,-0.70005,-0.88,0.0975,217.91,1053.8,0,2,0,0,0,9,
283243716,-0.70005,-0.88,0.0975,217.91,1053.8,0,2,0,0,0,9,
283243756,-0.70005,-0.88,0.0975,217.91,1053.8,0,2,0,0,0,9,
283243796,-0.70005,-0.88,0.0975,217.91,1053.8,0,2,0,0,0,9,
283243836,-0.70005,-0.88,0.0975,217.91,1053.8,0,2,0,0,0,9,
283243876,-0.70005,-0.88,0.0975,217.91,1053.8,0,2,0,0,0,9,
283243915,-0.70005,-0.88,0.0975,217.91,1053.8,0,2,0,0,0,9,
283243955,-0.70005,-0.88,0.0975,217.91,1053.8,0,2,0,0,0,9,
283243996,-0.70005,-0.88,0.0975,217.91,1053.8,0,2,0,0,0,9,
283244036,-0.70005,-0.88,0.0975,217.91,1053.8,0,2,0,0,0,9,
283244076,-0.70005,-0.88,0.0975,217.91,1053.8,0,2,0,0,0,9,
283244116,-0.70005,-0.88,0.0975,217.91,1053.8,0,2,0,0,0,9,
283244156,-0.70005,-0.88,0.0975,217.91,1053.8,0,2,0,0,0,9,
283244195,-0.70005,-0.88,0.0975,217.91,1053.8,0,2,0,0,0,9,
283244235,-0.70005,-0.88,0.0975,217.91,1053.8,0,2,0,0,0,9,
283244275,-0.70005,-0.88,0.0975,217.91,1053.8,0,2,0,0,0,9,
283244316,-0.70005,-0.88,0.0975,217.91,1053.8,0,2,0,0,0,9,
283244356,-0.70005,-0.88,0.0975,217.91,1053.8,0,2,0,0,0,9,
283244396,-0.70005,-0.88,0.0975,217.91,1053.8,0,2,0,0,0,9,
283244436,-0.70005,-0.88,0.0975,217.91,1053.8,0,2,0,0,0,9,
283244476,-0.70005,-0.88,0.0975,217.91,1053.8,0,2,0,0,0,9,
283244515,-0.70005,-0.88,0.0975,217.91,1053.8,0,2,0,0,0,9,
283244555,-0.70005,-0.88,0.0975,217.91,1053.8,0,2,0,0,0,9,
283244595,-0.70005,-0.88,0.0975,217.91,1053.8,0,2,0,0,0,9,
283244636,-0.70005,-0.88,0.0975,217.91,1053.8,0,2,0,0,0,9,
283244676,-0.70005,-0.88,0.0975,217.91,1053.8,0,2,0,0,0,9,
283244716,-0.70005,-0.88,0.0975,217.91,1053.8,0,2,0,0,0,9,
283244756,-0.70005,-0.88,0.0975,217.91,1053.8,0,2,0,0,0,9,
283244796,-0.70005,-0.88,0.0975,217.91,1053.8,0,2,0,0,0,9,
283244835,-0.70005,-0.88,0.0975,217.91,1053.8,0,2,0,0,0,9,
283244875,-0.70005,-0.88,0.0975,217.91,1053.8,0,2,0,0,0,9,
283244916,-0.70005,-0.88,0.0975,217.91,1053.8,0,2,0,0,0,9,
283244956,-0.70005,-0.88,0.0975,217.91,1053.8,0,2,0,0,0,9,
283244996,-0.70005,-0.88,0.0975,217.91,1053.8,0,2,0,0,0,9,
283245036,-0.70005,-0.88,0.0975,217.91,1053.8,0,2,0,0,0,9,
283245076,-0.70005,-0.88,0.0975,217.91,1053.8,0,2,0,0,0,9,
283245116,-0.70005,-0.88,0.0975,217.91,1053.8,0,2,0,0,0,9,
283245155,-0.70005,-0.88,0.0975,217.91,1053.8,0,2,0,0,0,9,
283245195,-0.70005,-0.88,0.0975,217.91,1053.8,0,2,0,0,0,9,
283245236,-0.70005,-0.88,0.0975,217.91,1053.8,0,2,0,0,0,9,
283245276,-0.70005,-0.88,0.0975,217.91,1053.8,0,2,0,0,0,9,
283245316,-0.70005,-0.88,0.0975,217.91,1053.8,0,2,0,0,0,9,
283245356,-0.70005,-0.88,0.0975,217.91,1053.8,0,2,0,0,0,9,
283245396,-0.70005,-0.88,0.0975,217.91,1053.8,0,2,0,0,0,9,
283245436,-0.70005,-0.88,0.0975,217.91,1053.8,0,2,0,0,0,9,
283245475,-0.70005,-0.88,0.0975,217.91,1053.8,0,2,0,0,0,9,
283245515,-0.70005,-0.88,0.0975,217.91,1053.8,0,2,0,0,0,9,
283245556,-0.70005,-0.88,0.0975,217.91,1053.8,0,2,0,0,0,9,
283245596,-0.70005,-0.88,0.0975,217.91,1053.8,0,2,0,0,0,9,
283245636,-0.70005,-0.88,0.0975,217.91,1053.8,0,2,0,0,0,9,
283245676,-0.70005,-0.88,0.0975,217.91,1053.8,0,2,0,0,0,9,
283245716,-0.70005,-0.88,0.0975,217.91,1053.8,0,2,0,0,0,9,
283245756,-0.70005,-0.88,0.0975,217.91,1053.8,0,2,0,0,0,9,
283245795,-0.70005,-0.88,0.0975,217.91,1053.8,0,2,0,0,0,9,
283245835,-0.70005,-0.88,0.0975,217.91,1053.8,0,2,0,0,0,9,
283245876,-0.70005,-0.88,0.0975,217.91,1053.8,0,2,0,0,0,9,
283245916,-0.70005,-0.88,0.0975,217.91,1053.8,0,2,0,0,0,9,
283245956,-0.70005,-0.88,0.0975,217.91,1053.8,0,2,0,0,0,9,
283245996,-0.70005,-0.88,0.0975,217.91,1053.8,0,2,0,0,0,9,
283246036,-0.70005,-0.88,0.0975,217.91,1053.8,0,2,0,0,0,9,
283246076,-0.70005,-0.88,0.0975,217.91,1053.8,0,2,0,0,0,9,
283246115,-0.70005,-0.88,0.0975,217.91,1053.8,0,2,0,0,0,9,
283246155,-0.70005,-0.88,0.0975,217.91,1053.8,0,2,0,0,0,9,
283246196,-0.70005,-0.88,0.0975,217.91,1053.8,0,2,0,0,0,9,
283246236,-0.70005,-0.88,0.0975,217.91,1053.8,0,2,0,0,0,9,
283246276,-0.70005,-0.88,0.0975,217.91,1053.8,0,2,0,0,0,9,
283246316,-0.70005,-0.88,0.0975,217.91,1053.8,0,2,0,0,0,9,
283246356,-0.70005,-0.88,0.0975,217.91,1053.8,0,2,0,0,0,9,
283246395,-0.70005,-0.88,0.0975,217.91,1053.8,0,2,0,0,0,9,
283246435,-0.70005,-0.88,0.0975,217.91,1053.8,0,2,0,0,0,9,
283246475,-0.70005,-0.88,0.0975,217.91,1053.8,0,2,0,0,0,9,
283246516,-0.70005,-0.88,0.0975,217.91,1053.8,0,2,0,0,0,9,
283246556,-0.70005,-0.88,0.0975,217.91,1053.8,0,2,0,0,0,9,
283246596,-0.70005,-0.88,0.0975,217.91,1053.8,0,2,0,0,0,9,
283246636,-0.70005,-0.88,0.0975,217.91,1053.8,0,2,0,0,0,9,
283246676,-0.70005,-0.88,0.0975,217.91,1053.8,0,2,0,0,0,9,
283246715,-0.70005,-0.88,0.0975,217.91,1053.8,0,2,0,0,0,9,
283246755,-0.70005,-0.88,0.0975,217.91,1053.8,0,2,0,0,0,9,
283246796,-0.70005,-0.88,0.0975,217.91,1053.8,0,2,0,0,0,9,
283246836,-0.70005,-0.88,0.0975,217.91,1053.8,0,2,0,0,0,9,
283246876,-0.70005,-0.88,0.0975,217.91,1053.8,0,2,0,0,0,9,
283246916,-0.70005,-0.88,0.0975,217.91,1053.8,0,2,0,0,0,9,
283246956,-0.70005,-0.88,0.0975,217.91,1053.8,0,2,0,0,0,9,
283246996,-0.70005,-0.88,0.0975,217.91,1053.8,0,2,0,0,0,9,
283247035,-0.70005,-0.88,0.0975,217.91,1053.8,0,2,0,0,0,9,
283247075,-0.70005,-0.88,0.0975,217.91,1053.8,0,2,0,0,0,9,
283247116,-0.70005,-0.88,0.0975,217.91,1053.8,0,2,0,0,0,9,
283247156,-0.70005,-0.88,0.0975,217.91,1053.8,0,2,0,0,0,9,
283247196,-0.70005,-0.88,0.0975,217.91,1053.8,0,2,0,0,0,9,
283247236,-0.70005,-0.88,0.0975,217.91,1053.8,0,2,0,0,0,9,
283247276,-0.70005,-0.88,0.0975,217.91,1053.8,0,2,0,0,0,9,
283247316,-0.70005,-0.88,0.0975,217.91,1053.8,0,2,0,0,0,9,
283247355,-0.70005,-0.88,0.0975,217.91,1053.8,0,2,0,0,0,9,
283247395,-0.70005,-0.88,0.0975,217.91,1053.8,0,2,0,0,0,9,
283247436,-0.70005,-0.88,0.0975,217.91,1053.8,0,2,0,0,0,9,
283247476,-0.70005,-0.88,0.0975,217.91,1053.8,0,2,0,0,0,9,
283247516,-0.70005,-0.88,0.0975,217.91,1053.8,0,2,0,0,0,9,
283247556,-0.70005,-0.88,0.0975,217.91,1053.8,0,2,0,0,0,9,
283247596,-0.70005,-0.88,0.0975,217.91,1053.8,0,2,0,0,0,9,
283247636,-0.70005,-0.88,0.0975,217.91,1053.8,0,2,0,0,0,9,
283247675,-0.70005,-0.88,0.0975,217.91,1053.8,0,2,0,0,0,9,
283247715,-0.70005,-0.88,0.0975,217.91,1053.8,0,2,0,0,0,9,
283247756,-0.70005,-0.88,0.0975,217.91,1053.8,0,2,0,0,0,9,
283247796,-0.70005,-0.88,0.0975,217.91,1053.8,0,2,0,0,0,9,
283247836,-0.70005,-0.88,0.0975,217.91,1053.8,0,2,0,0,0,9,
283247876,-0.70005,-0.88,0.0975,217.91,1053.8,0,2,0,0,0,9,
283247916,-0.70005,-0.88,0.0975,217.91,1053.8,0,2,0,0,0,9,
283247956,-0.70005,-0.88,0.0975,217.91,1053.8,0,2,0,0,0,9,
283247995,-0.70005,-0.88,0.0975,217.91,1053.8,0,2,0,0,0,9,
283248035,-0.70005,-0.88,0.0975,217.91,1053.8,0,2,0,0,0,9,
283248076,-0.70005,-0.88,0.0975,217.91,1053.8,0,2,0,0,0,9,
283248116,-0.70005,-0.88,0.0975,217.91,1053.8,0,2,0,0,0,9,
283248156,-0.70005,-0.88,0.0975,217.91,1053.8,0,2,0,0,0,9,
283248196,-0.70005,-0.88,0.0975,217.91,1053.8,0,2,0,0,0,9,
283248236,-0.70005,-0.88,0.0975,217.91,1053.8,0,2,0,0,0,9,
283248275,-0.70005,-0.88,0.0975,217.91,1053.8,0,2,0,0,0,9,
283248315,-0.70005,-0.88,0.0975,217.91,1053.8,0,2,0,0,0,9,
283248355,-0.70005,-0.88,0.0975,217.91,1053.8,0,2,0,0,0,9,
283248396,-0.70005,-0.88,0.0975,217.91,1053.8,0,2,0,0,0,9,
283248436,-0.70005,-0.88,0.0975,217.91,1053.8,0,2,0,0,0,9,
283248476,-0.70005,-0.88,0.0975,217.91,1053.8,0,2,0,0,0,9,
283248516,-0.70005,-0.88,0.0975,217.91,1053.8,0,2,0,0,0,9,
283248556,-0.70005,-0.88,0.0975,217.91,1053.8,0,2,0,0,0,9,
283248595,-0.70005,-0.88,0.0975,217.91,1053.8,0,2,0,0,0,9,
283248635,-0.70005,-0.88,0.0975,217.91,1053.8,0,2,0,0,0,9,
283248676,-0.70005,-0.88,0.0975,217.91,1053.8,0,2,0,0,0,9,
283248716,-0.70005,-0.88,0.0975,217.91,1053.8,0,2,0,0,0,9,
283248756,-0.70005,-0.88,0.0975,217.91,1053.8,0,2,0,0,0,9,
283248796,-0.70005,-0.88,0.0975,217.91,1053.8,0,2,0,0,0,9,
283248836,-0.70005,-0.88,0.0975,217.91,1053.8,0,2,0,0,0,9,
