milisec,RacketX,RacketY,RacketZ,forceX,forceX,forceX,ForceRatio,FriendPoint,EnemyPoint,haptics,scene
274898762,0,0,0,0,0,0,0,0,0,0,0,
274898792,-0.744919,-0.59,-1.34043,31.6621,41.58,0,0.4,0,0,0,0,
274898842,-0.744919,-0.59,-1.34043,63.3242,83.16,0,0.4,0,0,0,0,
274898913,-0.744919,-0.59,-1.34043,63.3242,83.16,0,0.4,0,0,0,0,
274898963,-0.744919,-0.59,-1.34043,63.3242,83.16,0,0.4,0,0,0,0,
274899023,-0.744919,-0.59,-1.34043,63.3242,83.16,0,0.4,0,0,0,0,
274899083,-0.241856,-0.59,-0.3925,63.3242,83.16,0,0.4,0,0,0,0,
274899143,-0.238125,-0.59,-0.392525,0,83.16,0,0.4,0,0,0,0,
274899203,-0.236231,-0.59,-0.395025,0,83.16,0,0.4,0,0,0,0,
274899263,-0.236231,-0.59044,-0.395025,0,83.2568,0,0.4,0,0,0,0,
274899333,-0.234356,-0.59044,-0.397475,0,83.3536,0,0.4,0,0,0,0,
274899383,-0.2325,-0.63444,-0.395,0,93.0336,0,0.4,0,0,0,0,
274899443,-0.2325,-0.63444,-0.395,0,102.714,0,0.4,0,0,0,0,
274899503,-0.2325,-0.63444,-0.395,0,102.714,0,0.4,0,0,0,0,
274899563,-0.2325,-0.63444,-0.395,0,102.714,0,0.4,0,0,0,0,
274899624,-0.234375,-0.63444,-0.392475,0,102.714,0,0.4,0,0,0,0,
274899684,-0.236269,-0.67756,-0.39,0,112.2,0,0.4,0,0,0,0,
274899744,-0.236269,-0.67756,-0.39,0,121.686,0,0.4,0,0,0,0,
274899804,-0.238106,-0.63356,-0.390025,0,112.006,0,0.4,0,0,0,0,
274899864,-0.238106,-0.63356,-0.390025,0,102.326,0,0.4,0,0,0,0,
274899924,-0.238106,-0.63356,-0.390025,0,102.326,0,0.4,0,0,0,0,
274899984,-0.236231,-0.63356,-0.3925,0,102.326,0,0.4,0,0,0,0,
274900044,-0.236231,-0.59044,-0.3925,0,92.84,0,0.4,0,0,0,0,
274900104,-0.234375,-0.63444,-0.3925,0,83.3536,0,0.4,0,0,0,0,
274900164,-0.234375,-0.63444,-0.3925,0,102.714,0,0.4,0,0,0,0,
274900224,-0.234375,-0.63444,-0.3925,0,102.714,0,0.4,0,0,0,0,
274900284,-0.234375,-0.63444,-0.3925,0,102.714,0,0.4,0,0,0,0,
274900345,-0.234394,-0.67756,-0.39,0,112.2,0,0.4,0,0,0,0,
274900405,-0.234394,-0.67756,-0.39,0,121.686,0,0.4,0,0,0,0,
274900465,-0.23625,-0.63356,-0.390025,0,112.006,0,0.4,0,0,0,0,
274900525,-0.23625,-0.63356,-0.390025,0,102.326,0,0.4,0,0,0,0,
274900585,-0.23625,-0.63356,-0.390025,0,102.326,0,0.4,0,0,0,0,
274900645,-0.236231,-0.63356,-0.3925,0,102.326,0,0.4,0,0,0,0,
274900705,-0.236231,-0.59044,-0.3925,0,92.84,0,0.4,0,0,0,0,
274900765,-0.234375,-0.63444,-0.3925,0,93.0336,0,0.4,0,0,0,0,
274900825,-0.234375,-0.63444,-0.3925,0,102.714,0,0.4,0,0,0,0,
274900885,-0.234375,-0.63444,-0.3925,0,102.714,0,0.4,0,0,0,0,
274900945,-0.234375,-0.63444,-0.3925,0,102.714,0,0.4,0,0,0,0,
274901006,-0.234375,-0.63444,-0.3925,0,102.714,0,0.4,0,0,0,0,
274901066,-0.234394,-0.67756,-0.39,0,102.714,0,0.4,0,0,0,0,
274901126,-0.234394,-0.67756,-0.39,0,121.686,0,0.4,0,0,0,0,
274901186,-0.23625,-0.63356,-0.39,0,112.006,0,0.4,0,0,0,0,
274901246,-0.23625,-0.63356,-0.39,0,102.326,0,0.4,0,0,0,0,
274901306,-0.23625,-0.59044,-0.39,0,102.326,0,0.4,0,0,0,0,
274901366,-0.23625,-0.63444,-0.39,0,93.0336,0,0.4,0,0,0,0,
274901426,-0.260756,-0.63444,-0.39755,0,102.714,0,0.4,0,0,0,0,
274901486,-0.379425,-0.63444,-0.457975,0,102.714,0,0.4,0,0,0,0,
274901546,-0.663863,-0.63444,-0.665125,0,102.714,0,0.4,0,0,0,0,
274901606,-0.693825,-0.63444,-0.730225,33.8264,102.714,0,0.4,0,0,0,0,
274901666,-0.744413,-0.63444,-0.825025,47.8514,102.714,0,0.4,0,0,0,0,
274901727,-0.748144,-0.63444,-0.832525,63.9183,102.714,0,0.4,0,0,0,0,
274901787,-0.748144,-0.63444,-0.832525,64.7432,102.714,0,0.4,0,0,0,0,
274901847,-0.748144,-0.63444,-0.832525,64.7432,102.714,0,0.4,0,0,0,0,
274901907,-0.748144,-0.63444,-0.832525,64.7432,102.714,0,0.4,0,0,0,0,
274901967,-0.748144,-0.63444,-0.832525,64.7432,102.714,0,0.4,0,0,0,0,
274902027,-0.748144,-0.63444,-0.832525,64.7432,102.714,0,0.4,0,0,0,0,
274902087,-0.748144,-0.63444,-0.832525,64.7432,102.714,0,0.4,0,0,0,0,
274902147,-0.748144,-0.63444,-0.832525,64.7432,102.714,0,0.4,0,0,0,0,
274902217,-0.748144,-0.63444,-0.832525,64.7432,102.714,0,0.4,0,0,0,0,
274902277,-0.748144,-0.63444,-0.832525,64.7432,102.714,0,0.4,0,0,0,0,
274902327,-0.748144,-0.63444,-0.832525,64.7432,102.714,0,0.4,0,0,0,0,
274902388,-0.748144,-0.63444,-0.832525,64.7432,102.714,0,0.4,0,0,0,0,
274902448,-0.748144,-0.63444,-0.832525,64.7432,102.714,0,0.4,0,0,0,0,
274902508,-0.748144,-0.63444,-0.832525,64.7432,102.714,0,0.4,0,0,0,0,
274902568,-0.748144,-0.63444,-0.832525,64.7432,102.714,0,0.4,0,0,0,0,
274902628,-0.748144,-0.63444,-0.832525,64.7432,102.714,0,0.4,0,0,0,0,
274902688,-0.748144,-0.63444,-0.832525,64.7432,102.714,0,0.4,0,0,0,0,
274902748,-0.748144,-0.63444,-0.832525,64.7432,102.714,0,0.4,0,0,0,0,
274902808,-0.748144,-0.63444,-0.832525,64.7432,102.714,0,0.4,0,0,0,0,
274902868,-0.748144,-0.63444,-0.832525,64.7432,102.714,0,0.4,0,0,0,0,
274902928,-0.748144,-0.63444,-0.832525,64.7432,102.714,0,0.4,0,0,0,0,
274902988,-0.748144,-0.63444,-0.832525,64.7432,102.714,0,0.4,0,0,0,0,
274903048,-0.748144,-0.63444,-0.832525,64.7432,102.714,0,0.4,0,0,0,0,
274903109,-0.748144,-0.63444,-0.832525,64.7432,102.714,0,0.4,0,0,0,0,
274903169,-0.748144,-0.63444,-0.832525,64.7432,102.714,0,0.4,0,0,0,0,
274903239,-0.748144,-0.63444,-0.832525,64.7432,102.714,0,0.4,0,0,0,0,
274903289,-0.748144,-0.63444,-0.832525,64.7432,102.714,0,0.4,0,0,0,0,
274903349,-0.748144,-0.63444,-0.832525,64.7432,102.714,0,0.4,0,0,0,0,
274903409,-0.648412,-0.63444,-0.877575,65.0898,102.714,0,0.4,0,0,0,0,
274903469,-0.451256,-0.63444,-0.9151,10.4307,102.714,0,0.4,0,0,0,0,
274903529,-0.25305,-0.63444,-0.95255,0,102.714,0,0.4,0,0,0,0,
274903589,-0.219262,-0.63444,-0.9801,0,102.714,0,0.4,0,0,0,0,
274903649,-0.179981,-0.63444,-1.00505,0,102.714,0,0.4,0,0,0,0,
274903709,-0.1593,-0.63444,-1.0301,0,102.714,0,0.4,0,0,0,0,
274903769,-0.129338,-0.63444,-1.06255,0,102.714,0,0.4,0,0,0,0,
274903830,-0.106856,-0.63444,-1.0875,0,102.714,0,0.4,0,0,0,0,
274903900,-0.104981,-0.67844,-1.0875,0,102.714,0,0.4,0,0,0,0,
274903950,-0.103125,-0.67844,-1.0875,0,122.074,0,0.4,0,0,0,0,
274904010,-0.103125,-0.72244,-1.0875,0,131.754,0,0.4,0,0,0,0,
274904070,-0.105037,-0.72244,-1.06738,0,141.434,0,0.4,0,0,0,0,
274904130,-0.121875,-0.72244,-0.9924,0,141.434,0,0.4,0,0,0,0,
274904210,-0.125625,-0.72244,-0.9524,0,141.434,0,0.4,0,0,0,0,
274904260,-0.125625,-0.72244,-0.927475,0,141.434,0,0.4,0,0,0,0,
274904310,-0.125625,-0.72244,-0.927475,0,141.434,0,0.4,0,0,0,0,
274904370,-0.125625,-0.72244,-0.927475,0,141.434,0,0.4,0,0,0,0,
274904430,-0.125625,-0.72244,-0.927475,0,141.434,0,0.4,0,0,0,0,
274904491,-0.125625,-0.72244,-0.927475,0,141.434,0,0.4,0,0,0,0,
274904551,-0.125625,-0.72244,-0.927475,0,141.434,0,0.4,0,0,0,0,
274904611,-0.125625,-0.72244,-0.927475,0,141.434,0,0.4,0,0,0,0,
274904671,-0.125625,-0.72244,-0.927475,0,141.434,0,0.4,0,0,0,0,
274904731,-0.125625,-0.76556,-0.927475,0,150.92,0,0.4,0,0,0,0,
274904791,-0.125625,-0.72156,-0.925,0,160.406,0,0.4,0,0,0,0,
274904851,-0.125625,-0.72156,-0.925,0,141.046,0,0.4,0,0,0,0,
274904911,-0.125625,-0.72156,-0.925,0,141.046,0,0.4,0,0,0,0,
274904971,-0.125625,-0.72156,-0.925,0,141.046,0,0.4,0,0,0,0,
274905031,-0.125625,-0.72156,-0.925,0,141.046,0,0.4,0,0,0,0,
274905091,-0.125625,-0.72156,-0.925,0,141.046,0,0.4,0,0,0,0,
274905151,-0.125625,-0.72156,-0.925,0,141.046,0,0.4,0,0,0,0,
274905212,-0.125625,-0.72156,-0.925,0,141.046,0,0.4,0,0,0,0,
274905272,-0.125625,-0.72156,-0.925,0,141.046,0,0.4,0,0,0,0,
274905332,-0.125625,-0.67756,-0.925,0,141.046,0,0.4,0,0,0,0,
274905392,-0.125625,-0.63356,-0.925,0,121.686,0,0.4,0,0,0,0,
274905452,-0.125625,-0.63356,-0.925025,0,102.326,0,0.4,0,0,0,0,
274905512,-0.125625,-0.63356,-0.925025,0,102.326,0,0.4,0,0,0,0,
274905572,-0.125625,-0.58956,-0.925025,0,92.6464,0,0.4,0,0,0,0,
274905632,-0.125625,-0.54556,-0.9275,0,82.9664,0,0.4,0,0,0,0,
274905692,-0.125625,-0.54556,-0.9275,0,63.6064,0,0.4,0,0,0,0,
274905752,-0.125625,-0.54556,-0.9275,0,63.6064,0,0.4,0,0,0,0,
274905812,-0.125625,-0.50156,-0.9275,0,53.9264,0,0.4,0,0,0,0,
274905873,-0.125625,-0.45756,-0.9275,0,34.5664,0,0.4,0,0,0,0,
274905933,-0.125625,-0.45756,-0.9275,0,24.8864,0,0.4,0,0,0,0,
274905993,-0.125625,-0.45756,-0.9275,0.260876,24.268,-1.36458,0.4,0,0,0,0,
274906053,-0.125625,-0.45756,-0.9275,0,24.8864,0,0.4,0,0,0,0,
274906113,-0.125625,-0.45756,-0.9275,0,24.8864,0,0.4,0,0,0,0,
274906173,-0.125625,-0.41356,-0.9275,0,15.2064,0,0.4,0,0,0,0,
274906233,-0.125625,-0.36956,-0.9275,0,5.52641,0,0.4,0,0,0,0,
274906293,-0.125606,-0.36956,-0.9275,0,0,0,0.4,0,0,0,0,
274906353,-0.125606,-0.32556,-0.9275,0.171367,-0.827089,-0.613833,0.4,0,0,0,0,
274906413,-0.125606,-0.32556,-0.9275,3.27296,-1.4111,-10.0338,0.4,0,0,0,0,
274906473,-0.125606,-0.32556,-0.9275,0,0,0,0.4,0,0,0,0,
274906533,-0.125606,-0.32556,-0.9275,0,0,0,0.4,0,0,0,0,
274906594,-0.125606,-0.32556,-0.9275,0,0,0,0.4,0,0,0,0,
274906654,-0.121856,-0.28156,-0.93,0,0,0,0.4,0,0,0,0,
274906714,-0.119981,-0.28156,-0.93,0,0,0,0.4,0,0,0,0,
274906774,-0.12,-0.23756,-0.929975,0,0,0,0.4,0,0,0,0,
274906834,-0.12,-0.23756,-0.929975,0,0,0,0.4,0,0,0,0,
274906894,-0.12,-0.19356,-0.9275,0,0,0,0.4,0,0,0,0,
274906954,-0.12,-0.19356,-0.9275,0,0,0,0.4,0,0,0,0,
274907014,-0.12,-0.19356,-0.9275,0,0,0,0.4,0,0,0,0,
274907074,-0.12,-0.19356,-0.9275,0,0,0,0.4,0,0,0,0,
274907134,-0.12,-0.19356,-0.9275,0,0,0,0.4,0,0,0,0,
274907194,-0.12,-0.19356,-0.9275,0,0,0,0.4,0,0,0,0,
274907254,-0.120019,-0.15,-0.9275,0,0,0,0.4,0,0,0,0,
274907315,-0.120019,-0.15,-0.9275,0,0,0,0.4,0,0,0,0,
274907375,-0.121875,-0.15,-0.9275,0,0,0,0.4,0,0,0,0,
274907435,-0.121875,-0.15,-0.9275,0,0,0,0.4,0,0,0,0,
274907495,-0.121875,-0.15,-0.9275,0,0,0,0.4,0,0,0,0,
274907555,-0.121875,-0.15,-0.9275,0,0,0,0.4,0,0,0,0,
274907615,-0.121875,-0.15,-0.9275,0,0,0,0.4,0,0,0,0,
274907675,-0.121875,-0.15,-0.9275,0,0,0,0.4,0,0,0,0,
274907735,-0.121856,-0.15,-0.9275,0,0,0,0.4,0,0,0,0,
274907795,-0.121856,-0.15,-0.9275,0,0,0,0.4,0,0,0,0,
274907855,-0.121856,-0.15,-0.9275,0,0,0,0.4,0,0,0,0,
274907915,-0.121856,-0.15,-0.9275,0,0,0,0.4,0,0,0,0,
274907976,-0.121856,-0.15,-0.9275,0,0,0,0.4,0,0,0,0,
274908036,-0.121856,-0.15,-0.9275,0,0,0,0.4,0,0,0,0,
274908096,-0.121856,-0.15,-0.9275,0,0,0,0.4,0,0,0,0,
274908156,-0.121856,-0.15,-0.9275,0,0,0,0.4,0,0,0,0,
274908216,-0.121856,-0.15,-0.9275,0,0,0,0.4,0,0,0,0,
274908276,-0.121856,-0.15,-0.9275,0,0,0,0.4,0,0,0,0,
274908336,-0.121856,-0.15044,-0.9275,0,0,0,0.4,0,0,0,0,
274908396,-0.12,-0.19444,-0.9275,0,0,0,0.4,0,0,0,0,
274908456,-0.119981,-0.19444,-0.9275,0,0,0,0.4,0,0,0,0,
274908516,-0.119981,-0.23844,-0.9275,0,0,0,0.4,0,0,0,0,
274908576,-0.118125,-0.28244,-0.9275,0,0,0,0.4,0,0,0,0,
274908636,-0.118106,-0.28244,-0.9275,0,0,0,0.4,0,0,0,0,
274908697,-0.11625,-0.32644,-0.927475,0,0,0,0.4,0,0,0,0,
274908757,-0.11625,-0.32644,-0.927475,0,0,0,0.4,0,0,0,0,
274908817,-0.11625,-0.37044,-0.925,0,0,0,0.4,0,0,0,0,
274908877,-0.114375,-0.41444,-0.924975,0,2.9568,0,0.4,0,0,0,0,
274908937,-0.114375,-0.41444,-0.924975,0,5.91361,0,0.4,0,0,0,0,
274908997,-0.114375,-0.45844,-0.9225,0,15.5936,0,0.4,0,0,0,0,
274909057,-0.114375,-0.50244,-0.9225,0,25.2736,0,0.4,0,0,0,0,
274909117,-0.114375,-0.50244,-0.9225,0,44.6336,0,0.4,0,0,0,0,
274909177,-0.114375,-0.54644,-0.9225,0,54.3136,0,0.4,0,0,0,0,
274909237,-0.114356,-0.54644,-0.9225,0,63.9936,0,0.4,0,0,0,0,
274909297,-0.114356,-0.59044,-0.9225,0,73.6736,0,0.4,0,0,0,0,
274909358,-0.1125,-0.63444,-0.9225,0,93.0336,0,0.4,0,0,0,0,
274909418,-0.1125,-0.63444,-0.9225,0,102.714,0,0.4,0,0,0,0,
274909478,-0.10875,-0.67844,-0.917475,0,112.394,0,0.4,0,0,0,0,
274909538,-0.10875,-0.67844,-0.917475,0,122.074,0,0.4,0,0,0,0,
274909598,-0.10875,-0.72244,-0.915,0,131.754,0,0.4,0,0,0,0,
274909658,-0.10875,-0.76644,-0.915,0,141.434,0,0.4,0,0,0,0,
274909718,-0.10875,-0.76644,-0.915,0,160.794,0,0.4,0,0,0,0,
274909778,-0.10875,-0.81044,-0.915,0,170.474,0,0.4,0,0,0,0,
274909838,-0.10875,-0.81044,-0.915,0,180.154,0,0.4,0,0,0,0,
274909898,-0.108731,-0.85444,-0.914975,0,189.834,0,0.4,0,0,0,0,
274909958,-0.108731,-0.85444,-0.914975,0,199.514,0,0.4,0,0,0,0,
274910018,-0.106875,-0.89844,-0.9125,0,209.194,0,0.4,0,0,0,0,
274910079,-0.106875,-0.89844,-0.9125,0,218.874,0,0.4,0,0,0,0,
274910139,-0.106875,-0.94244,-0.9125,0,228.554,0,0.4,0,0,0,0,
274910199,-0.106875,-0.98644,-0.9125,0,247.914,0,0.4,0,0,0,0,
274910259,-0.106875,-0.98644,-0.9125,0,257.594,0,0.4,0,0,0,0,
274910319,-0.106856,-1.03,-0.91,0,267.177,0,0.4,0,0,0,0,
274910379,-0.106856,-1.03,-0.91,0,276.76,0,0.4,0,0,0,0,
274910439,-0.106856,-1.03,-0.91,0,276.76,0,0.4,0,0,0,0,
274910499,-0.106856,-1.03,-0.91,0,276.76,0,0.4,0,0,0,0,
274910559,-0.105,-1.03,-0.91,0,276.76,0,0.4,0,0,0,0,
274910619,-0.105,-1.03,-0.91,0,276.76,0,0.4,0,0,0,0,
274910679,-0.105,-1.03,-0.907475,0,276.76,0,0.4,0,0,0,0,
274910740,-0.105,-1.03,-0.907475,0,276.76,0,0.4,0,0,0,0,
274910800,-0.105,-1.03,-0.905,0,276.76,0,0.4,0,0,0,0,
274910860,-0.105,-1.03,-0.905,0,276.76,0,0.4,0,0,0,0,
274910920,-0.103125,-1.03,-0.902475,0,276.76,0,0.4,0,0,0,0,
274910980,-0.103125,-1.03,-0.902475,0,276.76,0,0.4,0,0,0,0,
274911040,-0.103125,-1.03,-0.9,0,276.76,0,0.4,0,0,0,0,
274911100,-0.103125,-1.03,-0.9,0,276.76,0,0.4,0,0,0,0,
274911160,-0.103125,-1.03,-0.9,0,276.76,0,0.4,0,0,0,0,
274911220,-0.103125,-1.03,-0.897475,0,276.76,0,0.4,0,0,0,0,
274911280,-0.103125,-1.03,-0.897475,0,276.76,0,0.4,0,0,0,0,
274911340,-0.103125,-1.03,-0.897475,0,276.76,0,0.4,0,0,0,0,
274911400,-0.103125,-1.03,-0.897475,0,276.76,0,0.4,0,0,0,0,
274911461,-0.103125,-1.03,-0.897475,0,276.76,0,0.4,0,0,0,0,
274911521,-0.103125,-1.03,-0.895,0,276.76,0,0.4,0,0,0,0,
274911581,-0.103125,-1.03,-0.895,0,276.76,0,0.4,0,0,0,0,
274911641,-0.103106,-1.03,-0.892475,0,276.76,0,0.4,0,0,0,0,
274911701,-0.103106,-1.03,-0.892475,0,276.76,0,0.4,0,0,0,0,
274911761,-0.10125,-1.03,-0.89,0,276.76,0,0.4,0,0,0,0,
274911821,-0.10125,-1.03,-0.89,0,276.76,0,0.4,0,0,0,0,
274911881,-0.10125,-1.03,-0.89,0,276.76,0,0.4,0,0,0,0,
274911941,-0.10125,-1.03,-0.89,0,276.76,0,0.4,0,0,0,0,
274912001,-0.10125,-1.03,-0.89,0,276.76,0,0.4,0,0,0,0,
274912061,-0.10125,-1.03,-0.89,0,276.76,0,0.4,0,0,0,0,
274912121,-0.10125,-1.03,-0.89,0,276.76,0,0.4,0,0,0,0,
274912182,-0.10125,-1.03,-0.89,0,276.76,0,0.4,0,0,0,0,
274912242,-0.10125,-1.03,-0.89,0,276.76,0,0.4,0,0,0,0,
274912302,-0.10125,-1.03,-0.89,0,276.76,0,0.4,0,0,0,0,
274912362,-0.144525,-1.03,-0.874925,0,276.76,0,0.4,0,0,0,0,
274912422,-0.296381,-1.03,-0.7874,0,276.76,0,0.4,0,0,0,0,
274912482,-0.296381,-1.03,-0.7874,0,276.76,0,0.4,0,0,0,0,
274912542,-0.296381,-1.03,-0.7874,0,276.76,0,0.4,0,0,0,0,
274912602,-0.296381,-1.03,-0.7874,0,276.76,0,0.4,0,0,0,0,
274912662,-0.296381,-1.03,-0.7874,0,276.76,0,0.4,0,0,0,0,
274912722,-0.296381,-1.03,-0.7874,0,276.76,0,0.4,0,0,0,0,
274912782,-0.309375,-1.03,-0.7775,0,276.76,0,0.4,0,0,0,0,
274912843,-0.309375,-1.03,-0.7775,0,276.76,0,0.4,0,0,0,0,
274912903,-0.309375,-1.03,-0.7775,0,276.76,0,0.4,0,0,0,0,
274912963,-0.309375,-1.03,-0.7775,0,276.76,0,0.4,0,0,0,0,
274913023,-0.309375,-1.03,-0.7775,0,276.76,0,0.4,0,0,0,0,
274913083,-0.309375,-1.03,-0.7775,0,276.76,0,0.4,0,0,0,0,
274913143,-0.309375,-1.03,-0.7775,0,276.76,0,0.4,0,0,0,0,
274913203,-0.309375,-1.03,-0.7775,0,276.76,0,0.4,0,0,0,0,
274913263,-0.309375,-1.03,-0.7775,0,276.76,0,0.4,0,0,0,0,
274913323,-0.309375,-1.03,-0.7775,0,276.76,0,0.4,0,0,0,0,
274913383,-0.309375,-1.02956,-0.7775,0,276.663,0,0.4,0,0,0,0,
274913443,-0.309375,-1.02956,-0.7775,0,276.566,0,0.4,0,0,0,0,
274913503,-0.309375,-0.98556,-0.7775,0,276.566,0,0.4,0,0,0,0,
274913564,-0.309375,-0.98556,-0.7775,0,257.206,0,0.4,0,0,0,0,
274913624,-0.309375,-0.94156,-0.7775,0,257.206,0,0.4,0,0,0,0,
274913684,-0.309375,-0.94156,-0.7775,0,237.846,0,0.4,0,0,0,0,
274913744,-0.309375,-0.94156,-0.7775,0,237.846,0,0.4,0,0,0,0,
274913804,-0.309375,-0.89756,-0.7775,0,228.166,0,0.4,0,0,0,0,
274913864,-0.309375,-0.89756,-0.7775,0,218.486,0,0.4,0,0,0,0,
274913924,-0.309375,-0.89756,-0.7775,0,218.486,0,0.4,0,0,0,0,
274913984,-0.309375,-0.89756,-0.7775,0,218.486,0,0.4,0,0,0,0,
274914044,-0.309375,-0.89756,-0.7775,0,218.486,0,0.4,0,0,0,0,
274914104,-0.309375,-0.89756,-0.7775,0,218.486,0,0.4,0,0,0,0,
274914164,-0.324806,-0.89756,-0.74475,0,218.486,0,0.4,0,0,0,0,
274914225,-0.410737,-0.89756,-0.704975,0,218.486,0,0.4,0,0,0,0,
274914285,-0.410737,-0.89756,-0.704975,0,218.486,0,0.4,0,0,0,0,
274914345,-0.410737,-0.89756,-0.704975,0,218.486,0,0.4,0,0,0,0,
274914405,-0.410737,-0.85356,-0.704975,0,218.486,0,0.4,0,0,0,0,
274914465,-0.410737,-0.85356,-0.704975,0,199.126,0,0.4,0,0,0,0,
274914525,-0.410737,-0.85356,-0.704975,0,199.126,0,0.4,0,0,0,0,
274914585,-0.410737,-0.85356,-0.704975,0,199.126,0,0.4,0,0,0,0,
274914645,-0.42,-0.85356,-0.699975,0,199.126,0,0.4,0,0,0,0,
274914705,-0.419981,-0.85356,-0.694975,0,199.126,0,0.4,0,0,0,0,
274914765,-0.419981,-0.85356,-0.694975,0,199.126,0,0.4,0,0,0,0,
274914825,-0.414375,-0.85356,-0.692525,0,199.126,0,0.4,0,0,0,0,
274914885,-0.418125,-0.80956,-0.7,0,199.126,0,0.4,0,0,0,0,
274914946,-0.414394,-0.80956,-0.705,0,179.766,0,0.4,0,0,0,0,
274915006,-0.416231,-0.80956,-0.705,0,179.766,0,0.4,0,0,0,0,
274915066,-0.418031,-0.80956,-0.70255,0,179.766,0,0.4,0,0,0,0,
274915126,-0.408769,-0.80956,-0.7075,0,179.766,0,0.4,0,0,0,0,
274915186,-0.4125,-0.76556,-0.704975,0,170.086,0,0.4,0,0,0,0,
274915246,-0.40875,-0.72156,-0.7075,0,160.406,0,0.4,0,0,0,0,
274915306,-0.40875,-0.72156,-0.7075,0,141.046,0,0.4,0,0,0,0,
274915366,-0.410625,-0.67756,-0.702475,0,131.366,0,0.4,0,0,0,0,
274915426,-0.410625,-0.63356,-0.705,0,121.686,0,0.4,0,0,0,0,
274915486,-0.410606,-0.63356,-0.705,0,102.326,0,0.4,0,0,0,0,
274915546,-0.408769,-0.58956,-0.702475,0,102.326,0,0.4,0,0,0,0,
274915607,-0.40875,-0.58956,-0.700025,0,82.9664,0,0.4,0,0,0,0,
274915667,-0.408731,-0.54556,-0.7025,0,73.2864,0,0.4,0,0,0,0,
274915727,-0.40875,-0.50156,-0.699975,0,53.9264,0,0.4,0,0,0,0,
274915787,-0.40875,-0.50156,-0.699975,0,44.2464,0,0.4,0,0,0,0,
274915847,-0.406875,-0.45756,-0.7,0,34.5664,0,0.4,0,0,0,0,
274915907,-0.406894,-0.41356,-0.699975,0,24.8864,0,0.4,0,0,0,0,
274915967,-0.40875,-0.41356,-0.697475,0,5.52641,0,0.4,0,0,0,0,
274916027,-0.406856,-0.36956,-0.7025,0,2.7632,0,0.4,0,0,0,0,
274916087,-0.406894,-0.36956,-0.699975,0,0,0,0.4,0,0,0,0,
274916147,-0.40875,-0.32556,-0.697475,0,0,0,0.4,0,0,0,0,
274916207,-0.406875,-0.28156,-0.7,0,0,0,0.4,0,0,0,0,
274916267,-0.406856,-0.28156,-0.7,0,0,0,0.4,0,0,0,0,
274916328,-0.405019,-0.23756,-0.699975,0,0,0,0.4,0,0,0,0,
274916388,-0.405,-0.19356,-0.7,0,0,0,0.4,0,0,0,0,
274916448,-0.403144,-0.19356,-0.7,0,0,0,0.4,0,0,0,0,
274916508,-0.403144,-0.15,-0.6975,0,0,0,0.4,0,0,0,0,
274916568,-0.404981,-0.15,-0.697525,0,0,0,0.4,0,0,0,0,
274916628,-0.403125,-0.15,-0.699975,0,0,0,0.4,0,0,0,0,
274916688,-0.405,-0.15,-0.694975,0,0,0,0.4,0,0,0,0,
274916748,-0.40125,-0.15,-0.700025,0,0,0,0.4,0,0,0,0,
274916808,-0.399375,-0.15,-0.702475,0,0,0,0.4,0,0,0,0,
274916868,-0.40125,-0.15,-0.697475,0,0,0,0.4,0,0,0,0,
274916928,-0.399375,-0.15,-0.7,0,0,0,0.4,0,0,0,0,
274916988,-0.399375,-0.15,-0.7,0,0,0,0.4,0,0,0,0,
274917049,-0.399394,-0.15,-0.697475,0,0,0,0.4,0,0,0,0,
274917109,-0.40125,-0.15,-0.695025,0,0,0,0.4,0,0,0,0,
274917169,-0.401231,-0.15,-0.697525,0,0,0,0.4,0,0,0,0,
274917229,-0.399394,-0.15,-0.694975,0,0,0,0.4,0,0,0,0,
274917289,-0.401231,-0.15,-0.69255,0,0,0,0.4,0,0,0,0,
274917349,-0.399356,-0.15,-0.697525,0,0,0,0.4,0,0,0,0,
274917409,-0.399375,-0.15,-0.694975,0,0,0,0.4,0,0,0,0,
274917469,-0.399375,-0.15,-0.694975,0,0,0,0.4,0,0,0,0,
274917529,-0.399375,-0.15,-0.695,0,0,0,0.4,0,0,0,0,
274917589,-0.399375,-0.15,-0.694975,0,0,0,0.4,0,0,0,0,
274917649,-0.399375,-0.15,-0.692475,0,0,0,0.4,0,0,0,0,
274917710,-0.397481,-0.15,-0.695,0,0,0,0.4,0,0,0,0,
274917770,-0.395644,-0.15,-0.694975,0,0,0,0.4,0,0,0,0,
274917830,-0.3975,-0.15,-0.692475,0,0,0,0.4,0,0,0,0,
274917890,-0.3975,-0.15,-0.6925,0,0,0,0.4,0,0,0,0,
274917950,-0.3975,-0.15,-0.6925,0,0,0,0.4,0,0,0,0,
274918010,-0.3975,-0.15,-0.692475,0,0,0,0.4,0,0,0,0,
274918070,-0.3975,-0.15,-0.692475,0,0,0,0.4,0,0,0,0,
274918130,-0.395625,-0.15,-0.6925,0,0,0,0.4,0,0,0,0,
274918190,-0.395625,-0.15,-0.689975,0,0,0,0.4,0,0,0,0,
274918250,-0.395606,-0.15,-0.687525,0,0,0,0.4,0,0,0,0,
274918310,-0.39375,-0.15,-0.6925,0,0,0,0.4,0,0,0,0,
274918370,-0.39375,-0.15,-0.692475,0,0,0,0.4,0,0,0,0,
274918431,-0.39375,-0.15,-0.692475,0,0,0,0.4,0,0,0,0,
274918491,-0.39375,-0.15,-0.69,0,0,0,0.4,0,0,0,0,
274918551,-0.39375,-0.15,-0.69,0,0,0,0.4,0,0,0,0,
274918611,-0.39375,-0.15,-0.69,0,0,0,0.4,0,0,0,0,
274918671,-0.39375,-0.15,-0.69,0,0,0,0.4,0,0,0,0,
274918731,-0.393731,-0.15,-0.690025,0,0,0,0.4,0,0,0,0,
274918791,-0.391875,-0.15,-0.689975,0,0,0,0.4,0,0,0,0,
274918851,-0.391875,-0.15,-0.689975,0,0,0,0.4,0,0,0,0,
274918911,-0.391875,-0.15,-0.6875,0,0,0,0.4,0,0,0,0,
274918971,-0.391875,-0.15,-0.687475,0,0,0,0.4,0,0,0,0,
274919031,-0.391875,-0.15,-0.687475,0,0,0,0.4,0,0,0,0,
274919092,-0.391875,-0.15,-0.6875,0,0,0,0.4,0,0,0,0,
274919152,-0.391875,-0.15,-0.687475,0,0,0,0.4,0,0,0,0,
274919212,-0.391875,-0.15,-0.687475,0,0,0,0.4,0,0,0,0,
274919272,-0.391875,-0.15,-0.685025,0,0,0,0.4,0,0,0,0,
274919332,-0.391875,-0.15,-0.6875,0,0,0,0.4,0,0,0,0,
274919392,-0.391875,-0.15,-0.684975,0,0,0,0.4,0,0,0,0,
274919452,-0.391875,-0.15,-0.682525,0,0,0,0.4,0,0,0,0,
274919512,-0.391875,-0.15,-0.687525,0,0,0,0.4,0,0,0,0,
274919572,-0.391875,-0.15,-0.689975,0,0,0,0.4,0,0,0,0,
274919632,-0.391875,-0.15,-0.684975,0,0,0,0.4,0,0,0,0,
274919692,-0.391875,-0.15,-0.682525,0,0,0,0.4,0,0,0,0,
274919752,-0.39,-0.15,-0.6875,0,0,0,0.4,0,0,0,0,
274919813,-0.39,-0.15,-0.687475,0,0,0,0.4,0,0,0,0,
274919873,-0.39,-0.15,-0.687475,0,0,0,0.4,0,0,0,0,
274919933,-0.39,-0.15,-0.6875,0,0,0,0.4,0,0,0,0,
274919993,-0.39,-0.15,-0.684975,0,0,0,0.4,0,0,0,0,
274920053,-0.39,-0.15,-0.682475,0,0,0,0.4,0,0,0,0,
274920113,-0.39,-0.15,-0.682525,0,0,0,0.4,0,0,0,0,
274920173,-0.389981,-0.15,-0.685,0,0,0,0.4,0,0,0,0,
274920233,-0.39,-0.15,-0.682475,0,0,0,0.4,0,0,0,0,
274920293,-0.39,-0.15,-0.682475,0,0,0,0.4,0,0,0,0,
274920353,-0.389981,-0.15,-0.682525,0,0,0,0.4,0,0,0,0,
274920413,-0.389981,-0.15,-0.682525,0,0,0,0.4,0,0,0,0,
274920474,-0.388144,-0.15,-0.68,0,0,0,0.4,0,0,0,0,
274920534,-0.39,-0.15,-0.680025,0,0,0,0.4,0,0,0,0,
274920594,-0.388125,-0.15,-0.6825,0,0,0,0.4,0,0,0,0,
274920654,-0.388125,-0.15,-0.6825,0,0,0,0.4,0,0,0,0,
274920714,-0.388125,-0.15,-0.6825,0,0,0,0.4,0,0,0,0,
274920774,-0.388125,-0.15,-0.682525,0,0,0,0.4,0,0,0,0,
274920834,-0.388125,-0.15,-0.682525,0,0,0,0.4,0,0,0,0,
274920894,-0.388125,-0.15,-0.684975,0,0,0,0.4,0,0,0,0,
274920954,-0.388106,-0.15,-0.6825,0,0,0,0.4,0,0,0,0,
274921014,-0.388106,-0.15,-0.6825,0,0,0,0.4,0,0,0,0,
274921074,-0.388125,-0.15,-0.672475,0,0,0,0.4,0,0,0,0,
274921134,-0.388125,-0.15,-0.672475,0,0,0,0.4,0,0,0,0,
274921195,-0.38625,-0.15,-0.675,0,0,0,0.4,0,0,0,0,
274921255,-0.38625,-0.15,-0.675,0,0,0,0.4,0,0,0,0,
274921315,-0.38625,-0.15,-0.674975,0,0,0,0.4,0,0,0,0,
274921375,-0.38625,-0.15,-0.674975,0,0,0,0.4,0,0,0,0,
274921435,-0.38625,-0.15,-0.675025,0,0,0,0.4,0,0,0,0,
274921495,-0.386269,-0.15,-0.6725,0,0,0,0.4,0,0,0,0,
274921555,-0.386269,-0.15,-0.6725,0,0,0,0.4,0,0,0,0,
274921615,-0.38625,-0.15,-0.675,0,0,0,0.4,0,0,0,0,
274921675,-0.38625,-0.15,-0.675,0,0,0,0.4,0,0,0,0,
274921735,-0.38625,-0.15,-0.675,0,0,0,0.4,0,0,0,0,
274921795,-0.38625,-0.15,-0.675,0,0,0,0.4,0,0,0,0,
274921855,-0.38625,-0.15,-0.675,0,0,0,0.4,0,0,0,0,
274921916,-0.38625,-0.15,-0.675,0,0,0,0.4,0,0,0,0,
274921976,-0.38625,-0.15,-0.675,0,0,0,0.4,0,0,0,0,
274922036,-0.386231,-0.15,-0.6775,0,0,0,0.4,0,0,0,0,
274922096,-0.38625,-0.15,-0.669975,0,0,0,0.4,0,0,0,0,
274922156,-0.38625,-0.15,-0.669975,0,0,0,0.4,0,0,0,0,
274922216,-0.384375,-0.15,-0.675,0,0,0,0.4,0,0,0,0,
274922276,-0.384356,-0.15,-0.675025,0,0,0,0.4,0,0,0,0,
274922336,-0.384356,-0.15,-0.675025,0,0,0,0.4,0,0,0,0,
274922396,-0.382481,-0.15,-0.6775,0,0,0,0.4,0,0,0,0,
274922456,-0.37875,-0.15,-0.677475,0,0,0,0.4,0,0,0,0,
274922516,-0.378731,-0.15,-0.675025,0,0,0,0.4,0,0,0,0,
274922577,-0.376894,-0.15,-0.664975,0,0,0,0.4,0,0,0,0,
274922637,-0.37875,-0.15,-0.659975,0,0,0,0.4,0,0,0,0,
274922697,-0.378731,-0.15,-0.66005,0,0,0,0.4,0,0,0,0,
274922757,-0.376856,-0.15,-0.665025,0,0,0,0.4,0,0,0,0,
274922817,-0.375,-0.15,-0.664975,0,0,0,0.4,0,0,0,0,
274922877,-0.375,-0.15,-0.662475,0,0,0,0.4,0,0,0,0,
274922937,-0.375,-0.15,-0.662525,0,0,0,0.4,0,0,0,0,
274922997,-0.374981,-0.15,-0.665,0,0,0,0.4,0,0,0,0,
274923057,-0.373125,-0.15,-0.659975,0,0,0,0.4,0,0,0,0,
274923117,-0.373125,-0.15,-0.657475,0,0,0,0.4,0,0,0,0,
274923177,-0.373125,-0.15,-0.6625,0,0,0,0.4,0,0,0,0,
274923237,-0.373106,-0.15,-0.662525,0,0,0,0.4,0,0,0,0,
274923298,-0.373125,-0.15,-0.65495,0,0,0,0.4,0,0,0,0,
274923358,-0.373144,-0.15,-0.649975,0,0,0,0.4,0,0,0,0,
274923418,-0.373144,-0.15,-0.649975,0,0,0,0.4,0,0,0,0,
274923478,-0.374981,-0.15,-0.650025,0,0,0,0.4,0,0,0,0,
274923538,-0.373125,-0.15,-0.6525,0,0,0,0.4,0,0,0,0,
274923598,-0.373106,-0.15,-0.652525,0,0,0,0.4,0,0,0,0,
274923658,-0.373106,-0.15,-0.652525,0,0,0,0.4,0,0,0,0,
274923718,-0.373106,-0.15,-0.652525,0,0,0,0.4,0,0,0,0,
274923778,-0.373106,-0.15,-0.652525,0,0,0,0.4,0,0,0,0,
274923838,-0.371269,-0.15,-0.654975,0,0,0,0.4,0,0,0,0,
274923898,-0.373144,-0.15,-0.65,0,0,0,0.4,0,0,0,0,
274923959,-0.373144,-0.15,-0.65,0,0,0,0.4,0,0,0,0,
274924019,-0.374981,-0.15,-0.65,0,0,0,0.4,0,0,0,0,
274924079,-0.374981,-0.15,-0.65,0,0,0,0.4,0,0,0,0,
274924139,-0.373125,-0.15,-0.649975,0,0,0,0.4,0,0,0,0,
274924199,-0.373125,-0.15,-0.647475,0,0,0,0.4,0,0,0,0,
274924259,-0.373125,-0.15,-0.6475,0,0,0,0.4,0,0,0,0,
274924319,-0.373106,-0.15,-0.6475,0,0,0,0.4,0,0,0,0,
274924379,-0.373106,-0.15,-0.6475,0,0,0,0.4,0,0,0,0,
274924439,-0.373106,-0.15,-0.6475,0,0,0,0.4,0,0,0,0,
274924499,-0.373106,-0.15,-0.6475,0,0,0,0.4,0,0,0,0,
274924559,-0.373106,-0.15,-0.6475,0,0,0,0.4,0,0,0,0,
274924619,-0.373106,-0.15,-0.6475,0,0,0,0.4,0,0,0,0,
274924680,-0.37125,-0.15,-0.647475,0,0,0,0.4,0,0,0,0,
274924740,-0.37125,-0.15,-0.645,0,0,0,0.4,0,0,0,0,
274924800,-0.37125,-0.15,-0.645025,0,0,0,0.4,0,0,0,0,
274924860,-0.37125,-0.15,-0.645025,0,0,0,0.4,0,0,0,0,
274924920,-0.37125,-0.15,-0.647475,0,0,0,0.4,0,0,0,0,
274924980,-0.37125,-0.15,-0.645,0,0,0,0.4,0,0,0,0,
274925040,-0.37125,-0.15,-0.645,0,0,0,0.4,0,0,0,0,
274925100,-0.37125,-0.15,-0.645,0,0,0,0.4,0,0,0,0,
274925160,-0.37125,-0.15,-0.645,0,0,0,0.4,0,0,0,0,
274925220,-0.369375,-0.15,-0.645,0,0,0,0.4,0,0,0,0,
274925280,-0.369375,-0.15,-0.645025,0,0,0,0.4,0,0,0,0,
274925341,-0.369375,-0.15,-0.645025,0,0,0,0.4,0,0,0,0,
274925401,-0.369375,-0.15,-0.647475,0,0,0,0.4,0,0,0,0,
274925461,-0.369375,-0.15,-0.645,0,0,0,0.4,0,0,0,0,
274925521,-0.369375,-0.15,-0.645,0,0,0,0.4,0,0,0,0,
274925581,-0.369375,-0.15,-0.644975,0,0,0,0.4,0,0,0,0,
274925641,-0.369375,-0.15,-0.644975,0,0,0,0.4,0,0,0,0,
274925701,-0.369375,-0.15,-0.645,0,0,0,0.4,0,0,0,0,
274925761,-0.369375,-0.15,-0.645025,0,0,0,0.4,0,0,0,0,
274925821,-0.369375,-0.15,-0.645025,0,0,0,0.4,0,0,0,0,
274925881,-0.369375,-0.15,-0.645025,0,0,0,0.4,0,0,0,0,
274925941,-0.369375,-0.15,-0.647475,0,0,0,0.4,0,0,0,0,
274926001,-0.371269,-0.15,-0.642475,0,0,0,0.4,0,0,0,0,
274926062,-0.373125,-0.15,-0.639975,0,0,0,0.4,0,0,0,0,
274926122,-0.373125,-0.15,-0.639975,0,0,0,0.4,0,0,0,0,
274926182,-0.373125,-0.15,-0.639975,0,0,0,0.4,0,0,0,0,
274926242,-0.373106,-0.15,-0.6375,0,0,0,0.4,0,0,0,0,
274926302,-0.37125,-0.15,-0.6375,0,0,0,0.4,0,0,0,0,
274926362,-0.37125,-0.15,-0.6375,0,0,0,0.4,0,0,0,0,
274926422,-0.37125,-0.15,-0.637475,0,0,0,0.4,0,0,0,0,
274926482,-0.37125,-0.15,-0.637475,0,0,0,0.4,0,0,0,0,
274926542,-0.3675,-0.15,-0.6375,0,0,0,0.4,0,0,0,0,
274926602,-0.3675,-0.15,-0.637525,0,0,0,0.4,0,0,0,0,
274926662,-0.3675,-0.15,-0.637475,0,0,0,0.4,0,0,0,0,
274926722,-0.3675,-0.15,-0.637475,0,0,0,0.4,0,0,0,0,
274926783,-0.365625,-0.15,-0.635025,0,0,0,0.4,0,0,0,0,
274926843,-0.365606,-0.15,-0.64,0,0,0,0.4,0,0,0,0,
274926903,-0.365606,-0.15,-0.64,0,0,0,0.4,0,0,0,0,
274926963,-0.363769,-0.15,-0.635,0,0,0,0.4,0,0,0,0,
274927023,-0.365625,-0.15,-0.634975,0,0,0,0.4,0,0,0,0,
274927083,-0.365625,-0.15,-0.632475,0,0,0,0.4,0,0,0,0,
274927143,-0.365625,-0.15,-0.629975,0,0,0,0.4,0,0,0,0,
274927203,-0.3675,-0.15,-0.627475,0,0,0,0.4,0,0,0,0,
274927263,-0.3675,-0.15,-0.627475,0,0,0,0.4,0,0,0,0,
274927323,-0.3675,-0.15,-0.627475,0,0,0,0.4,0,0,0,0,
274927383,-0.3675,-0.15,-0.627475,0,0,0,0.4,0,0,0,0,
274927444,-0.3675,-0.15,-0.627475,0,0,0,0.4,0,0,0,0,
274927504,-0.367519,-0.15,-0.624975,0,0,0,0.4,0,0,0,0,
274927564,-0.369375,-0.15,-0.622475,0,0,0,0.4,0,0,0,0,
274927624,-0.369375,-0.15,-0.622475,0,0,0,0.4,0,0,0,0,
274927684,-0.369375,-0.15,-0.622475,0,0,0,0.4,0,0,0,0,
274927744,-0.369375,-0.15,-0.622475,0,0,0,0.4,0,0,0,0,
274927804,-0.369375,-0.15,-0.622475,0,0,0,0.4,0,0,0,0,
274927864,-0.369375,-0.15,-0.622475,0,0,0,0.4,0,0,0,0,
274927924,-0.369375,-0.15,-0.622475,0,0,0,0.4,0,0,0,0,
274927984,-0.369375,-0.15,-0.622475,0,0,0,0.4,0,0,0,0,
274928044,-0.369375,-0.15,-0.622475,0,0,0,0.4,0,0,0,0,
274928104,-0.369375,-0.15,-0.622475,0,0,0,0.4,0,0,0,0,
274928165,-0.369375,-0.15,-0.622475,0,0,0,0.4,0,0,0,0,
274928225,-0.369356,-0.15,-0.620025,0,0,0,0.4,0,0,0,0,
274928285,-0.3675,-0.15,-0.6225,0,0,0,0.4,0,0,0,0,
274928345,-0.3675,-0.15,-0.6225,0,0,0,0.4,0,0,0,0,
274928405,-0.367519,-0.15,-0.622475,0,0,0,0.4,0,0,0,0,
274928465,-0.367481,-0.15,-0.622525,0,0,0,0.4,0,0,0,0,
274928525,-0.367481,-0.15,-0.622525,0,0,0,0.4,0,0,0,0,
274928585,-0.367481,-0.15,-0.622525,0,0,0,0.4,0,0,0,0,
274928645,-0.365625,-0.15,-0.624975,0,0,0,0.4,0,0,0,0,
274928705,-0.365606,-0.15,-0.622525,0,0,0,0.4,0,0,0,0,
274928765,-0.36375,-0.15,-0.625025,0,0,0,0.4,0,0,0,0,
274928826,-0.36375,-0.15,-0.625025,0,0,0,0.4,0,0,0,0,
274928886,-0.36375,-0.15,-0.627475,0,0,0,0.4,0,0,0,0,
274928946,-0.36375,-0.15,-0.627475,0,0,0,0.4,0,0,0,0,
274929006,-0.361856,-0.15,-0.63,0,0,0,0.4,0,0,0,0,
274929066,-0.361856,-0.15,-0.63,0,0,0,0.4,0,0,0,0,
274929126,-0.360019,-0.15,-0.629975,0,0,0,0.4,0,0,0,0,
274929186,-0.361856,-0.15,-0.6325,0,0,0,0.4,0,0,0,0,
274929246,-0.36,-0.15,-0.632525,0,0,0,0.4,0,0,0,0,
274929306,-0.36,-0.15,-0.634975,0,0,0,0.4,0,0,0,0,
274929366,-0.359981,-0.15,-0.6325,0,0,0,0.4,0,0,0,0,
274929426,-0.358125,-0.15,-0.632525,0,0,0,0.4,0,0,0,0,
274929486,-0.358125,-0.15,-0.632525,0,0,0,0.4,0,0,0,0,
274929547,-0.358125,-0.15,-0.634975,0,0,0,0.4,0,0,0,0,
274929607,-0.358106,-0.15,-0.635,0,0,0,0.4,0,0,0,0,
274929667,-0.35625,-0.15,-0.635025,0,0,0,0.4,0,0,0,0,
274929727,-0.35625,-0.15,-0.637475,0,0,0,0.4,0,0,0,0,
274929787,-0.35625,-0.15,-0.637475,0,0,0,0.4,0,0,0,0,
274929847,-0.35625,-0.15,-0.635025,0,0,0,0.4,0,0,0,0,
274929907,-0.35625,-0.15,-0.637475,0,0,0,0.4,0,0,0,0,
274929967,-0.356269,-0.15,-0.634975,0,0,0,0.4,0,0,0,0,
274930027,-0.358125,-0.15,-0.635,0,0,0,0.4,0,0,0,0,
274930087,-0.358125,-0.15,-0.635,0,0,0,0.4,0,0,0,0,
274930147,-0.358125,-0.15,-0.634975,0,0,0,0.4,0,0,0,0,
274930208,-0.358125,-0.15,-0.635025,0,0,0,0.4,0,0,0,0,
274930268,-0.358125,-0.15,-0.637475,0,0,0,0.4,0,0,0,0,
274930328,-0.358144,-0.15,-0.634975,0,0,0,0.4,0,0,0,0,
274930388,-0.358125,-0.15,-0.635,0,0,0,0.4,0,0,0,0,
274930448,-0.358125,-0.15,-0.634975,0,0,0,0.4,0,0,0,0,
274930508,-0.358144,-0.15,-0.632475,0,0,0,0.4,0,0,0,0,
274930568,-0.36,-0.15,-0.630025,0,0,0,0.4,0,0,0,0,
274930628,-0.36,-0.15,-0.630025,0,0,0,0.4,0,0,0,0,
274930688,-0.36,-0.15,-0.632475,0,0,0,0.4,0,0,0,0,
274930748,-0.36,-0.15,-0.6325,0,0,0,0.4,0,0,0,0,
274930808,-0.36,-0.15,-0.6325,0,0,0,0.4,0,0,0,0,
274930868,-0.36,-0.15,-0.632525,0,0,0,0.4,0,0,0,0,
274930929,-0.35625,-0.15,-0.64505,0,0,0,0.4,0,0,0,0,
274930989,-0.356231,-0.15,-0.652525,0,0,0,0.4,0,0,0,0,
274931049,-0.356231,-0.15,-0.652525,0,0,0,0.4,0,0,0,0,
274931109,-0.354394,-0.15,-0.655,0,0,0,0.4,0,0,0,0,
274931169,-0.354394,-0.15,-0.655,0,0,0,0.4,0,0,0,0,
274931229,-0.354394,-0.15,-0.655,0,0,0,0.4,0,0,0,0,
274931289,-0.354394,-0.15,-0.655,0,0,0,0.4,0,0,0,0,
274931349,-0.354394,-0.15,-0.655,0,0,0,0.4,0,0,0,0,
274931409,-0.354394,-0.15,-0.655,0,0,0,0.4,0,0,0,0,
274931469,-0.354394,-0.15,-0.655,0,0,0,0.4,0,0,0,0,
274931529,-0.354394,-0.15,-0.655,0,0,0,0.4,0,0,0,0,
274931589,-0.354394,-0.15,-0.655,0,0,0,0.4,0,0,0,0,
274931650,-0.354394,-0.15,-0.655,0,0,0,0.4,0,0,0,0,
274931710,-0.354394,-0.15,-0.655,0,0,0,0.4,0,0,0,0,
274931770,-0.354394,-0.15,-0.655,0,0,0,0.4,0,0,0,0,
274931830,-0.354394,-0.15,-0.655,0,0,0,0.4,0,0,0,0,
274931890,-0.354394,-0.15,-0.655,0,0,0,0.4,0,0,0,0,
274931950,-0.354394,-0.15,-0.655,0,0,0,0.4,0,0,0,0,
274932010,-0.354394,-0.15,-0.655,0,0,0,0.4,0,0,0,0,
274932070,-0.354394,-0.15,-0.655,0,0,0,0.4,0,0,0,0,
274932130,-0.354394,-0.15,-0.655,0,0,0,0.4,0,0,0,0,
274932190,-0.354394,-0.15,-0.655,0,0,0,0.4,0,0,0,0,
274932250,-0.354394,-0.15,-0.655,0,0,0,0.4,0,0,0,0,
274932311,-0.354394,-0.15,-0.655,0,0,0,0.4,0,0,0,0,
274932371,-0.354394,-0.15,-0.655,0,0,0,0.4,0,0,0,0,
274932431,-0.354394,-0.15,-0.655,0,0,0,0.4,0,0,0,0,
274932491,-0.354394,-0.15,-0.655,0,0,0,0.4,0,0,0,0,
274932551,-0.354356,-0.15,-0.65505,0,0,0,0.4,0,0,0,0,
274932611,-0.267881,-0.15,-0.649975,0,0,0,0.4,0,0,0,0,
274932671,0.00418127,-0.15,-0.645,0,0,0,0.4,0,0,0,0,
274932731,0.272194,-0.15,-0.645,0,0,0,0.4,0,0,0,0,
274932791,0.440681,-0.15,-0.667525,0,0,0,0.4,0,0,0,0,
274932851,0.446269,-0.15,-0.67,0,0,0,0.4,0,0,0,0,
274932911,0.440587,-0.15,-0.6675,0,0,0,0.4,0,0,0,0,
274932971,0.410587,-0.15,-0.664975,0,0,0,0.4,0,0,0,0,
274933032,0.388106,-0.15,-0.6575,0,0,0,0.4,0,0,0,0,
274933092,0.388106,-0.15,-0.6575,0,0,0,0.4,0,0,0,0,
274933152,0.386231,-0.15,-0.657475,0,0,0,0.4,0,0,0,0,
274933212,0.386231,-0.15,-0.657475,0,0,0,0.4,0,0,0,0,
274933272,0.386231,-0.15,-0.657475,0,0,0,0.4,0,0,0,0,
274933332,0.386231,-0.15,-0.657475,0,0,0,0.4,0,0,0,0,
274933392,0.386231,-0.15,-0.657475,0,0,0,0.4,0,0,0,0,
274933452,0.386231,-0.15,-0.657475,0,0,0,0.4,0,0,0,0,
274933512,0.386231,-0.15,-0.657475,0,0,0,0.4,0,0,0,0,
274933572,0.386231,-0.15,-0.657475,0,0,0,0.4,0,0,0,0,
274933632,0.386231,-0.15,-0.657475,0,0,0,0.4,0,0,0,0,
274933693,0.386231,-0.15,-0.657475,0,0,0,0.4,0,0,0,0,
274933753,0.386231,-0.15,-0.657475,0,0,0,0.4,0,0,0,0,
274933813,0.386231,-0.15,-0.657475,0,0,0,0.4,0,0,0,0,
274933873,0.386231,-0.15,-0.657475,0,0,0,0.4,0,0,0,0,
274933933,0.386231,-0.15,-0.657475,0,0,0,0.4,0,0,0,0,
274933993,0.386231,-0.15,-0.657475,0,0,0,0.4,0,0,0,0,
274934053,0.386231,-0.15,-0.657475,0,0,0,0.4,0,0,0,0,
274934113,0.386231,-0.15,-0.657475,0,0,0,0.4,0,0,0,0,
274934173,0.386231,-0.15,-0.657475,0,0,0,0.4,0,0,0,0,
274934233,0.384375,-0.15,-0.655,0,0,0,0.4,0,0,0,0,
274934293,0.384375,-0.15,-0.655,0,0,0,0.4,0,0,0,0,
274934353,0.384375,-0.15,-0.655,0,0,0,0.4,0,0,0,0,
274934414,0.384375,-0.15,-0.655,0,0,0,0.4,0,0,0,0,
274934474,0.384375,-0.15,-0.655,0,0,0,0.4,0,0,0,0,
274934534,0.384375,-0.15,-0.655,0,0,0,0.4,0,0,0,0,
274934594,0.378675,-0.15,-0.655025,0,0,0,0.4,0,0,0,0,
274934654,0.280856,-0.15,-0.69005,0,0,0,0.4,0,0,0,0,
274934714,0.132994,-0.15,-0.700025,0,0,0,0.4,0,0,0,0,
274934774,0.0975,-0.15,-0.702475,0,0,0,0.4,0,0,0,0,
274934834,0.0975,-0.15044,-0.699975,0,0,0,0.4,0,0,0,0,
274934894,0.0975,-0.19444,-0.6975,0,0,0,0.4,0,0,0,0,
274934954,0.0975,-0.19444,-0.6975,0,0,0,0.4,0,0,0,0,
274935014,0.0975,-0.19444,-0.6975,0,0,0,0.4,0,0,0,0,
274935075,0.0975,-0.19444,-0.6975,0,0,0,0.4,0,0,0,0,
274935135,0.0975,-0.19444,-0.6975,0,0,0,0.4,0,0,0,0,
274935195,0.0975,-0.19444,-0.6975,0,0,0,0.4,0,0,0,0,
274935255,0.0975,-0.19444,-0.6975,0,0,0,0.4,0,0,0,0,
274935315,0.0975,-0.19444,-0.6975,0,0,0,0.4,0,0,0,0,
274935375,0.0975,-0.19444,-0.6975,0,0,0,0.4,0,0,0,0,
274935435,0.099375,-0.23844,-0.694975,0,0,0,0.4,0,0,0,0,
274935495,0.099375,-0.23844,-0.694975,0,0,0,0.4,0,0,0,0,
274935555,0.099375,-0.28244,-0.6925,0,0,0,0.4,0,0,0,0,
274935615,0.099375,-0.28244,-0.6925,0,0,0,0.4,0,0,0,0,
274935675,0.099375,-0.28244,-0.692525,0,0,0,0.4,0,0,0,0,
274935735,0.099375,-0.28244,-0.692525,0,0,0,0.4,0,0,0,0,
274935796,0.099375,-0.28244,-0.692525,0,0,0,0.4,0,0,0,0,
274935856,0.099375,-0.28244,-0.692525,0,0,0,0.4,0,0,0,0,
274935916,0.099375,-0.28244,-0.692525,0,0,0,0.4,0,0,0,0,
274935976,0.099375,-0.28244,-0.692525,0,0,0,0.4,0,0,0,0,
274936036,0.099375,-0.28244,-0.692525,0,0,0,0.4,0,0,0,0,
274936096,0.099375,-0.28244,-0.692525,0,0,0,0.4,0,0,0,0,
274936156,0.0993938,-0.28244,-0.695,0,0,0,0.4,0,0,0,0,
274936216,0.0993938,-0.28244,-0.695,0,0,0,0.4,0,0,0,0,
274936276,0.0993938,-0.28244,-0.695,0,0,0,0.4,0,0,0,0,
274936336,0.0993938,-0.28244,-0.695,0,0,0,0.4,0,0,0,0,
274936396,0.0993938,-0.28244,-0.695,0,0,0,0.4,0,0,0,0,
274936456,0.0993938,-0.32556,-0.695,0,0,0,0.4,0,0,0,0,
274936517,0.10125,-0.32556,-0.694975,0,0,0,0.4,0,0,0,0,
274936577,0.10125,-0.32556,-0.694975,0,0,0,0.4,0,0,0,0,
274936637,0.10125,-0.28156,-0.6925,0,0,0,0.4,0,0,0,0,
274936697,0.10125,-0.28156,-0.6925,0,0,0,0.4,0,0,0,0,
274936757,0.10125,-0.28156,-0.6925,0,0,0,0.4,0,0,0,0,
274936817,0.10125,-0.23756,-0.692475,0,0,0,0.4,0,0,0,0,
274936877,0.10125,-0.23756,-0.692475,0,0,0,0.4,0,0,0,0,
274936937,0.10125,-0.19356,-0.69,0,0,0,0.4,0,0,0,0,
274936997,0.10125,-0.19356,-0.69,0,0,0,0.4,0,0,0,0,
274937057,0.10125,-0.15,-0.687475,0,0,0,0.4,0,0,0,0,
274937117,0.10125,-0.15,-0.687475,0,0,0,0.4,0,0,0,0,
274937178,0.10125,-0.15,-0.685,0,0,0,0.4,0,0,0,0,
274937238,0.10125,-0.15,-0.685,0,0,0,0.4,0,0,0,0,
274937298,0.10125,-0.15,-0.682475,0,0,0,0.4,0,0,0,0,
274937358,0.10125,-0.15,-0.68,0,0,0,0.4,0,0,0,0,
274937418,0.10125,-0.15,-0.680025,0,0,0,0.4,0,0,0,0,
274937478,0.10125,-0.15,-0.682475,0,0,0,0.4,0,0,0,0,
274937538,0.10125,-0.15,-0.682475,0,0,0,0.4,0,0,0,0,
274937598,0.103125,-0.15,-0.680025,0,0,0,0.4,0,0,0,0,
274937658,0.103125,-0.15,-0.682475,0,0,0,0.4,0,0,0,0,
274937718,0.103125,-0.15,-0.682475,0,0,0,0.4,0,0,0,0,
274937778,0.103125,-0.15,-0.682475,0,0,0,0.4,0,0,0,0,
274937838,0.103125,-0.15,-0.68,0,0,0,0.4,0,0,0,0,
274937899,0.103125,-0.15,-0.68,0,0,0,0.4,0,0,0,0,
274937959,0.103125,-0.15,-0.68,0,0,0,0.4,0,0,0,0,
274938019,0.103125,-0.15,-0.68,0,0,0,0.4,0,0,0,0,
274938079,0.103125,-0.15,-0.68,0,0,0,0.4,0,0,0,0,
274938139,0.103125,-0.15,-0.68,0,0,0,0.4,0,0,0,0,
274938199,0.103125,-0.15,-0.68,0,0,0,0.4,0,0,0,0,
274938259,0.103125,-0.15,-0.68,0,0,0,0.4,0,0,0,0,
274938319,0.103125,-0.15,-0.68,0,0,0,0.4,0,0,0,0,
274938379,0.103125,-0.15,-0.68,0,0,0,0.4,0,0,0,0,
274938439,0.103125,-0.15,-0.68,0,0,0,0.4,0,0,0,0,
274938499,0.103125,-0.15,-0.68,0,0,0,0.4,0,0,0,0,
274938560,0.103125,-0.15,-0.68,0,0,0,0.4,0,0,0,0,
274938620,0.103144,-0.15,-0.68,0,0,0,0.4,0,0,0,0,
274938680,0.105,-0.15044,-0.679975,0,0,0,0.4,0,0,0,0,
274938740,0.105,-0.19444,-0.6775,0,0,0,0.4,0,0,0,0,
274938800,0.105,-0.19444,-0.6775,0,0,0,0.4,0,0,0,0,
274938860,0.105,-0.19444,-0.6775,0,0,0,0.4,0,0,0,0,
274938920,0.105,-0.23844,-0.6775,0,0,0,0.4,0,0,0,0,
274938980,0.105,-0.28244,-0.6775,0,0,0,0.4,0,0,0,0,
274939040,0.105,-0.28244,-0.677525,0,0,0,0.4,0,0,0,0,
274939100,0.105,-0.32644,-0.679975,0,0,0,0.4,0,0,0,0,
274939160,0.105,-0.37044,-0.6775,0,0,0,0.4,0,0,0,0,
274939220,0.105,-0.37044,-0.6775,0,0,0,0.4,0,0,0,0,
274939281,0.105,-0.41444,-0.677475,0,0,0,0.4,0,0,0,0,
274939341,0.105,-0.41444,-0.677475,0,5.91361,0,0.4,0,0,0,0,
274939401,0.105,-0.45844,-0.675,0,15.5936,0,0.4,0,0,0,0,
274939461,0.105,-0.45844,-0.675,0,25.2736,0,0.4,0,0,0,0,
274939521,0.105,-0.50244,-0.669975,0,34.9536,0,0.4,0,0,0,0,
274939581,0.103125,-0.54644,-0.67,0,44.6336,0,0.4,0,0,0,0,
274939641,0.103125,-0.54644,-0.670025,0,63.9936,0,0.4,0,0,0,0,
274939701,0.103125,-0.59044,-0.66495,0,73.6736,0,0.4,0,0,0,0,
274939761,0.103125,-0.59044,-0.657525,0,83.3536,0,0.4,0,0,0,0,
274939821,0.103125,-0.63444,-0.672525,0,93.0336,0,0.4,0,0,0,0,
274939881,0.103125,-0.63444,-0.675025,0,102.714,0,0.4,0,0,0,0,
274939942,0.103125,-0.63444,-0.675025,0,102.714,0,0.4,0,0,0,0,
274940002,0.103106,-0.63444,-0.6775,0,102.714,0,0.4,0,0,0,0,
274940062,0.101231,-0.63444,-0.6775,0,102.714,0,0.4,0,0,0,0,
274940122,0.101231,-0.63444,-0.6775,0,102.714,0,0.4,0,0,0,0,
274940182,0.0993562,-0.63444,-0.680025,0,102.714,0,0.4,0,0,0,0,
274940242,0.0956062,-0.63444,-0.685025,0,102.714,0,0.4,0,0,0,0,
274940302,0.0881062,-0.63444,-0.6875,0,102.714,0,0.4,0,0,0,0,
274940362,0.0749812,-0.63444,-0.695025,0,102.714,0,0.4,0,0,0,0,
274940422,0.0731062,-0.63444,-0.7,0,102.714,0,0.4,0,0,0,0,
274940482,0.0599812,-0.63444,-0.710025,0,102.714,0,0.4,0,0,0,0,
274940542,0.0506062,-0.63444,-0.7175,0,102.714,0,0.4,0,0,0,0,
274940602,0.0336938,-0.63444,-0.725025,0,102.714,0,0.4,0,0,0,0,
274940663,-0.0209625,-0.63444,-0.755175,0,102.714,0,0.4,0,0,0,0,
274940723,-0.236494,-0.63444,-0.827525,0,102.714,0,0.4,0,0,0,0,
274940783,-0.369675,-0.63444,-0.8551,0,102.714,0,0.4,0,0,0,0,
