milisec,RacketX,RacketY,RacketZ,forceX,forceX,forceX,ForceRatio,FriendPoint,EnemyPoint,haptics,scene
8256032,0,0,0,7062.48,3793.68,-7885.98,7.4,0,0,0,0,
8256056,-1.4813,-0.88,1.49152,1162,632.28,-1307.49,1.2,0,0,0,0,
8256074,-1.4813,-0.88,1.49152,968.33,526.9,-1089.58,1,0,0,0,0,
8256114,-1.4813,-0.88,1.49152,1936.66,1053.8,-2179.16,2,0,0,0,0,
8256154,-1.4813,-0.88,1.49152,1936.66,1053.8,-2179.16,2,0,0,0,0,
8256194,-1.4813,-0.88,1.49152,1936.66,1053.8,-2179.16,2,0,0,0,0,
8256233,-1.4813,-0.88,1.49152,1936.66,1053.8,-2179.16,2,0,0,0,0,
8256274,-1.4813,-0.88,1.49152,1936.66,1053.8,-2179.16,2,0,0,0,0,
8256314,-1.4813,-0.88,1.49152,1936.66,1053.8,-2179.16,2,0,0,0,0,
8256354,-1.4813,-0.88,1.49152,1936.66,1053.8,-2179.16,2,0,0,0,0,
8256394,-1.4813,-0.88,1.49152,1936.66,1053.8,-2179.16,2,0,0,0,0,
8256434,-1.4813,-0.88,1.49152,1936.66,1053.8,-2179.16,2,0,0,0,0,
8256474,-1.4813,-0.88,1.49152,1936.66,1053.8,-2179.16,2,0,0,0,0,
8256514,-1.4813,-0.88,1.49152,1936.66,1053.8,-2179.16,2,0,0,0,0,
8256553,-1.4813,-0.88,1.49152,1936.66,1053.8,-2179.16,2,0,0,0,0,
8256594,-1.4813,-0.88,1.49152,1936.66,1053.8,-2179.16,2,0,0,0,0,
8256634,-1.4813,-0.88,1.49152,1936.66,1053.8,-2179.16,2,0,0,0,0,
8256674,-1.4813,-0.88,1.49152,1936.66,1053.8,-2179.16,2,0,0,0,0,
8256714,-1.4813,-0.88,1.49152,1936.66,1053.8,-2179.16,2,0,0,0,0,
8256754,-1.4813,-0.88,1.49152,1936.66,1053.8,-2179.16,2,0,0,0,0,
8256794,-1.4813,-0.88,1.49152,1936.66,1053.8,-2179.16,2,0,0,0,0,
8256833,-1.4813,-0.88,1.49152,1936.66,1053.8,-2179.16,2,0,0,0,0,
8256873,-1.4813,-0.88,1.49152,1936.66,1053.8,-2179.16,2,0,0,0,0,
8256914,-1.4813,-0.88,1.49152,1936.66,1053.8,-2179.16,2,0,0,0,0,
8256954,-1.4813,-0.88,1.49152,1936.66,1053.8,-2179.16,2,0,0,0,0,
8256994,-1.4813,-0.88,1.49152,1936.66,1053.8,-2179.16,2,0,0,0,0,
8257034,-1.4813,-0.88,1.49152,1936.66,1053.8,-2179.16,2,0,0,0,0,
8257074,-1.4813,-0.88,1.49152,1936.66,1053.8,-2179.16,2,0,0,0,0,
8257114,-1.4813,-0.88,1.49152,1936.66,1053.8,-2179.16,2,0,0,0,0,
8257153,-1.4813,-0.88,1.49152,1936.66,1053.8,-2179.16,2,0,0,0,0,
8257193,-1.4813,-0.88,1.49152,1936.66,1053.8,-2179.16,2,0,0,0,0,
8257234,-1.4813,-0.88,1.49152,1936.66,1053.8,-2179.16,2,0,0,0,0,
8257274,-1.4813,-0.88,1.49152,1936.66,1053.8,-2179.16,2,0,0,0,0,
8257314,-1.4813,-0.88,1.49152,1936.66,1053.8,-2179.16,2,0,0,0,0,
8257354,-1.4813,-0.88,1.49152,1936.66,1053.8,-2179.16,2,0,0,0,0,
8257394,-1.4813,-0.88,1.49152,1936.66,1053.8,-2179.16,2,0,0,0,0,
8257434,-1.4813,-0.88,1.49152,1936.66,1053.8,-2179.16,2,0,0,0,0,
8257473,-1.4813,-0.88,1.49152,1936.66,1053.8,-2179.16,2,0,0,0,0,
8257514,-1.4813,-0.88,1.49152,1936.66,1053.8,-2179.16,2,0,0,0,0,
8257554,-1.4813,-0.88,1.49152,1936.66,1053.8,-2179.16,2,0,0,0,0,
8257594,-1.4813,-0.88,1.49152,1936.66,1053.8,-2179.16,2,0,0,0,0,
8257634,-1.4813,-0.88,1.49152,1936.66,1053.8,-2179.16,2,0,0,0,0,
8257674,-1.4813,-0.88,1.49152,1936.66,1053.8,-2179.16,2,0,0,0,0,
8257714,-1.4813,-0.88,1.49152,1936.66,1053.8,-2179.16,2,0,0,0,0,
8257754,-1.4813,-0.88,1.49152,1936.66,1053.8,-2179.16,2,0,0,0,0,
8257793,-1.4813,-0.88,1.49152,1936.66,1053.8,-2179.16,2,0,0,0,0,
8257834,-1.4813,-0.88,1.49152,1936.66,1053.8,-2179.16,2,0,0,0,0,
8257874,-1.4813,-0.88,1.49152,1936.66,1053.8,-2179.16,2,0,0,0,0,
8257914,-1.4813,-0.88,1.49152,1936.66,1053.8,-2179.16,2,0,0,0,0,
8257954,-1.4813,-0.88,1.49152,1936.66,1053.8,-2179.16,2,0,0,0,0,
8257994,-1.4813,-0.88,1.49152,1936.66,1053.8,-2179.16,2,0,0,0,0,
8258051,-1.4813,-0.88,1.49152,2711.32,1475.32,-3050.82,2.8,0,0,0,8,
8258074,-1.4813,-0.88,1.49152,1162,632.28,-1307.49,1.2,0,0,0,8,
8258113,-1.4813,-0.88,1.49152,1936.66,1053.8,-2179.16,2,0,0,0,8,
8258154,-1.4813,-0.88,1.49152,1936.66,1053.8,-2179.16,2,0,0,0,8,
8258194,-1.4813,-0.88,1.49152,1936.66,1053.8,-2179.16,2,0,0,0,8,
8258234,-1.4813,-0.88,1.49152,1936.66,1053.8,-2179.16,2,0,0,0,8,
8258274,-1.4813,-0.88,1.49152,1936.66,1053.8,-2179.16,2,0,0,0,8,
8258314,-1.4813,-0.88,1.49152,1936.66,1053.8,-2179.16,2,0,0,0,8,
8258368,-1.4813,-0.88,1.49152,2517.66,1369.94,-2832.9,2.6,0,0,0,8,
8258394,-1.4813,-0.88,1.49152,1355.66,737.66,-1525.41,1.4,0,0,0,8,
8258433,-1.4813,-0.88,1.49152,1936.66,1053.8,-2179.16,2,0,0,0,8,
8258474,-1.4813,-0.88,1.49152,1936.66,1053.8,-2179.16,2,0,0,0,8,
8258514,-1.4813,-0.88,1.49152,1936.66,1053.8,-2179.16,2,0,0,0,8,
8258554,-1.4813,-0.88,1.49152,1936.66,1053.8,-2179.16,2,0,0,0,8,
8258594,-1.4813,-0.88,1.49152,1936.66,1053.8,-2179.16,2,0,0,0,8,
8258634,-1.4813,-0.88,1.49152,1936.66,1053.8,-2179.16,2,0,0,0,8,
8258674,-1.4813,-0.88,1.49152,1936.66,1053.8,-2179.16,2,0,0,0,8,
8258714,-1.4813,-0.88,1.49152,1936.66,1053.8,-2179.16,2,0,0,0,8,
8258753,-1.4813,-0.88,1.49152,1936.66,1053.8,-2179.16,2,0,0,0,8,
8258794,-1.4813,-0.88,1.49152,1936.66,1053.8,-2179.16,2,0,0,0,8,
8258834,-1.4813,-0.88,1.49152,1936.66,1053.8,-2179.16,2,0,0,0,8,
8258874,-1.4813,-0.88,1.49152,1936.66,1053.8,-2179.16,2,0,0,0,8,
8258914,-1.4813,-0.88,1.49152,1936.66,1053.8,-2179.16,2,0,0,0,8,
8258954,-1.4813,-0.88,1.49152,1936.66,1053.8,-2179.16,2,0,0,0,8,
8258994,-1.4813,-0.88,1.49152,1936.66,1053.8,-2179.16,2,0,0,0,8,
8259033,-1.4813,-0.88,1.49152,1936.66,1053.8,-2179.16,2,0,0,0,8,
8259074,-1.4813,-0.88,1.49152,1936.66,1053.8,-2179.16,2,0,0,0,8,
8259114,-1.4813,-0.88,1.49152,1936.66,1053.8,-2179.16,2,0,0,0,8,
8259154,-1.4813,-0.88,1.49152,1936.66,1053.8,-2179.16,2,0,0,0,8,
8259194,-1.4813,-0.88,1.49152,1936.66,1053.8,-2179.16,2,0,0,0,8,
8259234,-1.4813,-0.88,1.49152,1936.66,1053.8,-2179.16,2,0,0,0,8,
8259274,-1.4813,-0.88,1.49152,1936.66,1053.8,-2179.16,2,0,0,0,8,
8259314,-1.4813,-0.88,1.49152,1936.66,1053.8,-2179.16,2,0,0,0,8,
8259353,-1.4813,-0.88,1.49152,1936.66,1053.8,-2179.16,2,0,0,0,8,
8259394,-1.4813,-0.88,1.49152,1936.66,1053.8,-2179.16,2,0,0,0,8,
8259434,-1.4813,-0.88,1.49152,1936.66,1053.8,-2179.16,2,0,0,0,8,
8259474,-1.4813,-0.88,1.49152,1936.66,1053.8,-2179.16,2,0,0,0,8,
8259514,-1.4813,-0.88,1.49152,1936.66,1053.8,-2179.16,2,0,0,0,8,
8259554,-1.4813,-0.88,1.49152,1936.66,1053.8,-2179.16,2,0,0,0,8,
8259594,-1.4813,-0.88,1.49152,1936.66,1053.8,-2179.16,2,0,0,0,8,
8259634,-1.4813,-0.88,1.49152,1936.66,1053.8,-2179.16,2,0,0,0,8,
8259673,-1.4813,-0.88,1.49152,1936.66,1053.8,-2179.16,2,0,0,0,8,
8259714,-1.4813,-0.88,1.49152,1936.66,1053.8,-2179.16,2,0,0,0,8,
8259754,-1.4813,-0.88,1.49152,1936.66,1053.8,-2179.16,2,0,0,0,8,
8259794,-1.4813,-0.88,1.49152,1936.66,1053.8,-2179.16,2,0,0,0,8,
8259834,-1.4813,-0.88,1.49152,1936.66,1053.8,-2179.16,2,0,0,0,8,
8259874,-1.4813,-0.88,1.49152,1936.66,1053.8,-2179.16,2,0,0,0,8,
8259914,-1.4813,-0.88,1.49152,1936.66,1053.8,-2179.16,2,0,0,0,8,
8259954,-1.4813,-0.88,1.49152,1936.66,1053.8,-2179.16,2,0,0,0,8,
8259993,-1.4813,-0.88,1.49152,1936.66,1053.8,-2179.16,2,0,0,0,8,
8260034,-1.4813,-0.88,1.49152,1936.66,1053.8,-2179.16,2,0,0,0,8,
8260074,-1.4813,-0.88,1.49152,1936.66,1053.8,-2179.16,2,0,0,0,8,
8260114,-1.4813,-0.88,1.49152,1936.66,1053.8,-2179.16,2,0,0,0,8,
8260154,-1.4813,-0.88,1.49152,1936.66,1053.8,-2179.16,2,0,0,0,8,
8260194,-1.4813,-0.88,1.49152,1936.66,1053.8,-2179.16,2,0,0,0,8,
8260234,-1.4813,-0.88,1.49152,1936.66,1053.8,-2179.16,2,0,0,0,8,
8260274,-1.4813,-0.88,1.49152,1936.66,1053.8,-2179.16,2,0,0,0,8,
8260313,-1.4813,-0.88,1.49152,1936.66,1053.8,-2179.16,2,0,0,0,8,
8260354,-1.4813,-0.88,1.49152,1936.66,1053.8,-2179.16,2,0,0,0,8,
8260394,-1.4813,-0.88,1.49152,1936.66,1053.8,-2179.16,2,0,0,0,8,
8260434,-1.4813,-0.88,1.49152,1936.66,1053.8,-2179.16,2,0,0,0,8,
8260474,-1.4813,-0.88,1.49152,1936.66,1053.8,-2179.16,2,0,0,0,8,
8260514,-1.4813,-0.88,1.49152,1936.66,1053.8,-2179.16,2,0,0,0,8,
8260554,-1.4813,-0.88,1.49152,1936.66,1053.8,-2179.16,2,0,0,0,8,
8260594,-1.4813,-0.88,1.49152,1936.66,1053.8,-2179.16,2,0,0,0,8,
8260633,-1.4813,-0.88,1.49152,1936.66,1053.8,-2179.16,2,0,0,0,8,
8260674,-1.4813,-0.88,1.49152,1936.66,1053.8,-2179.16,2,0,0,0,8,
8260714,-1.4813,-0.88,1.49152,1936.66,1053.8,-2179.16,2,0,0,0,8,
8260754,-1.4813,-0.88,1.49152,1936.66,1053.8,-2179.16,2,0,0,0,8,
8260794,-1.4813,-0.88,1.49152,1936.66,1053.8,-2179.16,2,0,0,0,8,
8260834,-1.4813,-0.88,1.49152,1936.66,1053.8,-2179.16,2,0,0,0,8,
8260874,-1.4813,-0.88,1.49152,1936.66,1053.8,-2179.16,2,0,0,0,8,
8260913,-1.4813,-0.88,1.49152,1936.66,1053.8,-2179.16,2,0,0,0,8,
8260953,-1.4813,-0.88,1.49152,1936.66,1053.8,-2179.16,2,0,0,0,8,
8260994,-1.4813,-0.88,1.49152,1936.66,1053.8,-2179.16,2,0,0,0,8,
8261034,-1.4813,-0.88,1.49152,1936.66,1053.8,-2179.16,2,0,0,0,8,
8261074,-1.4813,-0.88,1.49152,1936.66,1053.8,-2179.16,2,0,0,0,8,
8261115,-1.4813,-0.88,1.49152,1936.66,1053.8,-2179.16,2,0,0,0,8,
8261154,-1.4813,-0.88,1.49152,1936.66,1053.8,-2179.16,2,0,0,0,8,
8261194,-1.4813,-0.88,1.49152,1936.66,1053.8,-2179.16,2,0,0,0,8,
8261233,-1.4813,-0.88,1.49152,1936.66,1053.8,-2179.16,2,0,0,0,8,
8261273,-1.4813,-0.88,1.49152,1936.66,1053.8,-2179.16,2,0,0,0,8,
8261314,-1.4813,-0.88,1.49152,1936.66,1053.8,-2179.16,2,0,0,0,8,
8261354,-1.4813,-0.88,1.49152,1936.66,1053.8,-2179.16,2,0,0,0,8,
8261394,-1.4813,-0.88,1.49152,1936.66,1053.8,-2179.16,2,0,0,0,8,
8261434,-1.4813,-0.88,1.49152,1936.66,1053.8,-2179.16,2,0,0,0,8,
8261474,-1.4813,-0.88,1.49152,1936.66,1053.8,-2179.16,2,0,0,0,8,
8261514,-1.4813,-0.88,1.49152,1936.66,1053.8,-2179.16,2,0,0,0,8,
8261553,-1.4813,-0.88,1.49152,1936.66,1053.8,-2179.16,2,0,0,0,8,
8261594,-1.4813,-0.88,1.49152,1936.66,1053.8,-2179.16,2,0,0,0,8,
8261634,-1.4813,-0.88,1.49152,1936.66,1053.8,-2179.16,2,0,0,0,8,
8261674,-1.4813,-0.88,1.49152,1936.66,1053.8,-2179.16,2,0,0,0,8,
8261714,-1.4813,-0.88,1.49152,1936.66,1053.8,-2179.16,2,0,0,0,8,
8261754,-1.4813,-0.88,1.49152,1936.66,1053.8,-2179.16,2,0,0,0,8,
8261794,-1.4813,-0.88,1.49152,1936.66,1053.8,-2179.16,2,0,0,0,8,
8261834,-1.4813,-0.88,1.49152,1936.66,1053.8,-2179.16,2,0,0,0,8,
8261873,-1.4813,-0.88,1.49152,1936.66,1053.8,-2179.16,2,0,0,0,8,
8261914,-1.4813,-0.88,1.49152,1936.66,1053.8,-2179.16,2,0,0,0,8,
8261954,-1.4813,-0.88,1.49152,1936.66,1053.8,-2179.16,2,0,0,0,8,
8261994,-1.4813,-0.88,1.49152,1936.66,1053.8,-2179.16,2,0,0,0,8,
8262035,-1.4813,-0.88,1.49152,1936.66,1053.8,-2179.16,2,0,0,0,8,
8262074,-1.4813,-0.88,1.49152,1936.66,1053.8,-2179.16,2,0,0,0,8,
8262114,-1.4813,-0.88,1.49152,1936.66,1053.8,-2179.16,2,0,0,0,8,
8262154,-1.4813,-0.88,1.49152,1936.66,1053.8,-2179.16,2,0,0,0,8,
8262193,-1.4813,-0.88,1.49152,1936.66,1053.8,-2179.16,2,0,0,0,8,
8262234,-1.4813,-0.88,1.49152,1936.66,1053.8,-2179.16,2,0,0,0,8,
8262274,-1.4813,-0.88,1.49152,1936.66,1053.8,-2179.16,2,0,0,0,8,
8262314,-1.4813,-0.88,1.49152,1936.66,1053.8,-2179.16,2,0,0,0,8,
8262354,-1.4813,-0.88,1.49152,1936.66,1053.8,-2179.16,2,0,0,0,8,
8262394,-1.4813,-0.88,1.49152,1936.66,1053.8,-2179.16,2,0,0,0,8,
8262434,-1.4813,-0.88,1.49152,1936.66,1053.8,-2179.16,2,0,0,0,8,
8262474,-1.4813,-0.88,1.49152,1936.66,1053.8,-2179.16,2,0,0,0,8,
8262513,-1.4813,-0.88,1.49152,1936.66,1053.8,-2179.16,2,0,0,0,8,
8262554,-1.4813,-0.88,1.49152,1936.66,1053.8,-2179.16,2,0,0,0,8,
8262594,-1.4813,-0.88,1.49152,1936.66,1053.8,-2179.16,2,0,0,0,8,
8262634,-1.4813,-0.88,1.49152,1936.66,1053.8,-2179.16,2,0,0,0,8,
8262674,-1.4813,-0.88,1.49152,1936.66,1053.8,-2179.16,2,0,0,0,8,
8262714,-1.4813,-0.88,1.49152,1936.66,1053.8,-2179.16,2,0,0,0,8,
8262754,-1.4813,-0.88,1.49152,1936.66,1053.8,-2179.16,2,0,0,0,8,
8262793,-1.4813,-0.88,1.49152,1936.66,1053.8,-2179.16,2,0,0,0,8,
8262833,-1.4813,-0.88,1.49152,1936.66,1053.8,-2179.16,2,0,0,0,8,
8262874,-1.4813,-0.88,1.49152,1936.66,1053.8,-2179.16,2,0,0,0,8,
8262914,-1.4813,-0.88,1.49152,1936.66,1053.8,-2179.16,2,0,0,0,8,
8262954,-1.4813,-0.88,1.49152,1936.66,1053.8,-2179.16,2,0,0,0,8,
8262994,-1.4813,-0.88,1.49152,1936.66,1053.8,-2179.16,2,0,0,0,8,
8263034,-1.4813,-0.88,1.49152,1936.66,1053.8,-2179.16,2,0,0,0,8,
8263074,-1.4813,-0.88,1.49152,1936.66,1053.8,-2179.16,2,0,0,0,8,
8263113,-1.4813,-0.88,1.49152,1936.66,1053.8,-2179.16,2,0,0,0,8,
8263153,-1.4813,-0.88,1.49152,1936.66,1053.8,-2179.16,2,0,0,0,8,
8263194,-1.4813,-0.88,1.49152,1936.66,1053.8,-2179.16,2,0,0,0,8,
8263234,-1.4813,-0.88,1.49152,1936.66,1053.8,-2179.16,2,0,0,0,8,
8263274,-1.4813,-0.88,1.49152,1936.66,1053.8,-2179.16,2,0,0,0,9,
8263314,-1.4813,-0.88,1.49152,1936.66,1053.8,-2179.16,2,0,0,0,9,
8263354,-1.4813,-0.88,1.49152,1936.66,1053.8,-2179.16,2,0,0,0,9,
8263394,-1.4813,-0.88,1.49152,1936.66,1053.8,-2179.16,2,0,0,0,9,
8263433,-1.4813,-0.88,1.49152,1936.66,1053.8,-2179.16,2,0,0,0,9,
8263474,-1.4813,-0.88,1.49152,1936.66,1053.8,-2179.16,2,0,0,0,9,
8263514,-1.4813,-0.88,1.49152,1936.66,1053.8,-2179.16,2,0,0,0,9,
8263554,-1.4813,-0.88,1.49152,1936.66,1053.8,-2179.16,2,0,0,0,9,
8263594,-1.4813,-0.88,1.49152,1936.66,1053.8,-2179.16,2,0,0,0,9,
8263634,-1.4813,-0.88,1.49152,1936.66,1053.8,-2179.16,2,0,0,0,9,
8263674,-1.4813,-0.88,1.49152,1936.66,1053.8,-2179.16,2,0,0,0,9,
8263714,-1.4813,-0.88,1.49152,1936.66,1053.8,-2179.16,2,0,0,0,9,
8263753,-1.4813,-0.88,1.49152,1936.66,1053.8,-2179.16,2,0,0,0,9,
8263794,-1.4813,-0.88,1.49152,1936.66,1053.8,-2179.16,2,0,0,0,9,
8263834,-1.4813,-0.88,1.49152,1936.66,1053.8,-2179.16,2,0,0,0,9,
8263874,-1.4813,-0.88,1.49152,1936.66,1053.8,-2179.16,2,0,0,0,9,
8263914,-1.4813,-0.88,1.49152,1936.66,1053.8,-2179.16,2,0,0,0,9,
8263954,-1.4813,-0.88,1.49152,1936.66,1053.8,-2179.16,2,0,0,0,9,
8263994,-1.4813,-0.88,1.49152,1936.66,1053.8,-2179.16,2,0,0,0,9,
8264034,-1.4813,-0.88,1.49152,1936.66,1053.8,-2179.16,2,0,0,0,9,
8264073,-1.4813,-0.88,1.49152,1936.66,1053.8,-2179.16,2,0,0,0,9,
8264114,-1.4813,-0.88,1.49152,1936.66,1053.8,-2179.16,2,0,0,0,9,
8264154,-1.4813,-0.88,1.49152,1936.66,1053.8,-2179.16,2,0,0,0,9,
8264194,-1.4813,-0.88,1.49152,1936.66,1053.8,-2179.16,2,0,0,0,9,
8264234,-1.4813,-0.88,1.49152,1936.66,1053.8,-2179.16,2,0,0,0,9,
8264274,-1.4813,-0.88,1.49152,1936.66,1053.8,-2179.16,2,0,0,0,9,
8264314,-1.4813,-0.88,1.49152,1936.66,1053.8,-2179.16,2,0,0,0,9,
8264354,-1.4813,-0.88,1.49152,1936.66,1053.8,-2179.16,2,0,0,0,9,
8264393,-1.4813,-0.88,1.49152,1936.66,1053.8,-2179.16,2,0,0,0,9,
8264434,-1.4813,-0.88,1.49152,1936.66,1053.8,-2179.16,2,0,0,0,9,
8264474,-1.4813,-0.88,1.49152,1936.66,1053.8,-2179.16,2,0,0,0,9,
8264514,-1.4813,-0.88,1.49152,1936.66,1053.8,-2179.16,2,0,0,0,9,
8264554,-1.4813,-0.88,1.49152,1936.66,1053.8,-2179.16,2,0,0,0,9,
8264594,-1.4813,-0.88,1.49152,1936.66,1053.8,-2179.16,2,0,0,0,9,
8264634,-1.4813,-0.88,1.49152,1936.66,1053.8,-2179.16,2,0,0,0,9,
8264673,-1.4813,-0.88,1.49152,1936.66,1053.8,-2179.16,2,0,0,0,9,
8264713,-1.4813,-0.88,1.49152,1936.66,1053.8,-2179.16,2,0,0,0,9,
8264754,-1.4813,-0.88,1.49152,1936.66,1053.8,-2179.16,2,0,0,0,9,
8264794,-1.4813,-0.88,1.49152,1936.66,1053.8,-2179.16,2,0,0,0,9,
8264834,-1.4813,-0.88,1.49152,1936.66,1053.8,-2179.16,2,0,0,0,9,
8264874,-1.4813,-0.88,1.49152,1936.66,1053.8,-2179.16,2,0,0,0,9,
8264914,-1.4813,-0.88,1.49152,1936.66,1053.8,-2179.16,2,0,0,0,9,
8264954,-1.4813,-0.88,1.49152,1936.66,1053.8,-2179.16,2,0,0,0,9,
8264993,-1.4813,-0.88,1.49152,1936.66,1053.8,-2179.16,2,0,0,0,9,
8265033,0.2948,-0.88,0.697613,193.666,1053.8,-548.617,2,0,0,0,9,
8265074,0.26495,-0.88,0.720037,0,1053.8,-469.573,2,0,0,0,9,
8265114,0.26495,-0.88,0.720037,0,1053.8,-481.882,2,0,0,0,9,
8265154,0.26495,-0.88,0.720037,0,1053.8,-481.882,2,0,0,0,9,
8265194,0.26495,-0.88,0.720037,0,1053.8,-481.882,2,0,0,0,9,
8265234,0.19965,-0.88,0.7728,0,1053.8,-484.531,2,0,0,0,9,
8265274,-0.0105,-0.88,0.922912,0,1053.8,-698.742,2,0,0,0,9,
8265313,-0.2305,-0.88,1.11795,0,1053.8,-1052.28,2,0,0,0,9,
8265354,-0.4552,-0.88,1.2075,0,1053.8,-1498.55,2,0,0,0,9,
8265394,-0.495,-0.88,1.20746,0,1053.8,-1554.25,2,0,0,0,9,
8265434,-0.495,-0.88,1.20746,0,1053.8,-1554.22,2,0,0,0,9,
8265474,-0.5452,-0.88,1.155,0,1053.8,-1519.44,2,0,0,0,9,
8265514,-0.7354,-0.88,1.18144,63.294,1053.8,-1442.22,2,0,0,0,9,
8265554,-0.9202,-0.88,1.27511,436.59,1053.8,-1564.69,2,0,0,0,9,
8265594,-1.02525,-0.88,1.35398,777.15,1053.8,-1749.4,2,0,0,0,9,
8265633,-1.1353,-0.88,1.46659,1005.06,1053.8,-1951.09,2,0,0,0,9,
8265674,-1.1353,-0.88,1.46659,1175.46,1053.8,-2124.29,2,0,0,0,9,
8265714,-1.1353,-0.88,1.46659,1175.46,1053.8,-2124.29,2,0,0,0,9,
8265754,-1.1353,-0.88,1.46659,1175.46,1053.8,-2124.29,2,0,0,0,9,
8265794,-1.1353,-0.88,1.46659,1175.46,1053.8,-2124.29,2,0,0,0,9,
8265834,-1.1353,-0.88,1.46659,1175.46,1053.8,-2124.29,2,0,0,0,9,
8265874,-1.1353,-0.88,1.46659,1175.46,1053.8,-2124.29,2,0,0,0,9,
8265914,-1.1353,-0.88,1.46659,1175.46,1053.8,-2124.29,2,0,0,0,9,
8265954,-1.1353,-0.88,1.46659,1175.46,1053.8,-2124.29,2,0,0,0,9,
8265994,-1.1353,-0.88,1.46659,1175.46,1053.8,-2124.29,2,0,0,0,9,
8266034,-1.1353,-0.88,1.46659,1175.46,1053.8,-2124.29,2,0,0,0,9,
8266074,-1.1353,-0.88,1.46659,1175.46,1053.8,-2124.29,2,0,0,0,9,
8266114,-1.1353,-0.88,1.46659,1175.46,1053.8,-2124.29,2,0,0,0,9,
8266154,-1.1353,-0.88,1.46659,1175.46,1053.8,-2124.29,2,0,0,0,9,
8266194,-1.1353,-0.88,1.46659,1175.46,1053.8,-2124.29,2,0,0,0,9,
8266234,-1.1353,-0.88,1.46659,1175.46,1053.8,-2124.29,2,0,0,0,9,
8266273,-1.1353,-0.88,1.46659,1175.46,1053.8,-2124.29,2,0,0,0,9,
8266314,-1.1353,-0.88,1.46659,1175.46,1053.8,-2124.29,2,0,0,0,9,
8266354,-1.1353,-0.88,1.46659,1175.46,1053.8,-2124.29,2,0,0,0,9,
8266394,-1.1353,-0.88,1.46659,1175.46,1053.8,-2124.29,2,0,0,0,9,
8266434,-1.1353,-0.88,1.46659,1175.46,1053.8,-2124.29,2,0,0,0,9,
8266475,-1.1353,-0.88,1.46659,1175.46,1053.8,-2124.29,2,0,0,0,9,
8266515,-1.1353,-0.88,1.46659,1175.46,1053.8,-2124.29,2,0,0,0,9,
8266554,-1.1353,-0.88,1.46659,1175.46,1053.8,-2124.29,2,0,0,0,9,
8266594,-1.1353,-0.88,1.46659,1175.46,1053.8,-2124.29,2,0,0,0,9,
8266634,-1.1353,-0.88,1.46659,1175.46,1053.8,-2124.29,2,0,0,0,9,
8266674,-1.1353,-0.88,1.46659,1175.46,1053.8,-2124.29,2,0,0,0,9,
8266714,-1.1353,-0.88,1.46659,1175.46,1053.8,-2124.29,2,0,0,0,9,
8266754,-1.1353,-0.88,1.46659,1175.46,1053.8,-2124.29,2,0,0,0,9,
8266794,-1.1353,-0.88,1.46659,1175.46,1053.8,-2124.29,2,0,0,0,9,
8266834,-1.1353,-0.88,1.46659,1175.46,1053.8,-2124.29,2,0,0,0,9,
8266874,-1.1353,-0.88,1.46659,1175.46,1053.8,-2124.29,2,0,0,0,9,
8266913,-1.1353,-0.88,1.46659,1175.46,1053.8,-2124.29,2,0,0,0,9,
8266954,-1.1353,-0.88,1.46659,1175.46,1053.8,-2124.29,2,0,0,0,9,
8266994,-1.1353,-0.88,1.46659,1175.46,1053.8,-2124.29,2,0,0,0,9,
8267034,-1.1353,-0.88,1.46659,1175.46,1053.8,-2124.29,2,0,0,0,9,
8267074,-1.1353,-0.88,1.46659,1175.46,1053.8,-2124.29,2,0,0,0,9,
8267114,-1.1353,-0.88,1.46659,1175.46,1053.8,-2124.29,2,0,0,0,9,
8267154,-1.1353,-0.88,1.46659,1175.46,1053.8,-2124.29,2,0,0,0,9,
8267206,-1.1353,-0.88,1.46659,1528.1,1369.94,-2761.58,2.6,0,0,0,9,
8267235,-1.1353,-0.88,1.46659,822.822,737.66,-1487,1.4,0,0,0,9,
8267274,-1.1353,-0.88,1.46659,1175.46,1053.8,-2124.29,2,0,0,0,9,
8267314,-1.1353,-0.88,1.46659,1175.46,1053.8,-2124.29,2,0,0,0,9,
8267354,-0.5604,-0.88,1.36095,715.308,1053.8,-2095.19,2,0,0,0,9,
8267394,-0.74535,-0.88,1.25617,80.8281,1053.8,-1811.15,2,0,0,0,9,
8267434,-0.90525,-0.88,1.22621,428.681,1053.8,-1636.66,2,0,0,0,9,
8267474,-0.9951,-0.88,1.21121,738.573,1053.8,-1583.1,2,0,0,0,9,
8267513,-1.0251,-0.88,1.20375,889.02,1053.8,-1557.54,2,0,0,0,9,
8267554,-1.0902,-0.88,1.2,984.852,1053.8,-1545.21,2,0,0,0,9,
8267595,-1.1701,-0.88,1.18121,1158.62,1053.8,-1525.34,2,0,0,0,9,
8267634,-1.22515,-0.88,1.16621,1285.06,1053.8,-1487.39,2,0,0,0,9,
8267674,-1.33525,-0.88,1.13621,1440.38,1053.8,-1442.8,2,0,0,0,9,
8267714,-1.44015,-0.88,1.12125,1691.23,1053.8,-1386.75,2,0,0,0,9,
8267754,-1.4901,-0.88,1.1175,1891.2,1053.8,-1361.24,2,0,0,0,9,
8267794,-1.4901,-0.88,1.1175,1956.02,1053.8,-1356.3,2,0,0,0,9,
8267833,-1.4901,-0.88,1.1175,1956.02,1053.8,-1356.3,2,0,0,0,9,
8267874,-1.4901,-0.88,1.1175,1956.02,1053.8,-1356.3,2,0,0,0,9,
8267914,-1.4901,-0.88,1.1175,1956.02,1053.8,-1356.3,2,0,0,0,9,
8267954,-1.4901,-0.88,1.1175,1956.02,1053.8,-1356.3,2,0,0,0,9,
8267994,-1.4901,-0.88,1.1175,1956.02,1053.8,-1356.3,2,0,0,0,9,
8268034,-1.4901,-0.88,1.1175,1956.02,1053.8,-1356.3,2,0,0,0,9,
8268074,-1.4901,-0.88,1.1175,1956.02,1053.8,-1356.3,2,0,0,0,9,
8268215,-1.4901,-0.88,1.1175,6846.07,3688.3,-4747.05,7,0,0,0,9,
8268232,-1.4901,-0.88,1.1175,782.408,421.52,-542.52,0.8,0,0,0,9,
8268258,-1.4901,-0.88,1.1175,1369.21,737.66,-949.41,1.4,0,0,0,9,
8268298,-1.46485,-0.88,1.09118,1958.02,1053.8,-1346.33,2,0,0,0,9,
8268338,-1.2845,-0.88,1.02349,1833.88,1053.8,-1275.09,2,0,0,0,9,
8268378,-1.04955,-0.88,0.877162,1347.43,1053.8,-1057.78,2,0,0,0,9,
8268418,-0.85975,-0.88,0.697163,853.732,1053.8,-707.825,2,0,0,0,9,
8268457,-0.7849,-0.88,0.622463,541.673,1053.8,-400.24,2,0,0,0,9,
8268498,-0.76,-0.88,0.614962,372.79,1053.8,-255.684,2,0,0,0,9,
8268555,-0.75995,-0.88,0.61125,489.577,1475.32,-340.387,2.8,0,0,0,9,
8268578,-0.75995,-0.88,0.61125,209.814,632.28,-145.53,1.2,0,0,0,9,
8268628,-0.75995,-0.88,0.61125,419.628,1264.56,-291.06,2.4,0,0,0,9,
8268658,-0.75995,-0.88,0.61125,279.752,843.04,-194.04,1.6,0,0,0,9,
8268698,-0.75995,-0.88,0.61125,349.69,1053.8,-242.55,2,0,0,0,9,
8268738,-0.75995,-0.88,0.61125,349.69,1053.8,-242.55,2,0,0,0,9,
8268777,-0.75995,-0.88,0.61125,349.69,1053.8,-242.55,2,0,0,0,9,
8268818,-0.75995,-0.88,0.61125,349.69,1053.8,-242.55,2,0,0,0,9,
8268858,-0.75995,-0.88,0.61125,349.69,1053.8,-242.55,2,0,0,0,9,
8268898,-0.75995,-0.88,0.61125,349.69,1053.8,-242.55,2,0,0,0,9,
8268938,-0.75995,-0.88,0.61125,349.69,1053.8,-242.55,2,0,0,0,9,
8268978,-0.75995,-0.88,0.61125,349.69,1053.8,-242.55,2,0,0,0,9,
8269018,-0.75995,-0.88,0.61125,349.69,1053.8,-242.55,2,0,0,0,9,
8269058,-0.75995,-0.88,0.61125,349.69,1053.8,-242.55,2,0,0,0,9,
8269097,-0.75995,-0.88,0.61125,349.69,1053.8,-242.55,2,0,0,0,9,
8269138,-0.75995,-0.88,0.61125,349.69,1053.8,-242.55,2,0,0,0,9,
8269178,-0.75995,-0.88,0.61125,349.69,1053.8,-242.55,2,0,0,0,9,
8269218,-0.75995,-0.88,0.61125,349.69,1053.8,-242.55,2,0,0,0,9,
8269258,-0.75995,-0.88,0.61125,349.69,1053.8,-242.55,2,0,0,0,9,
8269298,-0.75995,-0.88,0.61125,349.69,1053.8,-242.55,2,0,0,0,9,
8269338,-0.75995,-0.88,0.61125,349.69,1053.8,-242.55,2,0,0,0,9,
8269377,-0.75995,-0.88,0.61125,349.69,1053.8,-242.55,2,0,0,0,9,
8269417,-0.75995,-0.88,0.61125,349.69,1053.8,-242.55,2,0,0,0,9,
8269458,-0.75995,-0.88,0.61125,349.69,1053.8,-242.55,2,0,0,0,9,
8269498,-0.75995,-0.88,0.61125,349.69,1053.8,-242.55,2,0,0,0,9,
8269538,-0.75995,-0.88,0.61125,349.69,1053.8,-242.55,2,0,0,0,9,
8269578,-0.75995,-0.88,0.61125,349.69,1053.8,-242.55,2,0,0,0,9,
8269618,-0.75995,-0.88,0.61125,349.69,1053.8,-242.55,2,0,0,0,9,
8269658,-0.75995,-0.88,0.61125,349.69,1053.8,-242.55,2,0,0,0,9,
8269697,-0.75995,-0.88,0.61125,349.69,1053.8,-242.55,2,0,0,0,9,
8269737,-0.75995,-0.88,0.61125,349.69,1053.8,-242.55,2,0,0,0,9,
8269778,-0.75995,-0.88,0.61125,349.69,1053.8,-242.55,2,0,0,0,9,
8269818,-0.75995,-0.88,0.61125,349.69,1053.8,-242.55,2,0,0,0,9,
8269858,-0.75995,-0.88,0.61125,349.69,1053.8,-242.55,2,0,0,0,9,
8269898,-0.75995,-0.88,0.61125,349.69,1053.8,-242.55,2,0,0,0,9,
8269938,-0.75995,-0.88,0.61125,349.69,1053.8,-242.55,2,0,0,0,9,
8269978,-0.75995,-0.88,0.61125,349.69,1053.8,-242.55,2,0,0,0,9,
8270017,-0.75995,-0.88,0.61125,349.69,1053.8,-242.55,2,0,0,0,9,
8270058,-0.75995,-0.88,0.61125,349.69,1053.8,-242.55,2,0,0,0,9,
8270098,-0.75995,-0.88,0.61125,349.69,1053.8,-242.55,2,0,0,0,9,
8270138,-0.75995,-0.88,0.61125,349.69,1053.8,-242.55,2,0,0,0,9,
8270178,-0.75995,-0.88,0.61125,349.69,1053.8,-242.55,2,0,0,0,9,
8270218,-0.75995,-0.88,0.61125,349.69,1053.8,-242.55,2,0,0,0,9,
8270258,-0.75995,-0.88,0.61125,349.69,1053.8,-242.55,2,0,0,0,9,
8270298,-0.75995,-0.88,0.61125,349.69,1053.8,-242.55,2,0,0,0,9,
8270337,-0.75995,-0.88,0.61125,349.69,1053.8,-242.55,2,0,0,0,9,
8270378,-0.75995,-0.88,0.61125,349.69,1053.8,-242.55,2,0,0,0,9,
8270418,-0.75995,-0.88,0.61125,349.69,1053.8,-242.55,2,0,0,0,9,
8270458,-0.75995,-0.88,0.61125,349.69,1053.8,-242.55,2,0,0,0,9,
8270498,-0.7449,-0.88,0.64515,338.712,1053.8,-257.499,2,0,0,0,9,
8270538,-0.72,-0.88,0.697538,294.646,1053.8,-363.28,2,0,0,0,9,
8270578,-0.72,-0.88,0.701288,261.8,1053.8,-434.033,2,0,0,0,9,
8270618,-0.73005,-0.88,0.750188,266.222,1053.8,-462.181,2,0,0,0,9,
8270658,-0.7149,-0.88,0.806288,281.622,1053.8,-564.721,2,0,0,0,9,
8270698,-0.58955,-0.88,0.783675,180.972,1053.8,-669.809,2,0,0,0,9,
8270738,-0.3194,-0.88,0.708525,0,1053.8,-586.245,2,0,0,0,9,
8270778,-0.05455,-0.88,0.607388,0,1053.8,-387.247,2,0,0,0,9,
8270818,0.0400499,-0.88,0.577537,0,1053.8,-212.677,2,0,0,0,9,
8270858,0.0400499,-0.88,0.577537,0,1053.8,-168.382,2,0,0,0,9,
8270898,0.0400499,-0.88,0.577537,0,1053.8,-168.382,2,0,0,0,9,
8270938,0.0400499,-0.88,0.577537,0,1053.8,-168.382,2,0,0,0,9,
8270977,0.0550999,-0.88,0.5925,0,1053.8,-174.149,2,0,0,0,9,
8271018,0.10505,-0.88,0.5775,0,1053.8,-194.626,2,0,0,0,9,
8271058,0.10505,-0.88,0.5775,0,1053.8,-168.3,2,0,0,0,9,
8271098,0.11,-0.88,0.577537,0,1053.8,-168.341,2,0,0,0,9,
8271138,0.11,-0.88,0.577537,0,1053.8,-168.382,2,0,0,0,9,
8271178,0.11,-0.88,0.577537,0,1053.8,-168.382,2,0,0,0,9,
8271218,0.11,-0.88,0.577537,0,1053.8,-168.382,2,0,0,0,9,
8271257,0.11,-0.88,0.577537,0,1053.8,-168.382,2,0,0,0,9,
8271297,0.11,-0.88,0.577537,0,1053.8,-168.382,2,0,0,0,9,
8271338,0.11,-0.88,0.577537,0,1053.8,-168.382,2,0,0,0,9,
8271378,0.0948999,-0.88,0.5094,0,1053.8,-154.819,2,0,0,0,9,
8271418,0.045,-0.88,0.0703875,0,1053.8,-9.24,2,0,0,0,9,
8271458,0.03985,-0.88,-0.165,0,1053.8,0,2,0,0,0,9,
8271498,-0.000100098,-0.88,-0.134887,0,1053.8,0,2,0,0,0,9,
8271538,-0.000100098,-0.88,-0.134887,0,1053.8,0,2,0,0,0,9,
8271577,-0.000100098,-0.88,-0.134887,0,1053.8,0,2,0,0,0,9,
8271618,-0.000100098,-0.88,-0.134887,0,1053.8,0,2,0,0,0,9,
8271658,-0.05015,-0.88,-0.28605,0,1053.8,0,2,0,0,0,9,
8271698,-0.0497,-0.88,-0.776962,0,1053.8,0,2,0,0,0,9,
8271738,0.0250499,-0.88,-0.978862,0,1053.8,0,2,0,0,0,9,
8271778,0.03,-0.88,-1.00504,0,1053.8,0,2,0,0,0,9,
8271818,0.03,-0.88,-1.00504,0,1053.8,0,2,0,0,0,9,
8271858,0.025,-0.88,-1.03519,0,1053.8,0,2,0,0,0,9,
8271897,0.025,-0.88,-1.05394,0,1053.8,0,2,0,0,0,9,
8271938,0.025,-0.88,-1.06489,0,1053.8,0,2,0,0,0,9,
8271978,0.01995,-0.88,-0.922162,0,1053.8,0,2,0,0,0,9,
8272018,0.005,-0.88,-0.854962,0,1053.8,0,2,0,0,0,9,
8272058,-0.015,-0.88,-0.8814,0,1053.8,0,2,0,0,0,9,
8272098,-0.0300501,-0.88,-0.956362,0,1053.8,0,2,0,0,0,9,
8272138,-0.0500501,-0.88,-1.00507,0,1053.8,0,2,0,0,0,9,
8272178,-0.0650501,-0.88,-1.02375,0,1053.8,0,2,0,0,0,9,
8272217,-0.0650501,-0.88,-1.02375,0,1053.8,0,2,0,0,0,9,
8272258,-0.0650501,-0.88,-1.02375,0,1053.8,0,2,0,0,0,9,
8272298,-0.0650501,-0.88,-1.02375,0,1053.8,0,2,0,0,0,9,
8272338,-0.0649501,-0.88,-1.02754,0,1053.8,0,2,0,0,0,9,
8272378,-0.0449501,-0.88,-1.0425,0,1053.8,0,2,0,0,0,9,
8272418,-0.0449501,-0.88,-1.0425,0,1053.8,0,2,0,0,0,9,
8272458,-0.0399501,-0.88,-1.0425,0,1053.8,0,2,0,0,0,9,
8272498,-0.0349501,-0.88,-1.0425,0,1053.8,0,2,0,0,0,9,
8272537,-0.0249501,-0.88,-1.0425,0,1053.8,0,2,0,0,0,9,
8272578,-0.0149501,-0.88,-1.0425,0,1053.8,0,2,0,0,0,9,
8272618,0,-0.88,-1.04246,0,1053.8,0,2,0,0,0,9,
8272658,4.98962e-005,-0.88,-1.03875,0,1053.8,0,2,0,0,0,9,
8272698,4.98962e-005,-0.88,-1.03875,0,1053.8,0,2,0,0,0,9,
8272738,4.98962e-005,-0.88,-1.03875,0,1053.8,0,2,0,0,0,9,
8272778,4.98962e-005,-0.88,-1.03875,0,1053.8,0,2,0,0,0,9,
8272818,-0.00505005,-0.88,-1.03879,0,1053.8,0,2,0,0,0,9,
8272857,-0.00505005,-0.88,-1.03879,0,1053.8,0,2,0,0,0,9,
8272898,-0.01005,-0.88,-1.0425,0,1053.8,0,2,0,0,0,9,
8272938,-0.01005,-0.88,-1.0425,0,1053.8,0,2,0,0,0,9,
8272978,-0.01005,-0.88,-1.0425,0,1053.8,0,2,0,0,0,9,
8273018,-0.01005,-0.88,-1.0425,0,1053.8,0,2,0,0,0,9,
8273058,-0.01005,-0.88,-1.0425,0,1053.8,0,2,0,0,0,9,
8273098,-0.01005,-0.88,-1.0425,0,1053.8,0,2,0,0,0,9,
8273137,-0.01005,-0.88,-1.0425,0,1053.8,0,2,0,0,0,9,
8273177,-0.01005,-0.88,-1.0425,0,1053.8,0,2,0,0,0,9,
8273218,-0.01005,-0.88,-1.0425,0,1053.8,0,2,0,0,0,9,
8273258,-0.01005,-0.88,-1.0425,0,1053.8,0,2,0,0,0,9,
8273298,-0.01005,-0.88,-1.0425,0,1053.8,0,2,0,0,0,9,
8273338,-0.015,-0.88,-1.04246,0,1053.8,0,2,0,0,0,9,
8273378,-0.015,-0.88,-1.04246,0,1053.8,0,2,0,0,0,9,
8273419,-0.015,-0.88,-1.04246,0,1053.8,0,2,0,0,0,9,
8273457,-0.015,-0.88,-1.04246,0,1053.8,0,2,0,0,0,9,
8273497,-0.015,-0.88,-1.04246,0,1053.8,0,2,0,0,0,9,
8273538,-0.015,-0.88,-1.04246,0,1053.8,0,2,0,0,0,9,
8273578,-0.015,-0.88,-1.04246,0,1053.8,0,2,0,0,0,9,
8273618,-0.015,-0.88,-1.04246,0,1053.8,0,2,0,0,0,9,
8273658,-0.015,-0.88,-1.04246,0,1053.8,0,2,0,0,0,9,
8273698,-0.015,-0.88,-1.04246,0,1053.8,0,2,0,0,0,9,
8273738,-0.015,-0.88,-1.04246,0,1053.8,0,2,0,0,0,9,
8273777,-0.0149501,-0.88,-1.03871,0,1053.8,0,2,0,0,0,9,
8273818,-0.0049501,-0.88,-1.02746,0,1053.8,0,2,0,0,0,9,
8273858,-0.0049501,-0.88,-1.02746,0,1053.8,0,2,0,0,0,9,
8273898,-0.0049501,-0.88,-1.02746,0,1053.8,0,2,0,0,0,9,
8273938,-0.0049501,-0.88,-1.02746,0,1053.8,0,2,0,0,0,9,
8273978,-0.0049501,-0.88,-1.02746,0,1053.8,0,2,0,0,0,9,
8274018,-0.0049501,-0.88,-1.02746,0,1053.8,0,2,0,0,0,9,
8274059,-0.0049501,-0.88,-1.02746,0,1053.8,0,2,0,0,0,9,
8274097,-0.0049501,-0.88,-1.02746,0,1053.8,0,2,0,0,0,9,
8274138,-0.0049501,-0.88,-1.02746,0,1053.8,0,2,0,0,0,9,
8274178,-0.0049501,-0.88,-1.02746,0,1053.8,0,2,0,0,0,9,
8274218,-0.0049501,-0.88,-1.02746,0,1053.8,0,2,0,0,0,9,
8274258,-0.0049501,-0.88,-1.02746,0,1053.8,0,2,0,0,0,9,
8274298,-0.0049501,-0.88,-1.02746,0,1053.8,0,2,0,0,0,9,
8274338,-0.0049501,-0.88,-1.02746,0,1053.8,0,2,0,0,0,9,
8274379,-0.0049501,-0.88,-1.02746,0,1053.8,0,2,0,0,0,9,
8274417,-0.0049501,-0.88,-1.02746,0,1053.8,0,2,0,0,0,9,
8274458,-0.0049501,-0.88,-1.02746,0,1053.8,0,2,0,0,0,9,
8274498,-0.0049501,-0.88,-1.02746,0,1053.8,0,2,0,0,0,9,
8274538,-0.0049501,-0.88,-1.02746,0,1053.8,0,2,0,0,0,9,
8274578,-0.0049501,-0.88,-1.02746,0,1053.8,0,2,0,0,0,9,
8274618,-0.0049501,-0.88,-1.02746,0,1053.8,0,2,0,0,0,9,
8274658,-0.0049501,-0.88,-1.02746,0,1053.8,0,2,0,0,0,9,
8274698,-0.0049501,-0.88,-1.02746,0,1053.8,0,2,0,0,0,9,
8274737,-0.0049501,-0.88,-1.02746,0,1053.8,0,2,0,0,0,9,
8274778,-0.0049501,-0.88,-1.02746,0,1053.8,0,2,0,0,0,9,
8274818,-0.0049501,-0.88,-1.02746,0,1053.8,0,2,0,0,0,9,
8274858,-0.0049501,-0.88,-1.02746,0,1053.8,0,2,0,0,0,9,
8274898,-0.0049501,-0.88,-1.02746,0,1053.8,0,2,0,0,0,9,
8274938,-0.0049501,-0.88,-1.02746,0,1053.8,0,2,0,0,0,9,
8274978,-0.0049501,-0.88,-1.02746,0,1053.8,0,2,0,0,0,9,
8275017,-0.0049501,-0.88,-1.02746,0,1053.8,0,2,0,0,0,9,
8275057,-0.0049501,-0.88,-1.02746,0,1053.8,0,2,0,0,0,9,
8275098,-0.0049501,-0.88,-1.02746,0,1053.8,0,2,0,0,0,9,
8275138,-0.0049501,-0.88,-1.02746,0,1053.8,0,2,0,0,0,9,
8275178,-0.0049501,-0.88,-1.02746,0,1053.8,0,2,0,0,0,9,
8275218,-0.0049501,-0.88,-1.02746,0,1053.8,0,2,0,0,0,9,
8275258,-0.0049501,-0.88,-1.02746,0,1053.8,0,2,0,0,0,9,
8275298,-0.0049501,-0.88,-1.02746,0,1053.8,0,2,0,0,0,9,
8275337,-0.0049501,-0.88,-1.02746,0,1053.8,0,2,0,0,0,9,
8275377,-0.0049501,-0.88,-1.02746,0,1053.8,0,2,0,0,0,9,
8275418,-0.0049501,-0.88,-1.02746,0,1053.8,0,2,0,0,0,9,
8275458,-0.0049501,-0.88,-1.02746,0,1053.8,0,2,0,0,0,9,
8275498,-0.0049501,-0.88,-1.02746,0,1053.8,0,2,0,0,0,9,
8275538,-0.0049501,-0.88,-1.02746,0,1053.8,0,2,0,0,0,9,
8275578,-0.0049501,-0.88,-1.02746,0,1053.8,0,2,0,0,0,9,
8275618,-0.0049501,-0.88,-1.02746,0,1053.8,0,2,0,0,0,9,
8275657,-0.0049501,-0.88,-1.02746,0,1053.8,0,2,0,0,0,9,
8275698,-0.0049501,-0.88,-1.02746,0,1053.8,0,2,0,0,0,9,
8275738,-0.0049501,-0.88,-1.02746,0,1053.8,0,2,0,0,0,9,
8275778,-0.0049501,-0.88,-1.02746,0,1053.8,0,2,0,0,0,9,
8275818,-0.0049501,-0.88,-1.02746,0,1053.8,0,2,0,0,0,9,
8275858,-0.0049501,-0.88,-1.02746,0,1053.8,0,2,0,0,0,9,
8275898,-0.0049501,-0.88,-1.02746,0,1053.8,0,2,0,0,0,9,
8275938,-0.0049501,-0.88,-1.02746,0,1053.8,0,2,0,0,0,9,
8275977,-0.0049501,-0.88,-1.02746,0,1053.8,0,2,0,0,0,9,
8276018,-0.0049501,-0.88,-1.02746,0,1053.8,0,2,0,0,0,9,
8276058,-0.0049501,-0.88,-1.02746,0,1053.8,0,2,0,0,0,9,
8276098,-0.0049501,-0.88,-1.02746,0,1053.8,0,2,0,0,0,9,
8276138,-0.0049501,-0.88,-1.02746,0,1053.8,0,2,0,0,0,9,
8276178,-0.0049501,-0.88,-1.02746,0,1053.8,0,2,0,0,0,9,
8276218,-0.0049501,-0.88,-1.02746,0,1053.8,0,2,0,0,0,9,
8276258,0,-0.88,-1.01614,0,1053.8,0,2,0,0,0,9,
8276297,0.015,-0.88,-0.9561,0,1053.8,0,2,0,0,0,9,
8276338,0.015,-0.88,-0.92985,0,1053.8,0,2,0,0,0,9,
8276378,0.015,-0.88,-0.915075,0,1053.8,0,2,0,0,0,9,
8276418,-5.00488e-005,-0.88,-0.971325,0,1053.8,0,2,0,0,0,9,
8276458,-0.005,-0.88,-0.9789,0,1053.8,0,2,0,0,0,9,
8276498,-0.005,-0.88,-0.9789,0,1053.8,0,2,0,0,0,9,
8276538,-0.005,-0.88,-0.9789,0,1053.8,0,2,0,0,0,9,
8276578,0.0150999,-0.88,-1.01636,0,1053.8,0,2,0,0,0,9,
8276617,0.0500499,-0.88,-1.05382,0,1053.8,0,2,0,0,0,9,
8276658,0.0650499,-0.88,-1.10636,0,1053.8,0,2,0,0,0,9,
8276698,0.085,-0.88,-1.14004,0,1053.8,0,2,0,0,0,9,
8276738,0.085,-0.88,-1.14379,0,1053.8,0,2,0,0,0,9,
8276778,0.085,-0.88,-1.14379,0,1053.8,0,2,0,0,0,9,
8276818,0.085,-0.88,-1.14379,0,1053.8,0,2,0,0,0,9,
8276858,0.085,-0.88,-1.14379,0,1053.8,0,2,0,0,0,9,
8276897,0.085,-0.88,-1.14379,0,1053.8,0,2,0,0,0,9,
8276937,0.085,-0.88,-1.14379,0,1053.8,0,2,0,0,0,9,
8276978,0.085,-0.88,-1.14379,0,1053.8,0,2,0,0,0,9,
8277018,0.085,-0.88,-1.14379,0,1053.8,0,2,0,0,0,9,
8277058,0.085,-0.88,-1.14379,0,1053.8,0,2,0,0,0,9,
8277098,0.085,-0.88,-1.14379,0,1053.8,0,2,0,0,0,9,
8277138,0.085,-0.88,-1.14379,0,1053.8,0,2,0,0,0,9,
8277178,0.085,-0.88,-1.14379,0,1053.8,0,2,0,0,0,9,
8277217,0.085,-0.88,-1.14754,0,1053.8,0,2,0,0,0,9,
8277257,0.085,-0.88,-1.15129,0,1053.8,0,2,0,0,0,9,
8277298,0.08,-0.88,-1.16254,0,1053.8,0,2,0,0,0,9,
8277338,0.08,-0.88,-1.17004,0,1053.8,0,2,0,0,0,9,
8277378,0.08,-0.88,-1.17379,0,1053.8,0,2,0,0,0,9,
8277418,0.08,-0.88,-1.17754,0,1053.8,0,2,0,0,0,9,
8277458,0.08,-0.88,-1.18879,0,1053.8,0,2,0,0,0,9,
8277498,0.08,-0.88,-1.19254,0,1053.8,0,2,0,0,0,9,
8277537,0.08,-0.88,-1.19629,0,1053.8,0,2,0,0,0,9,
8277578,0.08,-0.88,-1.19629,0,1053.8,0,2,0,0,0,9,
8277618,0.07995,-0.88,-1.20754,0,1053.8,0,2,0,0,0,9,
8277658,0.075,-0.88,-1.21129,0,1053.8,0,2,0,0,0,9,
8277698,0.075,-0.88,-1.21129,0,1053.8,0,2,0,0,0,9,
8277738,0.075,-0.88,-1.21504,0,1053.8,0,2,0,0,0,9,
8277778,0.075,-0.88,-1.21504,0,1053.8,0,2,0,0,0,9,
8277818,0.0749499,-0.88,-1.21879,0,1053.8,0,2,0,0,0,9,
8277857,0.0749499,-0.88,-1.21879,0,1053.8,0,2,0,0,0,9,
8277898,0.0749499,-0.88,-1.21879,0,1053.8,0,2,0,0,0,9,
8277938,0.07,-0.88,-1.22246,0,1053.8,0,2,0,0,0,9,
8277978,0.08,-0.88,-1.21121,0,1053.8,0,2,0,0,0,9,
8278018,0.085,-0.88,-1.19996,0,1053.8,0,2,0,0,0,9,
8278058,0.0950499,-0.88,-1.18117,0,1053.8,0,2,0,0,0,9,
8278098,0.105,-0.88,-1.15496,0,1053.8,0,2,0,0,0,9,
8278138,0.115,-0.88,-1.13246,0,1053.8,0,2,0,0,0,9,
8278177,0.12,-0.88,-1.12121,0,1053.8,0,2,0,0,0,9,
8278218,0.12,-0.88,-1.11371,0,1053.8,0,2,0,0,0,9,
8278258,0.12,-0.88,-1.10996,0,1053.8,0,2,0,0,0,9,
8278298,0.12005,-0.88,-1.10625,0,1053.8,0,2,0,0,0,9,
8278338,0.12005,-0.88,-1.10625,0,1053.8,0,2,0,0,0,9,
8278378,0.12005,-0.88,-1.10625,0,1053.8,0,2,0,0,0,9,
8278418,0.12005,-0.88,-1.10625,0,1053.8,0,2,0,0,0,9,
8278458,0.12005,-0.88,-1.10625,0,1053.8,0,2,0,0,0,9,
8278498,0.12005,-0.88,-1.10625,0,1053.8,0,2,0,0,0,9,
8278538,0.12,-0.88,-1.09871,0,1053.8,0,2,0,0,0,9,
8278578,0.115,-0.88,-1.08746,0,1053.8,0,2,0,0,0,9,
8278618,0.115,-0.88,-1.07996,0,1053.8,0,2,0,0,0,9,
8278658,0.115,-0.88,-1.07996,0,1053.8,0,2,0,0,0,9,
8278698,0.115,-0.88,-1.07996,0,1053.8,0,2,0,0,0,9,
8278738,0.115,-0.88,-1.07996,0,1053.8,0,2,0,0,0,9,
8278778,0.115,-0.88,-1.07996,0,1053.8,0,2,0,0,0,9,
8278817,0.115,-0.88,-1.07996,0,1053.8,0,2,0,0,0,9,
8278858,0.115,-0.88,-1.07996,0,1053.8,0,2,0,0,0,9,
8278898,0.115,-0.88,-1.07996,0,1053.8,0,2,0,0,0,9,
8278938,0.115,-0.88,-1.07996,0,1053.8,0,2,0,0,0,9,
8278978,0.115,-0.88,-1.07246,0,1053.8,0,2,0,0,0,9,
8279018,0.125,-0.88,-1.06121,0,1053.8,0,2,0,0,0,9,
8279058,0.13,-0.88,-1.05371,0,1053.8,0,2,0,0,0,9,
8279098,0.13005,-0.88,-1.04996,0,1053.8,0,2,0,0,0,9,
8279137,0.14,-0.88,-1.04246,0,1053.8,0,2,0,0,0,9,
8279178,0.14,-0.88,-1.04246,0,1053.8,0,2,0,0,0,9,
8279218,0.14,-0.88,-1.04246,0,1053.8,0,2,0,0,0,9,
8279258,0.145,-0.88,-1.03871,0,1053.8,0,2,0,0,0,9,
8279298,0.145,-0.88,-1.03871,0,1053.8,0,2,0,0,0,9,
8279338,0.145,-0.88,-1.03496,0,1053.8,0,2,0,0,0,9,
8279378,0.14505,-0.88,-1.02746,0,1053.8,0,2,0,0,0,9,
8279417,0.15,-0.88,-1.02371,0,1053.8,0,2,0,0,0,9,
8279458,0.15,-0.88,-1.01621,0,1053.8,0,2,0,0,0,9,
8279498,0.15,-0.88,-1.01246,0,1053.8,0,2,0,0,0,9,
8279538,0.15,-0.88,-1.00871,0,1053.8,0,2,0,0,0,9,
8279578,0.15,-0.88,-1.00496,0,1053.8,0,2,0,0,0,9,
8279618,0.15,-0.88,-1.00121,0,1053.8,0,2,0,0,0,9,
8279658,0.15,-0.88,-0.997462,0,1053.8,0,2,0,0,0,9,
8279698,0.155,-0.88,-0.989962,0,1053.8,0,2,0,0,0,9,
8279737,0.155,-0.88,-0.986212,0,1053.8,0,2,0,0,0,9,
8279778,0.155,-0.88,-0.986212,0,1053.8,0,2,0,0,0,9,
8279818,0.1449,-0.88,-0.990037,0,1053.8,0,2,0,0,0,9,
8279858,0.10495,-0.88,-1.005,0,1053.8,0,2,0,0,0,9,
8279898,0.07995,-0.88,-1.00875,0,1053.8,0,2,0,0,0,9,
8279938,0.05995,-0.88,-1.00875,0,1053.8,0,2,0,0,0,9,
8279978,0.04995,-0.88,-1.00875,0,1053.8,0,2,0,0,0,9,
8280018,0.03995,-0.88,-1.00875,0,1053.8,0,2,0,0,0,9,
8280057,0.03995,-0.88,-1.00875,0,1053.8,0,2,0,0,0,9,
8280098,0.03495,-0.88,-1.00879,0,1053.8,0,2,0,0,0,9,
8280138,0.01995,-0.88,-1.0125,0,1053.8,0,2,0,0,0,9,
8280178,0.01495,-0.88,-1.0125,0,1053.8,0,2,0,0,0,9,
8280218,0.01495,-0.88,-1.0125,0,1053.8,0,2,0,0,0,9,
8280258,0.00994995,-0.88,-1.0125,0,1053.8,0,2,0,0,0,9,
8280298,0.00994995,-0.88,-1.0125,0,1053.8,0,2,0,0,0,9,
8280338,-5.00488e-005,-0.88,-1.0125,0,1053.8,0,2,0,0,0,9,
8280377,-0.01,-0.88,-1.01246,0,1053.8,0,2,0,0,0,9,
8280418,-0.02005,-0.88,-1.00875,0,1053.8,0,2,0,0,0,9,
8280458,-0.035,-0.88,-1.00871,0,1053.8,0,2,0,0,0,9,
8280498,-0.03505,-0.88,-1.005,0,1053.8,0,2,0,0,0,9,
8280538,-0.03505,-0.88,-1.005,0,1053.8,0,2,0,0,0,9,
8280578,-0.0500501,-0.88,-1.00496,0,1053.8,0,2,0,0,0,9,
8280618,-0.0600501,-0.88,-1.00125,0,1053.8,0,2,0,0,0,9,
8280658,-0.0650501,-0.88,-1.00121,0,1053.8,0,2,0,0,0,9,
8280697,-0.0700501,-0.88,-0.9975,0,1053.8,0,2,0,0,0,9,
8280738,-0.07505,-0.88,-0.9975,0,1053.8,0,2,0,0,0,9,
8280779,-0.0850501,-0.88,-0.997462,0,1053.8,0,2,0,0,0,9,
8280818,-0.09005,-0.88,-0.99375,0,1053.8,0,2,0,0,0,9,
8280858,-0.09005,-0.88,-0.99375,0,1053.8,0,2,0,0,0,9,
8280898,-0.0950501,-0.88,-0.99375,0,1053.8,0,2,0,0,0,9,
8280938,-0.11,-0.88,-0.993712,0,1053.8,0,2,0,0,0,9,
8280978,-0.11005,-0.88,-0.99,0,1053.8,0,2,0,0,0,9,
8281017,-0.12005,-0.88,-0.989962,0,1053.8,0,2,0,0,0,9,
8281058,-0.13505,-0.88,-0.9825,0,1053.8,0,2,0,0,0,9,
8281098,-0.14505,-0.88,-0.982462,0,1053.8,0,2,0,0,0,9,
8281138,-0.14505,-0.88,-0.982462,0,1053.8,0,2,0,0,0,9,
8281178,-0.14505,-0.88,-0.982462,0,1053.8,0,2,0,0,0,9,
8281218,-0.14505,-0.88,-0.982462,0,1053.8,0,2,0,0,0,9,
8281258,-0.14505,-0.88,-0.982462,0,1053.8,0,2,0,0,0,9,
8281297,-0.14505,-0.88,-0.982462,0,1053.8,0,2,0,0,0,9,
8281337,-0.14505,-0.88,-0.982462,0,1053.8,0,2,0,0,0,9,
8281378,-0.13995,-0.88,-0.975,0,1053.8,0,2,0,0,0,9,
8281418,-0.1149,-0.88,-0.97125,0,1053.8,0,2,0,0,0,9,
8281458,-0.0749001,-0.88,-0.9675,0,1053.8,0,2,0,0,0,9,
8281498,-0.0399501,-0.88,-0.967462,0,1053.8,0,2,0,0,0,9,
8281538,-0.0249501,-0.88,-0.96375,0,1053.8,0,2,0,0,0,9,
8281578,-0.00490006,-0.88,-0.96375,0,1053.8,0,2,0,0,0,9,
8281618,0.0200499,-0.88,-0.96375,0,1053.8,0,2,0,0,0,9,
8281658,0.0450999,-0.88,-0.96375,0,1053.8,0,2,0,0,0,9,
8281698,0.0650499,-0.88,-0.96375,0,1053.8,0,2,0,0,0,9,
8281738,0.075,-0.88,-0.963712,0,1053.8,0,2,0,0,0,9,
8281778,0.075,-0.88,-0.963712,0,1053.8,0,2,0,0,0,9,
8281818,0.075,-0.88,-0.963712,0,1053.8,0,2,0,0,0,9,
8281858,0.075,-0.88,-0.963712,0,1053.8,0,2,0,0,0,9,
8281898,0.075,-0.88,-0.963712,0,1053.8,0,2,0,0,0,9,
8281937,0.075,-0.88,-0.963712,0,1053.8,0,2,0,0,0,9,
8281978,0.075,-0.88,-0.963712,0,1053.8,0,2,0,0,0,9,
8282018,0.075,-0.88,-0.963712,0,1053.8,0,2,0,0,0,9,
8282058,0.075,-0.88,-0.963712,0,1053.8,0,2,0,0,0,9,
8282098,0.075,-0.88,-0.963712,0,1053.8,0,2,0,0,0,9,
8282138,0.075,-0.88,-0.963712,0,1053.8,0,2,0,0,0,9,
8282178,0.075,-0.88,-0.963712,0,1053.8,0,2,0,0,0,9,
8282218,0.075,-0.88,-0.963712,0,1053.8,0,2,0,0,0,9,
8282257,0.075,-0.88,-0.963712,0,1053.8,0,2,0,0,0,9,
8282298,0.075,-0.88,-0.963712,0,1053.8,0,2,0,0,0,9,
8282338,0.075,-0.88,-0.963712,0,1053.8,0,2,0,0,0,9,
8282378,0.075,-0.88,-0.963712,0,1053.8,0,2,0,0,0,9,
8282418,0.075,-0.88,-0.963712,0,1053.8,0,2,0,0,0,9,
8282458,0.075,-0.88,-0.963712,0,1053.8,0,2,0,0,0,9,
8282498,0.075,-0.88,-0.963712,0,1053.8,0,2,0,0,0,9,
8282538,0.075,-0.88,-0.963712,0,1053.8,0,2,0,0,0,9,
8282577,0.075,-0.88,-0.963712,0,1053.8,0,2,0,0,0,9,
8282618,0.075,-0.88,-0.963712,0,1053.8,0,2,0,0,0,9,
8282658,0.075,-0.88,-0.963712,0,1053.8,0,2,0,0,0,9,
8282698,0.075,-0.88,-0.963712,0,1053.8,0,2,0,0,0,9,
8282738,0.075,-0.88,-0.963712,0,1053.8,0,2,0,0,0,9,
8282778,0.075,-0.88,-0.967537,0,1053.8,0,2,0,0,0,9,
8282818,0.075,-0.88,-0.975037,0,1053.8,0,2,0,0,0,9,
8282857,0.075,-0.88,-0.978787,0,1053.8,0,2,0,0,0,9,
8282897,0.075,-0.88,-0.982537,0,1053.8,0,2,0,0,0,9,
8282938,0.075,-0.88,-0.982537,0,1053.8,0,2,0,0,0,9,
8282978,0.075,-0.88,-0.986287,0,1053.8,0,2,0,0,0,9,
8283018,0.075,-0.88,-0.986287,0,1053.8,0,2,0,0,0,9,
8283058,0.075,-0.88,-0.990037,0,1053.8,0,2,0,0,0,9,
8283098,0.075,-0.88,-0.993787,0,1053.8,0,2,0,0,0,9,
8283138,0.0750499,-0.88,-0.997537,0,1053.8,0,2,0,0,0,9,
8283177,0.08,-0.88,-1.00504,0,1053.8,0,2,0,0,0,9,
8283217,0.08,-0.88,-1.00504,0,1053.8,0,2,0,0,0,9,
8283258,0.08,-0.88,-1.00879,0,1053.8,0,2,0,0,0,9,
8283298,0.08,-0.88,-1.01254,0,1053.8,0,2,0,0,0,9,
8283339,0.08,-0.88,-1.01254,0,1053.8,0,2,0,0,0,9,
8283378,0.08,-0.88,-1.01254,0,1053.8,0,2,0,0,0,9,
8283418,0.08,-0.88,-1.01254,0,1053.8,0,2,0,0,0,9,
8283458,0.08,-0.88,-1.01254,0,1053.8,0,2,0,0,0,9,
8283497,0.08,-0.88,-1.01254,0,1053.8,0,2,0,0,0,9,
8283538,0.08,-0.88,-1.01254,0,1053.8,0,2,0,0,0,9,
8283578,0.08,-0.88,-1.01254,0,1053.8,0,2,0,0,0,9,
8283618,0.08,-0.88,-1.01254,0,1053.8,0,2,0,0,0,9,
8283658,0.08,-0.88,-1.01254,0,1053.8,0,2,0,0,0,9,
8283698,0.08,-0.88,-1.01254,0,1053.8,0,2,0,0,0,9,
8283738,0.08,-0.88,-1.01254,0,1053.8,0,2,0,0,0,9,
8283778,0.08,-0.88,-1.01254,0,1053.8,0,2,0,0,0,9,
8283817,0.08,-0.88,-1.01254,0,1053.8,0,2,0,0,0,9,
8283858,0.08,-0.88,-1.01254,0,1053.8,0,2,0,0,0,9,
8283898,0.08,-0.88,-1.01254,0,1053.8,0,2,0,0,0,9,
8283938,0.08,-0.88,-1.01254,0,1053.8,0,2,0,0,0,9,
8283978,0.08,-0.88,-1.01254,0,1053.8,0,2,0,0,0,9,
8284018,0.08,-0.88,-1.01254,0,1053.8,0,2,0,0,0,9,
8284058,0.08,-0.88,-1.01254,0,1053.8,0,2,0,0,0,9,
8284098,0.08,-0.88,-1.01254,0,1053.8,0,2,0,0,0,9,
8284137,0.08,-0.88,-1.01254,0,1053.8,0,2,0,0,0,9,
8284178,0.08,-0.88,-1.01254,0,1053.8,0,2,0,0,0,9,
8284218,0.08,-0.88,-1.01254,0,1053.8,0,2,0,0,0,9,
8284258,0.08,-0.88,-1.01254,0,1053.8,0,2,0,0,0,9,
8284298,0.08,-0.88,-1.01254,0,1053.8,0,2,0,0,0,9,
8284338,0.08,-0.88,-1.01254,0,1053.8,0,2,0,0,0,9,
8284378,0.08,-0.88,-1.01254,0,1053.8,0,2,0,0,0,9,
8284418,0.08,-0.88,-1.01254,0,1053.8,0,2,0,0,0,9,
8284457,0.08,-0.88,-1.01254,0,1053.8,0,2,0,0,0,9,
8284498,0.08,-0.88,-1.01254,0,1053.8,0,2,0,0,0,9,
8284538,0.08,-0.88,-1.01254,0,1053.8,0,2,0,0,0,9,
8284578,0.08,-0.88,-1.01254,0,1053.8,0,2,0,0,0,9,
8284618,0.08,-0.88,-1.01254,0,1053.8,0,2,0,0,0,9,
8284658,0.08,-0.88,-1.01254,0,1053.8,0,2,0,0,0,9,
8284698,0.08,-0.88,-1.01254,0,1053.8,0,2,0,0,0,9,
8284737,0.08,-0.88,-1.01254,0,1053.8,0,2,0,0,0,9,
8284777,0.08,-0.88,-1.01254,0,1053.8,0,2,0,0,0,9,
8284818,0.08,-0.88,-1.01254,0,1053.8,0,2,0,0,0,9,
8284858,0.08,-0.88,-1.01254,0,1053.8,0,2,0,0,0,9,
8284898,0.08,-0.88,-1.01254,0,1053.8,0,2,0,0,0,9,
8284938,0.08,-0.88,-1.01254,0,1053.8,0,2,0,0,0,9,
8284978,0.08,-0.88,-1.01254,0,1053.8,0,2,0,0,0,9,
8285018,0.08,-0.88,-1.01254,0,1053.8,0,2,0,0,0,9,
8285057,0.08,-0.88,-1.01254,0,1053.8,0,2,0,0,0,9,
8285097,0.08,-0.88,-1.01254,0,1053.8,0,2,0,0,0,9,
8285138,0.08,-0.88,-1.01254,0,1053.8,0,2,0,0,0,9,
8285178,0.08,-0.88,-1.01254,0,1053.8,0,2,0,0,0,9,
8285218,0.08,-0.88,-1.01254,0,1053.8,0,2,0,0,0,9,
8285259,0.08,-0.88,-1.01254,0,1053.8,0,2,0,0,0,9,
8285298,0.08,-0.88,-1.01254,0,1053.8,0,2,0,0,0,9,
8285338,0.08,-0.88,-1.01254,0,1053.8,0,2,0,0,0,9,
8285377,0.08,-0.88,-1.01254,0,1053.8,0,2,0,0,0,9,
8285418,0.08,-0.88,-1.01254,0,1053.8,0,2,0,0,0,9,
8285458,0.08,-0.88,-1.01254,0,1053.8,0,2,0,0,0,9,
8285498,0.08,-0.88,-1.01254,0,1053.8,0,2,0,0,0,9,
8285538,0.08,-0.88,-1.01254,0,1053.8,0,2,0,0,0,9,
8285578,0.08,-0.88,-1.01254,0,1053.8,0,2,0,0,0,9,
8285618,0.08,-0.88,-1.01254,0,1053.8,0,2,0,0,0,9,
8285658,0.08,-0.88,-1.01254,0,1053.8,0,2,0,0,0,9,
8285697,0.08,-0.88,-1.01254,0,1053.8,0,2,0,0,0,9,
8285738,0.08,-0.88,-1.01254,0,1053.8,0,2,0,0,0,9,
8285778,0.08,-0.88,-1.01254,0,1053.8,0,2,0,0,0,9,
8285818,0.08,-0.88,-1.01254,0,1053.8,0,2,0,0,0,9,
8285858,0.08,-0.88,-1.01254,0,1053.8,0,2,0,0,0,9,
8285898,0.08,-0.88,-1.01254,0,1053.8,0,2,0,0,0,9,
8285938,0.08,-0.88,-1.01254,0,1053.8,0,2,0,0,0,9,
8285978,0.08,-0.88,-1.01254,0,1053.8,0,2,0,0,0,9,
8286017,0.08,-0.88,-1.01254,0,1053.8,0,2,0,0,0,9,
8286058,0.0749499,-0.88,-1.01629,0,1053.8,0,2,0,0,0,9,
8286098,0.07,-0.88,-1.02007,0,1053.8,0,2,0,0,0,9,
8286138,0.07,-0.88,-1.02007,0,1053.8,0,2,0,0,0,9,
8286178,0.07,-0.88,-1.02007,0,1053.8,0,2,0,0,0,9,
8286218,0.07,-0.88,-1.02007,0,1053.8,0,2,0,0,0,9,
8286258,0.07,-0.88,-1.02007,0,1053.8,0,2,0,0,0,9,
8286298,0.07,-0.88,-1.02007,0,1053.8,0,2,0,0,0,9,
8286337,0.07,-0.88,-1.02007,0,1053.8,0,2,0,0,0,9,
8286378,0.07,-0.88,-1.02007,0,1053.8,0,2,0,0,0,9,
8286418,0.07,-0.88,-1.02007,0,1053.8,0,2,0,0,0,9,
8286458,0.07,-0.88,-1.02007,0,1053.8,0,2,0,0,0,9,
8286498,0.07,-0.88,-1.02007,0,1053.8,0,2,0,0,0,9,
8286538,0.07,-0.88,-1.02007,0,1053.8,0,2,0,0,0,9,
8286578,0.07,-0.88,-1.02007,0,1053.8,0,2,0,0,0,9,
8286617,0.07,-0.88,-1.02007,0,1053.8,0,2,0,0,0,9,
8286657,0.07,-0.88,-1.02007,0,1053.8,0,2,0,0,0,9,
8286698,0.07,-0.88,-1.02007,0,1053.8,0,2,0,0,0,9,
8286738,0.07,-0.88,-1.02007,0,1053.8,0,2,0,0,0,9,
8286778,0.07,-0.88,-1.02007,0,1053.8,0,2,0,0,0,9,
8286818,0.07,-0.88,-1.02007,0,1053.8,0,2,0,0,0,9,
8286858,0.07,-0.88,-1.02007,0,1053.8,0,2,0,0,0,9,
8286898,0.07,-0.88,-1.02007,0,1053.8,0,2,0,0,0,9,
8286937,0.07,-0.88,-1.02007,0,1053.8,0,2,0,0,0,9,
8286977,0.07,-0.88,-1.02007,0,1053.8,0,2,0,0,0,9,
8287018,0.07,-0.88,-1.02007,0,1053.8,0,2,0,0,0,9,
8287058,0.07,-0.88,-1.02007,0,1053.8,0,2,0,0,0,9,
8287098,0.07,-0.88,-1.02007,0,1053.8,0,2,0,0,0,9,
8287138,0.07,-0.88,-1.02007,0,1053.8,0,2,0,0,0,9,
8287178,0.07,-0.88,-1.02007,0,1053.8,0,2,0,0,0,9,
8287218,0.07,-0.88,-1.02007,0,1053.8,0,2,0,0,0,9,
8287257,0.07,-0.88,-1.02007,0,1053.8,0,2,0,0,0,9,
8287298,0.07,-0.88,-1.02007,0,1053.8,0,2,0,0,0,9,
8287338,0.07,-0.88,-1.02007,0,1053.8,0,2,0,0,0,9,
8287378,0.07,-0.88,-1.02007,0,1053.8,0,2,0,0,0,9,
8287418,0.07,-0.88,-1.02007,0,1053.8,0,2,0,0,0,9,
8287458,0.07,-0.88,-1.02007,0,1053.8,0,2,0,0,0,9,
8287498,0.07,-0.88,-1.02007,0,1053.8,0,2,0,0,0,9,
8287538,0.07,-0.88,-1.02007,0,1053.8,0,2,0,0,0,9,
8287577,0.07,-0.88,-1.02007,0,1053.8,0,2,0,0,0,9,
8287618,0.07,-0.88,-1.02007,0,1053.8,0,2,0,0,0,9,
8287658,0.07,-0.88,-1.02007,0,1053.8,0,2,0,0,0,9,
8287698,0.07,-0.88,-1.02007,0,1053.8,0,2,0,0,0,9,
8287738,0.07,-0.88,-1.02007,0,1053.8,0,2,0,0,0,9,
8287778,0.07,-0.88,-1.02007,0,1053.8,0,2,0,0,0,9,
8287818,0.07,-0.88,-1.02007,0,1053.8,0,2,0,0,0,9,
8287858,0.07,-0.88,-1.02007,0,1053.8,0,2,0,0,0,9,
8287897,0.07,-0.88,-1.02007,0,1053.8,0,2,0,0,0,9,
8287938,0.07,-0.88,-1.02007,0,1053.8,0,2,0,0,0,9,
8287979,0.07,-0.88,-1.02007,0,1053.8,0,2,0,1,0,9,
8288018,0.07,-0.88,-1.02007,0,1053.8,0,2,0,1,0,9,
8288058,0.07,-0.88,-1.02007,0,1053.8,0,2,0,1,0,9,
8288098,0.07,-0.88,-1.02007,0,1053.8,0,2,0,1,0,9,
8288138,0.07,-0.88,-1.02007,0,1053.8,0,2,0,1,0,9,
8288178,0.07,-0.88,-1.02007,0,1053.8,0,2,0,1,0,9,
8288218,0.07,-0.88,-1.02007,0,1053.8,0,2,0,1,0,9,
8288258,0.07,-0.88,-1.02007,0,1053.8,0,2,0,1,0,9,
8288298,0.07,-0.88,-1.02007,0,1053.8,0,2,0,1,0,9,
8288338,0.07,-0.88,-1.02007,0,1053.8,0,2,0,1,0,9,
8288378,0.07,-0.88,-1.02007,0,1053.8,0,2,0,1,0,9,
8288418,0.07,-0.88,-1.02007,0,1053.8,0,2,0,1,0,9,
8288458,0.07,-0.88,-1.02007,0,1053.8,0,2,0,1,0,9,
8288497,0.07,-0.88,-1.02007,0,1053.8,0,2,0,1,0,9,
8288537,0.07,-0.88,-1.02007,0,1053.8,0,2,0,1,0,9,
8288578,0.07,-0.88,-1.02007,0,1053.8,0,2,0,1,0,9,
8288618,0.07,-0.88,-1.02007,0,1053.8,0,2,0,1,0,9,
8288658,0.07,-0.88,-1.02007,0,1053.8,0,2,0,1,0,9,
8288698,0.07,-0.88,-1.02007,0,1053.8,0,2,0,1,0,9,
8288738,0.07,-0.88,-1.02007,0,1053.8,0,2,0,1,0,9,
8288778,0.07,-0.88,-1.02007,0,1053.8,0,2,0,1,0,9,
8288817,0.07,-0.88,-1.02007,0,1053.8,0,2,0,1,0,9,
8288857,0.07,-0.88,-1.02007,0,1053.8,0,2,0,1,0,9,
8288898,0.07,-0.88,-1.02007,0,1053.8,0,2,0,1,0,9,
8288938,0.07,-0.88,-1.02007,0,1053.8,0,2,0,1,0,9,
8288978,0.07,-0.88,-1.02007,0,1053.8,0,2,0,1,0,9,
8289018,0.07,-0.88,-1.02007,0,1053.8,0,2,0,1,0,9,
8289058,0.07,-0.88,-1.02007,0,1053.8,0,2,0,1,0,9,
8289098,0.07,-0.88,-1.02007,0,1053.8,0,2,0,1,0,9,
8289137,0.07,-0.88,-1.02007,0,1053.8,0,2,0,1,0,9,
8289178,0.07,-0.88,-1.02007,0,1053.8,0,2,0,1,0,9,
8289218,0.07,-0.88,-1.02007,0,1053.8,0,2,0,1,0,9,
8289258,0.07,-0.88,-1.02007,0,1053.8,0,2,0,1,0,9,
8289298,0.07,-0.88,-1.02007,0,1053.8,0,2,0,1,0,9,
8289338,0.07,-0.88,-1.02007,0,1053.8,0,2,0,1,0,9,
8289378,0.07,-0.88,-1.02007,0,1053.8,0,2,0,1,0,9,
8289418,0.07,-0.88,-1.02007,0,1053.8,0,2,0,1,0,9,
8289457,0.07,-0.88,-1.02007,0,1053.8,0,2,0,1,0,9,
8289498,0.07,-0.88,-1.02007,0,1053.8,0,2,0,1,0,9,
8289538,0.07,-0.88,-1.02007,0,1053.8,0,2,0,1,0,9,
8289578,0.07,-0.88,-1.02007,0,1053.8,0,2,0,1,0,9,
8289618,0.07,-0.88,-1.02007,0,1053.8,0,2,0,1,0,9,
8289658,0.07,-0.88,-1.02007,0,1053.8,0,2,0,1,0,9,
8289698,0.07,-0.88,-1.02007,0,1053.8,0,2,0,1,0,9,
8289738,0.07,-0.88,-1.02007,0,1053.8,0,2,0,1,0,9,
8289778,0.07,-0.88,-1.02007,0,1053.8,0,2,0,2,0,9,
8289819,0.07,-0.88,-1.02007,0,1053.8,0,2,0,2,0,9,
8289858,0.07,-0.88,-1.02007,0,1053.8,0,2,0,2,0,9,
8289898,0.07,-0.88,-1.02007,0,1053.8,0,2,0,2,0,9,
8289938,0.07,-0.88,-1.02007,0,1053.8,0,2,0,2,0,9,
8289978,0.07,-0.88,-1.02007,0,1053.8,0,2,0,2,0,9,
8290018,0.07,-0.88,-1.02007,0,1053.8,0,2,0,2,0,9,
8290058,0.07,-0.88,-1.02007,0,1053.8,0,2,0,2,0,9,
8290097,0.07,-0.88,-1.02007,0,1053.8,0,2,0,2,0,9,
8290138,0.07,-0.88,-1.02007,0,1053.8,0,2,0,2,0,9,
8290178,0.07,-0.88,-1.02007,0,1053.8,0,2,0,2,0,9,
8290218,0.07,-0.88,-1.02007,0,1053.8,0,2,0,2,0,9,
8290258,0.07,-0.88,-1.02007,0,1053.8,0,2,0,2,0,9,
8290298,0.07,-0.88,-1.02007,0,1053.8,0,2,0,2,0,9,
8290338,0.07,-0.88,-1.02007,0,1053.8,0,2,0,2,0,9,
8290377,0.07,-0.88,-1.02007,0,1053.8,0,2,0,2,0,9,
8290417,0.07,-0.88,-1.02007,0,1053.8,0,2,0,2,0,9,
8290458,0.07,-0.88,-1.02007,0,1053.8,0,2,0,2,0,9,
