milisec,RacketX,RacketY,RacketZ,forceX,forceX,forceX,ForceRatio,FriendPoint,EnemyPoint,haptics,scene
282887222,0,0,0,7651.44,4.10982,-8543.95,8,0,0,0,0,
282887253,-1.48435,-0.88,1.49306,1554.7,843.04,-1746.03,1.6,0,0,0,0,
282887264,-1.48435,-0.88,1.49306,583.011,316.14,-654.761,0.6,0,0,0,0,
282887304,-1.48435,-0.88,1.49306,1943.37,1053.8,-2182.54,2,0,0,0,0,
282887345,-1.48435,-0.88,1.49306,1943.37,1053.8,-2182.54,2,0,0,0,0,
282887385,-1.48435,-0.88,1.49306,1943.37,1053.8,-2182.54,2,0,0,0,0,
282887424,-1.48435,-0.88,1.49306,1943.37,1053.8,-2182.54,2,0,0,0,0,
282887482,-1.48435,-0.88,1.49306,2720.72,1475.32,-3055.55,2.8,0,0,0,0,
282887504,-1.48435,-0.88,1.49306,1166.02,632.28,-1309.52,1.2,0,0,0,0,
282887554,-1.48435,-0.88,1.49306,2332.04,1264.56,-2619.04,2.4,0,0,0,0,
282887584,-1.48435,-0.88,1.49306,1554.7,843.04,-1746.03,1.6,0,0,0,0,
282887624,-1.48435,-0.88,1.49306,1943.37,1053.8,-2182.54,2,0,0,0,0,
282887665,-1.48435,-0.88,1.49306,1943.37,1053.8,-2182.54,2,0,0,0,0,
282887704,-1.48435,-0.88,1.49306,1943.37,1053.8,-2182.54,2,0,0,0,0,
282887744,-1.48435,-0.88,1.49306,1943.37,1053.8,-2182.54,2,0,0,0,0,
282887784,-1.48435,-0.88,1.49306,1943.37,1053.8,-2182.54,2,0,0,0,0,
282887824,-1.48435,-0.88,1.49306,1943.37,1053.8,-2182.54,2,0,0,0,0,
282887864,-1.48435,-0.88,1.49306,1943.37,1053.8,-2182.54,2,0,0,0,0,
282887904,-1.48435,-0.88,1.49306,1943.37,1053.8,-2182.54,2,0,0,0,0,
282887944,-1.48435,-0.88,1.49306,1943.37,1053.8,-2182.54,2,0,0,0,0,
282887985,-1.48435,-0.88,1.49306,1943.37,1053.8,-2182.54,2,0,0,0,0,
282888024,-1.48435,-0.88,1.49306,1943.37,1053.8,-2182.54,2,0,0,0,0,
282888064,-1.48435,-0.88,1.49306,1943.37,1053.8,-2182.54,2,0,0,0,0,
282888104,-1.48435,-0.88,1.49306,1943.37,1053.8,-2182.54,2,0,0,0,0,
282888144,-1.48435,-0.88,1.49306,1943.37,1053.8,-2182.54,2,0,0,0,0,
282888184,-1.48435,-0.88,1.49306,1943.37,1053.8,-2182.54,2,0,0,0,0,
282888224,-1.48435,-0.88,1.49306,1943.37,1053.8,-2182.54,2,0,0,0,0,
282888264,-1.48435,-0.88,1.49306,1943.37,1053.8,-2182.54,2,0,0,0,0,
282888305,-1.48435,-0.88,1.49306,1943.37,1053.8,-2182.54,2,0,0,0,0,
282888344,-1.48435,-0.88,1.49306,1943.37,1053.8,-2182.54,2,0,0,0,0,
282888384,-1.48435,-0.88,1.49306,1943.37,1053.8,-2182.54,2,0,0,0,0,
282888424,-1.48435,-0.88,1.49306,1943.37,1053.8,-2182.54,2,0,0,0,0,
282888464,-1.48435,-0.88,1.49306,1943.37,1053.8,-2182.54,2,0,0,0,0,
282888504,-1.48435,-0.88,1.49306,1943.37,1053.8,-2182.54,2,0,0,0,0,
282888544,-1.48435,-0.88,1.49306,1943.37,1053.8,-2182.54,2,0,0,0,0,
282888584,-1.48435,-0.88,1.49306,1943.37,1053.8,-2182.54,2,0,0,0,0,
282888625,-1.48435,-0.88,1.49306,1943.37,1053.8,-2182.54,2,0,0,0,0,
282888664,0.06495,-0.88,0.80625,971.685,1053.8,-1427.04,2,0,0,0,0,
282888704,0.06495,-0.88,0.80625,0,1053.8,-671.55,2,0,0,0,0,
282888744,0.06495,-0.88,0.80625,0,1053.8,-671.55,2,0,0,0,0,
282888784,0.06495,-0.88,0.80625,0,1053.8,-671.55,2,0,0,0,0,
282888824,0.06495,-0.88,0.80625,0,1053.8,-671.55,2,0,0,0,0,
282888864,0.06495,-0.88,0.80625,0,1053.8,-671.55,2,0,0,0,0,
282888905,0.06495,-0.88,0.80625,0,1053.8,-671.55,2,0,0,0,0,
282888945,0.06495,-0.88,0.80625,0,1053.8,-671.55,2,0,0,0,0,
282888984,0.06495,-0.88,0.80625,0,1053.8,-671.55,2,0,0,0,0,
282889024,0.06495,-0.88,0.80625,0,1053.8,-671.55,2,0,0,0,0,
282889064,0.06495,-0.88,0.80625,0,1053.8,-671.55,2,0,0,0,0,
282889104,0.06495,-0.88,0.80625,0,1053.8,-671.55,2,0,0,0,0,
282889144,0.06495,-0.88,0.80625,0,1053.8,-671.55,2,0,0,0,0,
282889184,0.06495,-0.88,0.80625,0,1053.8,-671.55,2,0,0,0,0,
282889225,0.06495,-0.88,0.80625,0,1053.8,-671.55,2,0,0,0,0,
282889265,0.06495,-0.88,0.80625,0,1053.8,-671.55,2,0,0,0,0,
282889304,0.06495,-0.88,0.80625,0,1053.8,-671.55,2,0,0,0,0,
282889344,0.06495,-0.88,0.80625,0,1053.8,-671.55,2,0,0,0,0,
282889384,0.06495,-0.88,0.80625,0,1053.8,-671.55,2,0,0,0,0,
282889424,0.06495,-0.88,0.80625,0,1053.8,-671.55,2,0,0,0,0,
282889464,0.06495,-0.88,0.80625,0,1053.8,-671.55,2,0,0,0,0,
282889504,0.06495,-0.88,0.80625,0,1053.8,-671.55,2,0,0,0,0,
282889545,0.06495,-0.88,0.80625,0,1053.8,-671.55,2,0,0,0,0,
282889584,0.06495,-0.88,0.80625,0,1053.8,-671.55,2,0,0,0,0,
282889624,0.06495,-0.88,0.80625,0,1053.8,-671.55,2,0,0,0,0,
282889664,0.06495,-0.88,0.80625,0,1053.8,-671.55,2,0,0,0,0,
282889704,0.06495,-0.88,0.80625,0,1053.8,-671.55,2,0,0,0,9,
282889744,0.06495,-0.88,0.80625,0,1053.8,-671.55,2,0,0,0,9,
282889784,0.06495,-0.88,0.80625,0,1053.8,-671.55,2,0,0,0,9,
282889824,0.06495,-0.88,0.80625,0,1053.8,-671.55,2,0,0,0,9,
282889865,0.06495,-0.88,0.80625,0,1053.8,-671.55,2,0,0,0,9,
282889904,0.06495,-0.88,0.80625,0,1053.8,-671.55,2,0,0,0,9,
282889944,0.06495,-0.88,0.80625,0,1053.8,-671.55,2,0,0,0,9,
282889984,0.06495,-0.88,0.80625,0,1053.8,-671.55,2,0,0,0,9,
282890024,0.06495,-0.88,0.80625,0,1053.8,-671.55,2,0,0,0,9,
282890064,0.06495,-0.88,0.80625,0,1053.8,-671.55,2,0,0,0,9,
282890104,0.06495,-0.88,0.80625,0,1053.8,-671.55,2,0,0,0,9,
282890144,0.06495,-0.88,0.80625,0,1053.8,-671.55,2,0,0,0,9,
282890185,0.06495,-0.88,0.80625,0,1053.8,-671.55,2,0,0,0,9,
282890224,0.06495,-0.88,0.80625,0,1053.8,-671.55,2,0,0,0,9,
282890264,0.06495,-0.88,0.80625,0,1053.8,-671.55,2,0,0,0,9,
282890304,0.06495,-0.88,0.80625,0,1053.8,-671.55,2,0,0,0,9,
282890344,0.06495,-0.88,0.80625,0,1053.8,-671.55,2,0,0,0,9,
282890384,0.06495,-0.88,0.80625,0,1053.8,-671.55,2,0,0,0,9,
282890424,0.06495,-0.88,0.80625,0,1053.8,-671.55,2,0,0,0,9,
282890464,0.06495,-0.88,0.80625,0,1053.8,-671.55,2,0,0,0,9,
282890505,0.06495,-0.88,0.80625,0,1053.8,-671.55,2,0,0,0,9,
282890544,0.06495,-0.88,0.80625,0,1053.8,-671.55,2,0,0,0,9,
282890584,0.06495,-0.88,0.80625,0,1053.8,-671.55,2,0,0,0,9,
282890624,0.06495,-0.88,0.80625,0,1053.8,-671.55,2,0,0,0,9,
282890664,0.06495,-0.88,0.80625,0,1053.8,-671.55,2,0,0,0,9,
282890704,0.06495,-0.88,0.80625,0,1053.8,-671.55,2,0,0,0,9,
282890744,0.06495,-0.88,0.80625,0,1053.8,-671.55,2,0,0,0,9,
282890785,0.06495,-0.88,0.80625,0,1053.8,-671.55,2,0,0,0,9,
282890825,0.06495,-0.88,0.80625,0,1053.8,-671.55,2,0,0,0,9,
282890864,0.06495,-0.88,0.80625,0,1053.8,-671.55,2,0,0,0,9,
282890904,0.06495,-0.88,0.80625,0,1053.8,-671.55,2,0,0,0,9,
282890944,0.06495,-0.88,0.80625,0,1053.8,-671.55,2,0,0,0,9,
282890984,0.06495,-0.88,0.80625,0,1053.8,-671.55,2,0,0,0,9,
282891024,0.06495,-0.88,0.80625,0,1053.8,-671.55,2,0,0,0,9,
282891064,0.06495,-0.88,0.80625,0,1053.8,-671.55,2,0,0,0,9,
282891105,0.06495,-0.88,0.80625,0,1053.8,-671.55,2,0,0,0,9,
282891145,0.06495,-0.88,0.80625,0,1053.8,-671.55,2,0,0,0,9,
282891184,0.06495,-0.88,0.80625,0,1053.8,-671.55,2,0,0,0,9,
282891224,0.06495,-0.88,0.80625,0,1053.8,-671.55,2,0,0,0,9,
282891264,0.06495,-0.88,0.80625,0,1053.8,-671.55,2,0,0,0,9,
282891304,0.06495,-0.88,0.80625,0,1053.8,-671.55,2,0,0,0,9,
282891344,0.06495,-0.88,0.80625,0,1053.8,-671.55,2,0,0,0,9,
282891384,0.06495,-0.88,0.80625,0,1053.8,-671.55,2,0,0,0,9,
282891425,0.06495,-0.88,0.80625,0,1053.8,-671.55,2,0,0,0,9,
282891464,0.06495,-0.88,0.80625,0,1053.8,-671.55,2,0,0,0,9,
282891504,0.06495,-0.88,0.80625,0,1053.8,-671.55,2,0,0,0,9,
282891544,0.06495,-0.88,0.80625,0,1053.8,-671.55,2,0,0,0,9,
282891584,0.06495,-0.88,0.80625,0,1053.8,-671.55,2,0,0,0,9,
282891624,0.06495,-0.88,0.80625,0,1053.8,-671.55,2,0,0,0,9,
282891664,0.06495,-0.88,0.80625,0,1053.8,-671.55,2,0,0,0,9,
282891704,0.06495,-0.88,0.80625,0,1053.8,-671.55,2,0,0,0,9,
282891745,0.06495,-0.88,0.80625,0,1053.8,-671.55,2,0,0,0,9,
282891784,0.06495,-0.88,0.80625,0,1053.8,-671.55,2,0,0,0,9,
282891824,0.06495,-0.88,0.80625,0,1053.8,-671.55,2,0,0,0,9,
282891864,0.06495,-0.88,0.80625,0,1053.8,-671.55,2,0,0,0,9,
282891904,0.06495,-0.88,0.80625,0,1053.8,-671.55,2,0,0,0,9,
282891944,0.06495,-0.88,0.80625,0,1053.8,-671.55,2,0,0,0,9,
282891984,0.06495,-0.88,0.80625,0,1053.8,-671.55,2,0,0,0,9,
282892024,0.06495,-0.88,0.80625,0,1053.8,-671.55,2,0,0,0,9,
282892065,0.06495,-0.88,0.80625,0,1053.8,-671.55,2,0,0,0,9,
282892104,0.06495,-0.88,0.80625,0,1053.8,-671.55,2,0,0,0,9,
282892144,0.06495,-0.88,0.80625,0,1053.8,-671.55,2,0,0,0,9,
282892184,0.06495,-0.88,0.80625,0,1053.8,-671.55,2,0,0,0,9,
282892224,0.06495,-0.88,0.80625,0,1053.8,-671.55,2,0,0,0,9,
282892264,0.06495,-0.88,0.80625,0,1053.8,-671.55,2,0,0,0,9,
282892304,0.06495,-0.88,0.80625,0,1053.8,-671.55,2,0,0,0,9,
282892344,0.06495,-0.88,0.80625,0,1053.8,-671.55,2,0,0,0,9,
282892385,0.06495,-0.88,0.80625,0,1053.8,-671.55,2,0,0,0,9,
282892424,0.06495,-0.88,0.80625,0,1053.8,-671.55,2,0,0,0,9,
282892464,0.06495,-0.88,0.80625,0,1053.8,-671.55,2,0,0,0,9,
282892504,0.06495,-0.88,0.80625,0,1053.8,-671.55,2,0,0,0,9,
282892544,0.06495,-0.88,0.80625,0,1053.8,-671.55,2,0,0,0,9,
282892584,0.06495,-0.88,0.80625,0,1053.8,-671.55,2,0,0,0,9,
282892624,0.06495,-0.88,0.80625,0,1053.8,-671.55,2,0,0,0,9,
282892665,0.06495,-0.88,0.80625,0,1053.8,-671.55,2,0,0,0,9,
282892705,0.06495,-0.88,0.80625,0,1053.8,-671.55,2,0,0,0,9,
282892744,0.06495,-0.88,0.80625,0,1053.8,-671.55,2,0,0,0,9,
282892784,0.06495,-0.88,0.80625,0,1053.8,-671.55,2,0,0,0,9,
282892824,0.06495,-0.88,0.80625,0,1053.8,-671.55,2,0,0,0,9,
282892864,0.06495,-0.88,0.80625,0,1053.8,-671.55,2,0,0,0,9,
282892904,0.06495,-0.88,0.80625,0,1053.8,-671.55,2,0,0,0,9,
282892944,0.06495,-0.88,0.80625,0,1053.8,-671.55,2,0,0,0,9,
282892985,0.06495,-0.88,0.80625,0,1053.8,-671.55,2,0,0,0,9,
282893025,0.06495,-0.88,0.80625,0,1053.8,-671.55,2,0,0,0,9,
282893064,0.06495,-0.88,0.80625,0,1053.8,-671.55,2,0,0,0,9,
282893104,0.06495,-0.88,0.80625,0,1053.8,-671.55,2,0,0,0,9,
282893144,0.06495,-0.88,0.80625,0,1053.8,-671.55,2,0,0,0,9,
282893184,0.06495,-0.88,0.80625,0,1053.8,-671.55,2,0,0,0,9,
282893224,0.06495,-0.88,0.80625,0,1053.8,-671.55,2,0,0,0,9,
282893264,0.06495,-0.88,0.80625,0,1053.8,-671.55,2,0,0,0,9,
282893305,0.06495,-0.88,0.80625,0,1053.8,-671.55,2,0,0,0,9,
282893344,0.06495,-0.88,0.80625,0,1053.8,-671.55,2,0,0,0,9,
282893384,0.06495,-0.88,0.80625,0,1053.8,-671.55,2,0,0,0,9,
282893424,0.06495,-0.88,0.80625,0,1053.8,-671.55,2,0,0,0,9,
282893464,0.06495,-0.88,0.80625,0,1053.8,-671.55,2,0,0,0,9,
282893504,0.06495,-0.88,0.80625,0,1053.8,-671.55,2,0,0,0,9,
282893544,0.06495,-0.88,0.80625,0,1053.8,-671.55,2,0,0,0,9,
282893584,0.06495,-0.88,0.80625,0,1053.8,-671.55,2,0,0,0,9,
282893625,0.06495,-0.88,0.80625,0,1053.8,-671.55,2,0,0,0,9,
282893664,0.06495,-0.88,0.80625,0,1053.8,-671.55,2,0,0,0,9,
282893704,0.06495,-0.88,0.80625,0,1053.8,-671.55,2,0,0,0,9,
282893744,0.06495,-0.88,0.80625,0,1053.8,-671.55,2,0,0,0,9,
282893784,0.06495,-0.88,0.80625,0,1053.8,-671.55,2,0,0,0,9,
282893824,0.06495,-0.88,0.80625,0,1053.8,-671.55,2,0,0,0,9,
282893864,0.06495,-0.88,0.80625,0,1053.8,-671.55,2,0,0,0,9,
282893904,0.06495,-0.88,0.80625,0,1053.8,-671.55,2,0,0,0,9,
282893945,0.06495,-0.88,0.80625,0,1053.8,-671.55,2,0,0,0,9,
282893984,0.06495,-0.88,0.80625,0,1053.8,-671.55,2,0,0,0,9,
282894024,0.06495,-0.88,0.80625,0,1053.8,-671.55,2,0,0,0,9,
282894064,0.06495,-0.88,0.80625,0,1053.8,-671.55,2,0,0,0,9,
282894104,0.06495,-0.88,0.80625,0,1053.8,-671.55,2,0,0,0,9,
282894144,0.06495,-0.88,0.80625,0,1053.8,-671.55,2,0,0,0,9,
282894184,0.06495,-0.88,0.80625,0,1053.8,-671.55,2,0,0,0,9,
282894224,0.06495,-0.88,0.80625,0,1053.8,-671.55,2,0,0,0,9,
282894265,0.06495,-0.88,0.80625,0,1053.8,-671.55,2,0,0,0,9,
