milisec,RacketX,RacketY,RacketZ,forceX,forceX,forceX,ForceRatio,FriendPoint,EnemyPoint,haptics,scene
22644884,0,0,0,7625.53,4109.82,-8526.12,8,0,0,0,0,
22644919,-1.4765,-0.88,1.48789,1733.49,948.42,-1954.04,1.8,0,0,0,0,
22644927,-1.4765,-0.88,1.48789,385.22,210.76,-434.23,0.4,0,0,0,0,
22644966,-1.4765,-0.88,1.48789,1926.1,1053.8,-2171.15,2,0,0,0,0,
22645006,-1.4765,-0.88,1.48789,1926.1,1053.8,-2171.15,2,0,0,0,0,
22645047,-1.4765,-0.88,1.48789,1926.1,1053.8,-2171.15,2,0,0,0,0,
22645086,-1.4765,-0.88,1.48789,1926.1,1053.8,-2171.15,2,0,0,0,0,
22645147,-1.4765,-0.88,1.48789,2889.15,1580.7,-3256.73,3,0,0,0,0,
22645166,-1.4765,-0.88,1.48789,963.05,526.9,-1085.58,1,0,0,0,0,
22645216,-1.4765,-0.88,1.48789,2311.32,1264.56,-2605.38,2.4,0,0,0,0,
22645246,-1.4765,-0.88,1.48789,1540.88,843.04,-1736.92,1.6,0,0,0,0,
22645286,-1.4765,-0.88,1.48789,1926.1,1053.8,-2171.15,2,0,0,0,0,
22645326,-1.4765,-0.88,1.48789,1926.1,1053.8,-2171.15,2,0,0,0,0,
22645366,-1.4765,-0.88,1.48789,1926.1,1053.8,-2171.15,2,0,0,0,0,
22645406,-1.4765,-0.88,1.48789,1926.1,1053.8,-2171.15,2,0,0,0,0,
22645446,-1.4765,-0.88,1.48789,1926.1,1053.8,-2171.15,2,0,0,0,0,
22645486,-1.4765,-0.88,1.48789,1926.1,1053.8,-2171.15,2,0,0,0,0,
22645526,-1.4765,-0.88,1.48789,1926.1,1053.8,-2171.15,2,0,0,0,0,
22645566,-1.4765,-0.88,1.48789,1926.1,1053.8,-2171.15,2,0,0,0,0,
22645606,-1.4765,-0.88,1.48789,1926.1,1053.8,-2171.15,2,0,0,0,0,
22645646,-1.4765,-0.88,1.48789,1926.1,1053.8,-2171.15,2,0,0,0,0,
22645686,-1.4765,-0.88,1.48789,1926.1,1053.8,-2171.15,2,0,0,0,0,
22645726,-1.4765,-0.88,1.48789,1926.1,1053.8,-2171.15,2,0,0,0,0,
22645766,-1.4765,-0.88,1.48789,1926.1,1053.8,-2171.15,2,0,0,0,0,
22645806,-1.4765,-0.88,1.48789,1926.1,1053.8,-2171.15,2,0,0,0,0,
22645846,-1.4765,-0.88,1.48789,1926.1,1053.8,-2171.15,2,0,0,0,0,
22645886,-1.4765,-0.88,1.48789,1926.1,1053.8,-2171.15,2,0,0,0,0,
22645926,-1.4765,-0.88,1.48789,1926.1,1053.8,-2171.15,2,0,0,0,0,
22645967,-1.4765,-0.88,1.48789,1926.1,1053.8,-2171.15,2,0,0,0,0,
22646006,-1.4765,-0.88,1.48789,1926.1,1053.8,-2171.15,2,0,0,0,0,
22646046,-1.4765,-0.88,1.48789,1926.1,1053.8,-2171.15,2,0,0,0,0,
22646086,-1.4765,-0.88,1.48789,1926.1,1053.8,-2171.15,2,0,0,0,0,
22646126,-1.4765,-0.88,1.48789,1926.1,1053.8,-2171.15,2,0,0,0,0,
22646166,-1.4765,-0.88,1.48789,1926.1,1053.8,-2171.15,2,0,0,0,0,
22646206,-1.4765,-0.88,1.48789,1926.1,1053.8,-2171.15,2,0,0,0,0,
22646246,-1.4765,-0.88,1.48789,1926.1,1053.8,-2171.15,2,0,0,0,0,
22646287,-1.4765,-0.88,1.48789,1926.1,1053.8,-2171.15,2,0,0,0,0,
22646326,-1.4765,-0.88,1.48789,1926.1,1053.8,-2171.15,2,0,0,0,0,
22646366,-1.4765,-0.88,1.48789,1926.1,1053.8,-2171.15,2,0,0,0,0,
22646406,-1.4765,-0.88,1.48789,1926.1,1053.8,-2171.15,2,0,0,0,0,
22646446,-1.4765,-0.88,1.48789,1926.1,1053.8,-2171.15,2,0,0,0,0,
22646486,-1.4765,-0.88,1.48789,1926.1,1053.8,-2171.15,2,0,0,0,0,
22646526,-1.4765,-0.88,1.48789,1926.1,1053.8,-2171.15,2,0,0,0,0,
22646566,-1.4765,-0.88,1.48789,1926.1,1053.8,-2171.15,2,0,0,0,0,
22646607,-1.4765,-0.88,1.48789,1926.1,1053.8,-2171.15,2,0,0,0,0,
22646646,-1.4765,-0.88,1.48789,1926.1,1053.8,-2171.15,2,0,0,0,0,
22646686,-1.4765,-0.88,1.48789,1926.1,1053.8,-2171.15,2,0,0,0,0,
22646726,-1.4765,-0.88,1.48789,1926.1,1053.8,-2171.15,2,0,0,0,0,
22646766,-1.4765,-0.88,1.48789,1926.1,1053.8,-2171.15,2,0,0,0,0,
22646806,-1.4765,-0.88,1.48789,1926.1,1053.8,-2171.15,2,0,0,0,0,
22646846,-1.4765,-0.88,1.48789,1926.1,1053.8,-2171.15,2,0,0,0,0,
22646886,-1.4765,-0.88,1.48789,1926.1,1053.8,-2171.15,2,0,0,0,0,
22646927,-1.4765,-0.88,1.48789,1926.1,1053.8,-2171.15,2,0,0,0,0,
22646966,-1.4765,-0.88,1.48789,1926.1,1053.8,-2171.15,2,0,0,0,0,
22647006,-1.4765,-0.88,1.48789,1926.1,1053.8,-2171.15,2,0,0,0,0,
22647046,-1.4765,-0.88,1.48789,1926.1,1053.8,-2171.15,2,0,0,0,0,
22647086,-1.4765,-0.88,1.48789,1926.1,1053.8,-2171.15,2,0,0,0,0,
22647126,-1.4765,-0.88,1.48789,1926.1,1053.8,-2171.15,2,0,0,0,0,
22647166,-1.4765,-0.88,1.48789,1926.1,1053.8,-2171.15,2,0,0,0,0,
22647206,-1.4765,-0.88,1.48789,1926.1,1053.8,-2171.15,2,0,0,0,0,
22647246,-1.4765,-0.88,1.48789,1926.1,1053.8,-2171.15,2,0,0,0,0,
22647286,-1.4765,-0.88,1.48789,1926.1,1053.8,-2171.15,2,0,0,0,0,
22647326,-1.4765,-0.88,1.48789,1926.1,1053.8,-2171.15,2,0,0,0,0,
22647366,-1.4765,-0.88,1.48789,1926.1,1053.8,-2171.15,2,0,0,0,0,
22647406,-1.4765,-0.88,1.48789,1926.1,1053.8,-2171.15,2,0,0,0,0,
22647446,-1.4765,-0.88,1.48789,1926.1,1053.8,-2171.15,2,0,0,0,0,
22647486,-1.4765,-0.88,1.48789,1926.1,1053.8,-2171.15,2,0,0,0,0,
22647526,-1.4765,-0.88,1.48789,1926.1,1053.8,-2171.15,2,0,0,0,0,
22647566,-1.4765,-0.88,1.48789,1926.1,1053.8,-2171.15,2,0,0,0,0,
22647606,-1.4765,-0.88,1.48789,1926.1,1053.8,-2171.15,2,0,0,0,0,
22647646,-1.4765,-0.88,1.48789,1926.1,1053.8,-2171.15,2,0,0,0,0,
22647686,-1.4765,-0.88,1.48789,1926.1,1053.8,-2171.15,2,0,0,0,0,
22647726,-1.4765,-0.88,1.48789,1926.1,1053.8,-2171.15,2,0,0,0,0,
22647766,-1.4765,-0.88,1.48789,1926.1,1053.8,-2171.15,2,0,0,0,0,
22647806,-1.4765,-0.88,1.48789,1926.1,1053.8,-2171.15,2,0,0,0,0,
22647865,-1.4765,-0.88,1.48789,2696.54,1475.32,-3039.61,2.8,0,0,0,8,
22647887,-1.4765,-0.88,1.48789,1155.66,632.28,-1302.69,1.2,0,0,0,8,
22647926,-1.4765,-0.88,1.48789,1926.1,1053.8,-2171.15,2,0,0,0,8,
22647966,-1.4765,-0.88,1.48789,1926.1,1053.8,-2171.15,2,0,0,0,8,
22648006,-1.4765,-0.88,1.48789,1926.1,1053.8,-2171.15,2,0,0,0,8,
22648046,-1.4765,-0.88,1.48789,1926.1,1053.8,-2171.15,2,0,0,0,8,
22648086,-1.4765,-0.88,1.48789,1926.1,1053.8,-2171.15,2,0,0,0,8,
22648126,-1.4765,-0.88,1.48789,1926.1,1053.8,-2171.15,2,0,0,0,8,
22648167,-1.4765,-0.88,1.48789,1926.1,1053.8,-2171.15,2,0,0,0,8,
22648206,-1.4765,-0.88,1.48789,1926.1,1053.8,-2171.15,2,0,0,0,8,
22648246,-1.4765,-0.88,1.48789,1926.1,1053.8,-2171.15,2,0,0,0,8,
22648286,-1.4765,-0.88,1.48789,1926.1,1053.8,-2171.15,2,0,0,0,8,
22648326,-1.4765,-0.88,1.48789,1926.1,1053.8,-2171.15,2,0,0,0,8,
22648366,-1.4765,-0.88,1.48789,1926.1,1053.8,-2171.15,2,0,0,0,8,
22648406,-1.4765,-0.88,1.48789,1926.1,1053.8,-2171.15,2,0,0,0,8,
22648446,-1.4765,-0.88,1.48789,1926.1,1053.8,-2171.15,2,0,0,0,8,
22648487,-1.4765,-0.88,1.48789,1926.1,1053.8,-2171.15,2,0,0,0,8,
22648526,-1.4765,-0.88,1.48789,1926.1,1053.8,-2171.15,2,0,0,0,8,
22648566,-1.4765,-0.88,1.48789,1926.1,1053.8,-2171.15,2,0,0,0,8,
22648606,-1.4765,-0.88,1.48789,1926.1,1053.8,-2171.15,2,0,0,0,8,
22648646,-1.4765,-0.88,1.48789,1926.1,1053.8,-2171.15,2,0,0,0,8,
22648687,-1.4765,-0.88,1.48789,1926.1,1053.8,-2171.15,2,0,0,0,8,
22648726,-1.4765,-0.88,1.48789,1926.1,1053.8,-2171.15,2,0,0,0,8,
22648766,-1.4765,-0.88,1.48789,1926.1,1053.8,-2171.15,2,0,0,0,8,
22648807,-1.4765,-0.88,1.48789,1926.1,1053.8,-2171.15,2,0,0,0,8,
22648846,-1.4765,-0.88,1.48789,1926.1,1053.8,-2171.15,2,0,0,0,8,
22648887,-1.4765,-0.88,1.48789,1926.1,1053.8,-2171.15,2,0,0,0,8,
22648926,-1.4765,-0.88,1.48789,1926.1,1053.8,-2171.15,2,0,0,0,8,
22648966,-1.4765,-0.88,1.48789,1926.1,1053.8,-2171.15,2,0,0,0,8,
22649006,-1.4765,-0.88,1.48789,1926.1,1053.8,-2171.15,2,0,0,0,8,
22649046,-1.4765,-0.88,1.48789,1926.1,1053.8,-2171.15,2,0,0,0,8,
22649086,-1.4765,-0.88,1.48789,1926.1,1053.8,-2171.15,2,0,0,0,8,
22649126,-1.4765,-0.88,1.48789,1926.1,1053.8,-2171.15,2,0,0,0,8,
22649166,-1.4765,-0.88,1.48789,1926.1,1053.8,-2171.15,2,0,0,0,8,
22649207,-1.4765,-0.88,1.48789,1926.1,1053.8,-2171.15,2,0,0,0,8,
22649246,-1.4765,-0.88,1.48789,1926.1,1053.8,-2171.15,2,0,0,0,8,
22649286,-1.4765,-0.88,1.48789,1926.1,1053.8,-2171.15,2,0,0,0,8,
22649326,-1.4765,-0.88,1.48789,1926.1,1053.8,-2171.15,2,0,0,0,8,
22649367,-1.4765,-0.88,1.48789,1926.1,1053.8,-2171.15,2,0,0,0,8,
22649406,-1.4765,-0.88,1.48789,1926.1,1053.8,-2171.15,2,0,0,0,8,
22649446,-1.4765,-0.88,1.48789,1926.1,1053.8,-2171.15,2,0,0,0,8,
22649486,-1.4765,-0.88,1.48789,1926.1,1053.8,-2171.15,2,0,0,0,8,
22649526,-1.4765,-0.88,1.48789,1926.1,1053.8,-2171.15,2,0,0,0,8,
22649566,-1.4765,-0.88,1.48789,1926.1,1053.8,-2171.15,2,0,0,0,8,
22649606,-1.4765,-0.88,1.48789,1926.1,1053.8,-2171.15,2,0,0,0,8,
22649646,-1.4765,-0.88,1.48789,1926.1,1053.8,-2171.15,2,0,0,0,8,
22649686,-1.4765,-0.88,1.48789,1926.1,1053.8,-2171.15,2,0,0,0,8,
22649727,-1.4765,-0.88,1.48789,1926.1,1053.8,-2171.15,2,0,0,0,8,
22649766,-1.4765,-0.88,1.48789,1926.1,1053.8,-2171.15,2,0,0,0,8,
22649806,-1.4765,-0.88,1.48789,1926.1,1053.8,-2171.15,2,0,0,0,8,
22649846,-1.4765,-0.88,1.48789,1926.1,1053.8,-2171.15,2,0,0,0,8,
22649886,-1.4765,-0.88,1.48789,1926.1,1053.8,-2171.15,2,0,0,0,8,
22649926,-1.4765,-0.88,1.48789,1926.1,1053.8,-2171.15,2,0,0,0,8,
22649966,-1.4765,-0.88,1.48789,1926.1,1053.8,-2171.15,2,0,0,0,8,
22650006,-1.4765,-0.88,1.48789,1926.1,1053.8,-2171.15,2,0,0,0,8,
22650047,-1.4765,-0.88,1.48789,1926.1,1053.8,-2171.15,2,0,0,0,8,
22650086,-1.4765,-0.88,1.48789,1926.1,1053.8,-2171.15,2,0,0,0,8,
22650126,-1.4765,-0.88,1.48789,1926.1,1053.8,-2171.15,2,0,0,0,8,
22650167,-1.4765,-0.88,1.48789,1926.1,1053.8,-2171.15,2,0,0,0,8,
22650206,-1.4765,-0.88,1.48789,1926.1,1053.8,-2171.15,2,0,0,0,8,
22650246,-1.4765,-0.88,1.48789,1926.1,1053.8,-2171.15,2,0,0,0,8,
22650286,-1.4765,-0.88,1.48789,1926.1,1053.8,-2171.15,2,0,0,0,8,
22650326,-1.4765,-0.88,1.48789,1926.1,1053.8,-2171.15,2,0,0,0,8,
22650367,-1.4765,-0.88,1.48789,1926.1,1053.8,-2171.15,2,0,0,0,8,
22650406,-1.4765,-0.88,1.48789,1926.1,1053.8,-2171.15,2,0,0,0,8,
22650446,-1.4765,-0.88,1.48789,1926.1,1053.8,-2171.15,2,0,0,0,8,
22650486,-1.4765,-0.88,1.48789,1926.1,1053.8,-2171.15,2,0,0,0,8,
22650526,-1.4765,-0.88,1.48789,1926.1,1053.8,-2171.15,2,0,0,0,8,
22650566,-1.4765,-0.88,1.48789,1926.1,1053.8,-2171.15,2,0,0,0,8,
22650606,-1.4765,-0.88,1.48789,1926.1,1053.8,-2171.15,2,0,0,0,8,
22650646,-1.4765,-0.88,1.48789,1926.1,1053.8,-2171.15,2,0,0,0,8,
22650687,-1.4765,-0.88,1.48789,1926.1,1053.8,-2171.15,2,0,0,0,8,
22650726,-1.4765,-0.88,1.48789,1926.1,1053.8,-2171.15,2,0,0,0,8,
22650766,-1.4765,-0.88,1.48789,1926.1,1053.8,-2171.15,2,0,0,0,8,
22650806,-1.4765,-0.88,1.48789,1926.1,1053.8,-2171.15,2,0,0,0,8,
22650846,-1.4765,-0.88,1.48789,1926.1,1053.8,-2171.15,2,0,0,0,8,
22650886,-1.4765,-0.88,1.48789,1926.1,1053.8,-2171.15,2,0,0,0,8,
22650926,-1.4765,-0.88,1.48789,1926.1,1053.8,-2171.15,2,0,0,0,8,
22650966,-1.4765,-0.88,1.48789,1926.1,1053.8,-2171.15,2,0,0,0,8,
22651006,-1.4765,-0.88,1.48789,1926.1,1053.8,-2171.15,2,0,0,0,8,
22651046,-1.4765,-0.88,1.48789,1926.1,1053.8,-2171.15,2,0,0,0,8,
22651086,-1.4765,-0.88,1.48789,1926.1,1053.8,-2171.15,2,0,0,0,8,
22651126,-1.4765,-0.88,1.48789,1926.1,1053.8,-2171.15,2,0,0,0,8,
22651166,-1.4765,-0.88,1.48789,1926.1,1053.8,-2171.15,2,0,0,0,8,
22651206,-1.4765,-0.88,1.48789,1926.1,1053.8,-2171.15,2,0,0,0,8,
22651246,-1.4765,-0.88,1.48789,1926.1,1053.8,-2171.15,2,0,0,0,8,
22651286,-1.4765,-0.88,1.48789,1926.1,1053.8,-2171.15,2,0,0,0,8,
22651326,-1.4765,-0.88,1.48789,1926.1,1053.8,-2171.15,2,0,0,0,8,
22651366,-1.4765,-0.88,1.48789,1926.1,1053.8,-2171.15,2,0,0,0,8,
22651406,-1.4765,-0.88,1.48789,1926.1,1053.8,-2171.15,2,0,0,0,8,
22651446,-1.4765,-0.88,1.48789,1926.1,1053.8,-2171.15,2,0,0,0,8,
22651486,-1.4765,-0.88,1.48789,1926.1,1053.8,-2171.15,2,0,0,0,8,
22651526,-1.4765,-0.88,1.48789,1926.1,1053.8,-2171.15,2,0,0,0,8,
22651566,-1.4765,-0.88,1.48789,1926.1,1053.8,-2171.15,2,0,0,0,8,
22651607,-1.4765,-0.88,1.48789,1926.1,1053.8,-2171.15,2,0,0,0,8,
22651646,-1.4765,-0.88,1.48789,1926.1,1053.8,-2171.15,2,0,0,0,8,
22651686,-1.4765,-0.88,1.48789,1926.1,1053.8,-2171.15,2,0,0,0,8,
22651726,-1.4765,-0.88,1.48789,1926.1,1053.8,-2171.15,2,0,0,0,8,
22651766,-1.4765,-0.88,1.48789,1926.1,1053.8,-2171.15,2,0,0,0,8,
22651806,-1.4765,-0.88,1.48789,1926.1,1053.8,-2171.15,2,0,0,0,8,
22651846,-1.4765,-0.88,1.48789,1926.1,1053.8,-2171.15,2,0,0,0,8,
22651886,-1.4765,-0.88,1.48789,1926.1,1053.8,-2171.15,2,0,0,0,8,
22651927,-1.4765,-0.88,1.48789,1926.1,1053.8,-2171.15,2,0,0,0,8,
22651966,-1.4765,-0.88,1.48789,1926.1,1053.8,-2171.15,2,0,0,0,8,
22652006,-1.4765,-0.88,1.48789,1926.1,1053.8,-2171.15,2,0,0,0,8,
22652046,-1.4765,-0.88,1.48789,1926.1,1053.8,-2171.15,2,0,0,0,8,
22652086,-1.4765,-0.88,1.48789,1926.1,1053.8,-2171.15,2,0,0,0,8,
22652126,-1.4765,-0.88,1.48789,1926.1,1053.8,-2171.15,2,0,0,0,8,
22652166,-1.4765,-0.88,1.48789,1926.1,1053.8,-2171.15,2,0,0,0,8,
22652206,-1.4765,-0.88,1.48789,1926.1,1053.8,-2171.15,2,0,0,0,8,
22652247,-1.4765,-0.88,1.48789,1926.1,1053.8,-2171.15,2,0,0,0,8,
22652286,-1.4765,-0.88,1.48789,1926.1,1053.8,-2171.15,2,0,0,0,8,
22652326,-1.4765,-0.88,1.48789,1926.1,1053.8,-2171.15,2,0,0,0,8,
22652366,-1.4765,-0.88,1.48789,1926.1,1053.8,-2171.15,2,0,0,0,8,
22652406,-1.4765,-0.88,1.48789,1926.1,1053.8,-2171.15,2,0,0,0,8,
22652446,-1.4765,-0.88,1.48789,1926.1,1053.8,-2171.15,2,0,0,0,8,
22652486,-1.4765,-0.88,1.48789,1926.1,1053.8,-2171.15,2,0,0,0,8,
22652526,-1.4765,-0.88,1.48789,1926.1,1053.8,-2171.15,2,0,0,0,8,
22652567,-1.4765,-0.88,1.48789,1926.1,1053.8,-2171.15,2,0,0,0,8,
22652606,-1.4765,-0.88,1.48789,1926.1,1053.8,-2171.15,2,0,0,0,8,
22652646,-1.4765,-0.88,1.48789,1926.1,1053.8,-2171.15,2,0,0,0,8,
22652686,-1.4765,-0.88,1.48789,1926.1,1053.8,-2171.15,2,0,0,0,8,
22652726,-1.4765,-0.88,1.48789,1926.1,1053.8,-2171.15,2,0,0,0,8,
22652766,-1.4765,-0.88,1.48789,1926.1,1053.8,-2171.15,2,0,0,0,8,
22652806,-1.4765,-0.88,1.48789,1926.1,1053.8,-2171.15,2,0,0,0,8,
22652846,-1.4765,-0.88,1.48789,1926.1,1053.8,-2171.15,2,0,0,0,8,
22652886,-1.4765,-0.88,1.48789,1926.1,1053.8,-2171.15,2,0,0,0,8,
22652926,-1.4765,-0.88,1.48789,1926.1,1053.8,-2171.15,2,0,0,0,8,
22652966,-1.4765,-0.88,1.48789,1926.1,1053.8,-2171.15,2,0,0,0,8,
22653006,-1.4765,-0.88,1.48789,1926.1,1053.8,-2171.15,2,0,0,0,8,
22653046,-1.4765,-0.88,1.48789,1926.1,1053.8,-2171.15,2,0,0,0,8,
22653086,-1.4765,-0.88,1.48789,1926.1,1053.8,-2171.15,2,0,0,0,8,
22653126,-1.4765,-0.88,1.48789,1926.1,1053.8,-2171.15,2,0,0,0,8,
22653166,-1.4765,-0.88,1.48789,1926.1,1053.8,-2171.15,2,0,0,0,8,
22653206,-1.4765,-0.88,1.48789,1926.1,1053.8,-2171.15,2,0,0,0,8,
22653246,-1.4765,-0.88,1.48789,1926.1,1053.8,-2171.15,2,0,0,0,8,
22653286,-1.4765,-0.88,1.48789,1926.1,1053.8,-2171.15,2,0,0,0,8,
22653326,-1.4765,-0.88,1.48789,1926.1,1053.8,-2171.15,2,0,0,0,8,
22653366,-1.4765,-0.88,1.48789,1926.1,1053.8,-2171.15,2,0,0,0,8,
22653406,-1.4765,-0.88,1.48789,1926.1,1053.8,-2171.15,2,0,0,0,8,
22653446,-1.4765,-0.88,1.48789,1926.1,1053.8,-2171.15,2,0,0,0,8,
22653487,-1.4765,-0.88,1.48789,1926.1,1053.8,-2171.15,2,0,0,0,8,
22653526,-1.4765,-0.88,1.48789,1926.1,1053.8,-2171.15,2,0,0,0,8,
22653566,-1.4765,-0.88,1.48789,1926.1,1053.8,-2171.15,2,0,0,0,8,
22653606,-1.4765,-0.88,1.48789,1926.1,1053.8,-2171.15,2,0,0,0,8,
22653646,-1.4765,-0.88,1.48789,1926.1,1053.8,-2171.15,2,0,0,0,8,
22653686,-1.4765,-0.88,1.48789,1926.1,1053.8,-2171.15,2,0,0,0,8,
22653726,-1.4765,-0.88,1.48789,1926.1,1053.8,-2171.15,2,0,0,0,8,
22653766,-1.4765,-0.88,1.48789,1926.1,1053.8,-2171.15,2,0,0,0,8,
22653807,-1.4765,-0.88,1.48789,1926.1,1053.8,-2171.15,2,0,0,0,8,
22653846,-1.4765,-0.88,1.48789,1926.1,1053.8,-2171.15,2,0,0,0,8,
22653886,-1.4765,-0.88,1.48789,1926.1,1053.8,-2171.15,2,0,0,0,8,
22653926,-1.4765,-0.88,1.48789,1926.1,1053.8,-2171.15,2,0,0,0,8,
22653966,-1.4765,-0.88,1.48789,1926.1,1053.8,-2171.15,2,0,0,0,8,
22654006,-1.4765,-0.88,1.48789,1926.1,1053.8,-2171.15,2,0,0,0,8,
22654046,-1.4765,-0.88,1.48789,1926.1,1053.8,-2171.15,2,0,0,0,8,
22654086,-1.4765,-0.88,1.48789,1926.1,1053.8,-2171.15,2,0,0,0,8,
22654127,-1.4765,-0.88,1.48789,1926.1,1053.8,-2171.15,2,0,0,0,8,
22654167,-1.4765,-0.88,1.48789,1926.1,1053.8,-2171.15,2,0,0,0,8,
22654206,-1.4765,-0.88,1.48789,1926.1,1053.8,-2171.15,2,0,0,0,8,
22654246,-1.4765,-0.88,1.48789,1926.1,1053.8,-2171.15,2,0,0,0,8,
22654286,-1.4765,-0.88,1.48789,1926.1,1053.8,-2171.15,2,0,0,0,8,
22654326,-1.4765,-0.88,1.48789,1926.1,1053.8,-2171.15,2,0,0,0,8,
22654366,-1.4765,-0.88,1.48789,1926.1,1053.8,-2171.15,2,0,0,0,8,
22654406,-1.4765,-0.88,1.48789,1926.1,1053.8,-2171.15,2,0,0,0,8,
22654447,-1.4765,-0.88,1.48789,1926.1,1053.8,-2171.15,2,0,0,0,8,
22654486,-1.4765,-0.88,1.48789,1926.1,1053.8,-2171.15,2,0,0,0,8,
22654526,-1.4765,-0.88,1.48789,1926.1,1053.8,-2171.15,2,0,0,0,8,
22654566,-1.4765,-0.88,1.48789,1926.1,1053.8,-2171.15,2,0,0,0,8,
22654606,-1.4765,-0.88,1.48789,1926.1,1053.8,-2171.15,2,0,0,0,8,
22654647,-1.4765,-0.88,1.48789,1926.1,1053.8,-2171.15,2,0,0,0,8,
22654687,-1.4765,-0.88,1.48789,1926.1,1053.8,-2171.15,2,0,1,0,8,
22654727,-1.4765,-0.88,1.48789,1926.1,1053.8,-2171.15,2,0,1,0,8,
22654766,-1.4765,-0.88,1.48789,1926.1,1053.8,-2171.15,2,0,1,0,8,
22654806,-1.4765,-0.88,1.48789,1926.1,1053.8,-2171.15,2,0,1,0,8,
22654846,-1.4765,-0.88,1.48789,1926.1,1053.8,-2171.15,2,0,1,0,8,
22654886,-1.4765,-0.88,1.48789,1926.1,1053.8,-2171.15,2,0,1,0,8,
22654926,-1.4765,-0.88,1.48789,1926.1,1053.8,-2171.15,2,0,1,0,8,
22654966,-1.4765,-0.88,1.48789,1926.1,1053.8,-2171.15,2,0,1,0,8,
22655006,-1.4765,-0.88,1.48789,1926.1,1053.8,-2171.15,2,0,1,0,8,
22655046,-1.4765,-0.88,1.48789,1926.1,1053.8,-2171.15,2,0,1,0,8,
22655086,-1.4765,-0.88,1.48789,1926.1,1053.8,-2171.15,2,0,1,0,8,
22655126,-1.4765,-0.88,1.48789,1926.1,1053.8,-2171.15,2,0,1,0,8,
22655166,-1.4765,-0.88,1.48789,1926.1,1053.8,-2171.15,2,0,1,0,8,
22655206,-1.4765,-0.88,1.48789,1926.1,1053.8,-2171.15,2,0,1,0,8,
22655246,-1.4765,-0.88,1.48789,1926.1,1053.8,-2171.15,2,0,1,0,8,
22655286,-1.4765,-0.88,1.48789,1926.1,1053.8,-2171.15,2,0,1,0,8,
22655326,-1.4765,-0.88,1.48789,1926.1,1053.8,-2171.15,2,0,1,0,8,
22655366,-1.4765,-0.88,1.48789,1926.1,1053.8,-2171.15,2,0,1,0,8,
22655406,-1.4765,-0.88,1.48789,1926.1,1053.8,-2171.15,2,0,1,0,8,
22655446,-1.4765,-0.88,1.48789,1926.1,1053.8,-2171.15,2,0,1,0,8,
22655486,-1.4765,-0.88,1.48789,1926.1,1053.8,-2171.15,2,0,1,0,8,
22655526,-1.4765,-0.88,1.48789,1926.1,1053.8,-2171.15,2,0,1,0,8,
22655566,-1.4765,-0.88,1.48789,1926.1,1053.8,-2171.15,2,0,1,0,8,
22655606,-1.4765,-0.88,1.48789,1926.1,1053.8,-2171.15,2,0,1,0,8,
22655646,-1.4765,-0.88,1.48789,1926.1,1053.8,-2171.15,2,0,1,0,8,
22655687,-1.4765,-0.88,1.48789,1926.1,1053.8,-2171.15,2,0,1,0,8,
22655726,-1.4765,-0.88,1.48789,1926.1,1053.8,-2171.15,2,0,1,0,8,
22655767,-1.4765,-0.88,1.48789,1926.1,1053.8,-2171.15,2,0,1,0,8,
22655806,-1.4765,-0.88,1.48789,1926.1,1053.8,-2171.15,2,0,1,0,8,
22655846,-1.4765,-0.88,1.48789,1926.1,1053.8,-2171.15,2,0,1,0,8,
22655886,-1.4765,-0.88,1.48789,1926.1,1053.8,-2171.15,2,0,1,0,8,
22655926,-1.4765,-0.88,1.48789,1926.1,1053.8,-2171.15,2,0,1,0,8,
22655966,-1.4765,-0.88,1.48789,1926.1,1053.8,-2171.15,2,0,1,0,8,
22656007,-1.4765,-0.88,1.48789,1926.1,1053.8,-2171.15,2,0,1,0,8,
22656046,-1.4765,-0.88,1.48789,1926.1,1053.8,-2171.15,2,0,1,0,8,
22656086,-1.4765,-0.88,1.48789,1926.1,1053.8,-2171.15,2,0,1,0,8,
22656126,-1.4765,-0.88,1.48789,1926.1,1053.8,-2171.15,2,0,1,0,8,
22656166,-1.4765,-0.88,1.48789,1926.1,1053.8,-2171.15,2,0,1,0,8,
22656206,-1.4765,-0.88,1.48789,1926.1,1053.8,-2171.15,2,0,1,0,8,
22656246,-1.4765,-0.88,1.48789,1926.1,1053.8,-2171.15,2,0,1,0,8,
22656286,-1.4765,-0.88,1.48789,1926.1,1053.8,-2171.15,2,0,1,0,8,
22656327,-1.4765,-0.88,1.48789,1926.1,1053.8,-2171.15,2,0,1,0,8,
22656366,-1.4765,-0.88,1.48789,1926.1,1053.8,-2171.15,2,0,1,0,8,
22656406,-1.4765,-0.88,1.48789,1926.1,1053.8,-2171.15,2,0,1,0,8,
22656446,-1.4765,-0.88,1.48789,1926.1,1053.8,-2171.15,2,0,1,0,8,
22656486,-1.4765,-0.88,1.48789,1926.1,1053.8,-2171.15,2,0,1,0,8,
22656526,-1.4765,-0.88,1.48789,1926.1,1053.8,-2171.15,2,0,1,0,8,
22656566,-1.4765,-0.88,1.48789,1926.1,1053.8,-2171.15,2,0,1,0,8,
22656606,-1.4765,-0.88,1.48789,1926.1,1053.8,-2171.15,2,0,1,0,8,
22656646,-1.4765,-0.88,1.48789,1926.1,1053.8,-2171.15,2,0,1,0,8,
22656686,-1.4765,-0.88,1.48789,1926.1,1053.8,-2171.15,2,0,1,0,8,
22656726,-1.4765,-0.88,1.48789,1926.1,1053.8,-2171.15,2,0,1,0,8,
22656766,-1.4765,-0.88,1.48789,1926.1,1053.8,-2171.15,2,0,1,0,8,
22656806,-1.4765,-0.88,1.48789,1926.1,1053.8,-2171.15,2,0,1,0,8,
22656846,-1.4765,-0.88,1.48789,1926.1,1053.8,-2171.15,2,0,1,0,8,
22656886,-1.4765,-0.88,1.48789,1926.1,1053.8,-2171.15,2,0,1,0,8,
22656926,-1.4765,-0.88,1.48789,1926.1,1053.8,-2171.15,2,0,1,0,8,
22656966,-1.4765,-0.88,1.48789,1926.1,1053.8,-2171.15,2,0,1,0,8,
22657006,-1.4765,-0.88,1.48789,1926.1,1053.8,-2171.15,2,0,1,0,8,
22657046,-1.4765,-0.88,1.48789,1926.1,1053.8,-2171.15,2,0,1,0,8,
22657087,-1.4765,-0.88,1.48789,1926.1,1053.8,-2171.15,2,0,1,0,8,
22657126,-1.4765,-0.88,1.48789,1926.1,1053.8,-2171.15,2,0,1,0,8,
22657166,-1.4765,-0.88,1.48789,1926.1,1053.8,-2171.15,2,0,1,0,8,
22657206,-1.4765,-0.88,1.48789,1926.1,1053.8,-2171.15,2,0,1,0,8,
22657246,-1.4765,-0.88,1.48789,1926.1,1053.8,-2171.15,2,0,1,0,8,
22657286,-1.4765,-0.88,1.48789,1926.1,1053.8,-2171.15,2,0,1,0,8,
22657326,-1.4765,-0.88,1.48789,1926.1,1053.8,-2171.15,2,0,1,0,8,
22657367,-1.4765,-0.88,1.48789,1926.1,1053.8,-2171.15,2,0,1,0,8,
22657406,-1.4765,-0.88,1.48789,1926.1,1053.8,-2171.15,2,0,1,0,8,
22657446,-1.4765,-0.88,1.48789,1926.1,1053.8,-2171.15,2,0,1,0,8,
22657486,-1.4765,-0.88,1.48789,1926.1,1053.8,-2171.15,2,0,1,0,8,
22657526,-1.4765,-0.88,1.48789,1926.1,1053.8,-2171.15,2,0,1,0,8,
22657567,-1.4765,-0.88,1.48789,1926.1,1053.8,-2171.15,2,0,1,0,8,
22657606,-1.4765,-0.88,1.48789,1926.1,1053.8,-2171.15,2,0,1,0,8,
22657646,-1.4765,-0.88,1.48789,1926.1,1053.8,-2171.15,2,0,1,0,8,
22657686,-1.4765,-0.88,1.48789,1926.1,1053.8,-2171.15,2,0,1,0,8,
22657727,-1.4765,-0.88,1.48789,1926.1,1053.8,-2171.15,2,0,1,0,8,
22657766,-1.4765,-0.88,1.48789,1926.1,1053.8,-2171.15,2,0,1,0,8,
22657806,-1.4765,-0.88,1.48789,1926.1,1053.8,-2171.15,2,0,1,0,8,
22657846,-1.4765,-0.88,1.48789,1926.1,1053.8,-2171.15,2,0,1,0,8,
22657887,-1.4765,-0.88,1.48789,1926.1,1053.8,-2171.15,2,0,1,0,8,
22657926,-1.4765,-0.88,1.48789,1926.1,1053.8,-2171.15,2,0,1,0,8,
22657966,-1.4765,-0.88,1.48789,1926.1,1053.8,-2171.15,2,0,1,0,8,
22658006,-1.4765,-0.88,1.48789,1926.1,1053.8,-2171.15,2,0,1,0,8,
22658046,-1.4765,-0.88,1.48789,1926.1,1053.8,-2171.15,2,0,1,0,8,
22658088,-1.4765,-0.88,1.48789,1926.1,1053.8,-2171.15,2,0,1,0,8,
22658126,-1.4765,-0.88,1.48789,1926.1,1053.8,-2171.15,2,0,1,0,8,
22658166,-1.4765,-0.88,1.48789,1926.1,1053.8,-2171.15,2,0,1,0,8,
22658207,-1.4765,-0.88,1.48789,1926.1,1053.8,-2171.15,2,0,1,0,8,
22658246,-1.4765,-0.88,1.48789,1926.1,1053.8,-2171.15,2,0,1,0,8,
22658286,-1.4765,-0.88,1.48789,1926.1,1053.8,-2171.15,2,0,1,0,8,
22658327,-1.4765,-0.88,1.48789,1926.1,1053.8,-2171.15,2,0,1,0,8,
22658366,-1.4765,-0.88,1.48789,1926.1,1053.8,-2171.15,2,0,1,0,8,
22658406,-1.4765,-0.88,1.48789,1926.1,1053.8,-2171.15,2,0,1,0,8,
22658446,-1.4765,-0.88,1.48789,1926.1,1053.8,-2171.15,2,0,1,0,8,
22658486,-1.4765,-0.88,1.48789,1926.1,1053.8,-2171.15,2,0,1,0,8,
22658527,-1.4765,-0.88,1.48789,1926.1,1053.8,-2171.15,2,0,1,0,8,
22658566,-1.4765,-0.88,1.48789,1926.1,1053.8,-2171.15,2,0,1,0,8,
22658606,-1.4765,-0.88,1.48789,1926.1,1053.8,-2171.15,2,0,1,0,8,
22658646,-1.4765,-0.88,1.48789,1926.1,1053.8,-2171.15,2,0,1,0,8,
22658686,-1.4765,-0.88,1.48789,1926.1,1053.8,-2171.15,2,0,1,0,8,
22658726,-1.4765,-0.88,1.48789,1926.1,1053.8,-2171.15,2,0,1,0,8,
22658766,-1.4765,-0.88,1.48789,1926.1,1053.8,-2171.15,2,0,1,0,8,
22658806,-1.4765,-0.88,1.48789,1926.1,1053.8,-2171.15,2,0,1,0,8,
22658846,-1.4765,-0.88,1.48789,1926.1,1053.8,-2171.15,2,0,1,0,8,
22658886,-1.4765,-0.88,1.48789,1926.1,1053.8,-2171.15,2,0,1,0,8,
22658926,-1.4765,-0.88,1.48789,1926.1,1053.8,-2171.15,2,0,1,0,8,
22658966,-1.4765,-0.88,1.48789,1926.1,1053.8,-2171.15,2,0,1,0,8,
22659006,-1.4765,-0.88,1.48789,1926.1,1053.8,-2171.15,2,0,1,0,8,
22659046,-1.4765,-0.88,1.48789,1926.1,1053.8,-2171.15,2,0,1,0,8,
22659086,-1.4765,-0.88,1.48789,1926.1,1053.8,-2171.15,2,0,1,0,8,
22659126,-1.4765,-0.88,1.48789,1926.1,1053.8,-2171.15,2,0,1,0,8,
22659166,-1.4765,-0.88,1.48789,1926.1,1053.8,-2171.15,2,0,1,0,8,
22659206,-1.4765,-0.88,1.48789,1926.1,1053.8,-2171.15,2,0,1,0,8,
22659246,-1.4765,-0.88,1.48789,1926.1,1053.8,-2171.15,2,0,1,0,8,
22659286,-1.4765,-0.88,1.48789,1926.1,1053.8,-2171.15,2,0,1,0,8,
22659326,-1.4765,-0.88,1.48789,1926.1,1053.8,-2171.15,2,0,1,0,8,
22659366,-1.4765,-0.88,1.48789,1926.1,1053.8,-2171.15,2,0,1,0,8,
22659406,-1.4765,-0.88,1.48789,1926.1,1053.8,-2171.15,2,0,1,0,8,
22659447,-1.4765,-0.88,1.48789,1926.1,1053.8,-2171.15,2,0,1,0,8,
22659486,-1.4765,-0.88,1.48789,1926.1,1053.8,-2171.15,2,0,1,0,8,
22659526,-1.4765,-0.88,1.48789,1926.1,1053.8,-2171.15,2,0,1,0,8,
22659566,-1.4765,-0.88,1.48789,1926.1,1053.8,-2171.15,2,0,1,0,8,
22659606,-1.4765,-0.88,1.48789,1926.1,1053.8,-2171.15,2,0,1,0,8,
22659646,-1.4765,-0.88,1.48789,1926.1,1053.8,-2171.15,2,0,1,0,8,
22659686,-1.4765,-0.88,1.48789,1926.1,1053.8,-2171.15,2,0,1,0,8,
22659726,-1.4765,-0.88,1.48789,1926.1,1053.8,-2171.15,2,0,1,0,8,
22659767,-1.4765,-0.88,1.48789,1926.1,1053.8,-2171.15,2,0,1,0,8,
22659806,-1.4765,-0.88,1.48789,1926.1,1053.8,-2171.15,2,0,1,0,8,
22659846,-1.4765,-0.88,1.48789,1926.1,1053.8,-2171.15,2,0,1,0,8,
22659886,-1.4765,-0.88,1.48789,1926.1,1053.8,-2171.15,2,0,1,0,8,
22659926,-1.4765,-0.88,1.48789,1926.1,1053.8,-2171.15,2,0,1,0,8,
22659966,-1.4765,-0.88,1.48789,1926.1,1053.8,-2171.15,2,0,1,0,8,
22660006,-1.4765,-0.88,1.48789,1926.1,1053.8,-2171.15,2,0,1,0,8,
22660046,-1.4765,-0.88,1.48789,1926.1,1053.8,-2171.15,2,0,1,0,8,
22660087,-1.4765,-0.88,1.48789,1926.1,1053.8,-2171.15,2,0,1,0,8,
22660126,-1.4765,-0.88,1.48789,1926.1,1053.8,-2171.15,2,0,1,0,8,
22660166,-1.4765,-0.88,1.48789,1926.1,1053.8,-2171.15,2,0,1,0,8,
22660206,-1.4765,-0.88,1.48789,1926.1,1053.8,-2171.15,2,0,1,0,8,
22660246,-1.4765,-0.88,1.48789,1926.1,1053.8,-2171.15,2,0,1,0,8,
22660286,-1.4765,-0.88,1.48789,1926.1,1053.8,-2171.15,2,0,1,0,8,
22660326,-1.4765,-0.88,1.48789,1926.1,1053.8,-2171.15,2,0,1,0,8,
22660366,-1.4765,-0.88,1.48789,1926.1,1053.8,-2171.15,2,0,1,0,8,
22660407,-1.4765,-0.88,1.48789,1926.1,1053.8,-2171.15,2,0,1,0,8,
22660446,-1.4765,-0.88,1.48789,1926.1,1053.8,-2171.15,2,0,1,0,8,
22660486,-1.4765,-0.88,1.48789,1926.1,1053.8,-2171.15,2,0,1,0,8,
22660526,-1.4765,-0.88,1.48789,1926.1,1053.8,-2171.15,2,0,1,0,8,
22660566,-1.4765,-0.88,1.48789,1926.1,1053.8,-2171.15,2,0,1,0,8,
22660606,-1.4765,-0.88,1.48789,1926.1,1053.8,-2171.15,2,0,1,0,8,
22660646,-1.4765,-0.88,1.48789,1926.1,1053.8,-2171.15,2,0,1,0,8,
22660686,-1.4765,-0.88,1.48789,1926.1,1053.8,-2171.15,2,0,1,0,8,
22660726,-1.4765,-0.88,1.48789,1926.1,1053.8,-2171.15,2,0,1,0,8,
22660766,-1.4765,-0.88,1.48789,1926.1,1053.8,-2171.15,2,0,1,0,8,
22660806,-1.4765,-0.88,1.48789,1926.1,1053.8,-2171.15,2,0,1,0,8,
22660846,-1.4765,-0.88,1.48789,1926.1,1053.8,-2171.15,2,0,1,0,8,
22660886,-1.4765,-0.88,1.48789,1926.1,1053.8,-2171.15,2,0,1,0,8,
22660926,-1.4765,-0.88,1.48789,1926.1,1053.8,-2171.15,2,0,1,0,8,
22660966,-1.4765,-0.88,1.48789,1926.1,1053.8,-2171.15,2,0,1,0,8,
22661006,-1.4765,-0.88,1.48789,1926.1,1053.8,-2171.15,2,0,1,0,8,
22661047,-1.4765,-0.88,1.48789,1926.1,1053.8,-2171.15,2,0,1,0,8,
22661086,-1.4765,-0.88,1.48789,1926.1,1053.8,-2171.15,2,0,1,0,8,
22661126,-1.4765,-0.88,1.48789,1926.1,1053.8,-2171.15,2,0,1,0,8,
22661166,-1.4765,-0.88,1.48789,1926.1,1053.8,-2171.15,2,0,1,0,8,
22661206,-1.4765,-0.88,1.48789,1926.1,1053.8,-2171.15,2,0,1,0,8,
22661246,-1.4765,-0.88,1.48789,1926.1,1053.8,-2171.15,2,0,1,0,8,
22661286,-1.4765,-0.88,1.48789,1926.1,1053.8,-2171.15,2,0,1,0,8,
22661327,-1.4765,-0.88,1.48789,1926.1,1053.8,-2171.15,2,0,1,0,8,
22661366,-1.4765,-0.88,1.48789,1926.1,1053.8,-2171.15,2,0,1,0,8,
22661406,-1.4765,-0.88,1.48789,1926.1,1053.8,-2171.15,2,0,1,0,8,
22661446,-1.4765,-0.88,1.48789,1926.1,1053.8,-2171.15,2,0,1,0,8,
22661486,-1.4765,-0.88,1.48789,1926.1,1053.8,-2171.15,2,0,1,0,8,
22661526,-1.4765,-0.88,1.48789,1926.1,1053.8,-2171.15,2,0,1,0,8,
22661566,-1.4765,-0.88,1.48789,1926.1,1053.8,-2171.15,2,0,1,0,8,
22661606,-1.4765,-0.88,1.48789,1926.1,1053.8,-2171.15,2,0,1,0,8,
22661647,-1.4765,-0.88,1.48789,1926.1,1053.8,-2171.15,2,0,1,0,8,
22661686,-1.4765,-0.88,1.48789,1926.1,1053.8,-2171.15,2,0,1,0,8,
22661726,-1.4765,-0.88,1.48789,1926.1,1053.8,-2171.15,2,0,1,0,8,
22661766,-1.4765,-0.88,1.48789,1926.1,1053.8,-2171.15,2,0,1,0,8,
22661806,-1.4765,-0.88,1.48789,1926.1,1053.8,-2171.15,2,0,1,0,8,
22661846,-1.4765,-0.88,1.48789,1926.1,1053.8,-2171.15,2,0,1,0,8,
22661886,-1.4765,-0.88,1.48789,1926.1,1053.8,-2171.15,2,0,1,0,8,
22661926,-1.4765,-0.88,1.48789,1926.1,1053.8,-2171.15,2,0,1,0,8,
22661967,-1.4765,-0.88,1.48789,1926.1,1053.8,-2171.15,2,0,1,0,8,
22662006,-1.4765,-0.88,1.48789,1926.1,1053.8,-2171.15,2,0,1,0,8,
22662046,-1.4765,-0.88,1.48789,1926.1,1053.8,-2171.15,2,0,1,0,8,
22662086,-1.4765,-0.88,1.48789,1926.1,1053.8,-2171.15,2,0,1,0,8,
22662126,-1.4765,-0.88,1.48789,1926.1,1053.8,-2171.15,2,0,1,0,8,
22662166,-1.4765,-0.88,1.48789,1926.1,1053.8,-2171.15,2,0,1,0,8,
22662206,-1.4765,-0.88,1.48789,1926.1,1053.8,-2171.15,2,0,1,0,8,
22662246,-1.4765,-0.88,1.48789,1926.1,1053.8,-2171.15,2,0,1,0,8,
22662287,-1.4765,-0.88,1.48789,1926.1,1053.8,-2171.15,2,0,1,0,8,
22662326,-1.4765,-0.88,1.48789,1926.1,1053.8,-2171.15,2,0,1,0,8,
22662366,-1.4765,-0.88,1.48789,1926.1,1053.8,-2171.15,2,0,1,0,8,
22662406,-1.4765,-0.88,1.48789,1926.1,1053.8,-2171.15,2,0,1,0,8,
22662446,-1.4765,-0.88,1.48789,1926.1,1053.8,-2171.15,2,0,1,0,8,
22662486,-1.4765,-0.88,1.48789,1926.1,1053.8,-2171.15,2,0,1,0,8,
22662526,-1.4765,-0.88,1.48789,1926.1,1053.8,-2171.15,2,0,1,0,8,
22662566,-1.4765,-0.88,1.48789,1926.1,1053.8,-2171.15,2,0,1,0,8,
22662606,-1.4765,-0.88,1.48789,1926.1,1053.8,-2171.15,2,0,1,0,8,
22662646,-1.4765,-0.88,1.48789,1926.1,1053.8,-2171.15,2,0,1,0,8,
22662686,-1.4765,-0.88,1.48789,1926.1,1053.8,-2171.15,2,0,1,0,8,
22662726,-1.4765,-0.88,1.48789,1926.1,1053.8,-2171.15,2,0,1,0,8,
22662766,-1.4765,-0.88,1.48789,1926.1,1053.8,-2171.15,2,0,1,0,8,
22662806,-1.4765,-0.88,1.48789,1926.1,1053.8,-2171.15,2,0,1,0,8,
22662846,-1.4765,-0.88,1.48789,1926.1,1053.8,-2171.15,2,0,1,0,8,
22662886,-1.4765,-0.88,1.48789,1926.1,1053.8,-2171.15,2,0,1,0,8,
22662926,-1.4765,-0.88,1.48789,1926.1,1053.8,-2171.15,2,0,1,0,8,
22662966,-1.4765,-0.88,1.48789,1926.1,1053.8,-2171.15,2,0,1,0,8,
22663006,-1.4765,-0.88,1.48789,1926.1,1053.8,-2171.15,2,0,1,0,8,
22663046,-1.4765,-0.88,1.48789,1926.1,1053.8,-2171.15,2,0,1,0,8,
22663086,-1.4765,-0.88,1.48789,1926.1,1053.8,-2171.15,2,0,1,0,8,
22663126,-1.4765,-0.88,1.48789,1926.1,1053.8,-2171.15,2,0,1,0,8,
22663166,-1.4765,-0.88,1.48789,1926.1,1053.8,-2171.15,2,0,1,0,8,
22663207,-1.4765,-0.88,1.48789,1926.1,1053.8,-2171.15,2,0,1,0,8,
22663246,-1.4765,-0.88,1.48789,1926.1,1053.8,-2171.15,2,0,1,0,8,
22663286,-1.4765,-0.88,1.48789,1926.1,1053.8,-2171.15,2,0,1,0,8,
22663326,-1.4765,-0.88,1.48789,1926.1,1053.8,-2171.15,2,0,1,0,8,
22663366,-1.4765,-0.88,1.48789,1926.1,1053.8,-2171.15,2,0,1,0,8,
22663406,-1.4765,-0.88,1.48789,1926.1,1053.8,-2171.15,2,0,1,0,8,
22663446,-1.4765,-0.88,1.48789,1926.1,1053.8,-2171.15,2,0,1,0,8,
22663486,-1.4765,-0.88,1.48789,1926.1,1053.8,-2171.15,2,0,1,0,8,
22663527,-1.4765,-0.88,1.48789,1926.1,1053.8,-2171.15,2,0,1,0,8,
22663566,-1.4765,-0.88,1.48789,1926.1,1053.8,-2171.15,2,0,1,0,8,
22663606,-1.4765,-0.88,1.48789,1926.1,1053.8,-2171.15,2,0,1,0,8,
22663646,-1.4765,-0.88,1.48789,1926.1,1053.8,-2171.15,2,0,1,0,8,
22663686,-1.4765,-0.88,1.48789,1926.1,1053.8,-2171.15,2,0,1,0,8,
22663726,-1.4765,-0.88,1.48789,1926.1,1053.8,-2171.15,2,0,1,0,8,
22663766,-1.4765,-0.88,1.48789,1926.1,1053.8,-2171.15,2,0,1,0,8,
22663806,-1.4765,-0.88,1.48789,1926.1,1053.8,-2171.15,2,0,1,0,8,
22663847,-1.4765,-0.88,1.48789,1926.1,1053.8,-2171.15,2,0,1,0,8,
22663886,-1.4765,-0.88,1.48789,1926.1,1053.8,-2171.15,2,0,1,0,8,
22663926,-1.4765,-0.88,1.48789,1926.1,1053.8,-2171.15,2,0,1,0,8,
22663966,-1.4765,-0.88,1.48789,1926.1,1053.8,-2171.15,2,0,1,0,8,
22664006,-1.4765,-0.88,1.48789,1926.1,1053.8,-2171.15,2,0,1,0,8,
22664046,-1.4765,-0.88,1.48789,1926.1,1053.8,-2171.15,2,0,1,0,8,
22664086,-1.4765,-0.88,1.48789,1926.1,1053.8,-2171.15,2,0,1,0,8,
22664126,-1.4765,-0.88,1.48789,1926.1,1053.8,-2171.15,2,0,1,0,8,
22664167,-1.4765,-0.88,1.48789,1926.1,1053.8,-2171.15,2,0,1,0,8,
22664206,-1.4765,-0.88,1.48789,1926.1,1053.8,-2171.15,2,0,1,0,8,
22664246,-1.4765,-0.88,1.48789,1926.1,1053.8,-2171.15,2,0,1,0,8,
22664286,-1.4765,-0.88,1.48789,1926.1,1053.8,-2171.15,2,0,1,0,8,
22664326,-1.4765,-0.88,1.48789,1926.1,1053.8,-2171.15,2,0,1,0,8,
22664366,-1.4765,-0.88,1.48789,1926.1,1053.8,-2171.15,2,0,1,0,8,
22664406,-1.4765,-0.88,1.48789,1926.1,1053.8,-2171.15,2,0,1,0,8,
22664446,-1.4765,-0.88,1.48789,1926.1,1053.8,-2171.15,2,0,1,0,8,
22664486,-1.4765,-0.88,1.48789,1926.1,1053.8,-2171.15,2,0,1,0,8,
22664526,-1.4765,-0.88,1.48789,1926.1,1053.8,-2171.15,2,0,1,0,8,
22664566,-1.4765,-0.88,1.48789,1926.1,1053.8,-2171.15,2,0,1,0,8,
22664606,-1.4765,-0.88,1.48789,1926.1,1053.8,-2171.15,2,0,1,0,8,
22664646,-1.4765,-0.88,1.48789,1926.1,1053.8,-2171.15,2,0,1,0,8,
22664686,-1.4765,-0.88,1.48789,1926.1,1053.8,-2171.15,2,0,1,0,8,
22664726,-1.4765,-0.88,1.48789,1926.1,1053.8,-2171.15,2,0,1,0,8,
22664766,-1.4765,-0.88,1.48789,1926.1,1053.8,-2171.15,2,0,1,0,8,
22664806,-1.4765,-0.88,1.48789,1926.1,1053.8,-2171.15,2,0,1,0,8,
22664846,-1.4765,-0.88,1.48789,1926.1,1053.8,-2171.15,2,0,1,0,8,
22664886,-1.4765,-0.88,1.48789,1926.1,1053.8,-2171.15,2,0,1,0,8,
22664926,-1.4765,-0.88,1.48789,1926.1,1053.8,-2171.15,2,0,1,0,8,
22664966,-1.4765,-0.88,1.48789,1926.1,1053.8,-2171.15,2,0,1,0,8,
22665006,-1.4765,-0.88,1.48789,1926.1,1053.8,-2171.15,2,0,1,0,8,
22665046,-1.4765,-0.88,1.48789,1926.1,1053.8,-2171.15,2,0,1,0,8,
22665087,-1.4765,-0.88,1.48789,1926.1,1053.8,-2171.15,2,0,1,0,8,
22665126,-1.4765,-0.88,1.48789,1926.1,1053.8,-2171.15,2,0,1,0,8,
22665166,-1.4765,-0.88,1.48789,1926.1,1053.8,-2171.15,2,0,1,0,8,
22665206,-1.4765,-0.88,1.48789,1926.1,1053.8,-2171.15,2,0,1,0,8,
22665246,-1.4765,-0.88,1.48789,1926.1,1053.8,-2171.15,2,0,1,0,8,
22665286,-1.4765,-0.88,1.48789,1926.1,1053.8,-2171.15,2,0,1,0,8,
22665326,-1.4765,-0.88,1.48789,1926.1,1053.8,-2171.15,2,0,1,0,8,
22665366,-1.4765,-0.88,1.48789,1926.1,1053.8,-2171.15,2,0,1,0,8,
22665407,-1.4765,-0.88,1.48789,1926.1,1053.8,-2171.15,2,0,1,0,8,
22665446,-1.4765,-0.88,1.48789,1926.1,1053.8,-2171.15,2,0,1,0,8,
22665486,-1.4765,-0.88,1.48789,1926.1,1053.8,-2171.15,2,0,1,0,8,
22665526,-1.4765,-0.88,1.48789,1926.1,1053.8,-2171.15,2,0,1,0,8,
22665566,-1.4765,-0.88,1.48789,1926.1,1053.8,-2171.15,2,0,1,0,8,
22665606,-1.4765,-0.88,1.48789,1926.1,1053.8,-2171.15,2,0,1,0,8,
22665646,-1.4765,-0.88,1.48789,1926.1,1053.8,-2171.15,2,0,1,0,8,
22665686,-1.4765,-0.88,1.48789,1926.1,1053.8,-2171.15,2,0,1,0,8,
22665727,-1.4765,-0.88,1.48789,1926.1,1053.8,-2171.15,2,0,1,0,8,
22665766,-1.4765,-0.88,1.48789,1926.1,1053.8,-2171.15,2,0,1,0,8,
22665806,-1.4765,-0.88,1.48789,1926.1,1053.8,-2171.15,2,0,1,0,8,
22665846,-1.4765,-0.88,1.48789,1926.1,1053.8,-2171.15,2,0,1,0,8,
22665886,-1.4765,-0.88,1.48789,1926.1,1053.8,-2171.15,2,0,1,0,8,
22665926,-1.4765,-0.88,1.48789,1926.1,1053.8,-2171.15,2,0,1,0,8,
22665966,-1.4765,-0.88,1.48789,1926.1,1053.8,-2171.15,2,0,1,0,8,
22666006,-1.4765,-0.88,1.48789,1926.1,1053.8,-2171.15,2,0,1,0,8,
22666047,-1.4765,-0.88,1.48789,1926.1,1053.8,-2171.15,2,0,1,0,8,
22666086,-1.4765,-0.88,1.48789,1926.1,1053.8,-2171.15,2,0,1,0,8,
22666126,-1.4765,-0.88,1.48789,1926.1,1053.8,-2171.15,2,0,1,0,8,
22666166,-1.4765,-0.88,1.48789,1926.1,1053.8,-2171.15,2,0,1,0,8,
22666206,-1.4765,-0.88,1.48789,1926.1,1053.8,-2171.15,2,0,1,0,8,
22666246,-1.4765,-0.88,1.48789,1926.1,1053.8,-2171.15,2,0,1,0,8,
22666286,-1.4765,-0.88,1.48789,1926.1,1053.8,-2171.15,2,0,1,0,8,
22666326,-1.4765,-0.88,1.48789,1926.1,1053.8,-2171.15,2,0,1,0,8,
22666366,-1.4765,-0.88,1.48789,1926.1,1053.8,-2171.15,2,0,1,0,8,
22666406,-1.4765,-0.88,1.48789,1926.1,1053.8,-2171.15,2,0,1,0,8,
22666446,-1.4765,-0.88,1.48789,1926.1,1053.8,-2171.15,2,0,1,0,8,
22666486,-1.4765,-0.88,1.48789,1926.1,1053.8,-2171.15,2,0,1,0,8,
22666526,-1.4765,-0.88,1.48789,1926.1,1053.8,-2171.15,2,0,1,0,8,
22666566,-1.4765,-0.88,1.48789,1926.1,1053.8,-2171.15,2,0,1,0,8,
22666606,-1.4765,-0.88,1.48789,1926.1,1053.8,-2171.15,2,0,1,0,8,
22666646,-1.4765,-0.88,1.48789,1926.1,1053.8,-2171.15,2,0,1,0,8,
22666686,-1.4765,-0.88,1.48789,1926.1,1053.8,-2171.15,2,0,1,0,8,
22666726,-1.4765,-0.88,1.48789,1926.1,1053.8,-2171.15,2,0,1,0,8,
22666766,-1.4765,-0.88,1.48789,1926.1,1053.8,-2171.15,2,0,1,0,8,
22666806,-1.4765,-0.88,1.48789,1926.1,1053.8,-2171.15,2,0,1,0,8,
22666846,-1.4765,-0.88,1.48789,1926.1,1053.8,-2171.15,2,0,1,0,8,
22666886,-1.4765,-0.88,1.48789,1926.1,1053.8,-2171.15,2,0,1,0,8,
22666926,-1.4765,-0.88,1.48789,1926.1,1053.8,-2171.15,2,0,1,0,8,
22666966,-1.4765,-0.88,1.48789,1926.1,1053.8,-2171.15,2,0,1,0,8,
22667006,-1.4765,-0.88,1.48789,1926.1,1053.8,-2171.15,2,0,1,0,8,
22667047,-1.4765,-0.88,1.48789,1926.1,1053.8,-2171.15,2,0,1,0,8,
22667086,-1.4765,-0.88,1.48789,1926.1,1053.8,-2171.15,2,0,1,0,8,
22667126,-1.4765,-0.88,1.48789,1926.1,1053.8,-2171.15,2,0,1,0,8,
22667166,-1.4765,-0.88,1.48789,1926.1,1053.8,-2171.15,2,0,1,0,8,
22667206,-1.4765,-0.88,1.48789,1926.1,1053.8,-2171.15,2,0,1,0,8,
22667246,-1.4765,-0.88,1.48789,1926.1,1053.8,-2171.15,2,0,1,0,8,
22667287,-1.4765,-0.88,1.48789,1926.1,1053.8,-2171.15,2,0,1,0,8,
22667326,-1.4765,-0.88,1.48789,1926.1,1053.8,-2171.15,2,0,1,0,8,
22667366,-1.4765,-0.88,1.48789,1926.1,1053.8,-2171.15,2,0,1,0,8,
22667406,-1.4765,-0.88,1.48789,1926.1,1053.8,-2171.15,2,0,1,0,8,
22667446,-1.4765,-0.88,1.48789,1926.1,1053.8,-2171.15,2,0,1,0,8,
22667486,-1.4765,-0.88,1.48789,1926.1,1053.8,-2171.15,2,0,1,0,8,
22667526,-1.4765,-0.88,1.48789,1926.1,1053.8,-2171.15,2,0,1,0,8,
22667566,-1.4765,-0.88,1.48789,1926.1,1053.8,-2171.15,2,0,1,0,8,
22667607,-1.4765,-0.88,1.48789,1926.1,1053.8,-2171.15,2,0,1,0,8,
22667646,-1.4765,-0.88,1.48789,1926.1,1053.8,-2171.15,2,0,1,0,8,
22667686,-1.4765,-0.88,1.48789,1926.1,1053.8,-2171.15,2,0,1,0,8,
22667726,-1.4765,-0.88,1.48789,1926.1,1053.8,-2171.15,2,0,1,0,8,
22667766,-1.4765,-0.88,1.48789,1926.1,1053.8,-2171.15,2,0,1,0,8,
22667806,-1.4765,-0.88,1.48789,1926.1,1053.8,-2171.15,2,0,1,0,8,
22667846,-1.4765,-0.88,1.48789,1926.1,1053.8,-2171.15,2,0,1,0,8,
22667886,-1.4765,-0.88,1.48789,1926.1,1053.8,-2171.15,2,0,1,0,8,
22667927,-1.4765,-0.88,1.48789,1926.1,1053.8,-2171.15,2,0,1,0,8,
22667966,-1.4765,-0.88,1.48789,1926.1,1053.8,-2171.15,2,0,1,0,8,
22668006,-1.4765,-0.88,1.48789,1926.1,1053.8,-2171.15,2,0,1,0,8,
22668047,-1.4765,-0.88,1.48789,1926.1,1053.8,-2171.15,2,0,1,0,8,
22668086,-1.4765,-0.88,1.48789,1926.1,1053.8,-2171.15,2,0,1,0,8,
22668126,-1.4765,-0.88,1.48789,1926.1,1053.8,-2171.15,2,0,1,0,8,
22668166,-1.4765,-0.88,1.48789,1926.1,1053.8,-2171.15,2,0,1,0,8,
22668206,-1.4765,-0.88,1.48789,1926.1,1053.8,-2171.15,2,0,1,0,8,
22668246,-1.4765,-0.88,1.48789,1926.1,1053.8,-2171.15,2,0,1,0,8,
22668286,-1.4765,-0.88,1.48789,1926.1,1053.8,-2171.15,2,0,1,0,8,
22668326,-1.4765,-0.88,1.48789,1926.1,1053.8,-2171.15,2,0,1,0,8,
22668366,-1.4765,-0.88,1.48789,1926.1,1053.8,-2171.15,2,0,1,0,8,
22668406,-1.4765,-0.88,1.48789,1926.1,1053.8,-2171.15,2,0,1,0,8,
22668446,-1.4765,-0.88,1.48789,1926.1,1053.8,-2171.15,2,0,1,0,8,
22668486,-1.4765,-0.88,1.48789,1926.1,1053.8,-2171.15,2,0,1,0,8,
22668526,-1.4765,-0.88,1.48789,1926.1,1053.8,-2171.15,2,0,1,0,8,
22668566,-1.4765,-0.88,1.48789,1926.1,1053.8,-2171.15,2,0,1,0,8,
22668606,-1.4765,-0.88,1.48789,1926.1,1053.8,-2171.15,2,0,1,0,8,
22668646,-1.4765,-0.88,1.48789,1926.1,1053.8,-2171.15,2,0,1,0,8,
