milisec,RacketX,RacketY,RacketZ,forceX,forceX,forceX,ForceRatio,FriendPoint,EnemyPoint,haptics,scene
281050041,0,0,0,7693.36,4109.82,-8502.29,8,0,0,0,0,
281050072,-1.4952,-0.88,1.48346,1573.79,843.04,-1729.13,1.6,0,0,0,0,
281050084,-1.4952,-0.88,1.48346,590.172,316.14,-648.425,0.6,0,0,0,0,
281050123,-1.4952,-0.88,1.48346,1967.24,1053.8,-2161.42,2,0,0,0,0,
281050163,-1.4952,-0.88,1.48346,1967.24,1053.8,-2161.42,2,0,0,0,0,
281050203,-1.4952,-0.88,1.48346,1967.24,1053.8,-2161.42,2,0,0,0,0,
281050242,-1.4952,-0.88,1.48346,1967.24,1053.8,-2161.42,2,0,0,0,0,
281050300,-1.4952,-0.88,1.48346,2754.14,1475.32,-3025.98,2.8,0,0,0,0,
281050323,-1.4952,-0.88,1.48346,1180.34,632.28,-1296.85,1.2,0,0,0,0,
281050373,-1.4952,-0.88,1.48346,2360.69,1264.56,-2593.7,2.4,0,0,0,0,
281050403,-1.4952,-0.88,1.48346,1573.79,843.04,-1729.13,1.6,0,0,0,0,
281050444,-1.4952,-0.88,1.48346,1967.24,1053.8,-2161.42,2,0,0,0,0,
281050483,-1.4952,-0.88,1.48346,1967.24,1053.8,-2161.42,2,0,0,0,0,
281050522,-1.4952,-0.88,1.48346,1967.24,1053.8,-2161.42,2,0,0,0,0,
281050562,-1.4952,-0.88,1.48346,1967.24,1053.8,-2161.42,2,0,0,0,0,
281050603,-1.4952,-0.88,1.48346,1967.24,1053.8,-2161.42,2,0,0,0,0,
281050643,-1.4952,-0.88,1.48346,1967.24,1053.8,-2161.42,2,0,0,0,0,
281050683,-1.00995,-0.88,-0.15375,1546.82,1053.8,-1296.85,2,0,0,0,0,
281050723,-0.97995,-0.88,-0.142462,876.568,1053.8,0,2,0,0,0,0,
281050763,-0.96995,-0.88,-0.135,820.49,1053.8,0,2,0,0,0,0,
281050803,-0.96995,-0.88,-0.135,811.69,1053.8,0,2,0,0,0,0,
281050842,-0.96995,-0.88,-0.135,811.69,1053.8,0,2,0,0,0,0,
281050882,-0.96995,-0.88,-0.135,811.69,1053.8,0,2,0,0,0,0,
281050923,-0.96995,-0.88,-0.135,811.69,1053.8,0,2,0,0,0,0,
281050963,-0.96995,-0.88,-0.135,811.69,1053.8,0,2,0,0,0,0,
281051003,-0.96995,-0.88,-0.135,811.69,1053.8,0,2,0,0,0,0,
281051043,-0.96995,-0.88,-0.135,811.69,1053.8,0,2,0,0,0,0,
281051083,-0.96995,-0.88,-0.135,811.69,1053.8,0,2,0,0,0,0,
281051123,-0.96995,-0.88,-0.135,811.69,1053.8,0,2,0,0,0,0,
281051162,-0.96995,-0.88,-0.135,811.69,1053.8,0,2,0,0,0,0,
281051203,-0.96995,-0.88,-0.135,811.69,1053.8,0,2,0,0,0,0,
281051243,-0.96995,-0.88,-0.135,811.69,1053.8,0,2,0,0,0,0,
281051283,-0.96995,-0.88,-0.135,811.69,1053.8,0,2,0,0,0,0,
281051323,-0.96995,-0.88,-0.135,811.69,1053.8,0,2,0,0,0,0,
281051363,-0.96995,-0.88,-0.135,811.69,1053.8,0,2,0,0,0,0,
281051403,-0.96995,-0.88,-0.135,811.69,1053.8,0,2,0,0,0,0,
281051443,-0.96995,-0.88,-0.135,811.69,1053.8,0,2,0,0,0,0,
281051482,-0.96995,-0.88,-0.135,811.69,1053.8,0,2,0,0,0,0,
281051523,-0.96995,-0.88,-0.135,811.69,1053.8,0,2,0,0,0,0,
281051563,-0.96995,-0.88,-0.135,811.69,1053.8,0,2,0,0,0,0,
281051603,-0.96995,-0.88,-0.135,811.69,1053.8,0,2,0,0,0,0,
281051643,-0.96995,-0.88,-0.135,811.69,1053.8,0,2,0,0,0,0,
281051683,-0.96995,-0.88,-0.135,811.69,1053.8,0,2,0,0,0,0,
281051723,-0.96995,-0.88,-0.135,811.69,1053.8,0,2,0,0,0,0,
281051763,-0.96995,-0.88,-0.135,811.69,1053.8,0,2,0,0,0,0,
281051802,-0.96995,-0.88,-0.135,811.69,1053.8,0,2,0,0,0,0,
281051844,-0.96995,-0.88,-0.135,811.69,1053.8,0,2,0,0,0,0,
281051883,-0.96995,-0.88,-0.135,811.69,1053.8,0,2,0,0,0,0,
281051923,-0.96995,-0.88,-0.135,811.69,1053.8,0,2,0,0,0,0,
281051963,-0.96995,-0.88,-0.135,811.69,1053.8,0,2,0,0,0,0,
281052003,-0.96995,-0.88,-0.135,811.69,1053.8,0,2,0,0,0,0,
281052043,-0.96995,-0.88,-0.135,811.69,1053.8,0,2,0,0,0,0,
281052083,-0.94485,-0.88,-0.131212,802.846,1053.8,0,2,0,0,0,0,
281052122,-0.83475,-0.88,-0.0973875,681.516,1053.8,0,2,0,0,0,0,
281052163,-0.7047,-0.88,-0.0486375,407.528,1053.8,0,2,0,0,0,0,
281052203,-0.5597,-0.88,0.0114375,116.523,1053.8,0,2,0,0,0,0,
281052243,-0.4347,-0.88,0.0788625,0,1053.8,0,2,0,0,0,0,
281052283,-0.33485,-0.88,0.138825,0,1053.8,0,2,0,0,0,0,
281052323,-0.2749,-0.88,0.183825,0,1053.8,0,2,0,0,0,0,
281052363,-0.23495,-0.88,0.221363,0,1053.8,0,2,0,0,0,0,
281052402,-0.2049,-0.88,0.27765,0,1053.8,0,2,0,0,0,0,
281052442,-0.1649,-0.88,0.386513,0,1053.8,0,2,0,0,0,0,
281052483,-0.1299,-0.88,0.502725,0,1053.8,0,2,0,0,0,0,
281052523,-0.0849001,-0.88,0.5964,0,1053.8,-86.2207,2,0,0,0,0,
281052563,-0.0349501,-0.88,0.67515,0,1053.8,-277.538,2,0,0,0,0,
281052603,0.0100999,-0.88,0.727612,0,1053.8,-434.189,2,0,0,0,0,
281052643,0.0550999,-0.88,0.783863,0,1053.8,-542.281,2,0,0,0,0,
281052683,0.1001,-0.88,0.843825,0,1053.8,-675.931,2,0,0,0,0,
281052722,0.11505,-0.88,0.855,0,1053.8,-770.608,2,0,0,0,0,
281052762,0.11505,-0.88,0.855,0,1053.8,-778.8,2,0,0,0,0,
281052803,0.11505,-0.88,0.855,0,1053.8,-778.8,2,0,0,0,0,
281052843,0.11505,-0.88,0.855,0,1053.8,-778.8,2,0,0,0,0,
281052883,0.11505,-0.88,0.855,0,1053.8,-778.8,2,0,0,0,0,
281052923,0.11505,-0.88,0.855,0,1053.8,-778.8,2,0,0,0,0,
281052963,0.11505,-0.88,0.855,0,1053.8,-778.8,2,0,0,0,0,
281053003,0.12,-0.88,0.854963,0,1053.8,-778.784,2,0,0,0,0,
281053042,0.115,-0.88,0.832388,0,1053.8,-761.376,2,0,0,0,0,
281053083,0.105,-0.88,0.712162,0,1053.8,-652.063,2,0,0,0,0,
281053123,0.105,-0.88,0.543563,0,1053.8,-315.249,2,0,0,0,0,
281053163,0.11,-0.88,0.468675,0,1053.8,-35.574,2,0,0,0,0,
281053203,0.11,-0.88,0.457462,0,1053.8,0,2,0,0,0,0,
281053243,0.0998999,-0.88,0.446137,0,1053.8,0,2,0,0,0,0,
281053283,0.07,-0.88,0.340988,0,1053.8,0,2,0,0,0,0,
281053323,0.07,-0.88,0.228563,0,1053.8,0,2,0,0,0,0,
281053362,0.07,-0.88,0.187425,0,1053.8,0,2,0,0,0,0,
281053403,0.0700499,-0.88,0.180038,0,1053.8,0,2,0,0,0,0,
281053443,0.0750499,-0.88,0.202538,0,1053.8,0,2,0,0,0,0,
281053483,0.10505,-0.88,0.24765,0,1053.8,0,2,0,0,0,0,
281053523,0.12505,-0.88,0.364013,0,1053.8,0,2,0,0,0,0,
281053563,0.145,-0.88,0.480188,0,1053.8,0,2,0,0,0,0,
281053603,0.15005,-0.88,0.521325,0,1053.8,-21.8955,2,0,0,0,0,
281053643,0.15005,-0.88,0.521325,0,1053.8,-44.715,2,0,0,0,0,
281053682,0.15005,-0.88,0.521325,0,1053.8,-44.715,2,0,0,0,0,
281053723,0.15005,-0.88,0.521325,0,1053.8,-44.715,2,0,0,0,0,
281053763,0.15005,-0.88,0.521325,0,1053.8,-44.715,2,0,0,0,0,
281053803,0.15005,-0.88,0.521325,0,1053.8,-44.715,2,0,0,0,0,
281053843,0.15005,-0.88,0.521325,0,1053.8,-44.715,2,0,0,0,0,
281053883,0.15005,-0.88,0.521325,0,1053.8,-44.715,2,0,0,0,0,
281053923,0.15005,-0.88,0.521325,0,1053.8,-44.715,2,0,0,0,0,
281053963,0.15005,-0.88,0.521325,0,1053.8,-44.715,2,0,0,0,0,
281054002,0.15005,-0.88,0.521325,0,1053.8,-44.715,2,0,0,0,0,
281054043,0.15005,-0.88,0.521325,0,1053.8,-44.715,2,0,0,0,0,
281054083,0.15005,-0.88,0.521325,0,1053.8,-44.715,2,0,0,0,0,
281054123,0.15005,-0.88,0.521325,0,1053.8,-44.715,2,0,0,0,0,
281054163,0.15005,-0.88,0.521325,0,1053.8,-44.715,2,0,0,0,0,
281054203,0.15005,-0.88,0.521325,0,1053.8,-44.715,2,0,0,0,0,
281054243,0.15005,-0.88,0.521325,0,1053.8,-44.715,2,0,0,0,0,
281054282,0.15005,-0.88,0.521325,0,1053.8,-44.715,2,0,0,0,0,
281054322,0.15005,-0.88,0.521325,0,1053.8,-44.715,2,0,0,0,0,
281054363,0.15005,-0.88,0.521325,0,1053.8,-44.715,2,0,0,0,0,
281054403,0.15005,-0.88,0.521325,0,1053.8,-44.715,2,0,0,0,0,
281054443,0.15005,-0.88,0.521325,0,1053.8,-44.715,2,0,0,0,0,
281054483,0.15005,-0.88,0.521325,0,1053.8,-44.715,2,0,0,0,0,
281054523,0.15005,-0.88,0.521325,0,1053.8,-44.715,2,0,0,0,0,
281054563,0.15005,-0.88,0.521325,0,1053.8,-44.715,2,0,0,0,0,
281054602,0.15005,-0.88,0.521325,0,1053.8,-44.715,2,0,0,0,0,
281054642,0.15005,-0.88,0.521325,0,1053.8,-44.715,2,0,0,0,0,
281054683,0.15005,-0.88,0.521325,0,1053.8,-44.715,2,0,0,0,0,
281054723,0.15005,-0.88,0.521325,0,1053.8,-44.715,2,0,0,0,0,
281054763,0.15005,-0.88,0.521325,0,1053.8,-44.715,2,0,0,0,0,
281054803,0.15005,-0.88,0.521325,0,1053.8,-44.715,2,0,0,0,0,
281054843,0.15005,-0.88,0.521325,0,1053.8,-44.715,2,0,0,0,0,
281054883,0.15005,-0.88,0.521325,0,1053.8,-44.715,2,0,0,0,0,
281054922,0.15005,-0.88,0.521325,0,1053.8,-44.715,2,0,0,0,0,
281054963,0.15005,-0.88,0.521325,0,1053.8,-44.715,2,0,0,0,0,
281055009,0.15005,-0.88,0.521325,0,1159.18,-49.1865,2.2,0,0,0,0,
281055043,0.15005,-0.88,0.521325,0,948.42,-40.2435,1.8,0,0,0,0,
281055083,0.15005,-0.88,0.521325,0,1053.8,-44.715,2,0,0,0,0,
281055123,0.15005,-0.88,0.521325,0,1053.8,-44.715,2,0,0,0,0,
281055163,0.15005,-0.88,0.521325,0,1053.8,-44.715,2,0,0,0,0,
281055203,0.15005,-0.88,0.521325,0,1053.8,-44.715,2,0,0,0,0,
281055242,0.15005,-0.88,0.521325,0,1053.8,-44.715,2,0,0,0,0,
281055283,0.14495,-0.88,0.52875,0,1053.8,-51.249,2,0,0,0,0,
281055323,0.1149,-0.88,0.52125,0,1053.8,-56.0753,2,0,0,0,0,
281055363,0.08995,-0.88,0.5175,0,1053.8,-41.2334,2,0,0,0,0,
281055403,0.07995,-0.88,0.51375,0,1053.8,-36.2669,2,0,0,0,0,
281055443,0.07995,-0.88,0.51375,0,1053.8,-28.05,2,0,0,0,0,
281055483,0.07995,-0.88,0.51375,0,1053.8,-28.05,2,0,0,0,0,
281055523,0.07995,-0.88,0.51375,0,1053.8,-28.05,2,0,0,0,0,
281055562,0.07995,-0.88,0.51375,0,1053.8,-28.05,2,0,0,0,0,
281055603,0.07995,-0.88,0.51375,0,1053.8,-28.05,2,0,0,0,0,
281055643,0.07995,-0.88,0.51375,0,1053.8,-28.05,2,0,0,0,0,
281055683,0.07995,-0.88,0.51375,0,1053.8,-28.05,2,0,0,0,0,
281055723,0.07995,-0.88,0.51375,0,1053.8,-28.05,2,0,0,0,0,
281055763,0.07995,-0.88,0.51375,0,1053.8,-28.05,2,0,0,0,9,
281055803,0.07995,-0.88,0.51375,0,1053.8,-28.05,2,0,0,0,9,
281055843,0.07995,-0.88,0.51375,0,1053.8,-28.05,2,0,0,0,9,
281055882,0.07995,-0.88,0.51375,0,1053.8,-28.05,2,0,0,0,9,
281055923,0.07995,-0.88,0.51375,0,1053.8,-28.05,2,0,0,0,9,
281055963,0.07995,-0.88,0.51375,0,1053.8,-28.05,2,0,0,0,9,
281056003,0.07995,-0.88,0.51375,0,1053.8,-28.05,2,0,0,0,9,
281056043,0.07995,-0.88,0.51375,0,1053.8,-28.05,2,0,0,0,9,
281056083,0.07995,-0.88,0.51375,0,1053.8,-28.05,2,0,0,0,9,
281056123,0.07995,-0.88,0.51375,0,1053.8,-28.05,2,0,0,0,9,
281056162,0.07995,-0.88,0.51375,0,1053.8,-28.05,2,0,0,0,9,
281056202,0.07995,-0.88,0.51375,0,1053.8,-28.05,2,0,0,0,9,
281056243,0.07995,-0.88,0.51375,0,1053.8,-28.05,2,0,0,0,9,
281056283,0.07995,-0.88,0.51375,0,1053.8,-28.05,2,0,0,0,9,
281056323,0.07995,-0.88,0.51375,0,1053.8,-28.05,2,0,0,0,9,
281056363,0.07995,-0.88,0.51375,0,1053.8,-28.05,2,0,0,0,9,
281056403,0.07995,-0.88,0.51375,0,1053.8,-28.05,2,0,0,0,9,
281056443,0.07995,-0.88,0.51375,0,1053.8,-28.05,2,0,0,0,9,
281056482,0.07995,-0.88,0.51375,0,1053.8,-28.05,2,0,0,0,9,
281056522,0.07995,-0.88,0.51375,0,1053.8,-28.05,2,0,0,0,9,
281056563,0.07995,-0.88,0.51375,0,1053.8,-28.05,2,0,0,0,9,
281056603,0.07995,-0.88,0.51375,0,1053.8,-28.05,2,0,0,0,9,
281056643,0.07995,-0.88,0.51375,0,1053.8,-28.05,2,0,0,0,9,
281056683,0.07995,-0.88,0.51375,0,1053.8,-28.05,2,0,0,0,9,
281056723,0.07995,-0.88,0.51375,0,1053.8,-28.05,2,0,0,0,9,
281056763,0.07995,-0.88,0.51375,0,1053.8,-28.05,2,0,0,0,9,
281056802,0.07995,-0.88,0.51375,0,1053.8,-28.05,2,0,0,0,9,
281056843,0.07995,-0.88,0.51375,0,1053.8,-28.05,2,0,0,0,9,
281056883,0.07995,-0.88,0.51375,0,1053.8,-28.05,2,0,0,0,9,
281056923,0.07995,-0.88,0.51375,0,1053.8,-28.05,2,0,0,0,9,
281056963,0.07,-0.88,0.513713,0,1053.8,-28.05,2,0,0,0,9,
281057003,0.05995,-0.88,0.509962,0,1053.8,-21.4335,2,0,0,0,9,
281057043,0.04495,-0.88,0.49875,0,1053.8,-10.6672,2,0,0,0,9,
281057083,0.02495,-0.88,0.491213,0,1053.8,0,2,0,0,0,9,
281057122,0.00994995,-0.88,0.48,0,1053.8,0,2,0,0,0,9,
281057163,0.00994995,-0.88,0.48,0,1053.8,0,2,0,0,0,9,
281057203,0.00994995,-0.88,0.48,0,1053.8,0,2,0,0,0,9,
281057243,0.00994995,-0.88,0.48,0,1053.8,0,2,0,0,0,9,
281057283,0.00994995,-0.88,0.48,0,1053.8,0,2,0,0,0,9,
281057323,0.00994995,-0.88,0.48,0,1053.8,0,2,0,0,0,9,
281057363,0.00994995,-0.88,0.48,0,1053.8,0,2,0,0,0,9,
281057403,0.00994995,-0.88,0.48,0,1053.8,0,2,0,0,0,9,
281057442,0.0050499,-0.87912,0.479963,0,1053.8,0,2,0,0,0,9,
281057483,0.0050499,-0.87912,0.479963,0,1051.86,0,2,0,0,0,9,
281057523,0.0050499,-0.87912,0.479963,0,1051.86,0,2,0,0,0,9,
281057563,0.0050499,-0.87912,0.479963,0,1051.86,0,2,0,0,0,9,
281057603,0.01,-0.79112,0.47625,0,1051.86,0,2,0,0,0,9,
281057643,0.01,-0.79112,0.47625,0,858.264,0,2,0,0,0,9,
281057683,0.01,-0.79112,0.47625,0,858.264,0,2,0,0,0,9,
281057723,0.01,-0.79112,0.47625,0,858.264,0,2,0,0,0,9,
281057762,0.01,-0.79112,0.47625,0,858.264,0,2,0,0,0,9,
281057803,0.0100499,-0.79112,0.47625,0,858.264,0,2,0,0,0,9,
281057843,0.0100499,-0.79112,0.47625,0,858.264,0,2,0,0,0,9,
281057883,0.0100499,-0.79112,0.47625,0,858.264,0,2,0,0,0,9,
281057923,0.0100499,-0.79112,0.47625,0,858.264,0,2,0,0,0,9,
281057963,0.0100499,-0.79112,0.47625,0,858.264,0,2,0,0,0,9,
281058003,0.0100499,-0.79112,0.47625,0,858.264,0,2,0,0,0,9,
281058042,0.0100499,-0.70312,0.47625,0,858.264,0,2,0,0,0,9,
281058082,0.015,-0.70312,0.476213,0,664.664,0,2,0,0,0,9,
281058123,0.015,-0.70312,0.476213,0,664.664,0,2,0,0,0,9,
281058163,0.015,-0.61512,0.472462,0,625.944,0,2,0,0,0,9,
281058203,0.015,-0.61512,0.472462,0,471.064,0,2,0,0,0,9,
281058243,0.015,-0.61512,0.472462,0,471.064,0,2,0,0,0,9,
281058283,0.0150499,-0.52712,0.46875,0,432.344,0,2,0,0,0,9,
281058323,0.0150499,-0.52712,0.46875,0,277.464,0,2,0,0,0,9,
281058362,0.0150499,-0.52712,0.46875,0,277.464,0,2,0,0,0,9,
281058402,0.01995,-0.43912,0.465,0,161.304,0,2,0,0,0,9,
281058443,0.01995,-0.43912,0.465,0,83.8641,0,2,0,0,0,9,
281058483,0.01995,-0.43912,0.465,0,83.8641,0,2,0,0,0,9,
281058523,0.0150499,-0.35112,0.465,0,67.0913,0,2,0,0,0,9,
281058563,0.0200499,-0.35112,0.465,0,0,0,2,0,0,0,9,
281058603,0.0200499,-0.35112,0.465,0,0,0,2,0,0,0,9,
281058643,0.02495,-0.26312,0.46125,0,0,0,2,0,0,0,9,
281058682,0.02495,-0.26312,0.46125,0,0,0,2,0,0,0,9,
281058723,0.02495,-0.26312,0.46125,0,0,0,2,0,0,0,9,
281058763,0.0250499,-0.17512,0.4575,0,0,0,2,0,0,0,9,
281058803,0.0250499,-0.17512,0.4575,0,0,0,2,0,0,0,9,
281058843,0.0250499,-0.17512,0.4575,0,0,0,2,0,0,0,9,
281058883,0.02495,-0.08712,0.457462,0,0,0,2,0,0,0,9,
281058923,0.02495,-0.08712,0.457462,0,0,0,2,0,0,0,9,
281058963,0.0200499,-0.08712,0.45375,0,0,0,2,0,0,0,9,
281059002,0.0200499,0.00088002,0.45375,0,0,0,2,0,0,0,9,
281059043,0.0200499,0.00088002,0.45375,0,0,0,2,0,0,0,9,
281059083,0.025,0.08888,0.453713,0,0,0,2,0,0,0,9,
281059123,0.025,0.08888,0.453713,0,0,0,2,0,0,0,9,
281059163,0.0250499,0.08888,0.45,0,0,0,2,0,0,0,9,
281059203,0.0300499,0.17688,0.45,0,0,0,2,0,0,0,9,
281059243,0.0300499,0.17688,0.45,0,0,0,2,0,0,0,9,
281059283,0.035,0.26488,0.45,0,0,0,2,0,0,0,9,
281059322,0.035,0.26488,0.45,0,0,0,2,0,0,0,9,
281059363,0.035,0.26488,0.45,0,0,0,2,0,0,0,9,
281059403,0.035,0.26488,0.45,0,0,0,2,0,0,0,9,
281059443,0.035,0.26488,0.45,0,0,0,2,0,0,0,9,
281059483,0.035,0.26488,0.45,0,0,0,2,0,0,0,9,
281059523,0.035,0.26488,0.45,0,0,0,2,0,0,0,9,
281059563,0.02995,0.26488,0.44625,0,0,0,2,0,0,0,9,
281059603,0.00994995,0.26488,0.434963,0,0,0,2,0,0,0,9,
281059642,0.00494995,0.26488,0.427463,0,0,0,2,0,0,0,9,
281059683,0.00494995,0.26488,0.427463,0,0,0,2,0,0,0,9,
281059723,0,0.26488,0.419962,0,0,0,2,0,0,0,9,
281059763,0.005,0.35112,0.412463,0,0,0,2,0,0,0,9,
281059803,0.005,0.35112,0.397463,0,0,0,2,0,0,0,9,
281059843,-0.01,0.26312,0.34125,0,0,0,2,0,0,0,9,
281059883,-0.015,0.26312,0.299963,0,0,0,2,0,0,0,9,
281059922,-0.015,0.26312,0.296213,0,0,0,2,0,0,0,9,
281059962,-0.0099501,0.17512,0.288713,0,0,0,2,0,0,0,9,
281060003,-0.005,0.17512,0.284963,0,0,0,2,0,0,0,9,
281060043,-0.005,0.08712,0.28125,0,0,0,2,0,0,0,9,
281060083,-0.00505005,0.08712,0.281213,0,0,0,2,0,0,0,9,
281060123,-0.01,0.08712,0.239775,0,0,0,2,0,0,0,9,
281060163,-0.0099501,0.08712,0.131025,0,0,0,2,0,0,0,9,
281060203,0.015,0.08712,0.014775,0,0,0,2,0,0,0,9,
281060242,0.03,0.08712,-0.07515,0,0,0,2,0,0,0,9,
281060282,0.035,0.08712,-0.120037,0,0,0,2,0,0,0,9,
281060323,0.04,0.08712,-0.123787,0,0,0,2,0,0,0,9,
281060363,0.045,0.08712,-0.150112,0,0,0,2,0,0,0,9,
281060403,0.055,0.08712,-0.217687,0,0,0,2,0,0,0,9,
281060443,0.05495,0.08712,-0.296362,0,0,0,2,0,0,0,9,
281060483,-0.00535004,0.08712,-0.348862,0,0,0,2,0,0,0,9,
281060523,-0.1703,0.08712,-0.416325,0,0,0,2,0,0,0,9,
281060562,-0.2851,0.08712,-0.453787,0,0,0,2,0,0,0,9,
281060602,-0.33515,0.08712,-0.46125,0,0,0,2,0,0,0,9,
281060643,-0.39005,0.08712,-0.446175,0,0,0,2,0,0,0,9,
281060683,-0.41505,0.08712,-0.404887,0,0,0,2,0,0,0,9,
281060723,-0.43005,0.08712,-0.3411,0,0,0,2,0,0,0,9,
281060763,-0.445,0.08712,-0.266062,0,0,0,2,0,0,0,9,
281060803,-0.445,0.08712,-0.1911,0,0,0,2,0,0,0,9,
281060843,-0.4349,0.08712,-0.116025,0,0,0,2,0,0,0,9,
281060882,-0.38485,0.08712,-0.0184875,0,0,0,2,0,0,0,9,
281060923,-0.30485,0.08712,0.0939375,0,0,0,2,0,0,0,9,
281060963,-0.21985,0.08712,0.176363,0,0,0,2,0,0,0,9,
281061003,-0.14485,0.08712,0.228825,0,0,0,2,0,0,0,9,
281061043,-0.10495,0.08712,0.247538,0,0,0,2,0,0,0,9,
281061083,-0.09,0.08712,0.251213,0,0,0,2,0,0,0,9,
281061123,-0.0799501,0.08712,0.24,0,0,0,2,0,0,0,9,
281061163,-0.075,0.08712,0.239963,0,0,0,2,0,0,0,9,
281061202,-0.0599501,0.08712,0.2061,0,0,0,2,0,0,0,9,
281061243,-0.0299001,0.08712,0.127388,0,0,0,2,0,0,0,9,
281061283,0.0100499,0.08712,0.089925,0,0,0,2,0,0,0,9,
281061323,0.0300499,-0.00088002,0.06,0,0,0,2,0,0,0,9,
281061363,0.035,-0.00088002,0.0599625,0,0,0,2,0,0,0,9,
281061403,0.035,-0.08888,0.0525,0,0,0,2,0,0,0,9,
281061443,0.035,-0.08888,0.0525,0,0,0,2,0,0,0,9,
281061483,0.035,-0.08888,0.0525,0,0,0,2,0,0,0,9,
281061522,0.035,-0.08888,0.0525,0,0,0,2,0,0,0,9,
281061563,0.035,-0.08888,0.0525,0,0,0,2,0,0,0,9,
281061603,0.035,-0.08888,0.0525,0,0,0,2,0,0,0,9,
281061643,0.035,-0.08888,0.0525,0,0,0,2,0,0,0,9,
281061683,0.035,-0.08888,0.0525,0,0,0,2,0,0,0,9,
281061723,0.02495,-0.08888,0.0448875,0,0,0,2,0,0,0,9,
281061763,0.015,-0.08888,-0.09045,0,0,0,2,0,0,0,9,
281061802,0.01,-0.08888,-0.300375,0,0,0,2,0,0,0,9,
281061842,0.01,-0.08888,-0.420075,0,0,0,2,0,0,0,9,
281061883,0.01,-0.08888,-0.427537,0,0,0,2,0,0,0,9,
281061923,0.0100499,-0.08888,-0.43125,0,0,0,2,0,0,0,9,
281061963,0.0400999,-0.08888,-0.416212,0,0,0,2,0,0,0,9,
281062003,0.0850499,-0.08888,-0.3561,0,0,0,2,0,0,0,9,
281062043,0.1252,-0.08888,-0.202012,0,0,0,2,0,0,0,9,
281062083,0.1801,-0.08888,0.0341625,0,0,0,2,0,0,0,9,
281062122,0.19,-0.08888,0.217763,0,0,0,2,0,0,0,9,
281062162,0.19,-0.08888,0.32265,0,0,0,2,0,0,0,9,
281062203,0.18,-0.08888,0.39015,0,0,0,2,0,0,0,9,
281062243,0.15995,-0.08888,0.50655,0,0,0,2,0,0,0,9,
281062283,0.1249,-0.08888,0.641438,0,0,-135.886,2,0,0,0,9,
281062323,0.0748999,-0.08888,0.697538,0,0,-373.147,2,0,0,0,9,
281062363,0.03985,-0.08888,0.708712,0,0,-445.549,2,0,0,0,9,
281062403,-0.0602,-0.08888,0.6711,0,0,-432.968,2,0,0,0,9,
281062442,-0.18515,-0.08888,0.614962,0,0,-318.202,2,0,0,0,9,
281062482,-0.2401,-0.08888,0.577388,0,0,-225.068,2,0,0,0,9,
281062523,-0.27005,-0.08888,0.50235,0,0,-111.053,2,0,0,0,9,
281062563,-0.2699,-0.08888,0.393562,0,0,-0.891013,2,0,0,0,9,
281062603,-0.2098,-0.08888,0.28095,0,0,0,2,0,0,0,9,
281062643,-0.1048,-0.08888,0.10845,0,0,0,2,0,0,0,9,
281062683,-0.0199501,-0.08888,0.02625,0,0,0,2,0,0,0,9,
281062723,0.0502499,-0.08888,0.0904875,0,0,0,2,0,0,0,9,
281062762,0.1551,-0.08888,0.394425,0,0,0,2,0,0,0,9,
281062803,0.175,-0.08888,0.728175,0,0,-129.888,2,0,0,0,9,
281062843,0.1801,-0.08888,1.02803,0,0,-780.12,2,0,0,0,9,
281062883,0.22515,-0.08888,1.21519,0,0,-1348.89,2,0,0,0,9,
281062923,0.2952,-0.08888,1.25246,0,0,-1622.12,2,0,0,0,9,
281062963,0.40525,-0.08888,1.21481,0,0,-1631.68,2,0,0,0,9,
281063003,0.5754,-0.08888,1.07209,0,0,-1468.71,2,0,0,0,9,
281063043,0.75525,-0.08888,0.816862,-123.288,0,-1060.66,2,0,0,0,9,
281063082,0.81485,-0.08888,0.547087,-419.375,0,-455.02,2,0,0,0,9,
281063123,0.61465,-0.08888,0.352088,-334.664,0,-31.4902,2,0,0,0,9,
281063163,0.5199,-0.08888,0.1947,-6.00599,0,0,2,0,0,0,9,
281063203,0.46985,-0.08888,0.0447,6.87518,7.25617,-2.42284,2,0,0,0,9,
281063243,0.40485,-0.08888,-0.139162,0,0,0,2,0,0,0,9,
281063283,0.365,-0.08888,-0.277687,0,0,0,2,0,0,0,9,
281063323,0.4355,-0.08888,-0.3714,0,0,0,2,0,0,0,9,
281063363,0.6654,-0.08888,-0.42,-8.55802,0,0,2,0,0,0,9,
281063402,0.8403,-0.08888,-0.397425,-295.603,0,0,2,0,0,0,9,
281063443,0.9652,-0.08888,-0.329775,-645.15,0,0,2,0,0,0,9,
281063483,1.0652,-0.08888,-0.198375,-884.84,0,0,2,0,0,0,9,
281063523,1.14005,-0.08888,0.023025,-1102.53,0,0,2,0,0,0,9,
281063563,1.145,-0.08888,0.27795,-1193.53,0,0,2,0,0,0,9,
281063603,1.13495,-0.08888,0.476588,-1194.56,0,0,2,0,0,0,9,
281063643,1.06975,-0.08888,0.585075,-1132.71,0,-75.57,2,0,0,0,9,
281063683,0.8895,-0.08888,0.618788,-892.408,0,-219.598,2,0,0,0,9,
281063722,0.64445,-0.08888,0.652575,-416.922,0,-280.648,2,0,0,0,9,
281063763,0.37445,-0.08888,0.667462,-19.118,0,-354.816,2,0,0,0,9,
281063803,0.12965,-0.08888,0.61485,0,0,-333.069,2,0,0,0,9,
281063843,-0.0202501,-0.08888,0.5436,0,0,-187.795,2,0,0,0,9,
281063883,-0.18525,-0.08888,0.453563,0,0,-38.0737,2,0,0,0,9,
281063923,-0.2851,-0.08888,0.337275,0,0,0,2,0,0,0,9,
281063964,-0.32505,-0.08888,0.2022,0,0,0,2,0,0,0,9,
281064002,-0.3199,-0.08888,0.018375,0,0,0,2,0,0,0,9,
281064042,-0.29,-0.08888,-0.161512,0,0,0,2,0,0,0,9,
281064083,-0.29,-0.08888,-0.270187,0,0,0,2,0,0,0,9,
281064123,-0.28,-0.08888,-0.345075,0,0,0,2,0,0,0,9,
281064163,-0.275,-0.08888,-0.382575,0,0,0,2,0,0,0,9,
281064203,-0.2952,-0.08888,-0.427612,0,0,0,2,0,0,0,9,
281064243,-0.44545,-0.08888,-0.476287,0,0,0,2,0,0,0,9,
281064283,-0.6704,-0.08888,-0.479962,10.758,0,0,2,0,0,0,9,
281064322,-0.8102,-0.08888,-0.4536,284.438,0,0,2,0,0,0,9,
281064362,-0.9202,-0.08888,-0.34845,559.284,0,0,2,0,0,0,9,
281064403,-0.99505,-0.08888,-0.190912,774.73,0,0,2,0,0,0,9,
281064443,-1.005,-0.08888,-0.0372375,881.144,0,0,2,0,0,0,9,
281064483,-1.005,-0.08888,0.06015,888.8,0,0,2,0,0,0,9,
281064523,-1.005,-0.08888,0.142763,888.8,0,0,2,0,0,0,9,
281064563,-0.99495,-0.08888,0.266475,882.156,0,0,2,0,0,0,9,
281064603,-0.94975,-0.08888,0.375188,840.202,0,0,2,0,0,0,9,
281064642,-0.77975,-0.08888,0.4764,637.252,0,0,2,0,0,0,9,
281064683,-0.6798,-0.08888,0.51375,299.86,0,-10.2795,2,0,0,0,9,
281064723,-0.5798,-0.08888,0.502425,81.4881,0,-23.0505,2,0,0,0,9,
281064763,-0.49995,-0.08888,0.468713,0,0,-0.627001,2,0,0,0,9,
281064803,-0.4448,-0.08888,0.449962,0,0,0,2,0,0,0,9,
281064843,-0.34485,-0.08888,0.427463,0,0,0,2,0,0,0,9,
281064883,-0.27985,-0.08888,0.42,0,0,0,2,0,0,0,9,
281064923,-0.1798,-0.08888,0.420038,0,0,0,2,0,0,0,9,
281064962,-0.11495,-0.08888,0.435,0,0,0,2,0,0,0,9,
281065003,-0.11495,-0.08888,0.435,0,0,0,2,0,0,0,9,
281065043,-0.11495,-0.08888,0.435,0,0,0,2,0,0,0,9,
281065083,-0.11495,-0.08888,0.435,0,0,0,2,0,0,0,9,
281065123,-0.11495,-0.08888,0.435,0,0,0,2,0,0,0,9,
281065163,-0.11495,-0.08888,0.435,0,0,0,2,0,0,0,9,
281065203,-0.11495,-0.08888,0.435,0,0,0,2,0,0,0,9,
281065243,-0.11495,-0.08888,0.435,0,0,0,2,0,0,0,9,
281065282,-0.11495,-0.08888,0.435,0,0,0,2,0,0,0,9,
281065323,-0.11495,-0.08888,0.435,0,0,0,2,0,0,0,9,
281065363,-0.11495,-0.08888,0.435,0,0,0,2,0,0,0,9,
281065403,-0.11495,-0.08888,0.435,0,0,0,2,0,0,0,9,
281065443,-0.11495,-0.08888,0.435,0,0,0,2,0,0,0,9,
281065483,-0.11495,-0.08888,0.435,0,0,0,2,0,0,0,9,
281065523,-0.10995,-0.08888,0.435,0,0,0,2,0,0,0,9,
281065563,-0.0799501,-0.08888,0.450038,0,0,0,2,0,0,0,9,
281065602,-0.0649001,-0.08888,0.472575,0,0,0,2,0,0,0,9,
281065643,-0.01485,-0.08888,0.536438,0,0,-9.71851,2,0,0,0,9,
281065683,0.0400999,-0.08888,0.664088,0,0,-172.978,2,0,0,0,9,
281065723,0.0750499,-0.08888,0.832838,0,0,-505.642,2,0,0,0,9,
281065763,0.10005,-0.08888,0.979012,0,0,-859.477,2,0,0,0,9,
281065803,0.1251,-0.08888,1.0839,0,0,-1155.46,2,0,0,0,9,
281065843,0.1551,-0.08888,1.12882,0,0,-1333.4,2,0,0,0,9,
281065882,0.24525,-0.08888,1.15875,0,0,-1410.88,2,0,0,0,9,
281065922,0.36525,-0.08888,1.14742,0,0,-1445.35,2,0,0,0,9,
281065963,0.47525,-0.08888,1.07228,0,0,-1374.13,2,0,0,0,9,
281066003,0.5802,-0.08888,0.9372,0,0,-1152.76,2,0,0,0,9,
281066043,0.6451,-0.08888,0.7872,-27.434,0,-824.34,2,0,0,0,9,
281066083,0.68005,-0.08888,0.607087,-132.154,0,-484.324,2,0,0,0,9,
281066123,0.69,-0.08888,0.389512,-188.144,0,-94.644,2,0,0,0,9,
281066163,0.6298,-0.08888,0.164588,-164.736,0,0,2,0,0,0,9,
281066202,0.54995,-0.08888,-0.04905,-16.566,0,0,2,0,0,0,9,
281066242,0.5049,-0.08888,-0.16515,0,0,0,2,0,0,0,9,
281066283,0.39975,-0.08888,-0.236325,0,0,0,2,0,0,0,9,
281066323,0.23965,-0.08888,-0.25875,0,0,0,2,0,0,0,9,
281066363,0.05965,-0.08888,-0.236175,0,0,0,2,0,0,0,9,
281066403,-0.1054,-0.08888,-0.17985,0,0,0,2,0,0,0,9,
281066443,-0.28025,-0.08888,-0.0936,0,0,0,2,0,0,0,9,
281066483,-0.38015,-0.08888,-0.026175,0,0,0,2,0,0,0,9,
281066522,-0.4552,-0.08888,0.0264,0,0,0,2,0,0,0,9,
281066563,-0.5401,-0.08888,0.120188,0,0,0,2,0,0,0,9,
281066603,-0.5951,-0.08888,0.22155,0,0,0,2,0,0,0,9,
281066644,-0.64505,-0.08888,0.36015,40.2161,0,0,2,0,0,0,9,
281066683,-0.66505,-0.08888,0.38625,118.91,0,0,2,0,0,0,9,
281066723,-0.69505,-0.08888,0.405075,161.832,0,0,2,0,0,0,9,
281066763,-0.74515,-0.08888,0.529163,241.109,0,0,2,0,0,0,9,
281066803,-0.785,-0.08888,0.742838,360.976,0,-255.04,2,0,0,0,9,
281066842,-0.785,-0.08888,0.795038,404.8,0,-605.847,2,0,0,0,9,
281066883,-0.76985,-0.08888,0.810037,398.134,0,-660.891,2,0,0,0,9,
281066923,-0.70485,-0.08888,0.821288,307.714,0,-693.049,2,0,0,0,9,
281066963,-0.60465,-0.08888,0.84,155.76,0,-721.132,2,0,0,0,9,
281067003,-0.44475,-0.08888,0.824962,2.40907,0,-739.134,2,0,0,0,9,
281067043,-0.3248,-0.08888,0.776137,0,0,-679.586,2,0,0,0,9,
281067083,-0.20485,-0.08888,0.6897,0,0,-538.362,2,0,0,0,9,
281067123,-0.15,-0.08888,0.566063,0,0,-303.056,2,0,0,0,9,
281067162,-0.125,-0.08888,0.468525,0,0,-66.6435,2,0,0,0,9,
281067203,-0.12,-0.08888,0.3447,0,0,0,2,0,0,0,9,
281067243,-0.1301,-0.08888,0.2286,0,0,0,2,0,0,0,9,
281067283,-0.145,-0.08888,0.194963,0,0,0,2,0,0,0,9,
281067323,-0.145,-0.08888,0.194963,0,0,0,2,0,0,0,9,
281067363,-0.155,-0.08888,0.187388,0,0,0,2,0,0,0,9,
281067403,-0.13995,-0.08888,0.0483375,0,0,0,2,0,0,0,9,
281067443,-0.09485,-0.08888,-0.1767,0,0,0,2,0,0,0,9,
281067482,-0.00990005,-0.08888,-0.397912,0,0,0,2,0,0,0,9,
281067523,0.05515,-0.08888,-0.536362,0,0,0,2,0,0,0,9,
281067563,0.1251,-0.08888,-0.577575,0,0,0,2,0,0,0,9,
281067603,0.17015,-0.08888,-0.59625,0,0,0,2,0,0,0,9,
281067643,0.2452,-0.08888,-0.562312,0,0,0,2,0,0,0,9,
281067683,0.3251,-0.08888,-0.43845,0,0,0,2,0,0,0,9,
281067723,0.3801,-0.08888,-0.288487,0,0,0,2,0,0,0,9,
281067762,0.42005,-0.08888,-0.187425,0,0,0,2,0,0,0,9,
281067802,0.42495,-0.08888,-0.18,0,0,0,2,0,0,0,9,
281067843,0.37985,-0.08888,-0.23655,0,0,0,2,0,0,0,9,
281067883,0.32995,-0.08888,-0.40905,0,0,0,2,0,0,0,9,
281067923,0.325,-0.08888,-0.54015,0,0,0,2,0,0,0,9,
281067963,0.325,-0.08888,-0.570037,0,0,0,2,0,0,0,9,
281068003,0.32495,-0.08888,-0.57375,0,0,0,2,0,0,0,9,
281068043,0.315,-0.08888,-0.566212,0,0,0,2,0,0,0,9,
281068082,0.31,-0.08888,-0.558712,0,0,0,2,0,0,0,9,
281068122,0.30495,-0.08888,-0.532462,0,0,0,2,0,0,0,9,
281068163,0.29995,-0.08888,-0.47985,0,0,0,2,0,0,0,9,
281068203,0.29,-0.08888,-0.404812,0,0,0,2,0,0,0,9,
281068243,0.27995,-0.08888,-0.273487,0,0,0,2,0,0,0,9,
281068283,0.275,-0.08888,-0.183712,0,0,0,2,0,0,0,9,
281068323,0.275,-0.08888,-0.179962,0,0,0,2,0,0,0,9,
281068363,0.28005,-0.08888,-0.187537,0,0,0,2,0,0,0,9,
281068402,0.29,-0.08888,-0.202537,0,0,0,2,0,0,0,9,
281068443,0.295,-0.08888,-0.217575,0,0,0,2,0,0,0,9,
281068483,0.3,-0.08888,-0.251325,0,0,0,2,0,0,0,9,
281068523,0.305,-0.08888,-0.270037,0,0,0,2,0,0,0,9,
281068563,0.305,-0.08888,-0.270037,0,0,0,2,0,0,0,9,
281068603,0.305,-0.08888,-0.270037,0,0,0,2,0,0,0,9,
281068643,0.305,-0.08888,-0.270037,0,0,0,2,0,0,0,9,
281068683,0.305,-0.08888,-0.270037,0,0,0,2,0,0,0,9,
281068722,0.305,-0.08888,-0.270037,0,0,0,2,0,0,0,9,
281068763,0.305,-0.08888,-0.270037,0,0,0,2,0,0,0,9,
281068803,0.305,-0.08888,-0.270037,0,0,0,2,0,0,0,9,
281068843,0.305,-0.08888,-0.270037,0,0,0,2,0,0,0,9,
281068883,0.305,-0.08888,-0.270037,0,0,0,2,0,0,0,9,
281068923,0.305,-0.08888,-0.270037,0,0,0,2,0,0,0,9,
281068963,0.305,-0.08888,-0.270037,0,0,0,2,0,0,0,9,
281069003,0.305,-0.08888,-0.270037,0,0,0,2,0,0,0,9,
281069042,0.305,-0.08888,-0.270037,0,0,0,2,0,0,0,9,
281069083,0.305,-0.08888,-0.270037,0,0,0,2,0,0,0,9,
281069123,0.305,-0.08888,-0.270037,0,0,0,2,0,0,0,9,
281069163,0.305,-0.08888,-0.270037,0,0,0,2,0,0,0,9,
281069203,0.305,-0.08888,-0.270037,0,0,0,2,0,0,0,9,
281069243,0.305,-0.08888,-0.270037,0,0,0,2,0,0,0,9,
281069283,0.305,-0.08888,-0.270037,0,0,0,2,0,0,0,9,
281069323,0.305,-0.08888,-0.270037,0,0,0,2,0,0,0,9,
281069362,0.305,-0.08888,-0.270037,0,0,0,2,0,0,0,9,
281069403,0.305,-0.08888,-0.270037,0,0,0,2,0,0,0,9,
281069443,0.305,-0.08888,-0.270037,0,0,0,2,0,0,0,9,
281069483,0.305,-0.08888,-0.270037,0,0,0,2,0,0,0,9,
281069523,0.305,-0.08888,-0.270037,0,0,0,2,0,0,0,9,
281069563,0.305,-0.08888,-0.270037,0,0,0,2,0,0,0,9,
281069603,0.305,-0.08888,-0.270037,0,0,0,2,0,0,0,9,
281069642,0.305,-0.08888,-0.270037,0,0,0,2,0,0,0,9,
281069682,0.305,-0.08888,-0.270037,0,0,0,2,0,0,0,9,
281069723,0.305,-0.08888,-0.270037,0,0,0,2,0,0,0,9,
281069763,0.305,-0.08888,-0.270037,0,0,0,2,0,0,0,9,
281069803,0.30495,-0.08888,-0.27375,0,0,0,2,0,0,0,9,
281069843,0.30495,-0.08888,-0.27375,0,0,0,2,0,0,0,9,
281069883,0.30495,-0.08888,-0.27375,0,0,0,2,0,0,0,9,
281069923,0.30495,-0.08888,-0.27375,0,0,0,2,0,0,0,9,
281069962,0.29495,-0.08888,-0.27375,0,0,0,2,0,0,0,9,
281070002,0.29,-0.08888,-0.273712,0,0,0,2,0,0,0,9,
281070043,0.29,-0.08888,-0.273712,0,0,0,2,0,0,0,9,
281070083,0.29,-0.08888,-0.273712,0,0,0,2,0,0,0,9,
281070123,0.29,-0.08888,-0.273712,0,0,0,2,0,0,0,9,
281070163,0.29,-0.08888,-0.273712,0,0,0,2,0,0,0,9,
281070203,0.29,-0.08888,-0.273712,0,0,0,2,0,0,0,9,
281070243,0.285,-0.08888,-0.269962,0,0,0,2,0,0,0,9,
281070282,0.285,-0.08888,-0.269962,0,0,0,2,0,0,0,9,
281070323,0.285,-0.08888,-0.269962,0,0,0,2,0,0,0,9,
281070363,0.285,-0.08888,-0.262462,0,0,0,2,0,0,0,9,
281070403,0.28,-0.08888,-0.258712,0,0,0,2,0,0,0,9,
281070443,0.28,-0.08888,-0.254962,0,0,0,2,0,0,0,9,
281070483,0.28,-0.08888,-0.254962,0,0,0,2,0,0,0,9,
281070523,0.28,-0.08888,-0.254962,0,0,0,2,0,0,0,9,
281070563,0.27995,-0.08888,-0.25125,0,0,0,2,0,0,0,9,
281070602,0.275,-0.08888,-0.251212,0,0,0,2,0,0,0,9,
281070643,0.275,-0.08888,-0.251212,0,0,0,2,0,0,0,9,
281070683,0.275,-0.08888,-0.251212,0,0,0,2,0,0,0,9,
281070723,0.27495,-0.08888,-0.24375,0,0,0,2,0,0,0,9,
281070763,0.27,-0.08888,-0.243712,0,0,0,2,0,0,0,9,
281070803,0.27,-0.08888,-0.243712,0,0,0,2,0,0,0,9,
281070843,0.27,-0.08888,-0.243712,0,0,0,2,0,0,0,9,
281070883,0.27,-0.08888,-0.243712,0,0,0,2,0,0,0,9,
281070922,0.27,-0.08888,-0.243712,0,0,0,2,0,0,0,9,
281070963,0.27,-0.08888,-0.243712,0,0,0,2,0,0,0,9,
281071003,0.27,-0.08888,-0.243712,0,0,0,2,0,0,0,9,
281071043,0.27,-0.08888,-0.243712,0,0,0,2,0,0,0,9,
281071083,0.27,-0.08888,-0.243712,0,0,0,2,0,0,0,9,
281071123,0.27,-0.08888,-0.243712,0,0,0,2,0,0,0,9,
281071163,0.27,-0.08888,-0.243712,0,0,0,2,0,0,0,9,
281071203,0.27,-0.08888,-0.239962,0,0,0,2,0,0,0,9,
281071242,0.265,-0.08888,-0.236212,0,0,0,2,0,0,0,9,
281071283,0.265,-0.08888,-0.236212,0,0,0,2,0,0,0,9,
281071323,0.265,-0.08888,-0.236212,0,0,0,2,0,0,0,9,
281071363,0.26,-0.08888,-0.228712,0,0,0,2,0,0,0,9,
281071403,0.26,-0.08888,-0.224962,0,0,0,2,0,0,0,9,
281071443,0.26,-0.08888,-0.224962,0,0,0,2,0,0,0,9,
281071483,0.26,-0.08888,-0.224962,0,0,0,2,0,0,0,9,
281071522,0.26,-0.08888,-0.224962,0,0,0,2,0,0,0,9,
281071562,0.25495,-0.08888,-0.22125,0,0,0,2,0,0,0,9,
281071603,0.24,-0.08888,-0.217462,0,0,0,2,0,0,0,9,
281071644,0.22995,-0.08888,-0.21,0,0,0,2,0,0,0,9,
281071683,0.22,-0.08888,-0.206212,0,0,0,2,0,0,0,9,
281071723,0.22,-0.08888,-0.206212,0,0,0,2,0,0,0,9,
281071763,0.21495,-0.08888,-0.202462,0,0,0,2,0,0,0,9,
281071803,0.21,-0.08888,-0.198712,0,0,0,2,0,0,0,9,
281071842,0.21,-0.08888,-0.198712,0,0,0,2,0,0,0,9,
281071882,0.21,-0.08888,-0.198712,0,0,0,2,0,0,0,9,
281071923,0.21,-0.08888,-0.198712,0,0,0,2,0,0,0,9,
281071963,0.21,-0.08888,-0.198712,0,0,0,2,0,0,0,9,
