milisec,RacketX,RacketY,RacketZ,forceX,forceX,forceX,ForceRatio,FriendPoint,EnemyPoint,haptics,scene
101837497,0,0,0,0,0,0,0,0,0,0,0,
101837506,0,0,0,0,0,0,0,0,0,0,0,
101837538,0,0,0,0,0,0,0,0,0,0,0,
101837578,0,0,0,0,0,0,0,0,0,0,0,
101837618,0,0,0,0,0,0,0,0,0,0,0,
101837658,0,0,0,0,0,0,0,0,0,0,0,
101837698,0,0,0,0,0,0,0,0,0,0,0,
101837738,0,0,0,0,0,0,0,0,0,0,0,
101837792,0,0,0,0,0,0,0,0,0,0,0,
101837818,0,0,0,0,0,0,0,0,0,0,0,
101837860,0,0,0,0,0,0,0,0,0,0,0,
101837898,0,0,0,0,0,0,0,0,0,0,0,
101837938,0,0,0,0,0,0,0,0,0,0,0,
101837978,0,0,0,0,0,0,0,0,0,0,0,
101838018,0,0,0,0,0,0,0,0,0,0,0,
101838058,0,0,0,0,0,0,0,0,0,0,0,
101838098,0,0,0,0,0,0,0,0,0,0,0,
101838138,0,0,0,0,0,0,0,0,0,0,0,
101838178,0,0,0,0,0,0,0,0,0,0,0,
101838218,0,0,0,0,0,0,0,0,0,0,0,
101838258,0,0,0,0,0,0,0,0,0,0,0,
101838298,0,0,0,0,0,0,0,0,0,0,0,
101838338,0,0,0,0,0,0,0,0,0,0,0,
101838378,0,0,0,0,0,0,0,0,0,0,0,
101838418,0,0,0,0,0,0,0,0,0,0,0,
101838458,0,0,0,0,0,0,0,0,0,0,0,
101838498,0,0,0,0,0,0,0,0,0,0,0,
101838538,0,0,0,0,0,0,0,0,0,0,0,
101838578,0,0,0,0,0,0,0,0,0,0,0,
101838618,0,0,0,0,0,0,0,0,0,0,0,
101838658,0,0,0,0,0,0,0,0,0,0,0,
101838698,0,0,0,0,0,0,0,0,0,0,0,
101838738,0,0,0,0,0,0,0,0,0,0,0,
101838778,0,0,0,0,0,0,0,0,0,0,0,
101838818,0,0,0,0,0,0,0,0,0,0,0,
101838858,0,0,0,0,0,0,0,0,0,0,0,
101838898,0,0,0,0,0,0,0,0,0,0,0,
101838938,0,0,0,0,0,0,0,0,0,0,0,
101838977,0,0,0,0,0,0,0,0,0,0,0,
101839018,0,0,0,0,0,0,0,0,0,0,0,
101839058,0,0,0,0,0,0,0,0,0,0,0,
101839098,0,0,0,0,0,0,0,0,0,0,0,
101839138,0,0,0,0,0,0,0,0,0,0,0,
101839178,0,0,0,0,0,0,0,0,0,0,0,
101839218,0,0,0,0,0,0,0,0,0,0,0,
101839258,0,0,0,0,0,0,0,0,0,0,0,
101839298,0,0,0,0,0,0,0,0,0,0,0,
101839338,0,0,0,0,0,0,0,0,0,0,0,
101839378,0,0,0,0,0,0,0,0,0,0,0,
101839418,0,0,0,0,0,0,0,0,0,0,0,
101839458,0,0,0,0,0,0,0,0,0,0,0,
101839498,0,0,0,0,0,0,0,0,0,0,0,
101839538,0,0,0,0,0,0,0,0,0,0,0,
101839578,0,0,0,0,0,0,0,0,0,0,0,
101839618,0,0,0,0,0,0,0,0,0,0,0,
101839658,0,0,0,0,0,0,0,0,0,0,0,
101839698,0,0,0,0,0,0,0,0,0,0,0,
101839738,0,0,0,0,0,0,0,0,0,0,0,
101839778,0,0,0,0,0,0,0,0,0,0,0,
101839818,0,0,0,0,0,0,0,0,0,0,0,
101839858,0,0,0,0,0,0,0,0,0,0,0,
101839898,0,0,0,0,0,0,0,0,0,0,0,
101839938,0,0,0,0,0,0,0,0,0,0,0,
101839978,0,0,0,0,0,0,0,0,0,0,0,
101840018,0,0,0,0,0,0,0,0,0,0,0,
101840058,0,0,0,0,0,0,0,0,0,0,0,
101840098,0,0,0,0,0,0,0,0,0,0,0,
101840138,0,0,0,0,0,0,0,0,0,0,0,
101840178,0,0,0,0,0,0,0,0,0,0,0,
101840218,0,0,0,0,0,0,0,0,0,0,0,
101840258,0,0,0,0,0,0,0,0,0,0,0,
101840298,0,0,0,0,0,0,0,0,0,0,0,
101840338,0,0,0,0,0,0,0,0,0,0,0,
101840378,0,0,0,0,0,0,0,0,0,0,0,
101840418,0,0,0,0,0,0,0,0,0,0,0,
101840469,0,0,0,0,0,0,0,0,0,0,0,
101840498,0,0,0,0,0,0,0,0,0,0,0,
101840538,0,0,0,0,0,0,0,0,0,0,0,
101840578,0,0,0,0,0,0,0,0,0,0,0,
101840618,0,0,0,0,0,0,0,0,0,0,0,
101840658,0,0,0,0,0,0,0,0,0,0,0,
101840698,0,0,0,0,0,0,0,0,0,0,0,
101840738,0,0,0,0,0,0,0,0,0,0,0,
101840778,0,0,0,0,0,0,0,0,0,0,0,
101840818,0,0,0,0,0,0,0,0,0,0,0,
101840857,0,0,0,0,0,0,0,0,0,0,0,
101840898,0,0,0,0,0,0,0,0,0,0,0,
101840938,0,0,0,0,0,0,0,0,0,0,0,
101840978,0,0,0,0,0,0,0,0,0,0,0,
101841018,0,0,0,0,0,0,0,0,0,0,0,
101841058,0,0,0,0,0,0,0,0,0,0,0,
101841098,0,0,0,0,0,0,0,0,0,0,0,
101841138,0,0,0,0,0,0,0,0,0,0,0,
101841178,0,0,0,0,0,0,0,0,0,0,0,
101841218,0,0,0,0,0,0,0,0,0,0,0,
101841258,0,0,0,0,0,0,0,0,0,0,0,
101841298,0,0,0,0,0,0,0,0,0,0,0,
101841338,0,0,0,0,0,0,0,0,0,0,0,
101841378,0,0,0,0,0,0,0,0,0,0,0,
101841418,0,0,0,0,0,0,0,0,0,0,0,
101841458,0,0,0,0,0,0,0,0,0,0,0,
101841498,0,0,0,0,0,0,0,0,0,0,0,
101841538,0,0,0,0,0,0,0,0,0,0,0,
101841578,0,0,0,0,0,0,0,0,0,0,0,
101841618,0,0,0,0,0,0,0,0,0,0,0,
101841658,0,0,0,0,0,0,0,0,0,0,0,
101841698,0,0,0,0,0,0,0,0,0,0,0,
101841738,0,0,0,0,0,0,0,0,0,0,0,
101841778,0,0,0,0,0,0,0,0,0,0,0,
101841818,0,0,0,0,0,0,0,0,0,0,0,
101841858,0,0,0,0,0,0,0,0,0,0,0,
101841898,0,0,0,0,0,0,0,0,0,0,0,
101841938,0,0,0,0,0,0,0,0,0,0,0,
101841978,0,0,0,0,0,0,0,0,0,0,0,
101842018,0,0,0,0,0,0,0,0,0,0,0,
101842058,0,0,0,0,0,0,0,0,0,0,0,
101842098,0,0,0,0,0,0,0,0,0,0,0,
101842138,0,0,0,0,0,0,0,0,0,0,0,
101842178,0,0,0,0,0,0,0,0,0,0,0,
101842218,0,0,0,0,0,0,0,0,0,0,0,
101842258,0,0,0,0,0,0,0,0,0,0,0,
101842298,0,0,0,0,0,0,0,0,0,0,0,
101842338,0,0,0,0,0,0,0,0,0,0,0,
101842378,0,0,0,0,0,0,0,0,0,0,0,
101842418,0,0,0,0,0,0,0,0,0,0,0,
101842458,0,0,0,0,0,0,0,0,0,0,0,
101842498,0,0,0,0,0,0,0,0,0,0,0,
101842538,0,0,0,0,0,0,0,0,0,0,0,
101842578,0,0,0,0,0,0,0,0,0,0,0,
101842618,0,0,0,0,0,0,0,0,0,0,0,
101842658,0,0,0,0,0,0,0,0,0,0,0,
101842698,0,0,0,0,0,0,0,0,0,0,0,
101842737,0,0,0,0,0,0,0,0,0,0,0,
101842778,0,0,0,0,0,0,0,0,0,0,0,
101842818,0,0,0,0,0,0,0,0,0,0,0,
101842858,0,0,0,0,0,0,0,0,0,0,0,
101842898,0,0,0,0,0,0,0,0,0,0,0,
101842938,0,0,0,0,0,0,0,0,0,0,0,
101842978,0,0,0,0,0,0,0,0,0,0,0,
101843018,0,0,0,0,0,0,0,0,0,0,0,
101843057,0,0,0,0,0,0,0,0,0,0,0,
101843098,0,0,0,0,0,0,0,0,0,0,0,
101843138,0,0,0,0,0,0,0,0,0,0,0,
101843178,0,0,0,0,0,0,0,0,0,0,0,
101843218,0,0,0,0,0,0,0,0,0,0,0,
101843258,0,0,0,0,0,0,0,0,0,0,0,
101843298,0,0,0,0,0,0,0,0,0,0,0,
101843338,0,0,0,0,0,0,0,0,0,0,0,
101843378,0,0,0,0,0,0,0,0,0,0,0,
101843418,0,0,0,0,0,0,0,0,0,0,0,
101843458,0,0,0,0,0,0,0,0,0,0,0,
101843498,0,0,0,0,0,0,0,0,0,0,0,
101843538,0,0,0,0,0,0,0,0,0,0,0,
101843578,0,0,0,0,0,0,0,0,0,0,0,
101843618,0,0,0,0,0,0,0,0,0,0,0,
101843658,0,0,0,0,0,0,0,0,0,0,0,
101843698,0,0,0,0,0,0,0,0,0,0,0,
101843738,0,0,0,0,0,0,0,0,0,0,0,
101843778,0,0,0,0,0,0,0,0,0,0,0,
101843818,0,0,0,0,0,0,0,0,0,0,0,
101843858,0,0,0,0,0,0,0,0,0,0,0,
101843898,0,0,0,0,0,0,0,0,0,0,0,
101843938,0,0,0,0,0,0,0,0,0,0,0,
101843978,0,0,0,0,0,0,0,0,0,0,0,
101844018,0,0,0,0,0,0,0,0,0,0,0,
101844058,0,0,0,0,0,0,0,0,0,0,0,
101844098,0,0,0,0,0,0,0,0,0,0,0,
101844138,0,0,0,0,0,0,0,0,0,0,0,
101844178,0,0,0,0,0,0,0,0,0,0,0,
101844218,0,0,0,0,0,0,0,0,0,0,0,
101844258,0,0,0,0,0,0,0,0,0,0,0,
101844298,0,0,0,0,0,0,0,0,0,0,0,
101844338,0,0,0,0,0,0,0,0,0,0,0,
101844378,0,0,0,0,0,0,0,0,0,0,0,
101844418,0,0,0,0,0,0,0,0,0,0,0,
101844458,0,0,0,0,0,0,0,0,0,0,0,
101844498,0,0,0,0,0,0,0,0,0,0,0,
101844538,0,0,0,0,0,0,0,0,0,0,0,
101844578,0,0,0,0,0,0,0,0,0,0,0,
101844617,0,0,0,0,0,0,0,0,0,0,0,
101844658,0,0,0,0,0,0,0,0,0,0,0,
101844698,0,0,0,0,0,0,0,0,0,0,0,
101844738,0,0,0,0,0,0,0,0,0,0,0,
101844778,0,0,0,0,0,0,0,0,0,0,0,
101844818,0,0,0,0,0,0,0,0,0,0,0,
101844858,0,0,0,0,0,0,0,0,0,0,0,
101844898,0,0,0,0,0,0,0,0,0,0,0,
101844937,0,0,0,0,0,0,0,0,0,0,0,
101844978,0,0,0,0,0,0,0,0,0,0,0,
101845018,0,0,0,0,0,0,0,0,0,0,0,
101845058,0,0,0,0,0,0,0,0,0,0,0,
101845098,0,0,0,0,0,0,0,0,0,0,0,
101845138,0,0,0,0,0,0,0,0,0,0,0,
101845178,0,0,0,0,0,0,0,0,0,0,0,
101845218,0,0,0,0,0,0,0,0,0,0,0,
101845258,0,0,0,0,0,0,0,0,0,0,0,
101845298,0,0,0,0,0,0,0,0,0,0,0,
101845338,0,0,0,0,0,0,0,0,0,0,0,
101845378,0,0,0,0,0,0,0,0,0,0,0,
101845418,0,0,0,0,0,0,0,0,0,0,0,
101845458,0,0,0,0,0,0,0,0,0,0,0,
101845498,0,0,0,0,0,0,0,0,0,0,0,
101845538,0,0,0,0,0,0,0,0,0,0,0,
101845578,0,0,0,0,0,0,0,0,0,0,0,
101845618,0,0,0,0,0,0,0,0,0,0,0,
101845658,0,0,0,0,0,0,0,0,0,0,0,
101845698,0,0,0,0,0,0,0,0,0,0,0,
101845738,0,0,0,0,0,0,0,0,0,0,0,
101845778,0,0,0,0,0,0,0,0,0,0,0,
101845818,0,0,0,0,0,0,0,0,0,0,0,
101845858,0,0,0,0,0,0,0,0,0,0,0,
101845898,0,0,0,0,0,0,0,0,0,0,0,
101845938,0,0,0,0,0,0,0,0,0,0,0,
101845978,0,0,0,0,0,0,0,0,0,0,0,
101846018,0,0,0,0,0,0,0,0,0,0,0,
101846058,0,0,0,0,0,0,0,0,0,0,0,
101846098,0,0,0,0,0,0,0,0,0,0,0,
101846138,0,0,0,0,0,0,0,0,0,0,0,
101846178,0,0,0,0,0,0,0,0,0,0,0,
101846218,0,0,0,0,0,0,0,0,0,0,0,
101846258,0,0,0,0,0,0,0,0,0,0,0,
101846298,0,0,0,0,0,0,0,0,0,0,0,
101846338,0,0,0,0,0,0,0,0,0,0,0,
101846378,0,0,0,0,0,0,0,0,0,0,0,
101846418,0,0,0,0,0,0,0,0,0,0,0,
101846458,0,0,0,0,0,0,0,0,0,0,0,
101846497,0,0,0,0,0,0,0,0,0,0,0,
101846538,0,0,0,0,0,0,0,0,0,0,0,
101846578,0,0,0,0,0,0,0,0,0,0,0,
101846618,0,0,0,0,0,0,0,0,0,0,0,
101846658,0,0,0,0,0,0,0,0,0,0,0,
101846698,0,0,0,0,0,0,0,0,0,0,0,
101846738,0,0,0,0,0,0,0,0,0,0,0,
101846778,0,0,0,0,0,0,0,0,0,0,0,
101846817,0,0,0,0,0,0,0,0,0,0,0,
101846858,0,0,0,0,0,0,0,0,0,0,0,
101846898,0,0,0,0,0,0,0,0,0,0,0,
101846938,0,0,0,0,0,0,0,0,0,0,0,
101846978,0,0,0,0,0,0,0,0,0,0,0,
101847018,0,0,0,0,0,0,0,0,0,0,0,
101847058,0,0,0,0,0,0,0,0,0,0,0,
101847098,0,0,0,0,0,0,0,0,0,0,0,
101847138,0,0,0,0,0,0,0,0,0,0,0,
101847178,0,0,0,0,0,0,0,0,0,0,0,
101847218,0,0,0,0,0,0,0,0,0,0,0,
101847258,0,0,0,0,0,0,0,0,0,0,0,
101847298,0,0,0,0,0,0,0,0,0,0,0,
101847338,0,0,0,0,0,0,0,0,0,0,0,
101847378,0,0,0,0,0,0,0,0,0,0,0,
101847418,0,0,0,0,0,0,0,0,0,0,0,
101847458,0,0,0,0,0,0,0,0,0,0,0,
101847498,0,0,0,0,0,0,0,0,0,0,0,
101847538,0,0,0,0,0,0,0,0,0,0,0,
101847578,0,0,0,0,0,0,0,0,0,0,0,
101847618,0,0,0,0,0,0,0,0,0,0,0,
101847658,0,0,0,0,0,0,0,0,0,0,0,
101847698,0,0,0,0,0,0,0,0,0,0,0,
101847738,0,0,0,0,0,0,0,0,0,0,0,
101847778,0,0,0,0,0,0,0,0,0,0,0,
101847818,0,0,0,0,0,0,0,0,0,0,0,
101847858,0,0,0,0,0,0,0,0,0,0,0,
101847898,0,0,0,0,0,0,0,0,0,0,0,
101847938,0,0,0,0,0,0,0,0,0,0,0,
101847978,0,0,0,0,0,0,0,0,0,0,0,
101848018,0,0,0,0,0,0,0,0,0,0,0,
101848058,0,0,0,0,0,0,0,0,0,0,0,
101848098,0,0,0,0,0,0,0,0,0,0,0,
101848138,0,0,0,0,0,0,0,0,0,0,0,
101848178,0,0,0,0,0,0,0,0,0,0,0,
101848218,0,0,0,0,0,0,0,0,0,0,0,
101848258,0,0,0,0,0,0,0,0,0,0,0,
101848298,0,0,0,0,0,0,0,0,0,0,0,
101848338,0,0,0,0,0,0,0,0,0,0,0,
101848377,0,0,0,0,0,0,0,0,0,0,0,
101848418,0,0,0,0,0,0,0,0,0,0,0,
101848458,0,0,0,0,0,0,0,0,0,0,0,
101848498,0,0,0,0,0,0,0,0,0,0,0,
101848538,0,0,0,0,0,0,0,0,0,0,0,
101848578,0,0,0,0,0,0,0,0,0,0,0,
101848618,0,0,0,0,0,0,0,0,0,0,0,
101848658,0,0,0,0,0,0,0,0,0,0,0,
101848697,0,0,0,0,0,0,0,0,0,0,0,
101848738,0,0,0,0,0,0,0,0,0,0,0,
101848778,0,0,0,0,0,0,0,0,0,0,0,
101848818,0,0,0,0,0,0,0,0,0,0,0,
101848858,0,0,0,0,0,0,0,0,0,0,0,
101848898,0,0,0,0,0,0,0,0,0,0,0,
101848938,0,0,0,0,0,0,0,0,0,0,0,
101848978,0,0,0,0,0,0,0,0,0,0,0,
101849018,0,0,0,0,0,0,0,0,0,0,0,
101849058,0,0,0,0,0,0,0,0,0,0,0,
101849098,0,0,0,0,0,0,0,0,0,0,0,
101849138,0,0,0,0,0,0,0,0,0,0,0,
101849178,0,0,0,0,0,0,0,0,0,0,0,
101849218,0,0,0,0,0,0,0,0,0,0,0,
101849258,0,0,0,0,0,0,0,0,0,0,0,
101849298,0,0,0,0,0,0,0,0,0,0,0,
101849338,0,0,0,0,0,0,0,0,0,0,0,
101849378,0,0,0,0,0,0,0,0,0,0,0,
101849418,0,0,0,0,0,0,0,0,0,0,0,
101849458,0,0,0,0,0,0,0,0,0,0,0,
101849498,0,0,0,0,0,0,0,0,0,0,0,
101849538,0,0,0,0,0,0,0,0,0,0,0,
101849578,0,0,0,0,0,0,0,0,0,0,0,
101849618,0,0,0,0,0,0,0,0,0,0,0,
101849658,0,0,0,0,0,0,0,0,0,0,0,
101849698,0,0,0,0,0,0,0,0,0,0,0,
101849738,0,0,0,0,0,0,0,0,0,0,0,
101849778,0,0,0,0,0,0,0,0,0,0,0,
101849818,0,0,0,0,0,0,0,0,0,0,0,
101849858,0,0,0,0,0,0,0,0,0,0,0,
101849898,0,0,0,0,0,0,0,0,0,0,0,
101849938,0,0,0,0,0,0,0,0,0,0,0,
101849978,0,0,0,0,0,0,0,0,0,0,0,
101850018,0,0,0,0,0,0,0,0,0,0,0,
101850058,0,0,0,0,0,0,0,0,0,0,0,
101850098,0,0,0,0,0,0,0,0,0,0,0,
101850138,0,0,0,0,0,0,0,0,0,0,0,
101850178,0,0,0,0,0,0,0,0,0,0,0,
101850218,0,0,0,0,0,0,0,0,0,0,0,
101850258,0,0,0,0,0,0,0,0,0,0,0,
101850298,0,0,0,0,0,0,0,0,0,0,0,
101850338,0,0,0,0,0,0,0,0,0,0,0,
101850378,0,0,0,0,0,0,0,0,0,0,0,
101850418,0,0,0,0,0,0,0,0,0,0,0,
101850458,0,0,0,0,0,0,0,0,0,0,0,
101850498,0,0,0,0,0,0,0,0,0,0,0,
101850538,0,0,0,0,0,0,0,0,0,0,0,
101850577,0,0,0,0,0,0,0,0,0,0,0,
101850618,0,0,0,0,0,0,0,0,0,0,0,
101850658,0,0,0,0,0,0,0,0,0,0,0,
101850698,0,0,0,0,0,0,0,0,0,0,0,
101850738,0,0,0,0,0,0,0,0,0,0,0,
101850778,0,0,0,0,0,0,0,0,0,0,0,
101850818,0,0,0,0,0,0,0,0,0,0,0,
101850858,0,0,0,0,0,0,0,0,0,0,0,
101850898,0,0,0,0,0,0,0,0,0,0,0,
101850938,0,0,0,0,0,0,0,0,0,0,0,
101850978,0,0,0,0,0,0,0,0,0,0,0,
101851018,0,0,0,0,0,0,0,0,0,0,0,
101851058,0,0,0,0,0,0,0,0,0,0,0,
101851098,0,0,0,0,0,0,0,0,0,0,0,
101851138,0,0,0,0,0,0,0,0,0,0,0,
101851178,0,0,0,0,0,0,0,0,0,0,0,
101851218,0,0,0,0,0,0,0,0,0,0,0,
101851258,0,0,0,0,0,0,0,0,0,0,0,
101851298,0,0,0,0,0,0,0,0,0,0,0,
101851338,0,0,0,0,0,0,0,0,0,0,0,
101851378,0,0,0,0,0,0,0,0,0,0,0,
101851418,0,0,0,0,0,0,0,0,0,0,0,
101851458,0,0,0,0,0,0,0,0,0,0,0,
101851498,0,0,0,0,0,0,0,0,0,0,0,
101851538,0,0,0,0,0,0,0,0,0,0,0,
101851578,0,0,0,0,0,0,0,0,0,0,0,
101851618,0,0,0,0,0,0,0,0,0,0,0,
101851658,0,0,0,0,0,0,0,0,0,0,0,
101851698,0,0,0,0,0,0,0,0,0,0,0,
101851738,0,0,0,0,0,0,0,0,0,0,0,
101851778,0,0,0,0,0,0,0,0,0,0,0,
101851818,0,0,0,0,0,0,0,0,0,0,0,
101851858,0,0,0,0,0,0,0,0,0,0,0,
101851898,0,0,0,0,0,0,0,0,0,0,0,
101851938,0,0,0,0,0,0,0,0,0,0,0,
101851978,0,0,0,0,0,0,0,0,0,0,0,
101852018,0,0,0,0,0,0,0,0,0,0,0,
101852058,0,0,0,0,0,0,0,0,0,0,0,
101852098,0,0,0,0,0,0,0,0,0,0,0,
101852138,0,0,0,0,0,0,0,0,0,0,0,
101852178,0,0,0,0,0,0,0,0,0,0,0,
101852218,0,0,0,0,0,0,0,0,0,0,0,
101852258,0,0,0,0,0,0,0,0,0,0,0,
101852298,0,0,0,0,0,0,0,0,0,0,0,
101852338,0,0,0,0,0,0,0,0,0,0,0,
101852378,0,0,0,0,0,0,0,0,0,0,0,
101852418,0,0,0,0,0,0,0,0,0,0,0,
101852457,0,0,0,0,0,0,0,0,0,0,0,
101852498,0,0,0,0,0,0,0,0,0,0,0,
101852538,0,0,0,0,0,0,0,0,0,0,0,
101852578,0,0,0,0,0,0,0,0,0,0,0,
101852618,0,0,0,0,0,0,0,0,0,0,0,
101852658,0,0,0,0,0,0,0,0,0,0,0,
101852698,0,0,0,0,0,0,0,0,0,0,0,
101852738,0,0,0,0,0,0,0,0,0,0,0,
101852778,0,0,0,0,0,0,0,0,0,0,0,
101852818,0,0,0,0,0,0,0,0,0,0,0,
101852858,0,0,0,0,0,0,0,0,0,0,0,
101852898,0,0,0,0,0,0,0,0,0,0,0,
101852938,0,0,0,0,0,0,0,0,0,0,0,
101852978,0,0,0,0,0,0,0,0,0,0,0,
101853018,0,0,0,0,0,0,0,0,0,0,0,
101853058,0,0,0,0,0,0,0,0,0,0,0,
101853098,0,0,0,0,0,0,0,0,0,0,0,
101853138,0,0,0,0,0,0,0,0,0,0,0,
101853178,0,0,0,0,0,0,0,0,0,0,0,
101853218,0,0,0,0,0,0,0,0,0,0,0,
101853258,0,0,0,0,0,0,0,0,0,0,0,
101853298,0,0,0,0,0,0,0,0,0,0,0,
101853338,0,0,0,0,0,0,0,0,0,0,0,
101853378,0,0,0,0,0,0,0,0,0,0,0,
101853418,0,0,0,0,0,0,0,0,0,0,0,
101853458,0,0,0,0,0,0,0,0,0,0,0,
101853498,0,0,0,0,0,0,0,0,0,0,0,
101853538,0,0,0,0,0,0,0,0,0,0,0,
101853578,0,0,0,0,0,0,0,0,0,0,0,
101853618,0,0,0,0,0,0,0,0,0,0,0,
101853658,0,0,0,0,0,0,0,0,0,0,0,
101853698,0,0,0,0,0,0,0,0,0,0,0,
101853738,0,0,0,0,0,0,0,0,0,0,0,
101853778,0,0,0,0,0,0,0,0,0,0,0,
101853818,0,0,0,0,0,0,0,0,0,0,0,
101853858,0,0,0,0,0,0,0,0,0,0,0,
101853898,0,0,0,0,0,0,0,0,0,0,0,
101853938,0,0,0,0,0,0,0,0,0,0,0,
101853978,0,0,0,0,0,0,0,0,0,0,0,
101854018,0,0,0,0,0,0,0,0,0,0,0,
101854058,0,0,0,0,0,0,0,0,0,0,0,
101854098,0,0,0,0,0,0,0,0,0,0,0,
101854138,0,0,0,0,0,0,0,0,0,0,0,
101854178,0,0,0,0,0,0,0,0,0,0,0,
101854218,0,0,0,0,0,0,0,0,0,0,0,
101854258,0,0,0,0,0,0,0,0,0,0,0,
101854298,0,0,0,0,0,0,0,0,0,0,0,
101854337,0,0,0,0,0,0,0,0,0,0,0,
101854378,0,0,0,0,0,0,0,0,0,0,0,
101854418,0,0,0,0,0,0,0,0,0,0,0,
101854458,0,0,0,0,0,0,0,0,0,0,0,
101854498,0,0,0,0,0,0,0,0,0,0,0,
101854538,0,0,0,0,0,0,0,0,0,0,0,
101854578,0,0,0,0,0,0,0,0,0,0,0,
101854618,0,0,0,0,0,0,0,0,0,0,0,
101854657,0,0,0,0,0,0,0,0,0,0,0,
101854698,0,0,0,0,0,0,0,0,0,0,0,
101854738,0,0,0,0,0,0,0,0,0,0,0,
101854778,0,0,0,0,0,0,0,0,0,0,0,
101854818,0,0,0,0,0,0,0,0,0,0,0,
101854858,0,0,0,0,0,0,0,0,0,0,0,
101854898,0,0,0,0,0,0,0,0,0,0,0,
101854938,0,0,0,0,0,0,0,0,0,0,0,
101854978,0,0,0,0,0,0,0,0,0,0,0,
101855018,0,0,0,0,0,0,0,0,0,0,0,
101855058,0,0,0,0,0,0,0,0,0,0,0,
101855098,0,0,0,0,0,0,0,0,0,0,0,
101855138,0,0,0,0,0,0,0,0,0,0,0,
101855178,0,0,0,0,0,0,0,0,0,0,0,
101855218,0,0,0,0,0,0,0,0,0,0,0,
101855258,0,0,0,0,0,0,0,0,0,0,0,
101855298,0,0,0,0,0,0,0,0,0,0,0,
101855338,0,0,0,0,0,0,0,0,0,0,0,
101855378,0,0,0,0,0,0,0,0,0,0,0,
101855418,0,0,0,0,0,0,0,0,0,0,0,
101855458,0,0,0,0,0,0,0,0,0,0,0,
101855498,0,0,0,0,0,0,0,0,0,0,0,
101855538,0,0,0,0,0,0,0,0,0,0,0,
101855578,0,0,0,0,0,0,0,0,0,0,0,
101855618,0,0,0,0,0,0,0,0,0,0,0,
101855658,0,0,0,0,0,0,0,0,0,0,0,
101855698,0,0,0,0,0,0,0,0,0,0,0,
101855738,0,0,0,0,0,0,0,0,0,0,0,
101855778,0,0,0,0,0,0,0,0,0,0,0,
101855818,0,0,0,0,0,0,0,0,0,0,0,
101855858,0,0,0,0,0,0,0,0,0,0,0,
101855898,0,0,0,0,0,0,0,0,0,0,0,
101855938,0,0,0,0,0,0,0,0,0,0,0,
101855978,0,0,0,0,0,0,0,0,0,0,0,
101856018,0,0,0,0,0,0,0,0,0,0,0,
101856058,0,0,0,0,0,0,0,0,0,0,0,
101856098,0,0,0,0,0,0,0,0,0,0,0,
101856138,0,0,0,0,0,0,0,0,0,0,0,
101856178,0,0,0,0,0,0,0,0,0,0,0,
101856217,0,0,0,0,0,0,0,0,0,0,0,
101856258,0,0,0,0,0,0,0,0,0,0,0,
101856298,0,0,0,0,0,0,0,0,0,0,0,
101856338,0,0,0,0,0,0,0,0,0,0,0,
101856378,0,0,0,0,0,0,0,0,0,0,0,
101856418,0,0,0,0,0,0,0,0,0,0,0,
101856458,0,0,0,0,0,0,0,0,0,0,0,
101856498,0,0,0,0,0,0,0,0,0,0,0,
101856537,0,0,0,0,0,0,0,0,0,0,0,
101856578,0,0,0,0,0,0,0,0,0,0,0,
101856618,0,0,0,0,0,0,0,0,0,0,0,
101856658,0,0,0,0,0,0,0,0,0,0,0,
101856698,0,0,0,0,0,0,0,0,0,0,0,
101856738,0,0,0,0,0,0,0,0,0,0,0,
101856778,0,0,0,0,0,0,0,0,0,0,0,
101856818,0,0,0,0,0,0,0,0,0,0,0,
101856858,0,0,0,0,0,0,0,0,0,0,0,
101856898,0,0,0,0,0,0,0,0,0,0,0,
101856938,0,0,0,0,0,0,0,0,0,0,0,
101856978,0,0,0,0,0,0,0,0,0,0,0,
101857018,0,0,0,0,0,0,0,0,0,0,0,
101857058,0,0,0,0,0,0,0,0,0,0,0,
101857098,0,0,0,0,0,0,0,0,0,0,0,
101857138,0,0,0,0,0,0,0,0,0,0,0,
101857178,0,0,0,0,0,0,0,0,0,0,0,
101857218,0,0,0,0,0,0,0,0,0,0,0,
101857258,0,0,0,0,0,0,0,0,0,0,0,
101857298,0,0,0,0,0,0,0,0,0,0,0,
101857338,0,0,0,0,0,0,0,0,0,0,0,
101857378,0,0,0,0,0,0,0,0,0,0,0,
101857418,0,0,0,0,0,0,0,0,0,0,0,
101857458,0,0,0,0,0,0,0,0,0,0,0,
101857498,0,0,0,0,0,0,0,0,0,0,0,
101857538,0,0,0,0,0,0,0,0,0,0,0,
101857578,0,0,0,0,0,0,0,0,0,0,0,
101857618,0,0,0,0,0,0,0,0,0,0,0,
101857658,0,0,0,0,0,0,0,0,0,0,0,
101857698,0,0,0,0,0,0,0,0,0,0,0,
101857738,0,0,0,0,0,0,0,0,0,0,0,
101857778,0,0,0,0,0,0,0,0,0,0,0,
101857818,0,0,0,0,0,0,0,0,0,0,0,
101857858,0,0,0,0,0,0,0,0,0,0,0,
101857898,0,0,0,0,0,0,0,0,0,0,0,
101857938,0,0,0,0,0,0,0,0,0,0,0,
101857978,0,0,0,0,0,0,0,0,0,0,0,
101858018,0,0,0,0,0,0,0,0,0,0,0,
101858058,0,0,0,0,0,0,0,0,0,0,0,
101858097,0,0,0,0,0,0,0,0,0,0,0,
101858138,0,0,0,0,0,0,0,0,0,0,0,
101858178,0,0,0,0,0,0,0,0,0,0,0,
101858218,0,0,0,0,0,0,0,0,0,0,0,
101858258,0,0,0,0,0,0,0,0,0,0,0,
101858298,0,0,0,0,0,0,0,0,0,0,0,
101858338,0,0,0,0,0,0,0,0,0,0,0,
101858378,0,0,0,0,0,0,0,0,0,0,0,
101858417,0,0,0,0,0,0,0,0,0,0,0,
101858458,0,0,0,0,0,0,0,0,0,0,0,
101858498,0,0,0,0,0,0,0,0,0,0,0,
101858538,0,0,0,0,0,0,0,0,0,0,0,
101858578,0,0,0,0,0,0,0,0,0,0,0,
101858618,0,0,0,0,0,0,0,0,0,0,0,
101858658,0,0,0,0,0,0,0,0,0,0,0,
101858698,0,0,0,0,0,0,0,0,0,0,0,
101858738,0,0,0,0,0,0,0,0,0,0,0,
101858778,0,0,0,0,0,0,0,0,0,0,0,
101858818,0,0,0,0,0,0,0,0,0,0,0,
101858858,0,0,0,0,0,0,0,0,0,0,0,
101858898,0,0,0,0,0,0,0,0,0,0,0,
101858938,0,0,0,0,0,0,0,0,0,0,0,
101858978,0,0,0,0,0,0,0,0,0,0,0,
101859018,0,0,0,0,0,0,0,0,0,0,0,
101859058,0,0,0,0,0,0,0,0,0,0,0,
101859098,0,0,0,0,0,0,0,0,0,0,0,
101859138,0,0,0,0,0,0,0,0,0,0,0,
101859178,0,0,0,0,0,0,0,0,0,0,0,
101859218,0,0,0,0,0,0,0,0,0,0,0,
101859258,0,0,0,0,0,0,0,0,0,0,0,
101859298,0,0,0,0,0,0,0,0,0,0,0,
101859338,0,0,0,0,0,0,0,0,0,0,0,
101859378,0,0,0,0,0,0,0,0,0,0,0,
101859418,0,0,0,0,0,0,0,0,0,0,0,
101859458,0,0,0,0,0,0,0,0,0,0,0,
101859498,0,0,0,0,0,0,0,0,0,0,0,
101859538,0,0,0,0,0,0,0,0,0,0,0,
101859578,0,0,0,0,0,0,0,0,0,0,0,
101859618,0,0,0,0,0,0,0,0,0,0,0,
101859658,0,0,0,0,0,0,0,0,0,0,0,
101859698,0,0,0,0,0,0,0,0,0,0,0,
101859738,0,0,0,0,0,0,0,0,0,0,0,
101859778,0,0,0,0,0,0,0,0,0,0,0,
101859818,0,0,0,0,0,0,0,0,0,0,0,
101859858,0,0,0,0,0,0,0,0,0,0,0,
101859898,0,0,0,0,0,0,0,0,0,0,0,
101859938,0,0,0,0,0,0,0,0,0,0,0,
101859977,0,0,0,0,0,0,0,0,0,0,0,
101860018,0,0,0,0,0,0,0,0,0,0,0,
101860058,0,0,0,0,0,0,0,0,0,0,0,
101860098,0,0,0,0,0,0,0,0,0,0,0,
101860138,0,0,0,0,0,0,0,0,0,0,0,
101860178,0,0,0,0,0,0,0,0,0,0,0,
101860218,0,0,0,0,0,0,0,0,0,0,0,
101860258,0,0,0,0,0,0,0,0,0,0,0,
101860297,0,0,0,0,0,0,0,0,0,0,0,
101860338,0,0,0,0,0,0,0,0,0,0,0,
101860378,0,0,0,0,0,0,0,0,0,0,0,
101860418,0,0,0,0,0,0,0,0,0,0,0,
101860458,0,0,0,0,0,0,0,0,0,0,0,
101860498,0,0,0,0,0,0,0,0,0,0,0,
101860538,0,0,0,0,0,0,0,0,0,0,0,
101860578,0,0,0,0,0,0,0,0,0,0,0,
101860618,0,0,0,0,0,0,0,0,0,0,0,
101860658,0,0,0,0,0,0,0,0,0,0,0,
101860698,0,0,0,0,0,0,0,0,0,0,0,
101860738,0,0,0,0,0,0,0,0,0,0,0,
101860778,0,0,0,0,0,0,0,0,0,0,0,
101860818,0,0,0,0,0,0,0,0,0,0,0,
101860858,0,0,0,0,0,0,0,0,0,0,0,
101860898,0,0,0,0,0,0,0,0,0,0,0,
101860938,0,0,0,0,0,0,0,0,0,0,0,
101860978,0,0,0,0,0,0,0,0,0,0,0,
101861018,0,0,0,0,0,0,0,0,0,0,0,
101861058,0,0,0,0,0,0,0,0,0,0,0,
101861098,0,0,0,0,0,0,0,0,0,0,0,
101861138,0,0,0,0,0,0,0,0,0,0,0,
101861178,0,0,0,0,0,0,0,0,0,0,0,
101861218,0,0,0,0,0,0,0,0,0,0,0,
101861258,0,0,0,0,0,0,0,0,0,0,0,
101861298,0,0,0,0,0,0,0,0,0,0,0,
101861338,0,0,0,0,0,0,0,0,0,0,0,
101861378,0,0,0,0,0,0,0,0,0,0,0,
101861418,0,0,0,0,0,0,0,0,0,0,0,
101861458,0,0,0,0,0,0,0,0,0,0,0,
101861498,0,0,0,0,0,0,0,0,0,0,0,
101861538,0,0,0,0,0,0,0,0,0,0,0,
101861578,0,0,0,0,0,0,0,0,0,0,0,
101861618,0,0,0,0,0,0,0,0,0,0,0,
101861658,0,0,0,0,0,0,0,0,0,0,0,
101861698,0,0,0,0,0,0,0,0,0,0,0,
101861738,0,0,0,0,0,0,0,0,0,0,0,
101861778,0,0,0,0,0,0,0,0,0,0,0,
101861818,0,0,0,0,0,0,0,0,0,0,0,
101861857,0,0,0,0,0,0,0,0,0,0,0,
101861898,0,0,0,0,0,0,0,0,0,0,0,
101861938,0,0,0,0,0,0,0,0,0,0,0,
101861978,0,0,0,0,0,0,0,0,0,0,0,
101862018,0,0,0,0,0,0,0,0,0,0,0,
101862058,0,0,0,0,0,0,0,0,0,0,0,
101862098,0,0,0,0,0,0,0,0,0,0,0,
101862138,0,0,0,0,0,0,0,0,0,0,0,
101862177,0,0,0,0,0,0,0,0,0,0,0,
101862218,0,0,0,0,0,0,0,0,0,0,0,
101862258,0,0,0,0,0,0,0,0,0,0,0,
101862298,0,0,0,0,0,0,0,0,0,0,0,
101862338,0,0,0,0,0,0,0,0,0,0,0,
101862378,0,0,0,0,0,0,0,0,0,0,0,
101862418,0,0,0,0,0,0,0,0,0,0,0,
101862458,0,0,0,0,0,0,0,0,0,0,0,
101862498,0,0,0,0,0,0,0,0,0,0,0,
101862538,0,0,0,0,0,0,0,0,0,0,0,
101862578,0,0,0,0,0,0,0,0,0,0,0,
101862618,0,0,0,0,0,0,0,0,0,0,0,
101862658,0,0,0,0,0,0,0,0,0,0,0,
101862698,0,0,0,0,0,0,0,0,0,0,0,
101862738,0,0,0,0,0,0,0,0,0,0,0,
101862778,0,0,0,0,0,0,0,0,0,0,0,
101862818,0,0,0,0,0,0,0,0,0,0,0,
101862858,0,0,0,0,0,0,0,0,0,0,0,
101862898,0,0,0,0,0,0,0,0,0,0,0,
101862938,0,0,0,0,0,0,0,0,0,0,0,
101862978,0,0,0,0,0,0,0,0,0,0,0,
101863018,0,0,0,0,0,0,0,0,0,0,0,
101863058,0,0,0,0,0,0,0,0,0,0,0,
101863098,0,0,0,0,0,0,0,0,0,0,0,
101863138,0,0,0,0,0,0,0,0,0,0,0,
101863178,0,0,0,0,0,0,0,0,0,0,0,
101863218,0,0,0,0,0,0,0,0,0,0,0,
101863258,0,0,0,0,0,0,0,0,0,0,0,
101863298,0,0,0,0,0,0,0,0,0,0,0,
101863338,0,0,0,0,0,0,0,0,0,0,0,
101863378,0,0,0,0,0,0,0,0,0,0,0,
101863418,0,0,0,0,0,0,0,0,0,0,0,
101863458,0,0,0,0,0,0,0,0,0,0,0,
101863498,0,0,0,0,0,0,0,0,0,0,0,
101863538,0,0,0,0,0,0,0,0,0,0,0,
101863578,0,0,0,0,0,0,0,0,0,0,0,
101863618,0,0,0,0,0,0,0,0,0,0,0,
101863658,0,0,0,0,0,0,0,0,0,0,0,
101863698,0,0,0,0,0,0,0,0,0,0,0,
101863738,0,0,0,0,0,0,0,0,0,0,0,
101863778,0,0,0,0,0,0,0,0,0,0,0,
101863818,0,0,0,0,0,0,0,0,0,0,0,
101863858,0,0,0,0,0,0,0,0,0,0,0,
101863898,0,0,0,0,0,0,0,0,0,0,0,
101863938,0,0,0,0,0,0,0,0,0,0,0,
101863978,0,0,0,0,0,0,0,0,0,0,0,
101864018,0,0,0,0,0,0,0,0,0,0,0,
101864057,0,0,0,0,0,0,0,0,0,0,0,
101864098,0,0,0,0,0,0,0,0,0,0,0,
101864138,0,0,0,0,0,0,0,0,0,0,0,
101864178,0,0,0,0,0,0,0,0,0,0,0,
101864218,0,0,0,0,0,0,0,0,0,0,0,
101864258,0,0,0,0,0,0,0,0,0,0,0,
101864298,0,0,0,0,0,0,0,0,0,0,0,
101864338,0,0,0,0,0,0,0,0,0,0,0,
101864378,0,0,0,0,0,0,0,0,0,0,0,
101864418,0,0,0,0,0,0,0,0,0,0,0,
101864458,0,0,0,0,0,0,0,0,0,0,0,
101864498,0,0,0,0,0,0,0,0,0,0,0,
101864538,0,0,0,0,0,0,0,0,0,0,0,
101864578,0,0,0,0,0,0,0,0,0,0,0,
101864618,0,0,0,0,0,0,0,0,0,0,0,
101864658,0,0,0,0,0,0,0,0,0,0,0,
101864698,0,0,0,0,0,0,0,0,0,0,0,
101864738,0,0,0,0,0,0,0,0,0,0,0,
101864778,0,0,0,0,0,0,0,0,0,0,0,
101864818,0,0,0,0,0,0,0,0,0,0,0,
101864858,0,0,0,0,0,0,0,0,0,0,0,
101864898,0,0,0,0,0,0,0,0,0,0,0,
101864938,0,0,0,0,0,0,0,0,0,0,0,
101864978,0,0,0,0,0,0,0,0,0,0,0,
101865018,0,0,0,0,0,0,0,0,0,0,0,
101865058,0,0,0,0,0,0,0,0,0,0,0,
101865098,0,0,0,0,0,0,0,0,0,0,0,
101865138,0,0,0,0,0,0,0,0,0,0,0,
101865178,0,0,0,0,0,0,0,0,0,0,0,
101865218,0,0,0,0,0,0,0,0,0,0,0,
101865258,0,0,0,0,0,0,0,0,0,0,0,
101865298,0,0,0,0,0,0,0,0,0,0,0,
101865338,0,0,0,0,0,0,0,0,0,0,0,
101865378,0,0,0,0,0,0,0,0,0,0,0,
101865418,0,0,0,0,0,0,0,0,0,0,0,
101865458,0,0,0,0,0,0,0,0,0,0,0,
101865498,0,0,0,0,0,0,0,0,0,0,0,
101865538,0,0,0,0,0,0,0,0,0,0,0,
101865578,0,0,0,0,0,0,0,0,0,0,0,
101865618,0,0,0,0,0,0,0,0,0,0,0,
101865658,0,0,0,0,0,0,0,0,0,0,0,
101865698,0,0,0,0,0,0,0,0,0,0,0,
101865738,0,0,0,0,0,0,0,0,0,0,0,
101865778,0,0,0,0,0,0,0,0,0,0,0,
101865818,0,0,0,0,0,0,0,0,0,0,0,
101865858,0,0,0,0,0,0,0,0,0,0,0,
101865898,0,0,0,0,0,0,0,0,0,0,0,
101865937,0,0,0,0,0,0,0,0,0,0,0,
101865978,0,0,0,0,0,0,0,0,0,0,0,
101866018,0,0,0,0,0,0,0,0,0,0,0,
101866058,0,0,0,0,0,0,0,0,0,0,0,
101866098,0,0,0,0,0,0,0,0,0,0,0,
101866138,0,0,0,0,0,0,0,0,0,0,0,
101866178,0,0,0,0,0,0,0,0,0,0,0,
101866218,0,0,0,0,0,0,0,0,0,0,0,
101866258,0,0,0,0,0,0,0,0,0,0,0,
101866298,0,0,0,0,0,0,0,0,0,0,0,
101866338,0,0,0,0,0,0,0,0,0,0,0,
101866378,0,0,0,0,0,0,0,0,0,0,0,
101866418,0,0,0,0,0,0,0,0,0,0,0,
101866458,0,0,0,0,0,0,0,0,0,0,0,
101866498,0,0,0,0,0,0,0,0,0,0,0,
101866538,0,0,0,0,0,0,0,0,0,0,0,
101866578,0,0,0,0,0,0,0,0,0,0,0,
101866618,0,0,0,0,0,0,0,0,0,0,0,
101866658,0,0,0,0,0,0,0,0,0,0,0,
101866698,0,0,0,0,0,0,0,0,0,0,0,
101866738,0,0,0,0,0,0,0,0,0,0,0,
101866778,0,0,0,0,0,0,0,0,0,0,0,
101866818,0,0,0,0,0,0,0,0,0,0,0,
101866858,0,0,0,0,0,0,0,0,0,0,0,
101866898,0,0,0,0,0,0,0,0,0,0,0,
101866938,0,0,0,0,0,0,0,0,0,0,0,
101866978,0,0,0,0,0,0,0,0,0,0,0,
101867018,0,0,0,0,0,0,0,0,0,0,0,
101867058,0,0,0,0,0,0,0,0,0,0,0,
101867098,0,0,0,0,0,0,0,0,0,0,0,
101867138,0,0,0,0,0,0,0,0,0,0,0,
101867178,0,0,0,0,0,0,0,0,0,0,0,
101867218,0,0,0,0,0,0,0,0,0,0,0,
101867258,0,0,0,0,0,0,0,0,0,0,0,
101867298,0,0,0,0,0,0,0,0,0,0,0,
101867338,0,0,0,0,0,0,0,0,0,0,0,
101867378,0,0,0,0,0,0,0,0,0,0,0,
101867418,0,0,0,0,0,0,0,0,0,0,0,
101867458,0,0,0,0,0,0,0,0,0,0,0,
101867498,0,0,0,0,0,0,0,0,0,0,0,
101867538,0,0,0,0,0,0,0,0,0,0,0,
101867578,0,0,0,0,0,0,0,0,0,0,0,
101867618,0,0,0,0,0,0,0,0,0,0,0,
101867658,0,0,0,0,0,0,0,0,0,0,0,
101867698,0,0,0,0,0,0,0,0,0,0,0,
101867738,0,0,0,0,0,0,0,0,0,0,0,
101867778,0,0,0,0,0,0,0,0,0,0,0,
101867817,0,0,0,0,0,0,0,0,0,0,0,
101867858,0,0,0,0,0,0,0,0,0,0,0,
101867898,0,0,0,0,0,0,0,0,0,0,0,
101867938,0,0,0,0,0,0,0,0,0,0,0,
101867978,0,0,0,0,0,0,0,0,0,0,0,
101868018,0,0,0,0,0,0,0,0,0,0,0,
101868058,0,0,0,0,0,0,0,0,0,0,0,
101868098,0,0,0,0,0,0,0,0,0,0,0,
101868137,0,0,0,0,0,0,0,0,0,0,0,
101868178,0,0,0,0,0,0,0,0,0,0,0,
101868218,0,0,0,0,0,0,0,0,0,0,0,
101868258,0,0,0,0,0,0,0,0,0,0,0,
101868298,0,0,0,0,0,0,0,0,0,0,0,
101868338,0,0,0,0,0,0,0,0,0,0,0,
101868378,0,0,0,0,0,0,0,0,0,0,0,
101868418,0,0,0,0,0,0,0,0,0,0,0,
101868458,0,0,0,0,0,0,0,0,0,0,0,
101868498,0,0,0,0,0,0,0,0,0,0,0,
101868538,0,0,0,0,0,0,0,0,0,0,0,
101868578,0,0,0,0,0,0,0,0,0,0,0,
101868618,0,0,0,0,0,0,0,0,0,0,0,
101868658,0,0,0,0,0,0,0,0,0,0,0,
101868698,0,0,0,0,0,0,0,0,0,0,0,
101868738,0,0,0,0,0,0,0,0,0,0,0,
101868778,0,0,0,0,0,0,0,0,0,0,0,
101868818,0,0,0,0,0,0,0,0,0,0,0,
101868858,0,0,0,0,0,0,0,0,0,0,0,
101868898,0,0,0,0,0,0,0,0,0,0,0,
101868938,0,0,0,0,0,0,0,0,0,0,0,
101868978,0,0,0,0,0,0,0,0,0,0,0,
101869018,0,0,0,0,0,0,0,0,0,0,0,
101869058,0,0,0,0,0,0,0,0,0,0,0,
101869098,0,0,0,0,0,0,0,0,0,0,0,
101869138,0,0,0,0,0,0,0,0,0,0,0,
101869178,0,0,0,0,0,0,0,0,0,0,0,
101869218,0,0,0,0,0,0,0,0,0,0,0,
101869258,0,0,0,0,0,0,0,0,0,0,0,
101869298,0,0,0,0,0,0,0,0,0,0,0,
101869338,0,0,0,0,0,0,0,0,0,0,0,
101869378,0,0,0,0,0,0,0,0,0,0,0,
101869418,0,0,0,0,0,0,0,0,0,0,0,
101869458,0,0,0,0,0,0,0,0,0,0,0,
101869498,0,0,0,0,0,0,0,0,0,0,0,
101869538,0,0,0,0,0,0,0,0,0,0,0,
101869578,0,0,0,0,0,0,0,0,0,0,0,
101869618,0,0,0,0,0,0,0,0,0,0,0,
101869658,0,0,0,0,0,0,0,0,0,0,0,
101869697,0,0,0,0,0,0,0,0,0,0,0,
101869738,0,0,0,0,0,0,0,0,0,0,0,
101869778,0,0,0,0,0,0,0,0,0,0,0,
101869818,0,0,0,0,0,0,0,0,0,0,0,
101869858,0,0,0,0,0,0,0,0,0,0,0,
101869898,0,0,0,0,0,0,0,0,0,0,0,
101869938,0,0,0,0,0,0,0,0,0,0,0,
101869978,0,0,0,0,0,0,0,0,0,0,0,
101870017,0,0,0,0,0,0,0,0,0,0,0,
101870058,0,0,0,0,0,0,0,0,0,0,0,
101870098,0,0,0,0,0,0,0,0,0,0,0,
101870138,0,0,0,0,0,0,0,0,0,0,0,
101870178,0,0,0,0,0,0,0,0,0,0,0,
101870218,0,0,0,0,0,0,0,0,0,0,0,
101870258,0,0,0,0,0,0,0,0,0,0,0,
101870298,0,0,0,0,0,0,0,0,0,0,0,
101870338,0,0,0,0,0,0,0,0,0,0,0,
101870378,0,0,0,0,0,0,0,0,0,0,0,
101870418,0,0,0,0,0,0,0,0,0,0,0,
101870458,0,0,0,0,0,0,0,0,0,0,0,
101870498,0,0,0,0,0,0,0,0,0,0,0,
101870538,0,0,0,0,0,0,0,0,0,0,0,
101870578,0,0,0,0,0,0,0,0,0,0,0,
101870618,0,0,0,0,0,0,0,0,0,0,0,
101870658,0,0,0,0,0,0,0,0,0,0,0,
101870698,0,0,0,0,0,0,0,0,0,0,0,
101870738,0,0,0,0,0,0,0,0,0,0,0,
101870778,0,0,0,0,0,0,0,0,0,0,0,
101870818,0,0,0,0,0,0,0,0,0,0,0,
101870858,0,0,0,0,0,0,0,0,0,0,0,
101870898,0,0,0,0,0,0,0,0,0,0,0,
101870938,0,0,0,0,0,0,0,0,0,0,0,
101870978,0,0,0,0,0,0,0,0,0,0,0,
101871018,0,0,0,0,0,0,0,0,0,0,0,
101871058,0,0,0,0,0,0,0,0,0,0,0,
101871098,0,0,0,0,0,0,0,0,0,0,0,
101871138,0,0,0,0,0,0,0,0,0,0,0,
101871178,0,0,0,0,0,0,0,0,0,0,0,
101871218,0,0,0,0,0,0,0,0,0,0,0,
101871258,0,0,0,0,0,0,0,0,0,0,0,
101871299,0,0,0,0,0,0,0,0,0,0,0,
101871338,0,0,0,0,0,0,0,0,0,0,0,
101871378,0,0,0,0,0,0,0,0,0,0,0,
101871418,0,0,0,0,0,0,0,0,0,0,0,
101871458,0,0,0,0,0,0,0,0,0,0,0,
101871498,0,0,0,0,0,0,0,0,0,0,0,
101871538,0,0,0,0,0,0,0,0,0,0,0,
101871577,0,0,0,0,0,0,0,0,0,0,0,
101871618,0,0,0,0,0,0,0,0,0,0,0,
101871658,0,0,0,0,0,0,0,0,0,0,0,
101871698,0,0,0,0,0,0,0,0,0,0,0,
101871738,0,0,0,0,0,0,0,0,0,0,0,
101871778,0,0,0,0,0,0,0,0,0,0,0,
101871818,0,0,0,0,0,0,0,0,0,0,0,
101871858,0,0,0,0,0,0,0,0,0,0,0,
101871897,0,0,0,0,0,0,0,0,0,0,0,
101871938,0,0,0,0,0,0,0,0,0,0,0,
101871978,0,0,0,0,0,0,0,0,0,0,0,
101872018,0,0,0,0,0,0,0,0,0,0,0,
101872058,0,0,0,0,0,0,0,0,0,0,0,
101872098,0,0,0,0,0,0,0,0,0,0,0,
101872138,0,0,0,0,0,0,0,0,0,0,0,
101872178,0,0,0,0,0,0,0,0,0,0,0,
101872218,0,0,0,0,0,0,0,0,0,0,0,
101872258,0,0,0,0,0,0,0,0,0,0,0,
101872298,0,0,0,0,0,0,0,0,0,0,0,
101872338,0,0,0,0,0,0,0,0,0,0,0,
101872378,0,0,0,0,0,0,0,0,0,0,0,
101872418,0,0,0,0,0,0,0,0,0,0,0,
101872458,0,0,0,0,0,0,0,0,0,0,0,
101872498,0,0,0,0,0,0,0,0,0,0,0,
101872538,0,0,0,0,0,0,0,0,0,0,0,
101872578,0,0,0,0,0,0,0,0,0,0,0,
101872618,0,0,0,0,0,0,0,0,0,0,0,
101872658,0,0,0,0,0,0,0,0,0,0,0,
101872698,0,0,0,0,0,0,0,0,0,0,0,
101872738,0,0,0,0,0,0,0,0,0,0,0,
101872778,0,0,0,0,0,0,0,0,0,0,0,
101872818,0,0,0,0,0,0,0,0,0,0,0,
101872858,0,0,0,0,0,0,0,0,0,0,0,
101872898,0,0,0,0,0,0,0,0,0,0,0,
101872938,0,0,0,0,0,0,0,0,0,0,0,
101872978,0,0,0,0,0,0,0,0,0,0,0,
101873018,0,0,0,0,0,0,0,0,0,0,0,
101873058,0,0,0,0,0,0,0,0,0,0,0,
101873098,0,0,0,0,0,0,0,0,0,0,0,
101873138,0,0,0,0,0,0,0,0,0,0,0,
101873178,0,0,0,0,0,0,0,0,0,0,0,
101873218,0,0,0,0,0,0,0,0,0,0,0,
101873258,0,0,0,0,0,0,0,0,0,0,0,
101873298,0,0,0,0,0,0,0,0,0,0,0,
101873338,0,0,0,0,0,0,0,0,0,0,0,
101873378,0,0,0,0,0,0,0,0,0,0,0,
101873418,0,0,0,0,0,0,0,0,0,0,0,
101873457,0,0,0,0,0,0,0,0,0,0,0,
101873498,0,0,0,0,0,0,0,0,0,0,0,
101873538,0,0,0,0,0,0,0,0,0,0,0,
101873578,0,0,0,0,0,0,0,0,0,0,0,
101873618,0,0,0,0,0,0,0,0,0,0,0,
101873658,0,0,0,0,0,0,0,0,0,0,0,
101873698,0,0,0,0,0,0,0,0,0,0,0,
101873738,0,0,0,0,0,0,0,0,0,0,0,
101873777,0,0,0,0,0,0,0,0,0,0,0,
101873818,0,0,0,0,0,0,0,0,0,0,0,
101873858,0,0,0,0,0,0,0,0,0,0,0,
101873898,0,0,0,0,0,0,0,0,0,0,0,
101873938,0,0,0,0,0,0,0,0,0,0,0,
101873978,0,0,0,0,0,0,0,0,0,0,0,
101874018,0,0,0,0,0,0,0,0,0,0,0,
101874058,0,0,0,0,0,0,0,0,0,0,0,
101874098,0,0,0,0,0,0,0,0,0,0,0,
101874138,0,0,0,0,0,0,0,0,0,0,0,
101874178,0,0,0,0,0,0,0,0,0,0,0,
101874218,0,0,0,0,0,0,0,0,0,0,0,
101874258,0,0,0,0,0,0,0,0,0,0,0,
101874298,0,0,0,0,0,0,0,0,0,0,0,
101874338,0,0,0,0,0,0,0,0,0,0,0,
101874378,0,0,0,0,0,0,0,0,0,0,0,
101874418,0,0,0,0,0,0,0,0,0,0,0,
101874458,0,0,0,0,0,0,0,0,0,0,0,
101874498,0,0,0,0,0,0,0,0,0,0,0,
101874538,0,0,0,0,0,0,0,0,0,0,0,
101874578,0,0,0,0,0,0,0,0,0,0,0,
101874618,0,0,0,0,0,0,0,0,0,0,0,
101874658,0,0,0,0,0,0,0,0,0,0,0,
101874698,0,0,0,0,0,0,0,0,0,0,0,
101874738,0,0,0,0,0,0,0,0,0,0,0,
101874778,0,0,0,0,0,0,0,0,0,0,0,
101874818,0,0,0,0,0,0,0,0,0,0,0,
101874858,0,0,0,0,0,0,0,0,0,0,0,
101874898,0,0,0,0,0,0,0,0,0,0,0,
101874938,0,0,0,0,0,0,0,0,0,0,0,
101874978,0,0,0,0,0,0,0,0,0,0,0,
101875018,0,0,0,0,0,0,0,0,0,0,0,
101875058,0,0,0,0,0,0,0,0,0,0,0,
101875098,0,0,0,0,0,0,0,0,0,0,0,
101875139,0,0,0,0,0,0,0,0,0,0,0,
101875178,0,0,0,0,0,0,0,0,0,0,0,
101875218,0,0,0,0,0,0,0,0,0,0,0,
101875258,0,0,0,0,0,0,0,0,0,0,0,
101875298,0,0,0,0,0,0,0,0,0,0,0,
101875338,0,0,0,0,0,0,0,0,0,0,0,
101875378,0,0,0,0,0,0,0,0,0,0,0,
101875418,0,0,0,0,0,0,0,0,0,0,0,
101875458,0,0,0,0,0,0,0,0,0,0,0,
101875498,0,0,0,0,0,0,0,0,0,0,0,
101875538,0,0,0,0,0,0,0,0,0,0,0,
101875578,0,0,0,0,0,0,0,0,0,0,0,
101875618,0,0,0,0,0,0,0,0,0,0,0,
101875657,0,0,0,0,0,0,0,0,0,0,0,
101875698,0,0,0,0,0,0,0,0,0,0,0,
101875738,0,0,0,0,0,0,0,0,0,0,0,
101875778,0,0,0,0,0,0,0,0,0,0,0,
101875818,0,0,0,0,0,0,0,0,0,0,0,
101875858,0,0,0,0,0,0,0,0,0,0,0,
101875898,0,0,0,0,0,0,0,0,0,0,0,
101875938,0,0,0,0,0,0,0,0,0,0,0,
101875978,0,0,0,0,0,0,0,0,0,0,0,
101876018,0,0,0,0,0,0,0,0,0,0,0,
101876058,0,0,0,0,0,0,0,0,0,0,0,
101876098,0,0,0,0,0,0,0,0,0,0,0,
101876138,0,0,0,0,0,0,0,0,0,0,0,
101876178,0,0,0,0,0,0,0,0,0,0,0,
101876218,0,0,0,0,0,0,0,0,0,0,0,
101876258,0,0,0,0,0,0,0,0,0,0,0,
101876298,0,0,0,0,0,0,0,0,0,0,0,
101876338,0,0,0,0,0,0,0,0,0,0,0,
101876378,0,0,0,0,0,0,0,0,0,0,0,
101876418,0,0,0,0,0,0,0,0,0,0,0,
101876458,0,0,0,0,0,0,0,0,0,0,0,
101876498,0,0,0,0,0,0,0,0,0,0,0,
101876538,0,0,0,0,0,0,0,0,0,0,0,
101876578,0,0,0,0,0,0,0,0,0,0,0,
101876618,0,0,0,0,0,0,0,0,0,0,0,
101876658,0,0,0,0,0,0,0,0,0,0,0,
101876698,0,0,0,0,0,0,0,0,0,0,0,
101876738,0,0,0,0,0,0,0,0,0,0,0,
101876778,0,0,0,0,0,0,0,0,0,0,0,
101876818,0,0,0,0,0,0,0,0,0,0,0,
101876858,0,0,0,0,0,0,0,0,0,0,0,
101876898,0,0,0,0,0,0,0,0,0,0,0,
101876938,0,0,0,0,0,0,0,0,0,0,0,
101876978,0,0,0,0,0,0,0,0,0,0,0,
101877018,0,0,0,0,0,0,0,0,0,0,0,
101877058,0,0,0,0,0,0,0,0,0,0,0,
101877098,0,0,0,0,0,0,0,0,0,0,0,
101877138,0,0,0,0,0,0,0,0,0,0,0,
101877178,0,0,0,0,0,0,0,0,0,0,0,
101877218,0,0,0,0,0,0,0,0,0,0,0,
101877258,0,0,0,0,0,0,0,0,0,0,0,
101877298,0,0,0,0,0,0,0,0,0,0,0,
101877338,0,0,0,0,0,0,0,0,0,0,0,
101877378,0,0,0,0,0,0,0,0,0,0,0,
