milisec,RacketX,RacketY,RacketZ,forceX,forceX,forceX,ForceRatio,FriendPoint,EnemyPoint,haptics,scene
1139965,0,0,0,0,0,0,13.2,0,0,0,0,
1139979,1.05493e-008,-1.52884e-008,-1.05493e-008,0,0,0,0.8,0,0,0,0,
1140006,1.05493e-008,-1.52884e-008,-1.05493e-008,0,0,0,1.4,0,0,0,0,
1140046,1.05493e-008,-1.52884e-008,-1.05493e-008,0,0,0,2,0,0,0,0,
1140086,1.05493e-008,-1.52884e-008,-1.05493e-008,0,0,0,2,0,0,0,0,
1140126,1.05493e-008,-1.52884e-008,-1.05493e-008,0,0,0,2,0,0,0,0,
1140166,1.05493e-008,-1.52884e-008,-1.05493e-008,0,0,0,2,0,0,0,0,
1140207,1.05493e-008,-1.52884e-008,-1.05493e-008,0,0,0,2,0,0,0,0,
1140246,1.05493e-008,-1.52884e-008,-1.05493e-008,0,0,0,2,0,0,0,0,
1140286,1.05493e-008,-1.52884e-008,-1.05493e-008,0,0,0,2,0,0,0,0,
1140327,1.05493e-008,-1.52884e-008,-1.05493e-008,0,0,0,2,0,0,0,0,
1140366,1.05493e-008,-1.52884e-008,-1.05493e-008,0,0,0,2,0,0,0,0,
1140406,1.05493e-008,-1.52884e-008,-1.05493e-008,0,0,0,2,0,0,0,0,
1140446,1.05493e-008,-1.52884e-008,-1.05493e-008,0,0,0,2,0,0,0,0,
1140486,1.05493e-008,-1.52884e-008,-1.05493e-008,0,0,0,2,0,0,0,0,
1140526,1.05493e-008,-1.52884e-008,-1.05493e-008,0,0,0,2,0,0,0,0,
1140566,1.05493e-008,-1.52884e-008,-1.05493e-008,0,0,0,2,0,0,0,0,
1140606,1.05493e-008,-1.52884e-008,-1.05493e-008,0,0,0,2,0,0,0,0,
1140647,1.05493e-008,-1.52884e-008,-1.05493e-008,0,0,0,2,0,0,0,0,
1140687,1.05493e-008,-1.52884e-008,-1.05493e-008,0,0,0,2,0,0,0,0,
1140726,1.05493e-008,-1.52884e-008,-1.05493e-008,0,0,0,2,0,0,0,0,
1140766,1.05493e-008,-1.52884e-008,-1.05493e-008,0,0,0,2,0,0,0,0,
1140806,1.05493e-008,-1.52884e-008,-1.05493e-008,0,0,0,2,0,0,0,0,
1140846,1.05493e-008,-1.52884e-008,-1.05493e-008,0,0,0,2,0,0,0,0,
1140886,1.05493e-008,-1.52884e-008,-1.05493e-008,0,0,0,2,0,0,0,0,
1140926,1.05493e-008,-1.52884e-008,-1.05493e-008,0,0,0,2,0,0,0,0,
1140966,1.05493e-008,-1.52884e-008,-1.05493e-008,0,0,0,2,0,0,0,0,
1141006,1.05493e-008,-1.52884e-008,-1.05493e-008,0,0,0,2,0,0,0,0,
1141046,1.05493e-008,-1.52884e-008,-1.05493e-008,0,0,0,2,0,0,0,0,
1141086,1.05493e-008,-1.52884e-008,-1.05493e-008,0,0,0,2,0,0,0,0,
1141126,1.05493e-008,-1.52884e-008,-1.05493e-008,0,0,0,2,0,0,0,0,
1141166,1.05493e-008,-1.52884e-008,-1.05493e-008,0,0,0,2,0,0,0,0,
1141206,1.05493e-008,-1.52884e-008,-1.05493e-008,0,0,0,2,0,0,0,0,
1141246,1.05493e-008,-1.52884e-008,-1.05493e-008,0,0,0,2,0,0,0,0,
1141286,1.05493e-008,-1.52884e-008,-1.05493e-008,0,0,0,2,0,0,0,0,
1141326,1.05493e-008,-1.52884e-008,-1.05493e-008,0,0,0,2,0,0,0,0,
1141366,1.05493e-008,-1.52884e-008,-1.05493e-008,0,0,0,2,0,0,0,0,
1141406,1.05493e-008,-1.52884e-008,-1.05493e-008,0,0,0,2,0,0,0,0,
1141446,1.05493e-008,-1.52884e-008,-1.05493e-008,0,0,0,2,0,0,0,0,
1141486,1.05493e-008,-1.52884e-008,-1.05493e-008,0,0,0,2,0,0,0,0,
1141526,1.05493e-008,-1.52884e-008,-1.05493e-008,0,0,0,2,0,0,0,0,
1141566,1.05493e-008,-1.52884e-008,-1.05493e-008,0,0,0,2,0,0,0,0,
1141606,1.05493e-008,-1.52884e-008,-1.05493e-008,0,0,0,2,0,0,0,0,
1141646,1.05493e-008,-1.52884e-008,-1.05493e-008,0,0,0,2,0,0,0,0,
1141686,1.05493e-008,-1.52884e-008,-1.05493e-008,0,0,0,2,0,0,0,0,
1141726,1.05493e-008,-1.52884e-008,-1.05493e-008,0,0,0,2,0,0,0,0,
1141766,1.05493e-008,-1.52884e-008,-1.05493e-008,0,0,0,2,0,0,0,0,
1141806,1.05493e-008,-1.52884e-008,-1.05493e-008,0,0,0,2,0,0,0,0,
1141846,1.05493e-008,-1.52884e-008,-1.05493e-008,0,0,0,2,0,0,0,0,
1141886,1.05493e-008,-1.52884e-008,-1.05493e-008,0,0,0,2,0,0,0,0,
1141926,1.05493e-008,-1.52884e-008,-1.05493e-008,0,0,0,2,0,0,0,0,
1141966,1.05493e-008,-1.52884e-008,-1.05493e-008,0,0,0,2,0,0,0,0,
1142006,1.05493e-008,-1.52884e-008,-1.05493e-008,0,0,0,2,0,0,0,0,
1142046,1.05493e-008,-1.52884e-008,-1.05493e-008,0,0,0,2,0,0,0,0,
1142086,1.05493e-008,-1.52884e-008,-1.05493e-008,0,0,0,2,0,0,0,0,
1142126,1.05493e-008,-1.52884e-008,-1.05493e-008,0,0,0,2,0,0,0,0,
1142166,1.05493e-008,-1.52884e-008,-1.05493e-008,0,0,0,2,0,0,0,0,
1142206,1.05493e-008,-1.52884e-008,-1.05493e-008,0,0,0,2,0,0,0,0,
1142246,1.05493e-008,-1.52884e-008,-1.05493e-008,0,0,0,2,0,0,0,0,
1142286,1.05493e-008,-1.52884e-008,-1.05493e-008,0,0,0,2,0,0,0,0,
1142326,1.05493e-008,-1.52884e-008,-1.05493e-008,0,0,0,2,0,0,0,0,
1142366,1.05493e-008,-1.52884e-008,-1.05493e-008,0,0,0,2,0,0,0,0,
1142406,1.05493e-008,-1.52884e-008,-1.05493e-008,0,0,0,2,0,0,0,0,
1142446,1.05493e-008,-1.52884e-008,-1.05493e-008,0,0,0,2,0,0,0,0,
1142486,1.05493e-008,-1.52884e-008,-1.05493e-008,0,0,0,2,0,0,0,0,
1142527,1.05493e-008,-1.52884e-008,-1.05493e-008,0,0,0,2,0,0,0,0,
1142566,1.05493e-008,-1.52884e-008,-1.05493e-008,0,0,0,2,0,0,0,0,
1142606,1.05493e-008,-1.52884e-008,-1.05493e-008,0,0,0,2,0,0,0,0,
1142646,1.05493e-008,-1.52884e-008,-1.05493e-008,0,0,0,2,0,0,0,0,
1142686,1.05493e-008,-1.52884e-008,-1.05493e-008,0,0,0,2,0,0,0,0,
1142726,1.05493e-008,-1.52884e-008,-1.05493e-008,0,0,0,2,0,0,0,0,
1142766,1.05493e-008,-1.52884e-008,-1.05493e-008,0,0,0,2,0,0,0,0,
1142806,1.05493e-008,-1.52884e-008,-1.05493e-008,0,0,0,2,0,0,0,0,
1142846,1.05493e-008,-1.52884e-008,-1.05493e-008,0,0,0,2,0,0,0,0,
1142886,1.05493e-008,-1.52884e-008,-1.05493e-008,0,0,0,2,0,0,0,0,
1142926,1.05493e-008,-1.52884e-008,-1.05493e-008,0,0,0,2,0,0,0,0,
1142966,1.05493e-008,-1.52884e-008,-1.05493e-008,0,0,0,2,0,0,0,0,
1143006,1.05493e-008,-1.52884e-008,-1.05493e-008,0,0,0,2,0,0,0,0,
1143046,1.05493e-008,-1.52884e-008,-1.05493e-008,0,0,0,2,0,0,0,0,
1143086,1.05493e-008,-1.52884e-008,-1.05493e-008,0,0,0,2,0,0,0,0,
1143126,1.05493e-008,-1.52884e-008,-1.05493e-008,0,0,0,2,0,0,0,0,
1143166,1.05493e-008,-1.52884e-008,-1.05493e-008,0,0,0,2,0,0,0,0,
1143206,1.05493e-008,-1.52884e-008,-1.05493e-008,0,0,0,2,0,0,0,0,
1143246,1.05493e-008,-1.52884e-008,-1.05493e-008,0,0,0,2,0,0,0,0,
1143286,1.05493e-008,-1.52884e-008,-1.05493e-008,0,0,0,2,0,0,0,0,
1143326,1.05493e-008,-1.52884e-008,-1.05493e-008,0,0,0,2,0,0,0,0,
1143366,1.05493e-008,-1.52884e-008,-1.05493e-008,0,0,0,2,0,0,0,0,
1143406,1.05493e-008,-1.52884e-008,-1.05493e-008,0,0,0,2,0,0,0,0,
1143446,1.05493e-008,-1.52884e-008,-1.05493e-008,0,0,0,2,0,0,0,0,
1143486,1.05493e-008,-1.52884e-008,-1.05493e-008,0,0,0,2,0,0,0,0,
1143526,1.05493e-008,-1.52884e-008,-1.05493e-008,0,0,0,2,0,0,0,0,
1143566,1.05493e-008,-1.52884e-008,-1.05493e-008,0,0,0,2,0,0,0,0,
1143606,1.05493e-008,-1.52884e-008,-1.05493e-008,0,0,0,2,0,0,0,0,
1143646,1.05493e-008,-1.52884e-008,-1.05493e-008,0,0,0,2,0,0,0,0,
1143686,1.05493e-008,-1.52884e-008,-1.05493e-008,0,0,0,2,0,0,0,0,
1143726,1.05493e-008,-1.52884e-008,-1.05493e-008,0,0,0,2,0,0,0,0,
1143766,1.05493e-008,-1.52884e-008,-1.05493e-008,0,0,0,2,0,0,0,0,
1143806,1.05493e-008,-1.52884e-008,-1.05493e-008,0,0,0,2,0,0,0,0,
1143846,1.05493e-008,-1.52884e-008,-1.05493e-008,0,0,0,2,0,0,0,0,
1143886,1.05493e-008,-1.52884e-008,-1.05493e-008,0,0,0,2,0,0,0,0,
1143926,1.05493e-008,-1.52884e-008,-1.05493e-008,0,0,0,2,0,0,0,0,
1143966,1.05493e-008,-1.52884e-008,-1.05493e-008,0,0,0,2,0,0,0,0,
1144006,1.05493e-008,-1.52884e-008,-1.05493e-008,0,0,0,2,0,0,0,0,
1144046,1.05493e-008,-1.52884e-008,-1.05493e-008,0,0,0,2,0,0,0,0,
1144086,1.05493e-008,-1.52884e-008,-1.05493e-008,0,0,0,2,0,0,0,0,
1144126,1.05493e-008,-1.52884e-008,-1.05493e-008,0,0,0,2,0,0,0,0,
1144166,1.05493e-008,-1.52884e-008,-1.05493e-008,0,0,0,2,0,0,0,0,
1144206,1.05493e-008,-1.52884e-008,-1.05493e-008,0,0,0,2,0,0,0,0,
1144246,1.05493e-008,-1.52884e-008,-1.05493e-008,0,0,0,2,0,0,0,0,
1144286,1.05493e-008,-1.52884e-008,-1.05493e-008,0,0,0,2,0,0,0,0,
1144326,1.05493e-008,-1.52884e-008,-1.05493e-008,0,0,0,2,0,0,0,0,
1144366,1.05493e-008,-1.52884e-008,-1.05493e-008,0,0,0,2,0,0,0,0,
1144407,1.05493e-008,-1.52884e-008,-1.05493e-008,0,0,0,2,0,0,0,0,
1144446,1.05493e-008,-1.52884e-008,-1.05493e-008,0,0,0,2,0,0,0,0,
1144486,1.05493e-008,-1.52884e-008,-1.05493e-008,0,0,0,2,0,0,0,0,
1144526,1.05493e-008,-1.52884e-008,-1.05493e-008,0,0,0,2,0,0,0,0,
1144566,1.05493e-008,-1.52884e-008,-1.05493e-008,0,0,0,2,0,0,0,0,
1144606,1.05493e-008,-1.52884e-008,-1.05493e-008,0,0,0,2,0,0,0,0,
1144646,1.05493e-008,-1.52884e-008,-1.05493e-008,0,0,0,2,0,0,0,0,
1144686,1.05493e-008,-1.52884e-008,-1.05493e-008,0,0,0,2,0,0,0,0,
1144726,1.05493e-008,-1.52884e-008,-1.05493e-008,0,0,0,2,0,0,0,0,
1144766,1.05493e-008,-1.52884e-008,-1.05493e-008,0,0,0,2,0,0,0,0,
1144806,1.05493e-008,-1.52884e-008,-1.05493e-008,0,0,0,2,0,0,0,0,
1144846,1.05493e-008,-1.52884e-008,-1.05493e-008,0,0,0,2,0,0,0,0,
1144886,1.05493e-008,-1.52884e-008,-1.05493e-008,0,0,0,2,0,0,0,0,
1144926,1.05493e-008,-1.52884e-008,-1.05493e-008,0,0,0,2,0,0,0,0,
1144966,1.05493e-008,-1.52884e-008,-1.05493e-008,0,0,0,2,0,0,0,0,
1145007,1.05493e-008,-1.52884e-008,-1.05493e-008,0,0,0,2,0,0,0,0,
1145046,1.05493e-008,-1.52884e-008,-1.05493e-008,0,0,0,2,0,0,0,0,
1145086,1.05493e-008,-1.52884e-008,-1.05493e-008,0,0,0,2,0,0,0,0,
1145126,1.05493e-008,-1.52884e-008,-1.05493e-008,0,0,0,2,0,0,0,0,
1145166,1.05493e-008,-1.52884e-008,-1.05493e-008,0,0,0,2,0,0,0,0,
1145206,1.05493e-008,-1.52884e-008,-1.05493e-008,0,0,0,2,0,0,0,0,
1145246,1.05493e-008,-1.52884e-008,-1.05493e-008,0,0,0,2,0,0,0,0,
1145286,1.05493e-008,-1.52884e-008,-1.05493e-008,0,0,0,2,0,0,0,0,
1145326,1.05493e-008,-1.52884e-008,-1.05493e-008,0,0,0,2,0,0,0,0,
1145366,1.05493e-008,-1.52884e-008,-1.05493e-008,0,0,0,2,0,0,0,9,
1145406,1.05493e-008,-1.52884e-008,-1.05493e-008,0,0,0,2,0,0,0,9,
1145446,1.05493e-008,-1.52884e-008,-1.05493e-008,0,0,0,2,0,0,0,9,
1145487,1.05493e-008,-1.52884e-008,-1.05493e-008,0,0,0,2,0,0,0,9,
1145527,1.05493e-008,-1.52884e-008,-1.05493e-008,0,0,0,2,0,0,0,9,
1145566,1.05493e-008,-1.52884e-008,-1.05493e-008,0,0,0,2,0,0,0,9,
1145606,1.05493e-008,-1.52884e-008,-1.05493e-008,0,0,0,2,0,0,0,9,
1145646,1.05493e-008,-1.52884e-008,-1.05493e-008,0,0,0,2,0,0,0,9,
1145686,1.05493e-008,-1.52884e-008,-1.05493e-008,0,0,0,2,0,0,0,9,
1145726,1.05493e-008,-1.52884e-008,-1.05493e-008,0,0,0,2,0,0,0,9,
1145766,1.05493e-008,-1.52884e-008,-1.05493e-008,0,0,0,2,0,0,0,9,
1145806,1.05493e-008,-1.52884e-008,-1.05493e-008,0,0,0,2,0,0,0,9,
1145846,1.05493e-008,-1.52884e-008,-1.05493e-008,0,0,0,2,0,0,0,9,
1145886,1.05493e-008,-1.52884e-008,-1.05493e-008,0,0,0,2,0,0,0,9,
1145926,1.05493e-008,-1.52884e-008,-1.05493e-008,0,0,0,2,0,0,0,9,
1145966,1.05493e-008,-1.52884e-008,-1.05493e-008,0,0,0,2,0,0,0,9,
1146006,1.05493e-008,-1.52884e-008,-1.05493e-008,0,0,0,2,0,0,0,9,
1146046,1.05493e-008,-1.52884e-008,-1.05493e-008,0,0,0,2,0,0,0,9,
1146086,1.05493e-008,-1.52884e-008,-1.05493e-008,0,0,0,2,0,0,0,9,
1146126,1.05493e-008,-1.52884e-008,-1.05493e-008,0,0,0,2,0,0,0,8,
1146166,1.05493e-008,-1.52884e-008,-1.05493e-008,0,0,0,2,0,0,0,8,
1146206,1.05493e-008,-1.52884e-008,-1.05493e-008,0,0,0,2,0,0,0,8,
1146246,1.05493e-008,-1.52884e-008,-1.05493e-008,0,0,0,2,0,0,0,8,
1146286,1.05493e-008,-1.52884e-008,-1.05493e-008,0,0,0,2,0,0,0,8,
1146326,1.05493e-008,-1.52884e-008,-1.05493e-008,0,0,0,2,0,0,0,8,
1146366,1.05493e-008,-1.52884e-008,-1.05493e-008,0,0,0,2,0,0,0,8,
1146406,1.05493e-008,-1.52884e-008,-1.05493e-008,0,0,0,2,0,0,0,8,
1146446,1.05493e-008,-1.52884e-008,-1.05493e-008,0,0,0,2,0,0,0,8,
1146486,1.05493e-008,-1.52884e-008,-1.05493e-008,0,0,0,2,0,0,0,8,
1146526,1.05493e-008,-1.52884e-008,-1.05493e-008,0,0,0,2,0,0,0,8,
1146566,1.05493e-008,-1.52884e-008,-1.05493e-008,0,0,0,2,0,0,0,8,
1146606,1.05493e-008,-1.52884e-008,-1.05493e-008,0,0,0,2,0,0,0,8,
1146646,1.05493e-008,-1.52884e-008,-1.05493e-008,0,0,0,2,0,0,0,8,
1146686,1.05493e-008,-1.52884e-008,-1.05493e-008,0,0,0,2,0,0,0,8,
1146726,1.05493e-008,-1.52884e-008,-1.05493e-008,0,0,0,2,0,0,0,8,
1146766,1.05493e-008,-1.52884e-008,-1.05493e-008,0,0,0,2,0,0,0,8,
1146806,1.05493e-008,-1.52884e-008,-1.05493e-008,0,0,0,2,0,0,0,8,
1146846,1.05493e-008,-1.52884e-008,-1.05493e-008,0,0,0,2,0,0,0,8,
1146886,1.05493e-008,-1.52884e-008,-1.05493e-008,0,0,0,2,0,0,0,8,
1146933,1.05493e-008,-1.52884e-008,-1.05493e-008,0,0,0,2.2,0,0,0,8,
1146967,1.05493e-008,-1.52884e-008,-1.05493e-008,0,0,0,1.8,0,0,0,8,
1147007,1.05493e-008,-1.52884e-008,-1.05493e-008,0,0,0,2,0,0,0,8,
1147047,1.05493e-008,-1.52884e-008,-1.05493e-008,0,0,0,2,0,0,0,8,
1147086,1.05493e-008,-1.52884e-008,-1.05493e-008,0,0,0,2,0,0,0,8,
1147126,1.05493e-008,-1.52884e-008,-1.05493e-008,0,0,0,2,0,0,0,8,
1147167,1.05493e-008,-1.52884e-008,-1.05493e-008,0,0,0,2,0,0,0,8,
1147206,1.05493e-008,-1.52884e-008,-1.05493e-008,0,0,0,2,0,0,0,8,
1147246,1.05493e-008,-1.52884e-008,-1.05493e-008,0,0,0,2,0,0,0,8,
1147287,1.05493e-008,-1.52884e-008,-1.05493e-008,0,0,0,2,0,0,0,8,
1147327,1.05493e-008,-1.52884e-008,-1.05493e-008,0,0,0,2,0,0,0,8,
1147366,1.05493e-008,-1.52884e-008,-1.05493e-008,0,0,0,2,0,0,0,8,
1147406,1.05493e-008,-1.52884e-008,-1.05493e-008,0,0,0,2,0,0,0,8,
1147447,1.05493e-008,-1.52884e-008,-1.05493e-008,0,0,0,2,0,0,0,8,
1147487,1.05493e-008,-1.52884e-008,-1.05493e-008,0,0,0,2,0,0,0,8,
1147526,1.05493e-008,-1.52884e-008,-1.05493e-008,0,0,0,2,0,0,0,8,
1147566,1.05493e-008,-1.52884e-008,-1.05493e-008,0,0,0,2,0,0,0,8,
1147606,1.05493e-008,-1.52884e-008,-1.05493e-008,0,0,0,2,0,0,0,8,
1147646,1.05493e-008,-1.52884e-008,-1.05493e-008,0,0,0,2,0,0,0,8,
1147686,1.05493e-008,-1.52884e-008,-1.05493e-008,0,0,0,2,0,0,0,8,
1147726,1.05493e-008,-1.52884e-008,-1.05493e-008,0,0,0,2,0,0,0,8,
1147767,1.05493e-008,-1.52884e-008,-1.05493e-008,0,0,0,2,0,0,0,8,
1147806,1.05493e-008,-1.52884e-008,-1.05493e-008,0,0,0,2,0,0,0,8,
1147846,1.05493e-008,-1.52884e-008,-1.05493e-008,0,0,0,2,0,0,0,8,
1147886,1.05493e-008,-1.52884e-008,-1.05493e-008,0,0,0,2,0,0,0,8,
1147926,1.05493e-008,-1.52884e-008,-1.05493e-008,0,0,0,2,0,0,0,8,
1147966,1.05493e-008,-1.52884e-008,-1.05493e-008,0,0,0,2,0,0,0,8,
1148006,1.05493e-008,-1.52884e-008,-1.05493e-008,0,0,0,2,0,0,0,8,
1148046,1.05493e-008,-1.52884e-008,-1.05493e-008,0,0,0,2,0,0,0,8,
1148087,1.05493e-008,-1.52884e-008,-1.05493e-008,0,0,0,2,0,0,0,8,
1148126,1.05493e-008,-1.52884e-008,-1.05493e-008,0,0,0,2,0,0,0,8,
1148167,1.05493e-008,-1.52884e-008,-1.05493e-008,0,0,0,2,0,0,0,8,
1148206,1.05493e-008,-1.52884e-008,-1.05493e-008,0,0,0,2,0,0,0,8,
1148246,1.05493e-008,-1.52884e-008,-1.05493e-008,0,0,0,2,0,0,0,8,
1148287,1.05493e-008,-1.52884e-008,-1.05493e-008,0,0,0,2,0,0,0,8,
1148326,1.05493e-008,-1.52884e-008,-1.05493e-008,0,0,0,2,0,0,0,8,
1148366,1.05493e-008,-1.52884e-008,-1.05493e-008,0,0,0,2,0,0,0,8,
1148406,1.05493e-008,-1.52884e-008,-1.05493e-008,0,0,0,2,0,0,0,8,
1148447,1.05493e-008,-1.52884e-008,-1.05493e-008,0,0,0,2,0,0,0,8,
1148487,1.05493e-008,-1.52884e-008,-1.05493e-008,0,0,0,2,0,0,0,8,
1148526,1.05493e-008,-1.52884e-008,-1.05493e-008,0,0,0,2,0,0,0,8,
1148567,1.05493e-008,-1.52884e-008,-1.05493e-008,0,0,0,2,0,0,0,8,
1148607,1.05493e-008,-1.52884e-008,-1.05493e-008,0,0,0,2,0,0,0,8,
1148647,1.05493e-008,-1.52884e-008,-1.05493e-008,0,0,0,2,0,0,0,8,
1148687,1.05493e-008,-1.52884e-008,-1.05493e-008,0,0,0,2,0,0,0,8,
1148726,1.05493e-008,-1.52884e-008,-1.05493e-008,0,0,0,2,0,0,0,8,
1148767,1.05493e-008,-1.52884e-008,-1.05493e-008,0,0,0,2,0,0,0,8,
1148807,1.05493e-008,-1.52884e-008,-1.05493e-008,0,0,0,2,0,0,0,8,
1148847,1.05493e-008,-1.52884e-008,-1.05493e-008,0,0,0,2,0,0,0,8,
1148887,1.05493e-008,-1.52884e-008,-1.05493e-008,0,0,0,2,0,0,0,8,
1148927,1.05493e-008,-1.52884e-008,-1.05493e-008,0,0,0,2,0,0,0,8,
1148967,1.05493e-008,-1.52884e-008,-1.05493e-008,0,0,0,2,0,0,0,8,
1149007,1.05493e-008,-1.52884e-008,-1.05493e-008,0,0,0,2,0,0,0,8,
1149047,1.05493e-008,-1.52884e-008,-1.05493e-008,0,0,0,2,0,0,0,8,
1149087,1.05493e-008,-1.52884e-008,-1.05493e-008,0,0,0,2,0,0,0,8,
1149126,1.05493e-008,-1.52884e-008,-1.05493e-008,0,0,0,2,0,0,0,8,
1149167,1.05493e-008,-1.52884e-008,-1.05493e-008,0,0,0,2,0,0,0,8,
1149207,1.05493e-008,-1.52884e-008,-1.05493e-008,0,0,0,2,0,0,0,8,
1149247,1.05493e-008,-1.52884e-008,-1.05493e-008,0,0,0,2,0,0,0,8,
1149286,1.05493e-008,-1.52884e-008,-1.05493e-008,0,0,0,2,0,0,0,8,
1149326,1.05493e-008,-1.52884e-008,-1.05493e-008,0,0,0,2,0,0,0,8,
1149366,1.05493e-008,-1.52884e-008,-1.05493e-008,0,0,0,2,0,0,0,8,
1149407,1.05493e-008,-1.52884e-008,-1.05493e-008,0,0,0,2,0,0,0,9,
1149446,1.05493e-008,-1.52884e-008,-1.05493e-008,0,0,0,2,0,0,0,9,
1149486,1.05493e-008,-1.52884e-008,-1.05493e-008,0,0,0,2,0,0,0,9,
1149527,1.05493e-008,-1.52884e-008,-1.05493e-008,0,0,0,2,0,0,0,9,
1149567,1.05493e-008,-1.52884e-008,-1.05493e-008,0,0,0,2,0,0,0,9,
1149607,1.05493e-008,-1.52884e-008,-1.05493e-008,0,0,0,2,0,0,0,9,
1149646,1.05493e-008,-1.52884e-008,-1.05493e-008,0,0,0,2,0,0,0,9,
1149687,1.05493e-008,-1.52884e-008,-1.05493e-008,0,0,0,2,0,0,0,9,
1149727,1.05493e-008,-1.52884e-008,-1.05493e-008,0,0,0,2,0,0,0,9,
1149766,1.05493e-008,-1.52884e-008,-1.05493e-008,0,0,0,2,0,0,0,9,
1149806,1.05493e-008,-1.52884e-008,-1.05493e-008,0,0,0,2,0,0,0,9,
1149846,1.05493e-008,-1.52884e-008,-1.05493e-008,0,0,0,2,0,0,0,9,
1149887,1.05493e-008,-1.52884e-008,-1.05493e-008,0,0,0,2,0,0,0,9,
1149926,1.05493e-008,-1.52884e-008,-1.05493e-008,0,0,0,2,0,0,0,9,
1149966,1.05493e-008,-1.52884e-008,-1.05493e-008,0,0,0,2,0,0,0,9,
1150007,1.05493e-008,-1.52884e-008,-1.05493e-008,0,0,0,2,0,0,0,9,
1150047,1.05493e-008,-1.52884e-008,-1.05493e-008,0,0,0,2,0,0,0,9,
1150087,1.05493e-008,-1.52884e-008,-1.05493e-008,0,0,0,2,0,0,0,9,
1150126,1.05493e-008,-1.52884e-008,-1.05493e-008,0,0,0,2,0,0,0,9,
1150167,1.05493e-008,-1.52884e-008,-1.05493e-008,0,0,0,2,0,0,0,9,
1150207,1.05493e-008,-1.52884e-008,-1.05493e-008,0,0,0,2,0,0,0,9,
1150246,1.05493e-008,-1.52884e-008,-1.05493e-008,0,0,0,2,0,0,0,9,
1150287,1.05493e-008,-1.52884e-008,-1.05493e-008,0,0,0,2,0,0,0,9,
1150326,1.05493e-008,-1.52884e-008,-1.05493e-008,0,0,0,2,0,0,0,9,
1150367,1.05493e-008,-1.52884e-008,-1.05493e-008,0,0,0,2,0,0,0,9,
1150406,1.05493e-008,-1.52884e-008,-1.05493e-008,0,0,0,2,0,0,0,9,
1150446,1.05493e-008,-1.52884e-008,-1.05493e-008,0,0,0,2,0,0,0,9,
1150486,1.05493e-008,-1.52884e-008,-1.05493e-008,0,0,0,2,0,0,0,9,
1150526,1.05493e-008,-1.52884e-008,-1.05493e-008,0,0,0,2,0,0,0,9,
1150566,1.05493e-008,-1.52884e-008,-1.05493e-008,0,0,0,2,0,0,0,9,
1150606,1.05493e-008,-1.52884e-008,-1.05493e-008,0,0,0,2,0,0,0,9,
1150646,1.05493e-008,-1.52884e-008,-1.05493e-008,0,0,0,2,0,0,0,9,
1150686,1.05493e-008,-1.52884e-008,-1.05493e-008,0,0,0,2,0,0,0,9,
1150726,1.05493e-008,-1.52884e-008,-1.05493e-008,0,0,0,2,0,0,0,9,
1150766,1.05493e-008,-1.52884e-008,-1.05493e-008,0,0,0,2,0,0,0,9,
1150806,1.05493e-008,-1.52884e-008,-1.05493e-008,0,0,0,2,0,0,0,9,
1150846,1.05493e-008,-1.52884e-008,-1.05493e-008,0,0,0,2,0,0,0,9,
1150886,1.05493e-008,-1.52884e-008,-1.05493e-008,0,0,0,2,0,0,0,9,
1150926,1.05493e-008,-1.52884e-008,-1.05493e-008,0,0,0,2,0,0,0,9,
1150966,1.05493e-008,-1.52884e-008,-1.05493e-008,0,0,0,2,0,0,0,9,
1151006,1.05493e-008,-1.52884e-008,-1.05493e-008,0,0,0,2,0,0,0,9,
1151046,1.05493e-008,-1.52884e-008,-1.05493e-008,0,0,0,2,0,0,0,9,
1151086,1.05493e-008,-1.52884e-008,-1.05493e-008,0,0,0,2,0,0,0,9,
1151126,1.05493e-008,-1.52884e-008,-1.05493e-008,0,0,0,2,0,0,0,9,
1151166,1.05493e-008,-1.52884e-008,-1.05493e-008,0,0,0,2,0,0,0,9,
1151206,1.05493e-008,-1.52884e-008,-1.05493e-008,0,0,0,2,0,0,0,9,
1151246,1.05493e-008,-1.52884e-008,-1.05493e-008,0,0,0,2,0,0,0,9,
1151286,1.05493e-008,-1.52884e-008,-1.05493e-008,0,0,0,2,0,0,0,9,
1151326,1.05493e-008,-1.52884e-008,-1.05493e-008,0,0,0,2,0,0,0,9,
1151366,1.05493e-008,-1.52884e-008,-1.05493e-008,0,0,0,2,0,0,0,9,
1151406,1.05493e-008,-1.52884e-008,-1.05493e-008,0,0,0,2,0,0,0,9,
1151446,1.05493e-008,-1.52884e-008,-1.05493e-008,0,0,0,2,0,0,0,9,
1151486,1.05493e-008,-1.52884e-008,-1.05493e-008,0,0,0,2,0,0,0,9,
1151526,1.05493e-008,-1.52884e-008,-1.05493e-008,0,0,0,2,0,0,0,9,
1151566,1.05493e-008,-1.52884e-008,-1.05493e-008,0,0,0,2,0,0,0,9,
1151606,1.05493e-008,-1.52884e-008,-1.05493e-008,0,0,0,2,0,0,0,9,
1151646,1.05493e-008,-1.52884e-008,-1.05493e-008,0,0,0,2,0,0,0,9,
1151686,1.05493e-008,-1.52884e-008,-1.05493e-008,0,0,0,2,0,0,0,9,
1151726,1.05493e-008,-1.52884e-008,-1.05493e-008,0,0,0,2,0,0,0,9,
1151766,1.05493e-008,-1.52884e-008,-1.05493e-008,0,0,0,2,0,0,0,9,
1151806,1.05493e-008,-1.52884e-008,-1.05493e-008,0,0,0,2,0,0,0,9,
1151846,1.05493e-008,-1.52884e-008,-1.05493e-008,0,0,0,2,0,0,0,9,
1151886,1.05493e-008,-1.52884e-008,-1.05493e-008,0,0,0,2,0,0,0,9,
1151926,1.05493e-008,-1.52884e-008,-1.05493e-008,0,0,0,2,0,0,0,9,
1151966,1.05493e-008,-1.52884e-008,-1.05493e-008,0,0,0,2,0,0,0,9,
1152006,1.05493e-008,-1.52884e-008,-1.05493e-008,0,0,0,2,0,0,0,9,
1152046,1.05493e-008,-1.52884e-008,-1.05493e-008,0,0,0,2,0,0,0,9,
1152086,1.05493e-008,-1.52884e-008,-1.05493e-008,0,0,0,2,0,0,0,9,
1152127,1.05493e-008,-1.52884e-008,-1.05493e-008,0,0,0,2,0,0,0,9,
1152166,1.05493e-008,-1.52884e-008,-1.05493e-008,0,0,0,2,0,0,0,9,
1152207,1.05493e-008,-1.52884e-008,-1.05493e-008,0,0,0,2,0,0,0,9,
1152248,1.05493e-008,-1.52884e-008,-1.05493e-008,0,0,0,2,0,0,0,9,
1152286,1.05493e-008,-1.52884e-008,-1.05493e-008,0,0,0,2,0,0,0,9,
1152326,1.05493e-008,-1.52884e-008,-1.05493e-008,0,0,0,2,0,0,0,9,
1152367,1.05493e-008,-1.52884e-008,-1.05493e-008,0,0,0,2,0,0,0,9,
1152407,1.05493e-008,-1.52884e-008,-1.05493e-008,0,0,0,2,0,0,0,9,
1152447,1.05493e-008,-1.52884e-008,-1.05493e-008,0,0,0,2,0,0,0,9,
1152486,1.05493e-008,-1.52884e-008,-1.05493e-008,0,0,0,2,0,0,0,9,
1152527,1.05493e-008,-1.52884e-008,-1.05493e-008,0,0,0,2,0,0,0,9,
1152567,1.05493e-008,-1.52884e-008,-1.05493e-008,0,0,0,2,0,0,0,9,
1152607,1.05493e-008,-1.52884e-008,-1.05493e-008,0,0,0,2,0,0,0,9,
1152647,1.05493e-008,-1.52884e-008,-1.05493e-008,0,0,0,2,0,0,0,9,
1152687,1.05493e-008,-1.52884e-008,-1.05493e-008,0,0,0,2,0,0,0,9,
1152727,1.05493e-008,-1.52884e-008,-1.05493e-008,0,0,0,2,0,0,0,9,
1152767,1.05493e-008,-1.52884e-008,-1.05493e-008,0,0,0,2,0,0,0,9,
1152806,1.05493e-008,-1.52884e-008,-1.05493e-008,0,0,0,2,0,0,0,9,
1152847,1.05493e-008,-1.52884e-008,-1.05493e-008,0,0,0,2,0,0,0,9,
1152886,1.05493e-008,-1.52884e-008,-1.05493e-008,0,0,0,2,0,0,0,9,
1152926,1.05493e-008,-1.52884e-008,-1.05493e-008,0,0,0,2,0,0,0,9,
1152966,1.05493e-008,-1.52884e-008,-1.05493e-008,0,0,0,2,0,0,0,9,
1153006,1.05493e-008,-1.52884e-008,-1.05493e-008,0,0,0,2,0,0,0,9,
1153046,1.05493e-008,-1.52884e-008,-1.05493e-008,0,0,0,2,0,0,0,9,
1153087,1.05493e-008,-1.52884e-008,-1.05493e-008,0,0,0,2,0,0,0,9,
1153126,1.05493e-008,-1.52884e-008,-1.05493e-008,0,0,0,2,0,0,0,9,
1153167,1.05493e-008,-1.52884e-008,-1.05493e-008,0,0,0,2,0,0,0,9,
1153207,1.05493e-008,-1.52884e-008,-1.05493e-008,0,0,0,2,0,0,0,9,
1153247,1.05493e-008,-1.52884e-008,-1.05493e-008,0,0,0,2,0,0,0,9,
1153287,1.05493e-008,-1.52884e-008,-1.05493e-008,0,0,0,2,0,0,0,9,
1153326,1.05493e-008,-1.52884e-008,-1.05493e-008,0,0,0,2,0,0,0,9,
1153366,1.05493e-008,-1.52884e-008,-1.05493e-008,0,0,0,2,0,0,0,9,
1153407,1.05493e-008,-1.52884e-008,-1.05493e-008,0,0,0,2,0,0,0,9,
1153446,1.05493e-008,-1.52884e-008,-1.05493e-008,0,0,0,2,0,0,0,9,
1153486,1.05493e-008,-1.52884e-008,-1.05493e-008,0,0,0,2,0,0,0,9,
1153526,1.05493e-008,-1.52884e-008,-1.05493e-008,0,0,0,2,0,0,0,9,
1153567,1.05493e-008,-1.52884e-008,-1.05493e-008,0,0,0,2,0,0,0,9,
1153606,1.05493e-008,-1.52884e-008,-1.05493e-008,0,0,0,2,0,0,0,9,
1153646,1.05493e-008,-1.52884e-008,-1.05493e-008,0,0,0,2,0,0,0,9,
1153686,1.05493e-008,-1.52884e-008,-1.05493e-008,0,0,0,2,0,0,0,9,
1153727,1.05493e-008,-1.52884e-008,-1.05493e-008,0,0,0,2,0,0,0,9,
1153766,1.05493e-008,-1.52884e-008,-1.05493e-008,0,0,0,2,0,0,0,9,
1153806,1.05493e-008,-1.52884e-008,-1.05493e-008,0,0,0,2,0,0,0,9,
1153846,1.05493e-008,-1.52884e-008,-1.05493e-008,0,0,0,2,0,0,0,9,
1153886,1.05493e-008,-1.52884e-008,-1.05493e-008,0,0,0,2,0,0,0,9,
1153926,1.05493e-008,-1.52884e-008,-1.05493e-008,0,0,0,2,0,0,0,9,
1153966,1.05493e-008,-1.52884e-008,-1.05493e-008,0,0,0,2,0,0,0,9,
1154006,1.05493e-008,-1.52884e-008,-1.05493e-008,0,0,0,2,0,0,0,9,
1154047,1.05493e-008,-1.52884e-008,-1.05493e-008,0,0,0,2,0,0,0,9,
1154087,1.05493e-008,-1.52884e-008,-1.05493e-008,0,0,0,2,0,0,0,9,
1154127,1.05493e-008,-1.52884e-008,-1.05493e-008,0,0,0,2,0,0,0,9,
1154167,1.05493e-008,-1.52884e-008,-1.05493e-008,0,0,0,2,0,0,0,9,
1154207,1.05493e-008,-1.52884e-008,-1.05493e-008,0,0,0,2,0,0,0,9,
1154246,1.05493e-008,-1.52884e-008,-1.05493e-008,0,0,0,2,0,0,0,9,
1154286,1.05493e-008,-1.52884e-008,-1.05493e-008,0,0,0,2,0,0,0,9,
1154326,1.05493e-008,-1.52884e-008,-1.05493e-008,0,0,0,2,0,0,0,9,
1154367,1.05493e-008,-1.52884e-008,-1.05493e-008,0,0,0,2,0,0,0,9,
1154406,1.05493e-008,-1.52884e-008,-1.05493e-008,0,0,0,2,0,0,0,9,
1154446,1.05493e-008,-1.52884e-008,-1.05493e-008,0,0,0,2,0,0,0,9,
1154486,1.05493e-008,-1.52884e-008,-1.05493e-008,0,0,0,2,0,0,0,9,
1154526,1.05493e-008,-1.52884e-008,-1.05493e-008,0,0,0,2,0,0,0,9,
1154567,1.05493e-008,-1.52884e-008,-1.05493e-008,0,0,0,2,0,0,0,9,
1154606,1.05493e-008,-1.52884e-008,-1.05493e-008,0,0,0,2,0,0,0,9,
1154646,1.05493e-008,-1.52884e-008,-1.05493e-008,0,0,0,2,0,0,0,9,
1154686,1.05493e-008,-1.52884e-008,-1.05493e-008,0,0,0,2,0,0,0,9,
1154726,1.05493e-008,-1.52884e-008,-1.05493e-008,0,0,0,2,0,0,0,9,
1154766,1.05493e-008,-1.52884e-008,-1.05493e-008,0,0,0,2,0,0,0,9,
1154806,1.05493e-008,-1.52884e-008,-1.05493e-008,0,0,0,2,0,0,0,9,
1154846,1.05493e-008,-1.52884e-008,-1.05493e-008,0,0,0,2,0,0,0,9,
1154886,1.05493e-008,-1.52884e-008,-1.05493e-008,0,0,0,2,0,0,0,9,
1154926,1.05493e-008,-1.52884e-008,-1.05493e-008,0,0,0,2,0,0,0,9,
1154967,1.05493e-008,-1.52884e-008,-1.05493e-008,0,0,0,2,0,0,0,9,
1155006,1.05493e-008,-1.52884e-008,-1.05493e-008,0,0,0,2,0,0,0,9,
1155046,1.05493e-008,-1.52884e-008,-1.05493e-008,0,0,0,2,0,0,0,9,
1155086,1.05493e-008,-1.52884e-008,-1.05493e-008,0,0,0,2,0,0,0,9,
1155126,1.05493e-008,-1.52884e-008,-1.05493e-008,0,0,0,2,0,0,0,9,
1155166,1.05493e-008,-1.52884e-008,-1.05493e-008,0,0,0,2,0,0,0,9,
1155206,1.05493e-008,-1.52884e-008,-1.05493e-008,0,0,0,2,0,0,0,9,
1155246,1.05493e-008,-1.52884e-008,-1.05493e-008,0,0,0,2,0,0,0,9,
1155286,1.05493e-008,-1.52884e-008,-1.05493e-008,0,0,0,2,0,0,0,9,
1155326,1.05493e-008,-1.52884e-008,-1.05493e-008,0,0,0,2,0,0,0,9,
1155366,1.05493e-008,-1.52884e-008,-1.05493e-008,0,0,0,2,0,0,0,9,
1155406,1.05493e-008,-1.52884e-008,-1.05493e-008,0,0,0,2,0,0,0,9,
1155446,1.05493e-008,-1.52884e-008,-1.05493e-008,0,0,0,2,0,0,0,9,
1155486,1.05493e-008,-1.52884e-008,-1.05493e-008,0,0,0,2,0,0,0,9,
1155526,1.05493e-008,-1.52884e-008,-1.05493e-008,0,0,0,2,0,0,0,9,
1155566,1.05493e-008,-1.52884e-008,-1.05493e-008,0,0,0,2,0,0,0,9,
1155606,1.05493e-008,-1.52884e-008,-1.05493e-008,0,0,0,2,0,0,0,9,
1155646,1.05493e-008,-1.52884e-008,-1.05493e-008,0,0,0,2,0,0,0,9,
1155686,1.05493e-008,-1.52884e-008,-1.05493e-008,0,0,0,2,0,0,0,9,
1155726,1.05493e-008,-1.52884e-008,-1.05493e-008,0,0,0,2,0,0,0,9,
1155766,1.05493e-008,-1.52884e-008,-1.05493e-008,0,0,0,2,0,0,0,9,
1155806,1.05493e-008,-1.52884e-008,-1.05493e-008,0,0,0,2,0,0,0,9,
1155846,1.05493e-008,-1.52884e-008,-1.05493e-008,0,0,0,2,0,0,0,9,
1155886,1.05493e-008,-1.52884e-008,-1.05493e-008,0,0,0,2,0,0,0,9,
1155926,1.05493e-008,-1.52884e-008,-1.05493e-008,0,0,0,2,0,0,0,9,
1155966,1.05493e-008,-1.52884e-008,-1.05493e-008,0,0,0,2,0,0,0,9,
1156007,1.05493e-008,-1.52884e-008,-1.05493e-008,0,0,0,2,0,0,0,9,
1156046,1.05493e-008,-1.52884e-008,-1.05493e-008,0,0,0,2,0,0,0,9,
1156086,1.05493e-008,-1.52884e-008,-1.05493e-008,0,0,0,2,0,0,0,9,
1156126,1.05493e-008,-1.52884e-008,-1.05493e-008,0,0,0,2,0,0,0,9,
1156167,1.05493e-008,-1.52884e-008,-1.05493e-008,0,0,0,2,0,0,0,9,
1156206,1.05493e-008,-1.52884e-008,-1.05493e-008,0,0,0,2,0,0,0,9,
1156246,1.05493e-008,-1.52884e-008,-1.05493e-008,0,0,0,2,0,0,0,9,
1156286,1.05493e-008,-1.52884e-008,-1.05493e-008,0,0,0,2,0,0,0,9,
1156327,1.05493e-008,-1.52884e-008,-1.05493e-008,0,0,0,2,0,0,0,9,
1156367,1.05493e-008,-1.52884e-008,-1.05493e-008,0,0,0,2,0,0,0,9,
1156406,1.05493e-008,-1.52884e-008,-1.05493e-008,0,0,0,2,0,0,0,9,
1156446,1.05493e-008,-1.52884e-008,-1.05493e-008,0,0,0,2,0,0,0,9,
1156486,1.05493e-008,-1.52884e-008,-1.05493e-008,0,0,0,2,0,0,0,9,
1156526,1.05493e-008,-1.52884e-008,-1.05493e-008,0,0,0,2,0,0,0,9,
1156566,1.05493e-008,-1.52884e-008,-1.05493e-008,0,0,0,2,0,0,0,9,
1156606,1.05493e-008,-1.52884e-008,-1.05493e-008,0,0,0,2,0,0,0,9,
1156646,1.05493e-008,-1.52884e-008,-1.05493e-008,0,0,0,2,0,0,0,9,
1156686,1.05493e-008,-1.52884e-008,-1.05493e-008,0,0,0,2,0,0,0,9,
1156726,1.05493e-008,-1.52884e-008,-1.05493e-008,0,0,0,2,0,0,0,9,
1156767,1.05493e-008,-1.52884e-008,-1.05493e-008,0,0,0,2,0,0,0,9,
1156806,1.05493e-008,-1.52884e-008,-1.05493e-008,0,0,0,2,0,0,0,9,
1156846,1.05493e-008,-1.52884e-008,-1.05493e-008,0,0,0,2,0,0,0,9,
1156886,1.05493e-008,-1.52884e-008,-1.05493e-008,0,0,0,2,0,0,0,9,
1156926,1.05493e-008,-1.52884e-008,-1.05493e-008,0,0,0,2,0,0,0,9,
1156967,1.05493e-008,-1.52884e-008,-1.05493e-008,0,0,0,2,0,0,0,9,
1157006,1.05493e-008,-1.52884e-008,-1.05493e-008,0,0,0,2,0,0,0,9,
1157046,1.05493e-008,-1.52884e-008,-1.05493e-008,0,0,0,2,0,0,0,9,
1157086,1.05493e-008,-1.52884e-008,-1.05493e-008,0,0,0,2,0,0,0,9,
1157126,1.05493e-008,-1.52884e-008,-1.05493e-008,0,0,0,2,0,0,0,9,
1157166,1.05493e-008,-1.52884e-008,-1.05493e-008,0,0,0,2,0,0,0,9,
1157206,1.05493e-008,-1.52884e-008,-1.05493e-008,0,0,0,2,0,0,0,9,
1157246,1.05493e-008,-1.52884e-008,-1.05493e-008,0,0,0,2,0,0,0,9,
1157286,1.05493e-008,-1.52884e-008,-1.05493e-008,0,0,0,2,0,0,0,9,
1157326,1.05493e-008,-1.52884e-008,-1.05493e-008,0,0,0,2,0,0,0,9,
1157366,1.05493e-008,-1.52884e-008,-1.05493e-008,0,0,0,2,0,0,0,9,
1157406,1.05493e-008,-1.52884e-008,-1.05493e-008,0,0,0,2,0,0,0,9,
1157446,1.05493e-008,-1.52884e-008,-1.05493e-008,0,0,0,2,0,0,0,9,
1157486,1.05493e-008,-1.52884e-008,-1.05493e-008,0,0,0,2,0,0,0,9,
1157526,1.05493e-008,-1.52884e-008,-1.05493e-008,0,0,0,2,0,0,0,9,
1157567,1.05493e-008,-1.52884e-008,-1.05493e-008,0,0,0,2,0,0,0,9,
1157606,1.05493e-008,-1.52884e-008,-1.05493e-008,0,0,0,2,0,0,0,9,
1157646,1.05493e-008,-1.52884e-008,-1.05493e-008,0,0,0,2,0,0,0,9,
1157686,1.05493e-008,-1.52884e-008,-1.05493e-008,0,0,0,2,0,0,0,9,
1157726,1.05493e-008,-1.52884e-008,-1.05493e-008,0,0,0,2,0,0,0,9,
1157766,1.05493e-008,-1.52884e-008,-1.05493e-008,0,0,0,2,0,0,0,9,
1157806,1.05493e-008,-1.52884e-008,-1.05493e-008,0,0,0,2,0,0,0,9,
1157846,1.05493e-008,-1.52884e-008,-1.05493e-008,0,0,0,2,0,0,0,9,
1157888,1.05493e-008,-1.52884e-008,-1.05493e-008,0,0,0,2,0,0,0,9,
1157926,1.05493e-008,-1.52884e-008,-1.05493e-008,0,0,0,2,0,0,0,9,
1157966,1.05493e-008,-1.52884e-008,-1.05493e-008,0,0,0,2,0,0,0,9,
1158006,1.05493e-008,-1.52884e-008,-1.05493e-008,0,0,0,2,0,0,0,9,
1158046,1.05493e-008,-1.52884e-008,-1.05493e-008,0,0,0,2,0,0,0,9,
1158086,1.05493e-008,-1.52884e-008,-1.05493e-008,0,0,0,2,0,0,0,9,
1158126,1.05493e-008,-1.52884e-008,-1.05493e-008,0,0,0,2,0,0,0,9,
1158167,1.05493e-008,-1.52884e-008,-1.05493e-008,0,0,0,2,0,0,0,9,
1158206,1.05493e-008,-1.52884e-008,-1.05493e-008,0,0,0,2,0,0,0,9,
1158246,1.05493e-008,-1.52884e-008,-1.05493e-008,0,0,0,2,0,0,0,9,
1158286,1.05493e-008,-1.52884e-008,-1.05493e-008,0,0,0,2,0,0,0,9,
1158327,1.05493e-008,-1.52884e-008,-1.05493e-008,0,0,0,2,0,0,0,9,
1158367,1.05493e-008,-1.52884e-008,-1.05493e-008,0,0,0,2,0,0,0,9,
1158406,1.05493e-008,-1.52884e-008,-1.05493e-008,0,0,0,2,0,0,0,9,
1158446,1.05493e-008,-1.52884e-008,-1.05493e-008,0,0,0,2,0,0,0,9,
1158486,1.05493e-008,-1.52884e-008,-1.05493e-008,0,0,0,2,0,0,0,9,
1158526,1.05493e-008,-1.52884e-008,-1.05493e-008,0,0,0,2,0,0,0,9,
1158567,1.05493e-008,-1.52884e-008,-1.05493e-008,0,0,0,2,0,0,0,9,
1158606,1.05493e-008,-1.52884e-008,-1.05493e-008,0,0,0,2,0,0,0,9,
1158646,1.05493e-008,-1.52884e-008,-1.05493e-008,0,0,0,2,0,0,0,9,
1158686,1.05493e-008,-1.52884e-008,-1.05493e-008,0,0,0,2,0,0,0,9,
1158726,1.05493e-008,-1.52884e-008,-1.05493e-008,0,0,0,2,0,0,0,9,
1158766,1.05493e-008,-1.52884e-008,-1.05493e-008,0,0,0,2,0,0,0,9,
1158806,1.05493e-008,-1.52884e-008,-1.05493e-008,0,0,0,2,0,0,0,9,
1158846,1.05493e-008,-1.52884e-008,-1.05493e-008,0,0,0,2,0,0,0,9,
1158886,1.05493e-008,-1.52884e-008,-1.05493e-008,0,0,0,2,0,0,0,9,
1158926,1.05493e-008,-1.52884e-008,-1.05493e-008,0,0,0,2,0,0,0,9,
1158967,1.05493e-008,-1.52884e-008,-1.05493e-008,0,0,0,2,0,0,0,9,
1159006,1.05493e-008,-1.52884e-008,-1.05493e-008,0,0,0,2,0,0,0,9,
1159046,1.05493e-008,-1.52884e-008,-1.05493e-008,0,0,0,2,0,0,0,9,
1159086,1.05493e-008,-1.52884e-008,-1.05493e-008,0,0,0,2,0,0,0,9,
1159126,1.05493e-008,-1.52884e-008,-1.05493e-008,0,0,0,2,0,0,0,9,
1159166,1.05493e-008,-1.52884e-008,-1.05493e-008,0,0,0,2,0,0,0,9,
1159206,1.05493e-008,-1.52884e-008,-1.05493e-008,0,0,0,2,0,0,0,9,
1159246,1.05493e-008,-1.52884e-008,-1.05493e-008,0,0,0,2,0,0,0,9,
1159286,1.05493e-008,-1.52884e-008,-1.05493e-008,0,0,0,2,0,0,0,9,
1159326,1.05493e-008,-1.52884e-008,-1.05493e-008,0,0,0,2,0,0,0,9,
1159366,1.05493e-008,-1.52884e-008,-1.05493e-008,0,0,0,2,0,0,0,9,
1159406,1.05493e-008,-1.52884e-008,-1.05493e-008,0,0,0,2,0,0,0,9,
1159446,1.05493e-008,-1.52884e-008,-1.05493e-008,0,0,0,2,0,0,0,9,
1159486,1.05493e-008,-1.52884e-008,-1.05493e-008,0,0,0,2,0,0,0,9,
1159526,1.05493e-008,-1.52884e-008,-1.05493e-008,0,0,0,2,0,0,0,9,
1159566,1.05493e-008,-1.52884e-008,-1.05493e-008,0,0,0,2,0,0,0,9,
1159606,1.05493e-008,-1.52884e-008,-1.05493e-008,0,0,0,2,0,0,0,9,
1159647,1.05493e-008,-1.52884e-008,-1.05493e-008,0,0,0,2,0,0,0,9,
1159686,1.05493e-008,-1.52884e-008,-1.05493e-008,0,0,0,2,0,0,0,9,
1159726,1.05493e-008,-1.52884e-008,-1.05493e-008,0,0,0,2,0,0,0,9,
1159768,1.05493e-008,-1.52884e-008,-1.05493e-008,0,0,0,2,0,0,0,9,
1159806,1.05493e-008,-1.52884e-008,-1.05493e-008,0,0,0,2,0,0,0,9,
1159846,1.05493e-008,-1.52884e-008,-1.05493e-008,0,0,0,2,0,0,0,9,
1159886,1.05493e-008,-1.52884e-008,-1.05493e-008,0,0,0,2,0,0,0,9,
1159926,1.05493e-008,-1.52884e-008,-1.05493e-008,0,0,0,2,0,0,0,9,
1159966,1.05493e-008,-1.52884e-008,-1.05493e-008,0,0,0,2,0,0,0,9,
1160006,1.05493e-008,-1.52884e-008,-1.05493e-008,0,0,0,2,0,0,0,9,
1160046,1.05493e-008,-1.52884e-008,-1.05493e-008,0,0,0,2,0,0,0,9,
1160087,1.05493e-008,-1.52884e-008,-1.05493e-008,0,0,0,2,0,0,0,9,
1160126,1.05493e-008,-1.52884e-008,-1.05493e-008,0,0,0,2,0,0,0,9,
1160167,1.05493e-008,-1.52884e-008,-1.05493e-008,0,0,0,2,0,0,0,9,
1160207,1.05493e-008,-1.52884e-008,-1.05493e-008,0,0,0,2,0,0,0,9,
1160247,1.05493e-008,-1.52884e-008,-1.05493e-008,0,0,0,2,0,0,0,9,
1160287,1.05493e-008,-1.52884e-008,-1.05493e-008,0,0,0,2,0,0,0,9,
1160327,1.05493e-008,-1.52884e-008,-1.05493e-008,0,0,0,2,0,0,0,9,
1160366,1.05493e-008,-1.52884e-008,-1.05493e-008,0,0,0,2,0,0,0,9,
1160407,1.05493e-008,-1.52884e-008,-1.05493e-008,0,0,0,2,0,0,0,9,
1160447,1.05493e-008,-1.52884e-008,-1.05493e-008,0,0,0,2,0,0,0,9,
1160486,1.05493e-008,-1.52884e-008,-1.05493e-008,0,0,0,2,0,0,0,9,
1160526,1.05493e-008,-1.52884e-008,-1.05493e-008,0,0,0,2,0,0,0,9,
1160567,1.05493e-008,-1.52884e-008,-1.05493e-008,0,0,0,2,0,0,0,9,
1160607,1.05493e-008,-1.52884e-008,-1.05493e-008,0,0,0,2,0,0,0,9,
1160646,1.05493e-008,-1.52884e-008,-1.05493e-008,0,0,0,2,0,0,0,9,
1160686,1.05493e-008,-1.52884e-008,-1.05493e-008,0,0,0,2,0,0,0,9,
1160726,1.05493e-008,-1.52884e-008,-1.05493e-008,0,0,0,2,0,0,0,9,
1160767,1.05493e-008,-1.52884e-008,-1.05493e-008,0,0,0,2,0,0,0,9,
1160806,1.05493e-008,-1.52884e-008,-1.05493e-008,0,0,0,2,0,0,0,9,
1160846,1.05493e-008,-1.52884e-008,-1.05493e-008,0,0,0,2,0,0,0,9,
1160886,1.05493e-008,-1.52884e-008,-1.05493e-008,0,0,0,2,0,0,0,9,
1160927,1.05493e-008,-1.52884e-008,-1.05493e-008,0,0,0,2,0,0,0,9,
1160966,1.05493e-008,-1.52884e-008,-1.05493e-008,0,0,0,2,0,0,0,9,
1161006,1.05493e-008,-1.52884e-008,-1.05493e-008,0,0,0,2,0,0,0,9,
1161046,1.05493e-008,-1.52884e-008,-1.05493e-008,0,0,0,2,0,0,0,9,
1161086,1.05493e-008,-1.52884e-008,-1.05493e-008,0,0,0,2,0,0,0,9,
1161126,1.05493e-008,-1.52884e-008,-1.05493e-008,0,0,0,2,0,0,0,9,
1161166,1.05493e-008,-1.52884e-008,-1.05493e-008,0,0,0,2,0,0,0,9,
1161206,1.05493e-008,-1.52884e-008,-1.05493e-008,0,0,0,2,0,0,0,9,
1161246,1.05493e-008,-1.52884e-008,-1.05493e-008,0,0,0,2,0,0,0,9,
1161286,1.05493e-008,-1.52884e-008,-1.05493e-008,0,0,0,2,0,0,0,9,
1161326,1.05493e-008,-1.52884e-008,-1.05493e-008,0,0,0,2,0,0,0,9,
1161366,1.05493e-008,-1.52884e-008,-1.05493e-008,0,0,0,2,0,0,0,9,
1161406,1.05493e-008,-1.52884e-008,-1.05493e-008,0,0,0,2,0,0,0,9,
1161446,1.05493e-008,-1.52884e-008,-1.05493e-008,0,0,0,2,0,0,0,9,
1161486,1.05493e-008,-1.52884e-008,-1.05493e-008,0,0,0,2,0,0,0,9,
1161526,1.05493e-008,-1.52884e-008,-1.05493e-008,0,0,0,2,0,0,0,9,
1161566,1.05493e-008,-1.52884e-008,-1.05493e-008,0,0,0,2,0,0,0,9,
1161606,1.05493e-008,-1.52884e-008,-1.05493e-008,0,0,0,2,0,0,0,9,
1161646,1.05493e-008,-1.52884e-008,-1.05493e-008,0,0,0,2,0,0,0,9,
1161686,1.05493e-008,-1.52884e-008,-1.05493e-008,0,0,0,2,0,0,0,9,
1161726,1.05493e-008,-1.52884e-008,-1.05493e-008,0,0,0,2,0,0,0,9,
1161766,1.05493e-008,-1.52884e-008,-1.05493e-008,0,0,0,2,0,0,0,9,
1161806,1.05493e-008,-1.52884e-008,-1.05493e-008,0,0,0,2,0,0,0,9,
1161846,1.05493e-008,-1.52884e-008,-1.05493e-008,0,0,0,2,0,0,0,9,
1161886,1.05493e-008,-1.52884e-008,-1.05493e-008,0,0,0,2,0,0,0,9,
1161926,1.05493e-008,-1.52884e-008,-1.05493e-008,0,0,0,2,0,0,0,9,
1161967,1.05493e-008,-1.52884e-008,-1.05493e-008,0,0,0,2,0,0,0,9,
1162006,1.05493e-008,-1.52884e-008,-1.05493e-008,0,0,0,2,0,0,0,9,
1162046,1.05493e-008,-1.52884e-008,-1.05493e-008,0,0,0,2,0,0,0,9,
1162086,1.05493e-008,-1.52884e-008,-1.05493e-008,0,0,0,2,0,0,0,9,
1162126,1.05493e-008,-1.52884e-008,-1.05493e-008,0,0,0,2,0,0,0,9,
1162166,1.05493e-008,-1.52884e-008,-1.05493e-008,0,0,0,2,0,0,0,9,
1162206,1.05493e-008,-1.52884e-008,-1.05493e-008,0,0,0,2,0,0,0,9,
1162246,1.05493e-008,-1.52884e-008,-1.05493e-008,0,0,0,2,0,0,0,9,
1162286,1.05493e-008,-1.52884e-008,-1.05493e-008,0,0,0,2,0,0,0,9,
1162326,1.05493e-008,-1.52884e-008,-1.05493e-008,0,0,0,2,0,0,0,9,
1162367,1.05493e-008,-1.52884e-008,-1.05493e-008,0,0,0,2,0,0,0,9,
1162406,1.05493e-008,-1.52884e-008,-1.05493e-008,0,0,0,2,0,0,0,9,
1162446,1.05493e-008,-1.52884e-008,-1.05493e-008,0,0,0,2,0,0,0,9,
1162486,1.05493e-008,-1.52884e-008,-1.05493e-008,0,0,0,2,0,0,0,9,
1162526,1.05493e-008,-1.52884e-008,-1.05493e-008,0,0,0,2,0,0,0,9,
1162566,1.05493e-008,-1.52884e-008,-1.05493e-008,0,0,0,2,0,0,0,9,
1162606,1.05493e-008,-1.52884e-008,-1.05493e-008,0,0,0,2,0,0,0,9,
1162646,1.05493e-008,-1.52884e-008,-1.05493e-008,0,0,0,2,0,0,0,9,
1162686,1.05493e-008,-1.52884e-008,-1.05493e-008,0,0,0,2,0,0,0,9,
1162726,1.05493e-008,-1.52884e-008,-1.05493e-008,0,0,0,2,0,0,0,9,
1162766,1.05493e-008,-1.52884e-008,-1.05493e-008,0,0,0,2,0,0,0,9,
1162806,1.05493e-008,-1.52884e-008,-1.05493e-008,0,0,0,2,0,0,0,9,
1162846,1.05493e-008,-1.52884e-008,-1.05493e-008,0,0,0,2,0,0,0,9,
1162886,1.05493e-008,-1.52884e-008,-1.05493e-008,0,0,0,2,0,0,0,9,
1162926,1.05493e-008,-1.52884e-008,-1.05493e-008,0,0,0,2,0,0,0,9,
1162966,1.05493e-008,-1.52884e-008,-1.05493e-008,0,0,0,2,0,0,0,9,
1163006,1.05493e-008,-1.52884e-008,-1.05493e-008,0,0,0,2,0,0,0,9,
1163046,1.05493e-008,-1.52884e-008,-1.05493e-008,0,0,0,2,0,0,0,9,
1163086,1.05493e-008,-1.52884e-008,-1.05493e-008,0,0,0,2,0,0,0,9,
1163126,1.05493e-008,-1.52884e-008,-1.05493e-008,0,0,0,2,0,0,0,9,
1163166,1.05493e-008,-1.52884e-008,-1.05493e-008,0,0,0,2,0,0,0,9,
1163206,1.05493e-008,-1.52884e-008,-1.05493e-008,0,0,0,2,0,0,0,9,
1163246,1.05493e-008,-1.52884e-008,-1.05493e-008,0,0,0,2,0,0,0,9,
1163286,1.05493e-008,-1.52884e-008,-1.05493e-008,0,0,0,2,0,0,0,9,
1163326,1.05493e-008,-1.52884e-008,-1.05493e-008,0,0,0,2,0,0,0,9,
1163366,1.05493e-008,-1.52884e-008,-1.05493e-008,0,0,0,2,0,0,0,9,
1163406,1.05493e-008,-1.52884e-008,-1.05493e-008,0,0,0,2,0,0,0,9,
1163446,1.05493e-008,-1.52884e-008,-1.05493e-008,0,0,0,2,0,0,0,9,
1163486,1.05493e-008,-1.52884e-008,-1.05493e-008,0,0,0,2,0,0,0,9,
1163526,1.05493e-008,-1.52884e-008,-1.05493e-008,0,0,0,2,0,0,0,9,
1163566,1.05493e-008,-1.52884e-008,-1.05493e-008,0,0,0,2,0,0,0,9,
1163606,1.05493e-008,-1.52884e-008,-1.05493e-008,0,0,0,2,0,0,0,9,
1163646,1.05493e-008,-1.52884e-008,-1.05493e-008,0,0,0,2,0,0,0,9,
1163686,1.05493e-008,-1.52884e-008,-1.05493e-008,0,0,0,2,0,0,0,9,
1163726,1.05493e-008,-1.52884e-008,-1.05493e-008,0,0,0,2,0,0,0,9,
1163766,1.05493e-008,-1.52884e-008,-1.05493e-008,0,0,0,2,0,0,0,9,
1163807,1.05493e-008,-1.52884e-008,-1.05493e-008,0,0,0,2,0,0,0,9,
1163847,1.05493e-008,-1.52884e-008,-1.05493e-008,0,0,0,2,0,0,0,9,
1163886,1.05493e-008,-1.52884e-008,-1.05493e-008,0,0,0,2,0,0,0,9,
1163926,1.05493e-008,-1.52884e-008,-1.05493e-008,0,0,0,2,0,0,0,9,
1163966,1.05493e-008,-1.52884e-008,-1.05493e-008,0,0,0,2,0,0,0,9,
1164006,1.05493e-008,-1.52884e-008,-1.05493e-008,0,0,0,2,0,0,0,9,
1164046,1.05493e-008,-1.52884e-008,-1.05493e-008,0,0,0,2,0,0,0,9,
1164086,1.05493e-008,-1.52884e-008,-1.05493e-008,0,0,0,2,0,0,0,9,
1164126,1.05493e-008,-1.52884e-008,-1.05493e-008,0,0,0,2,0,0,0,9,
1164166,1.05493e-008,-1.52884e-008,-1.05493e-008,0,0,0,2,0,0,0,9,
1164206,1.05493e-008,-1.52884e-008,-1.05493e-008,0,0,0,2,0,0,0,9,
1164246,1.05493e-008,-1.52884e-008,-1.05493e-008,0,0,0,2,0,0,0,9,
1164287,1.05493e-008,-1.52884e-008,-1.05493e-008,0,0,0,2,0,0,0,9,
1164326,1.05493e-008,-1.52884e-008,-1.05493e-008,0,0,0,2,0,0,0,9,
1164366,1.05493e-008,-1.52884e-008,-1.05493e-008,0,0,0,2,0,0,0,9,
1164407,1.05493e-008,-1.52884e-008,-1.05493e-008,0,0,0,2,0,0,0,9,
1164447,1.05493e-008,-1.52884e-008,-1.05493e-008,0,0,0,2,0,0,0,9,
1164486,1.05493e-008,-1.52884e-008,-1.05493e-008,0,0,0,2,0,0,0,9,
1164526,1.05493e-008,-1.52884e-008,-1.05493e-008,0,0,0,2,0,0,0,9,
1164566,1.05493e-008,-1.52884e-008,-1.05493e-008,0,0,0,2,0,0,0,9,
1164606,1.05493e-008,-1.52884e-008,-1.05493e-008,0,0,0,2,0,0,0,9,
1164646,1.05493e-008,-1.52884e-008,-1.05493e-008,0,0,0,2,0,0,0,9,
1164686,1.05493e-008,-1.52884e-008,-1.05493e-008,0,0,0,2,0,0,0,9,
1164726,1.05493e-008,-1.52884e-008,-1.05493e-008,0,0,0,2,0,0,0,9,
1164766,1.05493e-008,-1.52884e-008,-1.05493e-008,0,0,0,2,0,0,0,9,
1164806,1.05493e-008,-1.52884e-008,-1.05493e-008,0,0,0,2,0,0,0,9,
1164846,1.05493e-008,-1.52884e-008,-1.05493e-008,0,0,0,2,0,0,0,9,
1164886,1.05493e-008,-1.52884e-008,-1.05493e-008,0,0,0,2,0,0,0,9,
1164926,1.05493e-008,-1.52884e-008,-1.05493e-008,0,0,0,2,0,0,0,9,
1164966,1.05493e-008,-1.52884e-008,-1.05493e-008,0,0,0,2,0,0,0,9,
1165006,1.05493e-008,-1.52884e-008,-1.05493e-008,0,0,0,2,0,0,0,9,
1165046,1.05493e-008,-1.52884e-008,-1.05493e-008,0,0,0,2,0,0,0,9,
1165086,1.05493e-008,-1.52884e-008,-1.05493e-008,0,0,0,2,0,0,0,9,
1165126,1.05493e-008,-1.52884e-008,-1.05493e-008,0,0,0,2,0,0,0,9,
1165166,1.05493e-008,-1.52884e-008,-1.05493e-008,0,0,0,2,0,0,0,9,
1165206,1.05493e-008,-1.52884e-008,-1.05493e-008,0,0,0,2,0,0,0,9,
1165247,1.05493e-008,-1.52884e-008,-1.05493e-008,0,0,0,2,0,0,0,9,
1165286,1.05493e-008,-1.52884e-008,-1.05493e-008,0,0,0,2,0,0,0,9,
1165326,1.05493e-008,-1.52884e-008,-1.05493e-008,0,0,0,2,0,0,0,9,
1165366,1.05493e-008,-1.52884e-008,-1.05493e-008,0,0,0,2,0,0,0,9,
1165406,1.05493e-008,-1.52884e-008,-1.05493e-008,0,0,0,2,0,0,0,9,
1165446,1.05493e-008,-1.52884e-008,-1.05493e-008,0,0,0,2,0,0,0,9,
1165486,1.05493e-008,-1.52884e-008,-1.05493e-008,0,0,0,2,0,0,0,9,
1165526,1.05493e-008,-1.52884e-008,-1.05493e-008,0,0,0,2,0,0,0,9,
1165566,1.05493e-008,-1.52884e-008,-1.05493e-008,0,0,0,2,0,0,0,9,
1165606,1.05493e-008,-1.52884e-008,-1.05493e-008,0,0,0,2,0,0,0,9,
1165646,1.05493e-008,-1.52884e-008,-1.05493e-008,0,0,0,2,0,0,0,9,
1165686,1.05493e-008,-1.52884e-008,-1.05493e-008,0,0,0,2,0,0,0,9,
1165727,1.05493e-008,-1.52884e-008,-1.05493e-008,0,0,0,2,0,0,0,9,
1165766,1.05493e-008,-1.52884e-008,-1.05493e-008,0,0,0,2,0,0,0,9,
1165806,1.05493e-008,-1.52884e-008,-1.05493e-008,0,0,0,2,0,0,0,9,
1165846,1.05493e-008,-1.52884e-008,-1.05493e-008,0,0,0,2,0,0,0,9,
1165886,1.05493e-008,-1.52884e-008,-1.05493e-008,0,0,0,2,0,0,0,9,
1165926,1.05493e-008,-1.52884e-008,-1.05493e-008,0,0,0,2,0,0,0,9,
1165966,1.05493e-008,-1.52884e-008,-1.05493e-008,0,0,0,2,0,0,0,9,
1166006,1.05493e-008,-1.52884e-008,-1.05493e-008,0,0,0,2,0,0,0,9,
1166046,1.05493e-008,-1.52884e-008,-1.05493e-008,0,0,0,2,0,0,0,9,
1166086,1.05493e-008,-1.52884e-008,-1.05493e-008,0,0,0,2,0,0,0,9,
1166126,1.05493e-008,-1.52884e-008,-1.05493e-008,0,0,0,2,0,0,0,9,
1166166,1.05493e-008,-1.52884e-008,-1.05493e-008,0,0,0,2,0,0,0,9,
1166206,1.05493e-008,-1.52884e-008,-1.05493e-008,0,0,0,2,0,0,0,9,
1166246,1.05493e-008,-1.52884e-008,-1.05493e-008,0,0,0,2,0,0,0,9,
1166286,1.05493e-008,-1.52884e-008,-1.05493e-008,0,0,0,2,0,0,0,9,
1166326,1.05493e-008,-1.52884e-008,-1.05493e-008,0,0,0,2,0,0,0,9,
1166366,1.05493e-008,-1.52884e-008,-1.05493e-008,0,0,0,2,0,0,0,9,
1166406,1.05493e-008,-1.52884e-008,-1.05493e-008,0,0,0,2,0,0,0,9,
1166446,1.05493e-008,-1.52884e-008,-1.05493e-008,0,0,0,2,0,0,0,9,
1166486,1.05493e-008,-1.52884e-008,-1.05493e-008,0,0,0,2,0,0,0,9,
1166527,1.05493e-008,-1.52884e-008,-1.05493e-008,0,0,0,2,0,0,0,9,
1166566,1.05493e-008,-1.52884e-008,-1.05493e-008,0,0,0,2,0,0,0,9,
1166606,1.05493e-008,-1.52884e-008,-1.05493e-008,0,0,0,2,0,0,0,9,
1166646,1.05493e-008,-1.52884e-008,-1.05493e-008,0,0,0,2,0,0,0,9,
1166686,1.05493e-008,-1.52884e-008,-1.05493e-008,0,0,0,2,0,0,0,9,
1166726,1.05493e-008,-1.52884e-008,-1.05493e-008,0,0,0,2,0,0,0,9,
1166766,1.05493e-008,-1.52884e-008,-1.05493e-008,0,0,0,2,0,0,0,9,
1166806,1.05493e-008,-1.52884e-008,-1.05493e-008,0,0,0,2,0,0,0,9,
1166846,1.05493e-008,-1.52884e-008,-1.05493e-008,0,0,0,2,0,0,0,9,
1166886,1.05493e-008,-1.52884e-008,-1.05493e-008,0,0,0,2,0,0,0,9,
1166927,1.05493e-008,-1.52884e-008,-1.05493e-008,0,0,0,2,0,0,0,9,
1166966,1.05493e-008,-1.52884e-008,-1.05493e-008,0,0,0,2,0,0,0,9,
1167006,1.05493e-008,-1.52884e-008,-1.05493e-008,0,0,0,2,0,0,0,9,
1167046,1.05493e-008,-1.52884e-008,-1.05493e-008,0,0,0,2,0,0,0,9,
1167086,1.05493e-008,-1.52884e-008,-1.05493e-008,0,0,0,2,0,0,0,9,
1167126,1.05493e-008,-1.52884e-008,-1.05493e-008,0,0,0,2,0,0,0,9,
1167166,1.05493e-008,-1.52884e-008,-1.05493e-008,0,0,0,2,0,0,0,9,
1167206,1.05493e-008,-1.52884e-008,-1.05493e-008,0,0,0,2,0,0,0,9,
1167246,1.05493e-008,-1.52884e-008,-1.05493e-008,0,0,0,2,0,0,0,9,
1167286,1.05493e-008,-1.52884e-008,-1.05493e-008,0,0,0,2,0,0,0,9,
1167326,1.05493e-008,-1.52884e-008,-1.05493e-008,0,0,0,2,0,0,0,9,
1167367,1.05493e-008,-1.52884e-008,-1.05493e-008,0,0,0,2,0,0,0,9,
1167406,1.05493e-008,-1.52884e-008,-1.05493e-008,0,0,0,2,0,0,0,9,
1167446,1.05493e-008,-1.52884e-008,-1.05493e-008,0,0,0,2,0,0,0,9,
1167486,1.05493e-008,-1.52884e-008,-1.05493e-008,0,0,0,2,0,0,0,9,
1167526,1.05493e-008,-1.52884e-008,-1.05493e-008,0,0,0,2,0,0,0,9,
1167566,1.05493e-008,-1.52884e-008,-1.05493e-008,0,0,0,2,0,0,0,9,
1167608,1.05493e-008,-1.52884e-008,-1.05493e-008,0,0,0,2,0,0,0,9,
1167647,1.05493e-008,-1.52884e-008,-1.05493e-008,0,0,0,2,0,0,0,9,
1167686,1.05493e-008,-1.52884e-008,-1.05493e-008,0,0,0,2,0,0,0,9,
1167726,1.05493e-008,-1.52884e-008,-1.05493e-008,0,0,0,2,0,0,0,9,
1167766,1.05493e-008,-1.52884e-008,-1.05493e-008,0,0,0,2,0,0,0,9,
1167806,1.05493e-008,-1.52884e-008,-1.05493e-008,0,0,0,2,0,0,0,9,
1167846,1.05493e-008,-1.52884e-008,-1.05493e-008,0,0,0,2,0,0,0,9,
1167886,1.05493e-008,-1.52884e-008,-1.05493e-008,0,0,0,2,0,0,0,9,
1167926,1.05493e-008,-1.52884e-008,-1.05493e-008,0,0,0,2,0,0,0,9,
1167966,1.05493e-008,-1.52884e-008,-1.05493e-008,0,0,0,2,0,0,0,9,
1168006,1.05493e-008,-1.52884e-008,-1.05493e-008,0,0,0,2,0,0,0,9,
1168046,1.05493e-008,-1.52884e-008,-1.05493e-008,0,0,0,2,0,0,0,9,
1168086,1.05493e-008,-1.52884e-008,-1.05493e-008,0,0,0,2,0,0,0,9,
1168126,1.05493e-008,-1.52884e-008,-1.05493e-008,0,0,0,2,0,0,0,9,
1168166,1.05493e-008,-1.52884e-008,-1.05493e-008,0,0,0,2,0,0,0,9,
1168206,1.05493e-008,-1.52884e-008,-1.05493e-008,0,0,0,2,0,0,0,9,
1168246,1.05493e-008,-1.52884e-008,-1.05493e-008,0,0,0,2,0,0,0,9,
1168286,1.05493e-008,-1.52884e-008,-1.05493e-008,0,0,0,2,0,0,0,9,
1168326,1.05493e-008,-1.52884e-008,-1.05493e-008,0,0,0,2,0,0,0,9,
1168366,1.05493e-008,-1.52884e-008,-1.05493e-008,0,0,0,2,0,0,0,9,
1168406,1.05493e-008,-1.52884e-008,-1.05493e-008,0,0,0,2,0,0,0,9,
1168447,1.05493e-008,-1.52884e-008,-1.05493e-008,0,0,0,2,0,0,0,9,
1168486,1.05493e-008,-1.52884e-008,-1.05493e-008,0,0,0,2,0,0,0,9,
1168526,1.05493e-008,-1.52884e-008,-1.05493e-008,0,0,0,2,0,0,0,9,
1168567,1.05493e-008,-1.52884e-008,-1.05493e-008,0,0,0,2,0,0,0,9,
1168607,1.05493e-008,-1.52884e-008,-1.05493e-008,0,0,0,2,0,0,0,9,
1168646,1.05493e-008,-1.52884e-008,-1.05493e-008,0,0,0,2,0,0,0,9,
1168686,1.05493e-008,-1.52884e-008,-1.05493e-008,0,0,0,2,0,0,0,9,
1168726,1.05493e-008,-1.52884e-008,-1.05493e-008,0,0,0,2,0,0,0,9,
1168767,1.05493e-008,-1.52884e-008,-1.05493e-008,0,0,0,2,0,0,0,9,
1168806,1.05493e-008,-1.52884e-008,-1.05493e-008,0,0,0,2,0,0,0,9,
1168846,1.05493e-008,-1.52884e-008,-1.05493e-008,0,0,0,2,0,0,0,9,
1168886,1.05493e-008,-1.52884e-008,-1.05493e-008,0,0,0,2,0,0,0,9,
1168927,1.05493e-008,-1.52884e-008,-1.05493e-008,0,0,0,2,0,0,0,9,
1168967,1.05493e-008,-1.52884e-008,-1.05493e-008,0,0,0,2,0,0,0,9,
1169006,1.05493e-008,-1.52884e-008,-1.05493e-008,0,0,0,2,0,0,0,9,
1169046,1.05493e-008,-1.52884e-008,-1.05493e-008,0,0,0,2,0,0,0,9,
1169087,1.05493e-008,-1.52884e-008,-1.05493e-008,0,0,0,2,0,0,0,9,
1169126,1.05493e-008,-1.52884e-008,-1.05493e-008,0,0,0,2,0,0,0,9,
1169166,1.05493e-008,-1.52884e-008,-1.05493e-008,0,0,0,2,0,0,0,9,
1169206,1.05493e-008,-1.52884e-008,-1.05493e-008,0,0,0,2,0,0,0,9,
1169247,1.05493e-008,-1.52884e-008,-1.05493e-008,0,0,0,2,0,0,0,9,
1169286,1.05493e-008,-1.52884e-008,-1.05493e-008,0,0,0,2,0,0,0,9,
1169327,1.05493e-008,-1.52884e-008,-1.05493e-008,0,0,0,2,0,0,0,9,
1169367,1.05493e-008,-1.52884e-008,-1.05493e-008,0,0,0,2,0,0,0,9,
1169407,1.05493e-008,-1.52884e-008,-1.05493e-008,0,0,0,2,0,0,0,9,
1169446,1.05493e-008,-1.52884e-008,-1.05493e-008,0,0,0,2,0,0,0,9,
1169487,1.05493e-008,-1.52884e-008,-1.05493e-008,0,0,0,2,0,0,0,9,
1169527,1.05493e-008,-1.52884e-008,-1.05493e-008,0,0,0,2,0,0,0,9,
1169567,1.05493e-008,-1.52884e-008,-1.05493e-008,0,0,0,2,0,0,0,9,
1169607,1.05493e-008,-1.52884e-008,-1.05493e-008,0,0,0,2,0,0,0,9,
1169646,1.05493e-008,-1.52884e-008,-1.05493e-008,0,0,0,2,0,0,0,9,
1169687,1.05493e-008,-1.52884e-008,-1.05493e-008,0,0,0,2,0,0,0,9,
1169727,1.05493e-008,-1.52884e-008,-1.05493e-008,0,0,0,2,0,0,0,9,
1169766,1.05493e-008,-1.52884e-008,-1.05493e-008,0,0,0,2,0,0,0,9,
1169806,1.05493e-008,-1.52884e-008,-1.05493e-008,0,0,0,2,0,0,0,9,
1169847,1.05493e-008,-1.52884e-008,-1.05493e-008,0,0,0,2,0,0,0,9,
1169887,1.05493e-008,-1.52884e-008,-1.05493e-008,0,0,0,2,0,0,0,9,
1169926,1.05493e-008,-1.52884e-008,-1.05493e-008,0,0,0,2,0,0,0,9,
1169966,1.05493e-008,-1.52884e-008,-1.05493e-008,0,0,0,2,0,0,0,9,
1170007,1.05493e-008,-1.52884e-008,-1.05493e-008,0,0,0,2,0,0,0,9,
1170047,1.05493e-008,-1.52884e-008,-1.05493e-008,0,0,0,2,0,0,0,9,
1170086,1.05493e-008,-1.52884e-008,-1.05493e-008,0,0,0,2,0,0,0,9,
1170126,1.05493e-008,-1.52884e-008,-1.05493e-008,0,0,0,2,0,0,0,9,
1170167,1.05493e-008,-1.52884e-008,-1.05493e-008,0,0,0,2,0,0,0,9,
1170206,1.05493e-008,-1.52884e-008,-1.05493e-008,0,0,0,2,0,0,0,9,
1170246,1.05493e-008,-1.52884e-008,-1.05493e-008,0,0,0,2,0,0,0,9,
1170286,1.05493e-008,-1.52884e-008,-1.05493e-008,0,0,0,2,0,0,0,9,
1170326,1.05493e-008,-1.52884e-008,-1.05493e-008,0,0,0,2,0,0,0,9,
1170366,1.05493e-008,-1.52884e-008,-1.05493e-008,0,0,0,2,0,0,0,9,
1170407,1.05493e-008,-1.52884e-008,-1.05493e-008,0,0,0,2,0,0,0,9,
1170446,1.05493e-008,-1.52884e-008,-1.05493e-008,0,0,0,2,0,0,0,9,
1170486,1.05493e-008,-1.52884e-008,-1.05493e-008,0,0,0,2,0,0,0,9,
1170527,1.05493e-008,-1.52884e-008,-1.05493e-008,0,0,0,2,0,0,0,9,
1170566,1.05493e-008,-1.52884e-008,-1.05493e-008,0,0,0,2,0,0,0,9,
1170606,1.05493e-008,-1.52884e-008,-1.05493e-008,0,0,0,2,0,0,0,9,
1170646,1.05493e-008,-1.52884e-008,-1.05493e-008,0,0,0,2,0,0,0,9,
1170686,1.05493e-008,-1.52884e-008,-1.05493e-008,0,0,0,2,0,0,0,9,
1170726,1.05493e-008,-1.52884e-008,-1.05493e-008,0,0,0,2,0,0,0,9,
1170766,1.05493e-008,-1.52884e-008,-1.05493e-008,0,0,0,2,0,0,0,9,
1170806,1.05493e-008,-1.52884e-008,-1.05493e-008,0,0,0,2,0,0,0,9,
1170846,1.05493e-008,-1.52884e-008,-1.05493e-008,0,0,0,2,0,0,0,9,
1170886,1.05493e-008,-1.52884e-008,-1.05493e-008,0,0,0,2,0,0,0,9,
1170926,1.05493e-008,-1.52884e-008,-1.05493e-008,0,0,0,2,0,0,0,9,
1170966,1.05493e-008,-1.52884e-008,-1.05493e-008,0,0,0,2,0,0,0,9,
1171006,1.05493e-008,-1.52884e-008,-1.05493e-008,0,0,0,2,0,0,0,9,
1171046,1.05493e-008,-1.52884e-008,-1.05493e-008,0,0,0,2,0,0,0,9,
1171086,1.05493e-008,-1.52884e-008,-1.05493e-008,0,0,0,2,0,0,0,9,
1171126,1.05493e-008,-1.52884e-008,-1.05493e-008,0,0,0,2,0,0,0,9,
1171166,1.05493e-008,-1.52884e-008,-1.05493e-008,0,0,0,2,0,0,0,9,
1171206,1.05493e-008,-1.52884e-008,-1.05493e-008,0,0,0,2,0,0,0,9,
1171246,1.05493e-008,-1.52884e-008,-1.05493e-008,0,0,0,2,0,0,0,9,
1171286,1.05493e-008,-1.52884e-008,-1.05493e-008,0,0,0,2,0,0,0,9,
1171327,1.05493e-008,-1.52884e-008,-1.05493e-008,0,0,0,2,0,0,0,9,
1171366,1.05493e-008,-1.52884e-008,-1.05493e-008,0,0,0,2,0,0,0,9,
1171406,1.05493e-008,-1.52884e-008,-1.05493e-008,0,0,0,2,0,0,0,9,
1171446,1.05493e-008,-1.52884e-008,-1.05493e-008,0,0,0,2,0,0,0,9,
1171486,1.05493e-008,-1.52884e-008,-1.05493e-008,0,0,0,2,0,0,0,9,
1171526,1.05493e-008,-1.52884e-008,-1.05493e-008,0,0,0,2,0,0,0,9,
1171566,1.05493e-008,-1.52884e-008,-1.05493e-008,0,0,0,2,0,0,0,9,
1171606,1.05493e-008,-1.52884e-008,-1.05493e-008,0,0,0,2,0,0,0,9,
1171646,1.05493e-008,-1.52884e-008,-1.05493e-008,0,0,0,2,0,0,0,9,
1171686,1.05493e-008,-1.52884e-008,-1.05493e-008,0,0,0,2,0,0,0,9,
1171726,1.05493e-008,-1.52884e-008,-1.05493e-008,0,0,0,2,0,0,0,9,
1171766,1.05493e-008,-1.52884e-008,-1.05493e-008,0,0,0,2,0,0,0,9,
1171806,1.05493e-008,-1.52884e-008,-1.05493e-008,0,0,0,2,0,0,0,9,
1171846,1.05493e-008,-1.52884e-008,-1.05493e-008,0,0,0,2,0,0,0,9,
1171886,1.05493e-008,-1.52884e-008,-1.05493e-008,0,0,0,2,0,0,0,9,
1171926,1.05493e-008,-1.52884e-008,-1.05493e-008,0,0,0,2,0,0,0,9,
1171966,1.05493e-008,-1.52884e-008,-1.05493e-008,0,0,0,2,0,0,0,9,
1172006,1.05493e-008,-1.52884e-008,-1.05493e-008,0,0,0,2,0,0,0,9,
1172046,1.05493e-008,-1.52884e-008,-1.05493e-008,0,0,0,2,0,0,0,9,
1172086,1.05493e-008,-1.52884e-008,-1.05493e-008,0,0,0,2,0,0,0,9,
1172126,1.05493e-008,-1.52884e-008,-1.05493e-008,0,0,0,2,0,0,0,9,
1172166,1.05493e-008,-1.52884e-008,-1.05493e-008,0,0,0,2,0,0,0,9,
1172206,1.05493e-008,-1.52884e-008,-1.05493e-008,0,0,0,2,0,0,0,9,
1172246,1.05493e-008,-1.52884e-008,-1.05493e-008,0,0,0,2,0,0,0,9,
1172286,1.05493e-008,-1.52884e-008,-1.05493e-008,0,0,0,2,0,0,0,9,
1172326,1.05493e-008,-1.52884e-008,-1.05493e-008,0,0,0,2,0,0,0,9,
1172366,1.05493e-008,-1.52884e-008,-1.05493e-008,0,0,0,2,0,0,0,9,
1172407,1.05493e-008,-1.52884e-008,-1.05493e-008,0,0,0,2,0,0,0,9,
1172446,1.05493e-008,-1.52884e-008,-1.05493e-008,0,0,0,2,0,0,0,9,
1172486,1.05493e-008,-1.52884e-008,-1.05493e-008,0,0,0,2,0,0,0,9,
1172526,1.05493e-008,-1.52884e-008,-1.05493e-008,0,0,0,2,0,0,0,9,
1172566,1.05493e-008,-1.52884e-008,-1.05493e-008,0,0,0,2,0,0,0,9,
1172606,1.05493e-008,-1.52884e-008,-1.05493e-008,0,0,0,2,0,0,0,9,
1172646,1.05493e-008,-1.52884e-008,-1.05493e-008,0,0,0,2,0,0,0,9,
1172686,1.05493e-008,-1.52884e-008,-1.05493e-008,0,0,0,2,0,0,0,9,
1172726,1.05493e-008,-1.52884e-008,-1.05493e-008,0,0,0,2,0,0,0,9,
1172766,1.05493e-008,-1.52884e-008,-1.05493e-008,0,0,0,2,0,0,0,9,
1172806,1.05493e-008,-1.52884e-008,-1.05493e-008,0,0,0,2,0,0,0,9,
1172846,1.05493e-008,-1.52884e-008,-1.05493e-008,0,0,0,2,0,0,0,9,
1172886,1.05493e-008,-1.52884e-008,-1.05493e-008,0,0,0,2,0,0,0,9,
1172926,1.05493e-008,-1.52884e-008,-1.05493e-008,0,0,0,2,0,0,0,9,
1172966,1.05493e-008,-1.52884e-008,-1.05493e-008,0,0,0,2,0,0,0,9,
1173006,1.05493e-008,-1.52884e-008,-1.05493e-008,0,0,0,2,0,0,0,9,
1173046,1.05493e-008,-1.52884e-008,-1.05493e-008,0,0,0,2,0,0,0,9,
1173086,1.05493e-008,-1.52884e-008,-1.05493e-008,0,0,0,2,0,0,0,9,
1173126,1.05493e-008,-1.52884e-008,-1.05493e-008,0,0,0,2,0,0,0,9,
1173166,1.05493e-008,-1.52884e-008,-1.05493e-008,0,0,0,2,0,0,0,9,
1173206,1.05493e-008,-1.52884e-008,-1.05493e-008,0,0,0,2,0,0,0,9,
1173246,1.05493e-008,-1.52884e-008,-1.05493e-008,0,0,0,2,0,0,0,9,
1173286,1.05493e-008,-1.52884e-008,-1.05493e-008,0,0,0,2,0,0,0,9,
1173326,1.05493e-008,-1.52884e-008,-1.05493e-008,0,0,0,2,0,0,0,9,
1173366,1.05493e-008,-1.52884e-008,-1.05493e-008,0,0,0,2,0,0,0,9,
1173406,1.05493e-008,-1.52884e-008,-1.05493e-008,0,0,0,2,0,0,0,9,
1173446,1.05493e-008,-1.52884e-008,-1.05493e-008,0,0,0,2,0,0,0,9,
1173486,1.05493e-008,-1.52884e-008,-1.05493e-008,0,0,0,2,0,0,0,9,
1173526,1.05493e-008,-1.52884e-008,-1.05493e-008,0,0,0,2,0,0,0,9,
1173567,1.05493e-008,-1.52884e-008,-1.05493e-008,0,0,0,2,0,0,0,9,
1173606,1.05493e-008,-1.52884e-008,-1.05493e-008,0,0,0,2,0,0,0,9,
1173646,1.05493e-008,-1.52884e-008,-1.05493e-008,0,0,0,2,0,0,0,9,
1173686,1.05493e-008,-1.52884e-008,-1.05493e-008,0,0,0,2,0,0,0,9,
1173726,1.05493e-008,-1.52884e-008,-1.05493e-008,0,0,0,2,0,0,0,9,
1173766,1.05493e-008,-1.52884e-008,-1.05493e-008,0,0,0,2,0,0,0,9,
1173806,1.05493e-008,-1.52884e-008,-1.05493e-008,0,0,0,2,0,0,0,9,
1173846,1.05493e-008,-1.52884e-008,-1.05493e-008,0,0,0,2,0,0,0,9,
1173887,1.05493e-008,-1.52884e-008,-1.05493e-008,0,0,0,2,0,0,0,9,
1173926,1.05493e-008,-1.52884e-008,-1.05493e-008,0,0,0,2,0,0,0,9,
1173966,1.05493e-008,-1.52884e-008,-1.05493e-008,0,0,0,2,0,0,0,9,
1174006,1.05493e-008,-1.52884e-008,-1.05493e-008,0,0,0,2,0,0,0,9,
1174046,1.05493e-008,-1.52884e-008,-1.05493e-008,0,0,0,2,0,0,0,9,
1174086,1.05493e-008,-1.52884e-008,-1.05493e-008,0,0,0,2,0,0,0,9,
1174126,1.05493e-008,-1.52884e-008,-1.05493e-008,0,0,0,2,0,0,0,9,
1174166,1.05493e-008,-1.52884e-008,-1.05493e-008,0,0,0,2,0,0,0,9,
1174206,1.05493e-008,-1.52884e-008,-1.05493e-008,0,0,0,2,0,0,0,9,
1174246,1.05493e-008,-1.52884e-008,-1.05493e-008,0,0,0,2,0,0,0,9,
1174286,1.05493e-008,-1.52884e-008,-1.05493e-008,0,0,0,2,0,0,0,9,
1174326,1.05493e-008,-1.52884e-008,-1.05493e-008,0,0,0,2,0,0,0,9,
1174366,1.05493e-008,-1.52884e-008,-1.05493e-008,0,0,0,2,0,0,0,9,
1174406,1.05493e-008,-1.52884e-008,-1.05493e-008,0,0,0,2,0,0,0,9,
1174446,1.05493e-008,-1.52884e-008,-1.05493e-008,0,0,0,2,0,0,0,9,
1174486,1.05493e-008,-1.52884e-008,-1.05493e-008,0,0,0,2,0,0,0,9,
1174526,1.05493e-008,-1.52884e-008,-1.05493e-008,0,0,0,2,0,0,0,9,
1174566,1.05493e-008,-1.52884e-008,-1.05493e-008,0,0,0,2,0,0,0,9,
1174606,1.05493e-008,-1.52884e-008,-1.05493e-008,0,0,0,2,0,0,0,9,
1174647,1.05493e-008,-1.52884e-008,-1.05493e-008,0,0,0,2,0,0,0,9,
1174687,1.05493e-008,-1.52884e-008,-1.05493e-008,0,0,0,2,0,0,0,9,
1174727,1.05493e-008,-1.52884e-008,-1.05493e-008,0,0,0,2,0,0,0,9,
1174766,1.05493e-008,-1.52884e-008,-1.05493e-008,0,0,0,2,0,0,0,9,
1174806,1.05493e-008,-1.52884e-008,-1.05493e-008,0,0,0,2,0,0,0,9,
1174847,1.05493e-008,-1.52884e-008,-1.05493e-008,0,0,0,2,0,0,0,9,
1174886,1.05493e-008,-1.52884e-008,-1.05493e-008,0,0,0,2,0,0,0,9,
1174926,1.05493e-008,-1.52884e-008,-1.05493e-008,0,0,0,2,0,0,0,9,
1174966,1.05493e-008,-1.52884e-008,-1.05493e-008,0,0,0,2,0,0,0,9,
1175007,1.05493e-008,-1.52884e-008,-1.05493e-008,0,0,0,2,0,0,0,9,
1175046,1.05493e-008,-1.52884e-008,-1.05493e-008,0,0,0,2,0,0,0,9,
1175086,1.05493e-008,-1.52884e-008,-1.05493e-008,0,0,0,2,0,0,0,9,
1175126,1.05493e-008,-1.52884e-008,-1.05493e-008,0,0,0,2,0,0,0,9,
1175167,1.05493e-008,-1.52884e-008,-1.05493e-008,0,0,0,2,0,0,0,9,
1175206,1.05493e-008,-1.52884e-008,-1.05493e-008,0,0,0,2,0,0,0,9,
1175246,1.05493e-008,-1.52884e-008,-1.05493e-008,0,0,0,2,0,0,0,9,
1175286,1.05493e-008,-1.52884e-008,-1.05493e-008,0,0,0,2,0,0,0,9,
1175326,1.05493e-008,-1.52884e-008,-1.05493e-008,0,0,0,2,0,0,0,9,
1175366,1.05493e-008,-1.52884e-008,-1.05493e-008,0,0,0,2,0,0,0,9,
1175406,1.05493e-008,-1.52884e-008,-1.05493e-008,0,0,0,2,0,0,0,9,
1175448,1.05493e-008,-1.52884e-008,-1.05493e-008,0,0,0,2,0,1,0,9,
1175487,1.05493e-008,-1.52884e-008,-1.05493e-008,0,0,0,2,0,1,0,9,
1175526,1.05493e-008,-1.52884e-008,-1.05493e-008,0,0,0,2,0,1,0,9,
1175566,1.05493e-008,-1.52884e-008,-1.05493e-008,0,0,0,2,0,1,0,9,
1175606,1.05493e-008,-1.52884e-008,-1.05493e-008,0,0,0,2,0,1,0,9,
1175647,1.05493e-008,-1.52884e-008,-1.05493e-008,0,0,0,2,0,1,0,9,
1175686,1.05493e-008,-1.52884e-008,-1.05493e-008,0,0,0,2,0,1,0,9,
1175726,1.05493e-008,-1.52884e-008,-1.05493e-008,0,0,0,2,0,1,0,9,
1175766,1.05493e-008,-1.52884e-008,-1.05493e-008,0,0,0,2,0,1,0,9,
1175806,1.05493e-008,-1.52884e-008,-1.05493e-008,0,0,0,2,0,1,0,9,
1175846,1.05493e-008,-1.52884e-008,-1.05493e-008,0,0,0,2,0,1,0,9,
1175886,1.05493e-008,-1.52884e-008,-1.05493e-008,0,0,0,2,0,1,0,9,
1175926,1.05493e-008,-1.52884e-008,-1.05493e-008,0,0,0,2,0,1,0,9,
1175966,1.05493e-008,-1.52884e-008,-1.05493e-008,0,0,0,2,0,1,0,9,
1176006,1.05493e-008,-1.52884e-008,-1.05493e-008,0,0,0,2,0,1,0,9,
1176046,1.05493e-008,-1.52884e-008,-1.05493e-008,0,0,0,2,0,1,0,9,
1176086,1.05493e-008,-1.52884e-008,-1.05493e-008,0,0,0,2,0,1,0,9,
1176126,1.05493e-008,-1.52884e-008,-1.05493e-008,0,0,0,2,0,1,0,9,
1176166,1.05493e-008,-1.52884e-008,-1.05493e-008,0,0,0,2,0,1,0,9,
1176206,1.05493e-008,-1.52884e-008,-1.05493e-008,0,0,0,2,0,1,0,9,
1176246,1.05493e-008,-1.52884e-008,-1.05493e-008,0,0,0,2,0,1,0,9,
1176286,1.05493e-008,-1.52884e-008,-1.05493e-008,0,0,0,2,0,1,0,9,
1176326,1.05493e-008,-1.52884e-008,-1.05493e-008,0,0,0,2,0,1,0,9,
1176366,1.05493e-008,-1.52884e-008,-1.05493e-008,0,0,0,2,0,1,0,9,
1176406,1.05493e-008,-1.52884e-008,-1.05493e-008,0,0,0,2,0,1,0,9,
1176446,1.05493e-008,-1.52884e-008,-1.05493e-008,0,0,0,2,0,1,0,9,
1176487,1.05493e-008,-1.52884e-008,-1.05493e-008,0,0,0,2,0,1,0,9,
1176527,1.05493e-008,-1.52884e-008,-1.05493e-008,0,0,0,2,0,1,0,9,
1176566,1.05493e-008,-1.52884e-008,-1.05493e-008,0,0,0,2,0,1,0,9,
1176606,1.05493e-008,-1.52884e-008,-1.05493e-008,0,0,0,2,0,1,0,9,
1176646,1.05493e-008,-1.52884e-008,-1.05493e-008,0,0,0,2,0,1,0,9,
1176686,1.05493e-008,-1.52884e-008,-1.05493e-008,0,0,0,2,0,1,0,9,
1176726,1.05493e-008,-1.52884e-008,-1.05493e-008,0,0,0,2,0,1,0,9,
1176766,1.05493e-008,-1.52884e-008,-1.05493e-008,0,0,0,2,0,1,0,9,
1176806,1.05493e-008,-1.52884e-008,-1.05493e-008,0,0,0,2,0,1,0,9,
1176846,1.05493e-008,-1.52884e-008,-1.05493e-008,0,0,0,2,0,1,0,9,
1176886,1.05493e-008,-1.52884e-008,-1.05493e-008,0,0,0,2,0,1,0,9,
1176926,1.05493e-008,-1.52884e-008,-1.05493e-008,0,0,0,2,0,1,0,9,
1176966,1.05493e-008,-1.52884e-008,-1.05493e-008,0,0,0,2,0,1,0,9,
1177006,1.05493e-008,-1.52884e-008,-1.05493e-008,0,0,0,2,0,1,0,9,
1177046,1.05493e-008,-1.52884e-008,-1.05493e-008,0,0,0,2,0,1,0,9,
1177086,1.05493e-008,-1.52884e-008,-1.05493e-008,0,0,0,2,0,1,0,9,
1177127,1.05493e-008,-1.52884e-008,-1.05493e-008,0,0,0,2,0,1,0,9,
1177166,1.05493e-008,-1.52884e-008,-1.05493e-008,0,0,0,2,0,1,0,9,
1177206,1.05493e-008,-1.52884e-008,-1.05493e-008,0,0,0,2,0,1,0,9,
1177246,1.05493e-008,-1.52884e-008,-1.05493e-008,0,0,0,2,0,1,0,9,
1177287,1.05493e-008,-1.52884e-008,-1.05493e-008,0,0,0,2,0,1,0,9,
1177327,1.05493e-008,-1.52884e-008,-1.05493e-008,0,0,0,2,0,1,0,9,
1177366,1.05493e-008,-1.52884e-008,-1.05493e-008,0,0,0,2,0,1,0,9,
1177406,1.05493e-008,-1.52884e-008,-1.05493e-008,0,0,0,2,0,1,0,9,
1177446,1.05493e-008,-1.52884e-008,-1.05493e-008,0,0,0,2,0,1,0,9,
1177486,1.05493e-008,-1.52884e-008,-1.05493e-008,0,0,0,2,0,1,0,9,
1177526,1.05493e-008,-1.52884e-008,-1.05493e-008,0,0,0,2,0,1,0,9,
1177566,1.05493e-008,-1.52884e-008,-1.05493e-008,0,0,0,2,0,1,0,9,
1177606,1.05493e-008,-1.52884e-008,-1.05493e-008,0,0,0,2,0,1,0,9,
1177646,1.05493e-008,-1.52884e-008,-1.05493e-008,0,0,0,2,0,1,0,9,
1177686,1.05493e-008,-1.52884e-008,-1.05493e-008,0,0,0,2,0,1,0,9,
1177727,1.05493e-008,-1.52884e-008,-1.05493e-008,0,0,0,2,0,1,0,9,
1177766,1.05493e-008,-1.52884e-008,-1.05493e-008,0,0,0,2,0,1,0,9,
1177806,1.05493e-008,-1.52884e-008,-1.05493e-008,0,0,0,2,0,1,0,9,
1177846,1.05493e-008,-1.52884e-008,-1.05493e-008,0,0,0,2,0,1,0,9,
1177887,1.05493e-008,-1.52884e-008,-1.05493e-008,0,0,0,2,0,1,0,9,
1177927,1.05493e-008,-1.52884e-008,-1.05493e-008,0,0,0,2,0,1,0,9,
1177966,1.05493e-008,-1.52884e-008,-1.05493e-008,0,0,0,2,0,1,0,9,
1178006,1.05493e-008,-1.52884e-008,-1.05493e-008,0,0,0,2,0,1,0,9,
1178046,1.05493e-008,-1.52884e-008,-1.05493e-008,0,0,0,2,0,1,0,9,
1178086,1.05493e-008,-1.52884e-008,-1.05493e-008,0,0,0,2,0,1,0,9,
1178126,1.05493e-008,-1.52884e-008,-1.05493e-008,0,0,0,2,0,1,0,9,
1178166,1.05493e-008,-1.52884e-008,-1.05493e-008,0,0,0,2,0,1,0,9,
1178207,1.05493e-008,-1.52884e-008,-1.05493e-008,0,0,0,2,0,1,0,9,
1178246,1.05493e-008,-1.52884e-008,-1.05493e-008,0,0,0,2,0,1,0,9,
1178286,1.05493e-008,-1.52884e-008,-1.05493e-008,0,0,0,2,0,1,0,9,
1178327,1.05493e-008,-1.52884e-008,-1.05493e-008,0,0,0,2,0,1,0,9,
1178366,1.05493e-008,-1.52884e-008,-1.05493e-008,0,0,0,2,0,1,0,9,
1178406,1.05493e-008,-1.52884e-008,-1.05493e-008,0,0,0,2,0,1,0,9,
1178446,1.05493e-008,-1.52884e-008,-1.05493e-008,0,0,0,2,0,1,0,9,
1178486,1.05493e-008,-1.52884e-008,-1.05493e-008,0,0,0,2,0,1,0,9,
1178526,1.05493e-008,-1.52884e-008,-1.05493e-008,0,0,0,2,0,1,0,9,
1178566,1.05493e-008,-1.52884e-008,-1.05493e-008,0,0,0,2,0,1,0,9,
1178607,1.05493e-008,-1.52884e-008,-1.05493e-008,0,0,0,2,0,1,0,9,
1178646,1.05493e-008,-1.52884e-008,-1.05493e-008,0,0,0,2,0,1,0,9,
1178686,1.05493e-008,-1.52884e-008,-1.05493e-008,0,0,0,2,0,1,0,9,
1178726,1.05493e-008,-1.52884e-008,-1.05493e-008,0,0,0,2,0,1,0,9,
1178766,1.05493e-008,-1.52884e-008,-1.05493e-008,0,0,0,2,0,1,0,9,
1178806,1.05493e-008,-1.52884e-008,-1.05493e-008,0,0,0,2,0,1,0,9,
1178846,1.05493e-008,-1.52884e-008,-1.05493e-008,0,0,0,2,0,1,0,9,
1178886,1.05493e-008,-1.52884e-008,-1.05493e-008,0,0,0,2,0,1,0,9,
1178927,1.05493e-008,-1.52884e-008,-1.05493e-008,0,0,0,2,0,1,0,9,
1178966,1.05493e-008,-1.52884e-008,-1.05493e-008,0,0,0,2,0,1,0,9,
1179007,1.05493e-008,-1.52884e-008,-1.05493e-008,0,0,0,2,0,1,0,9,
1179046,1.05493e-008,-1.52884e-008,-1.05493e-008,0,0,0,2,0,1,0,9,
1179086,1.05493e-008,-1.52884e-008,-1.05493e-008,0,0,0,2,0,1,0,9,
1179126,1.05493e-008,-1.52884e-008,-1.05493e-008,0,0,0,2,0,1,0,9,
1179166,1.05493e-008,-1.52884e-008,-1.05493e-008,0,0,0,2,0,1,0,9,
1179207,1.05493e-008,-1.52884e-008,-1.05493e-008,0,0,0,2,0,1,0,9,
1179246,1.05493e-008,-1.52884e-008,-1.05493e-008,0,0,0,2,0,1,0,9,
1179286,1.05493e-008,-1.52884e-008,-1.05493e-008,0,0,0,2,0,1,0,9,
1179326,1.05493e-008,-1.52884e-008,-1.05493e-008,0,0,0,2,0,1,0,9,
1179366,1.05493e-008,-1.52884e-008,-1.05493e-008,0,0,0,2,0,1,0,9,
1179406,1.05493e-008,-1.52884e-008,-1.05493e-008,0,0,0,2,0,1,0,9,
1179446,1.05493e-008,-1.52884e-008,-1.05493e-008,0,0,0,2,0,1,0,9,
1179486,1.05493e-008,-1.52884e-008,-1.05493e-008,0,0,0,2,0,1,0,9,
1179526,1.05493e-008,-1.52884e-008,-1.05493e-008,0,0,0,2,0,1,0,9,
1179566,1.05493e-008,-1.52884e-008,-1.05493e-008,0,0,0,2,0,1,0,9,
1179606,1.05493e-008,-1.52884e-008,-1.05493e-008,0,0,0,2,0,1,0,9,
1179646,1.05493e-008,-1.52884e-008,-1.05493e-008,0,0,0,2,0,1,0,9,
1179686,1.05493e-008,-1.52884e-008,-1.05493e-008,0,0,0,2,0,1,0,9,
