milisec,RacketX,RacketY,RacketZ,forceX,forceX,forceX,ForceRatio,FriendPoint,EnemyPoint,haptics,scene
275058502,0,0,0,0,0,0,0.2,0,0,0,0,
275058522,-0.75,-0.59,-1.35,32.78,41.58,0,0.2,0,0,0,0,
275058573,-0.75,-0.59,-1.35,65.56,83.16,0,0.4,0,0,0,0,
275058643,-0.75,-0.59,-1.35,65.56,83.16,0,0.4,0,0,0,0,
275058693,-0.75,-0.59,-1.35,65.56,83.16,0,0.4,0,0,0,0,
275058753,-0.75,-0.59,-1.35,65.56,83.16,0,0.4,0,0,0,0,
275058813,-0.75,-0.59,-1.35,65.56,83.16,0,0.4,0,0,0,0,
275058873,-0.75,-0.59,-1.35,65.56,83.16,0,0.4,0,0,0,0,
275058933,-0.457462,-0.59,-0.7776,64.9165,83.16,0,0.4,0,0,0,0,
275058993,-0.380587,-0.59,-1.00793,0,83.16,0,0.4,0,0,0,0,
275059053,-0.358069,-0.59,-1.21015,0,83.16,0,0.4,0,0,0,0,
275059113,-0.339356,-0.59,-1.30505,0,83.16,0,0.4,0,0,0,0,
275059173,-0.3375,-0.59,-1.31002,0,83.16,0,0.4,0,0,0,0,
275059233,-0.33375,-0.59,-1.32755,0,83.16,0,0.4,0,0,0,0,
275059294,-0.333731,-0.59,-1.33263,0,83.16,0,0.4,0,0,0,0,
275059354,-0.333731,-0.59,-1.33263,0,83.16,0,0.4,0,0,0,0,
275059414,-0.333731,-0.59,-1.33263,0,83.16,0,0.4,0,0,0,0,
275059474,-0.333731,-0.59,-1.33263,0,83.16,0,0.4,0,0,0,0,
275059534,-0.333731,-0.59,-1.33263,0,83.16,0,0.4,0,0,0,0,
275059664,-0.333731,-0.59,-1.33263,0,166.32,0,0.8,0,0,0,0,
275059694,-0.333731,-0.59,-1.33263,0,41.58,0,0.2,0,0,0,0,
275059754,-0.324356,-0.59,-1.3474,0,83.16,0,0.4,0,0,0,0,
275059814,-0.281137,-0.59,-1.19467,0,83.16,0,0.4,0,0,0,0,
275059874,-0.163013,-0.59,-0.9473,0,83.16,0,0.4,0,0,0,0,
275059934,-0.116194,-0.59,-0.849925,0,83.16,0,0.4,0,0,0,0,
275059995,-0.0618,-0.59,-0.77995,0,83.16,0,0.4,0,0,0,0,
275060055,-0.0393562,-0.59,-0.765,0,83.16,0,0.4,0,0,0,0,
275060115,-0.0168562,-0.59,-0.765,0,83.16,0,0.4,0,0,0,0,
275060175,-0.0168562,-0.59,-0.765,0,83.16,0,0.4,0,0,0,0,
275060235,-0.0168562,-0.59,-0.765,0,83.16,0,0.4,0,0,0,0,
275060295,-0.0168562,-0.59,-0.765,0,83.16,0,0.4,0,0,0,0,
275060355,-0.0168562,-0.59,-0.765,0,83.16,0,0.4,0,0,0,0,
275060415,-0.0168562,-0.59,-0.765,0,83.16,0,0.4,0,0,0,0,
275060475,-0.0168562,-0.59,-0.765,0,83.16,0,0.4,0,0,0,0,
275060535,-0.0168562,-0.59,-0.765,0,83.16,0,0.4,0,0,0,0,
275060595,-0.0168562,-0.59,-0.765,0,83.16,0,0.4,0,0,0,0,
275060655,-0.0168562,-0.59,-0.765,0,83.16,0,0.4,0,0,0,0,
275060716,-0.0168562,-0.59,-0.765,0,83.16,0,0.4,0,0,0,0,
275060776,-0.0168562,-0.59,-0.765,0,83.16,0,0.4,0,0,0,0,
275060836,-0.0168562,-0.59,-0.765,0,83.16,0,0.4,0,0,0,0,
275060896,-0.0168562,-0.59,-0.765,0,83.16,0,0.4,0,0,0,0,
275060956,-0.0168562,-0.59,-0.765,0,83.16,0,0.4,0,0,0,0,
275061016,-0.0168562,-0.59044,-0.765,0,83.16,0,0.4,0,0,0,0,
275061076,-0.0168562,-0.59044,-0.765,0,83.3536,0,0.4,0,0,0,0,
275061136,-0.015,-0.63444,-0.765,0,83.3536,0,0.4,0,0,0,0,
275061196,-0.015,-0.63444,-0.765,0,102.714,0,0.4,0,0,0,0,
275061256,-0.015,-0.63444,-0.765,0,102.714,0,0.4,0,0,0,0,
275061316,-0.015,-0.63444,-0.765,0,102.714,0,0.4,0,0,0,0,
275061377,-0.015,-0.63444,-0.765,0,102.714,0,0.4,0,0,0,0,
275061437,-0.015,-0.63444,-0.765,0,102.714,0,0.4,0,0,0,0,
275061497,-0.015,-0.63444,-0.765,0,102.714,0,0.4,0,0,0,0,
275061557,-0.015,-0.63444,-0.765,0,102.714,0,0.4,0,0,0,0,
275061617,0.0639562,-0.63444,-0.749975,0,102.714,0,0.4,0,0,0,0,
275061677,0.206456,-0.63444,-0.7425,0,102.714,0,0.4,0,0,0,0,
275061737,0.347006,-0.63444,-0.722475,0,102.714,0,0.4,0,0,0,0,
275061797,0.423806,-0.63444,-0.692475,0,102.714,0,0.4,0,0,0,0,
275061857,0.457556,-0.63444,-0.66745,0,102.714,0,0.4,0,0,0,0,
275061917,0.504413,-0.63444,-0.64,0,102.714,0,0.4,0,0,0,0,
275061977,0.525038,-0.63444,-0.629975,0,102.714,0,0.4,0,0,0,0,
275062037,0.534375,-0.63444,-0.61745,0,102.714,0,0.4,0,0,0,0,
275062098,0.517481,-0.63444,-0.57495,0,102.714,0,0.4,0,0,0,0,
275062158,0.508106,-0.63444,-0.544975,0,102.714,0,0.4,0,0,0,0,
275062218,0.50625,-0.63444,-0.54245,0,102.714,0,0.4,0,0,0,0,
275062278,0.50625,-0.67844,-0.54245,0,112.394,0,0.4,0,0,0,0,
275062338,0.50625,-0.72244,-0.5375,0,122.074,0,0.4,0,0,0,0,
275062398,0.50625,-0.72244,-0.5375,0,141.434,0,0.4,0,0,0,0,
275062458,0.50625,-0.72244,-0.5375,0,141.434,0,0.4,0,0,0,0,
275062518,0.50625,-0.72244,-0.5375,0,141.434,0,0.4,0,0,0,0,
275062578,0.50625,-0.72244,-0.5375,0,141.434,0,0.4,0,0,0,0,
275062638,0.50625,-0.72244,-0.5375,0,141.434,0,0.4,0,0,0,0,
275062698,0.50625,-0.72244,-0.5375,0,141.434,0,0.4,0,0,0,0,
275062759,0.50625,-0.72244,-0.5375,0,141.434,0,0.4,0,0,0,0,
275062819,0.50625,-0.72244,-0.5375,0,141.434,0,0.4,0,0,0,0,
275062879,0.50625,-0.72244,-0.5375,0,141.434,0,0.4,0,0,0,0,
275062939,0.50625,-0.72244,-0.5375,0,141.434,0,0.4,0,0,0,0,
275062999,0.50625,-0.76556,-0.5375,0,150.92,0,0.4,0,0,0,0,
275063059,0.50625,-0.76556,-0.5375,0,160.406,0,0.4,0,0,0,0,
275063119,0.50625,-0.72156,-0.5375,0,150.726,0,0.4,0,0,0,0,
275063179,0.50625,-0.72156,-0.5375,0,141.046,0,0.4,0,0,0,0,
275063239,0.50625,-0.72156,-0.5375,0,141.046,0,0.4,0,0,0,0,
275063299,0.50625,-0.72156,-0.5375,0,141.046,0,0.4,0,0,0,0,
275063359,0.50625,-0.72156,-0.5375,0,141.046,0,0.4,0,0,0,0,
275063419,0.50625,-0.72156,-0.5375,0,141.046,0,0.4,0,0,0,0,
275063480,0.50625,-0.67756,-0.5375,0,141.046,0,0.4,0,0,0,0,
275063540,0.50625,-0.67756,-0.5375,0,121.686,0,0.4,0,0,0,0,
275063600,0.50625,-0.63356,-0.5375,0,112.006,0,0.4,0,0,0,0,
275063660,0.50625,-0.63356,-0.5375,0,102.326,0,0.4,0,0,0,0,
275063720,0.50625,-0.63356,-0.5375,0,102.326,0,0.4,0,0,0,0,
275063780,0.50625,-0.63356,-0.5375,0,102.326,0,0.4,0,0,0,0,
275063840,0.50625,-0.58956,-0.5375,0,102.326,0,0.4,0,0,0,0,
275063900,0.50625,-0.58956,-0.5375,0,82.9664,0,0.4,0,0,0,0,
275063960,0.50625,-0.54556,-0.5375,0,73.2864,0,0.4,0,0,0,0,
275064020,0.50625,-0.54556,-0.5375,0,63.6064,0,0.4,0,0,0,0,
275064080,0.50625,-0.54556,-0.5375,0,63.6064,0,0.4,0,0,0,0,
275064141,0.50625,-0.54556,-0.5375,0,63.6064,0,0.4,0,0,0,0,
275064201,0.50625,-0.50156,-0.5375,0,63.6064,0,0.4,0,0,0,0,
275064261,0.50625,-0.50156,-0.5375,0,44.2464,0,0.4,0,0,0,0,
275064321,0.50625,-0.45756,-0.5375,0,44.2464,0,0.4,0,0,0,0,
275064381,0.50625,-0.45756,-0.5375,0,24.8864,0,0.4,0,0,0,0,
275064441,0.50625,-0.45756,-0.5375,0,24.8864,0,0.4,0,0,0,0,
275064501,0.50625,-0.45756,-0.5375,0,24.8864,0,0.4,0,0,0,0,
275064561,0.50625,-0.41356,-0.5375,0,15.2064,0,0.4,0,0,0,0,
275064621,0.50625,-0.41356,-0.5375,0,5.52641,0,0.4,0,0,0,0,
275064681,0.50625,-0.36956,-0.5375,0,2.7632,0,0.4,0,0,0,0,
275064741,0.50625,-0.36956,-0.5375,0,0,0,0.4,0,0,0,0,
275064801,0.50625,-0.32556,-0.5375,0,0,0,0.4,0,0,0,0,
275064862,0.50625,-0.32556,-0.5375,0,0,0,0.4,0,0,0,0,
275064922,0.50625,-0.28156,-0.5375,0,0,0,0.4,0,0,0,0,
275064982,0.50625,-0.28156,-0.5375,0,0,0,0.4,0,0,0,0,
275065042,0.50625,-0.23756,-0.5375,0,0,0,0.4,0,0,0,0,
275065102,0.50625,-0.19356,-0.5375,0,0,0,0.4,0,0,0,0,
275065162,0.50625,-0.19356,-0.5375,0,0,0,0.4,0,0,0,0,
275065222,0.50625,-0.14956,-0.5375,0,0,0,0.4,0,0,0,0,
275065282,0.50625,-0.14956,-0.5375,0,0,0,0.4,0,0,0,0,
275065342,0.50625,-0.10556,-0.5375,0,0,0,0.4,0,0,0,0,
275065402,0.50625,-0.06156,-0.5375,0,0,0,0.4,0,0,0,0,
275065462,0.50625,-0.06156,-0.5375,0,0,0,0.4,0,0,0,0,
275065522,0.50625,-0.01756,-0.5375,0,0,0,0.4,0,0,0,0,
275065583,0.50625,0.02644,-0.5375,0,0,0,0.4,0,0,0,0,
275065643,0.50625,0.02644,-0.5375,0,0,0,0.4,0,0,0,0,
275065703,0.506269,0.07044,-0.5375,0,0,0,0.4,0,0,0,0,
275065763,0.506269,0.11444,-0.5375,0,0,0,0.4,0,0,0,0,
275065823,0.506269,0.11444,-0.5375,0,0,0,0.4,0,0,0,0,
275065883,0.508125,0.15844,-0.5375,0,0,0,0.4,0,0,0,0,
275065943,0.508125,0.15844,-0.5375,0,0,0,0.4,0,0,0,0,
275066003,0.508125,0.20244,-0.5375,0,0,0,0.4,0,0,0,0,
275066063,0.508125,0.24644,-0.5375,0,0,0,0.4,0,0,0,0,
275066123,0.508125,0.24644,-0.5375,0,0,0,0.4,0,0,0,0,
275066183,0.508125,0.29,-0.5375,0,0,0,0.4,0,0,0,0,
275066244,0.508144,0.29,-0.5375,0,0,0,0.4,0,0,0,0,
275066304,0.508125,0.29,-0.534975,0,0,0,0.4,0,0,0,0,
275066364,0.508106,0.29,-0.532475,0,0,0,0.4,0,0,0,0,
275066424,0.508125,0.29,-0.53,0,0,0,0.4,0,0,0,0,
275066484,0.508125,0.29,-0.53,0,0,0,0.4,0,0,0,0,
275066544,0.508125,0.29,-0.53,0,0,0,0.4,0,0,0,0,
275066604,0.508125,0.29,-0.53,0,0,0,0.4,0,0,0,0,
275066664,0.508125,0.29,-0.53,0,0,0,0.4,0,0,0,0,
275066724,0.508125,0.29,-0.53,0,0,0,0.4,0,0,0,0,
275066784,0.508144,0.29,-0.53,0,0,0,0.4,0,0,0,0,
275066844,0.51,0.29,-0.53,0,0,0,0.4,0,0,0,0,
275066904,0.51,0.29,-0.53,0,0,0,0.4,0,0,0,0,
275066965,0.51,0.29,-0.53,0,0,0,0.4,0,0,0,0,
275067025,0.51,0.29,-0.53,0,0,0,0.4,0,0,0,0,
275067085,0.51,0.29,-0.53,0,0,0,0.4,0,0,0,0,
275067145,0.51,0.29,-0.53,0,0,0,0.4,0,0,0,0,
275067205,0.510019,0.29,-0.530025,0,0,0,0.4,0,0,0,0,
275067265,0.511856,0.29,-0.5325,0,0,0,0.4,0,0,0,0,
275067325,0.511856,0.29,-0.5325,0,0,0,0.4,0,0,0,0,
275067385,0.51,0.29,-0.5325,0,0,0,0.4,0,0,0,0,
275067445,0.51,0.29,-0.5325,0,0,0,0.4,0,0,0,0,
275067505,0.51,0.29,-0.5325,0,0,0,0.4,0,0,0,0,
275067565,0.51,0.29,-0.5325,0,0,0,0.4,0,0,0,0,
275067626,0.51,0.29,-0.5325,0,0,0,0.4,0,0,0,0,
275067686,0.51,0.29,-0.5325,0,0,0,0.4,0,0,0,0,
275067746,0.51,0.29,-0.532475,0,0,0,0.4,0,0,0,0,
275067806,0.51,0.29,-0.532475,0,0,0,0.4,0,0,0,0,
275067866,0.51,0.29,-0.53,0,0,0,0.4,0,0,0,0,
275067926,0.51,0.29,-0.53,0,0,0,0.4,0,0,0,0,
275067986,0.508106,0.29,-0.5275,0,0,0,0.4,0,0,0,0,
275068046,0.508106,0.29,-0.5275,0,0,0,0.4,0,0,0,0,
275068106,0.508125,0.29,-0.527525,0,0,0,0.4,0,0,0,0,
275068166,0.508125,0.29,-0.527525,0,0,0,0.4,0,0,0,0,
275068226,0.508125,0.29,-0.527525,0,0,0,0.4,0,0,0,0,
275068286,0.508125,0.29,-0.527525,0,0,0,0.4,0,0,0,0,
275068347,0.508125,0.28956,-0.527525,0,0,0,0.4,0,0,0,0,
275068407,0.508125,0.28956,-0.527525,0,0,0,0.4,0,0,0,0,
275068467,0.508125,0.24556,-0.53,0,0,0,0.4,0,0,0,0,
275068527,0.508125,0.24556,-0.53,0,0,0,0.4,0,0,0,0,
275068587,0.508125,0.20156,-0.53,0,0,0,0.4,0,0,0,0,
275068647,0.508125,0.15756,-0.53,0,0,0,0.4,0,0,0,0,
275068707,0.508125,0.15756,-0.53,0,0,0,0.4,0,0,0,0,
275068767,0.508125,0.11356,-0.53,0,0,0,0.4,0,0,0,0,
275068827,0.508125,0.11356,-0.53,0,0,0,0.4,0,0,0,0,
275068887,0.508125,0.06956,-0.53,0,0,0,0.4,0,0,0,0,
275068947,0.508125,0.06956,-0.53,0,0,0,0.4,0,0,0,0,
275069008,0.508125,0.02556,-0.53,0,0,0,0.4,0,0,0,0,
275069068,0.508125,-0.01844,-0.53,0,0,0,0.4,0,0,0,0,
275069128,0.508125,-0.01844,-0.53,0,0,0,0.4,0,0,0,0,
275069188,0.508144,-0.06244,-0.53,0,0,0,0.4,0,0,0,0,
275069248,0.51,-0.10644,-0.53,0,0,0,0.4,0,0,0,0,
275069308,0.51,-0.10644,-0.53,0,0,0,0.4,0,0,0,0,
275069368,0.51,-0.15044,-0.53,0,0,0,0.4,0,0,0,0,
275069428,0.51,-0.19444,-0.53,0,0,0,0.4,0,0,0,0,
275069488,0.51,-0.19444,-0.53,0,0,0,0.4,0,0,0,0,
275069548,0.51,-0.23844,-0.53,0,0,0,0.4,0,0,0,0,
275069608,0.51,-0.23844,-0.53,0,0,0,0.4,0,0,0,0,
275069668,0.51,-0.28244,-0.53,0,0,0,0.4,0,0,0,0,
275069729,0.51,-0.28244,-0.53,0,0,0,0.4,0,0,0,0,
275069789,0.51,-0.32644,-0.53,0,0,0,0.4,0,0,0,0,
275069849,0.51,-0.37044,-0.53,0,0,0,0.4,0,0,0,0,
275069909,0.51,-0.37044,-0.53,0,0,0,0.4,0,0,0,0,
275069969,0.51,-0.41444,-0.53,0,0,0,0.4,0,0,0,0,
275070029,0.51,-0.41444,-0.53,0,5.91361,0,0.4,0,0,0,0,
275070089,0.510019,-0.45844,-0.53,0,15.5936,0,0.4,0,0,0,0,
275070149,0.510019,-0.50244,-0.53,0,25.2736,0,0.4,0,0,0,0,
275070209,0.510019,-0.50244,-0.53,0,44.6336,0,0.4,0,0,0,0,
275070269,0.511875,-0.54644,-0.53,0,54.3136,0,0.4,0,0,0,0,
275070329,0.511875,-0.54644,-0.53,0,63.9936,0,0.4,0,0,0,0,
275070389,0.511875,-0.59044,-0.53,0,73.6736,0,0.4,0,0,0,0,
275070450,0.511875,-0.63444,-0.53,0,83.3536,0,0.4,0,0,0,0,
275070510,0.511875,-0.63444,-0.53,0,102.714,0,0.4,0,0,0,0,
275070570,0.511875,-0.67844,-0.53,0,102.714,0,0.4,0,0,0,0,
275070630,0.511875,-0.72244,-0.53,0,122.074,0,0.4,0,0,0,0,
275070690,0.511875,-0.72244,-0.53,0,141.434,0,0.4,0,0,0,0,
275070750,0.511875,-0.76644,-0.53,0,141.434,0,0.4,0,0,0,0,
275070810,0.511875,-0.76644,-0.53,0,160.794,0,0.4,0,0,0,0,
275070870,0.511875,-0.81044,-0.53,0,170.474,0,0.4,0,0,0,0,
275070930,0.511875,-0.85444,-0.53,0,180.154,0,0.4,0,0,0,0,
275070990,0.511875,-0.85444,-0.53,0,199.514,0,0.4,0,0,0,0,
275071050,0.511875,-0.89844,-0.53,0,199.514,0,0.4,0,0,0,0,
275071111,0.511875,-0.89844,-0.53,0,218.874,0,0.4,0,0,0,0,
275071171,0.511894,-0.94244,-0.53,0,228.554,0,0.4,0,0,0,0,
275071231,0.51375,-0.98644,-0.53,0,238.234,0,0.4,0,0,0,0,
275071291,0.51375,-0.98644,-0.53,0,257.594,0,0.4,0,0,0,0,
275071351,0.51375,-1.03044,-0.53,0,257.594,0,0.4,0,0,0,0,
275071411,0.51375,-1.07444,-0.53,0,276.954,0,0.4,0,0,0,0,
275071471,0.51375,-1.07444,-0.53,0,296.314,0,0.4,0,0,0,0,
275071531,0.51375,-1.11844,-0.529975,0,296.314,0,0.4,0,0,0,0,
275071591,0.51375,-1.11844,-0.529975,0,315.674,0,0.4,0,0,0,0,
275071651,0.51375,-1.16244,-0.5275,0,315.674,0,0.4,0,0,0,0,
275071711,0.51375,-1.16244,-0.5275,0,335.034,0,0.4,0,0,0,0,
275071771,0.51375,-1.20644,-0.5275,0,344.714,0,0.4,0,0,0,0,
275071832,0.51375,-1.25044,-0.5275,0,354.394,0,0.4,0,0,0,0,
275071892,0.51375,-1.25044,-0.5275,0,373.754,0,0.4,0,0,0,0,
275071952,0.51375,-1.29444,-0.5275,0,373.754,0,0.4,0,0,0,0,
275072012,0.51375,-1.29444,-0.5275,0,393.114,0,0.4,0,0,0,0,
275072072,0.51375,-1.33844,-0.5275,0,402.794,0,0.4,0,0,0,0,
275072132,0.51375,-1.38244,-0.5275,0,412.474,0,0.4,0,0,0,0,
275072192,0.51375,-1.38244,-0.5275,0,431.834,0,0.4,0,0,0,0,
275072252,0.51375,-1.42644,-0.5275,0,431.834,0,0.4,0,0,0,0,
275072312,0.51375,-1.42644,-0.5275,0,451.194,0,0.4,0,0,0,0,
275072372,0.51375,-1.47,-0.5275,0,460.777,0,0.4,0,0,0,0,
275072432,0.51375,-1.47,-0.5275,0,470.36,0,0.4,0,0,0,0,
275072493,0.51375,-1.47,-0.5275,0,470.36,0,0.4,0,0,0,0,
275072553,0.51375,-1.47,-0.5275,0,470.36,0,0.4,0,0,0,0,
275072613,0.51375,-1.47,-0.5275,0,470.36,0,0.4,0,0,0,0,
275072673,0.51375,-1.47,-0.5275,0,470.36,0,0.4,0,0,0,0,
275072733,0.51375,-1.47,-0.5275,0,470.36,0,0.4,0,0,0,0,
275072793,0.51375,-1.47,-0.5275,0,470.36,0,0.4,0,0,0,0,
275072853,0.51375,-1.47,-0.5275,0,470.36,0,0.4,0,0,0,0,
275072913,0.51375,-1.47,-0.5275,0,470.36,0,0.4,0,0,0,0,
275072973,0.51375,-1.47,-0.5275,0,470.36,0,0.4,0,0,0,0,
275073033,0.51375,-1.47,-0.5275,0,470.36,0,0.4,0,0,0,0,
275073093,0.51375,-1.47,-0.5275,0,470.36,0,0.4,0,0,0,0,
275073153,0.51375,-1.47,-0.5275,0,470.36,0,0.4,0,0,0,0,
275073214,0.51375,-1.47,-0.5275,0,470.36,0,0.4,0,0,0,0,
275073274,0.51375,-1.47,-0.5275,0,470.36,0,0.4,0,0,0,0,
275073334,0.51375,-1.47,-0.5275,0,470.36,0,0.4,0,0,0,0,
275073394,0.51375,-1.47,-0.5275,0,470.36,0,0.4,0,0,0,0,
275073454,0.51375,-1.47,-0.5275,0,470.36,0,0.4,0,0,0,0,
275073514,0.51375,-1.47,-0.5275,0,470.36,0,0.4,0,0,0,0,
275073574,0.51375,-1.47,-0.5275,0,470.36,0,0.4,0,0,0,0,
275073634,0.51375,-1.47,-0.5275,0,470.36,0,0.4,0,0,0,0,
275073694,0.51375,-1.47,-0.5275,0,470.36,0,0.4,0,0,0,0,
275073754,0.51375,-1.47,-0.5275,0,470.36,0,0.4,0,0,0,0,
275073814,0.51375,-1.47,-0.5275,0,470.36,0,0.4,0,0,0,0,
275073875,0.51375,-1.47,-0.5275,0,470.36,0,0.4,0,0,0,0,
275073935,0.51375,-1.47,-0.5275,0,470.36,0,0.4,0,0,0,0,
275073995,0.51375,-1.46956,-0.5275,0,470.36,0,0.4,0,0,0,0,
275074055,0.51375,-1.46956,-0.5275,0,470.166,0,0.4,0,0,0,0,
275074115,0.51375,-1.42556,-0.5275,0,460.486,0,0.4,0,0,0,0,
275074175,0.51375,-1.42556,-0.5275,0,450.806,0,0.4,0,0,0,0,
275074235,0.51375,-1.38156,-0.5275,0,450.806,0,0.4,0,0,0,0,
275074295,0.51375,-1.33756,-0.5275,0,431.446,0,0.4,0,0,0,0,
275074355,0.51375,-1.33756,-0.5275,0,412.086,0,0.4,0,0,0,0,
275074415,0.51375,-1.29356,-0.5275,0,412.086,0,0.4,0,0,0,0,
275074475,0.51375,-1.29356,-0.5275,0,392.726,0,0.4,0,0,0,0,
275074535,0.51375,-1.29356,-0.5275,0,392.726,0,0.4,0,0,0,0,
275074596,0.51375,-1.24956,-0.5275,0,383.046,0,0.4,0,0,0,0,
275074656,0.51375,-1.24956,-0.5275,0,373.366,0,0.4,0,0,0,0,
275074716,0.51375,-1.24956,-0.5275,0,373.366,0,0.4,0,0,0,0,
275074776,0.51375,-1.24956,-0.5275,0,373.366,0,0.4,0,0,0,0,
275074836,0.51375,-1.24956,-0.5275,0,373.366,0,0.4,0,0,0,0,
275074896,0.51375,-1.24956,-0.5275,0,373.366,0,0.4,0,0,0,0,
275074956,0.51375,-1.20556,-0.5275,0,363.686,0,0.4,0,0,0,0,
275075016,0.51375,-1.20556,-0.5275,0,354.006,0,0.4,0,0,0,0,
275075076,0.51375,-1.16156,-0.5275,0,344.326,0,0.4,0,0,0,0,
275075136,0.51375,-1.16156,-0.5275,0,334.646,0,0.4,0,0,0,0,
275075196,0.51375,-1.11756,-0.5275,0,334.646,0,0.4,0,0,0,0,
275075256,0.51375,-1.11756,-0.5275,0,315.286,0,0.4,0,0,0,0,
275075317,0.51375,-1.07356,-0.5275,0,315.286,0,0.4,0,0,0,0,
275075377,0.51375,-1.07356,-0.5275,0,295.926,0,0.4,0,0,0,0,
275075437,0.51375,-1.02956,-0.5275,0,286.246,0,0.4,0,0,0,0,
275075497,0.51375,-1.02956,-0.5275,0,276.566,0,0.4,0,0,0,0,
275075557,0.51375,-0.98556,-0.5275,0,266.886,0,0.4,0,0,0,0,
275075617,0.51375,-0.98556,-0.5275,0,257.206,0,0.4,0,0,0,0,
275075677,0.51375,-0.94156,-0.5275,0,257.206,0,0.4,0,0,0,0,
275075737,0.51375,-0.94156,-0.5275,0,237.846,0,0.4,0,0,0,0,
275075797,0.51375,-0.89756,-0.5275,0,237.846,0,0.4,0,0,0,0,
275075857,0.51375,-0.89756,-0.5275,0,218.486,0,0.4,0,0,0,0,
275075917,0.51375,-0.85356,-0.5275,0,218.486,0,0.4,0,0,0,0,
275075978,0.51375,-0.85356,-0.5275,0,199.126,0,0.4,0,0,0,0,
275076038,0.51375,-0.80956,-0.5275,0,199.126,0,0.4,0,0,0,0,
275076098,0.51375,-0.80956,-0.5275,0,179.766,0,0.4,0,0,0,0,
275076158,0.51375,-0.76556,-0.5275,0,179.766,0,0.4,0,0,0,0,
275076218,0.51375,-0.76556,-0.5275,0,160.406,0,0.4,0,0,0,0,
275076278,0.51375,-0.76556,-0.5275,0,160.406,0,0.4,0,0,0,0,
275076338,0.51375,-0.76556,-0.5275,0,160.406,0,0.4,0,0,0,0,
275076398,0.51375,-0.76556,-0.5275,0,160.406,0,0.4,0,0,0,0,
275076458,0.51375,-0.72156,-0.5275,0,160.406,0,0.4,0,0,0,0,
275076518,0.51375,-0.72156,-0.5275,0,141.046,0,0.4,0,0,0,0,
275076578,0.51375,-0.67756,-0.5275,0,131.366,0,0.4,0,0,0,0,
275076638,0.51375,-0.67756,-0.5275,0,121.686,0,0.4,0,0,0,0,
275076699,0.51375,-0.63356,-0.5275,0,112.006,0,0.4,0,0,0,0,
275076759,0.51375,-0.63356,-0.5275,0,102.326,0,0.4,0,0,0,0,
275076819,0.51375,-0.58956,-0.5275,0,92.6464,0,0.4,0,0,0,0,
275076879,0.51375,-0.58956,-0.5275,0,82.9664,0,0.4,0,0,0,0,
275076939,0.51375,-0.54556,-0.5275,0,73.2864,0,0.4,0,0,0,0,
275076999,0.51375,-0.54556,-0.5275,0,63.6064,0,0.4,0,0,0,0,
275077059,0.51375,-0.54556,-0.5275,0,63.6064,0,0.4,0,0,0,0,
275077119,0.51375,-0.54556,-0.5275,0,63.6064,0,0.4,0,0,0,0,
275077179,0.51375,-0.54556,-0.5275,0,63.6064,0,0.4,0,0,0,0,
275077239,0.51375,-0.54556,-0.5275,0,63.6064,0,0.4,0,0,0,0,
275077299,0.51375,-0.54556,-0.5275,0,63.6064,0,0.4,0,0,0,0,
275077360,0.51375,-0.50156,-0.5275,0,63.6064,0,0.4,0,0,0,0,
275077420,0.51375,-0.50156,-0.5275,0,44.2464,0,0.4,0,0,0,0,
275077480,0.51375,-0.45756,-0.5275,0,34.5664,0,0.4,0,0,0,0,
275077540,0.51375,-0.45756,-0.5275,0,24.8864,0,0.4,0,0,0,0,
275077600,0.51375,-0.45756,-0.5275,0,24.8864,0,0.4,0,0,0,0,
275077660,0.51375,-0.41356,-0.5275,0,15.2064,0,0.4,0,0,0,0,
275077720,0.51375,-0.41356,-0.5275,0,5.52641,0,0.4,0,0,0,0,
275077780,0.51375,-0.36956,-0.5275,0,5.52641,0,0.4,0,0,0,0,
275077840,0.51375,-0.36956,-0.5275,0,0,0,0.4,0,0,0,0,
275077900,0.51375,-0.36956,-0.5275,0,0,0,0.4,0,0,0,0,
275077960,0.51375,-0.32556,-0.5275,0,0,0,0.4,0,0,0,0,
275078020,0.51375,-0.32556,-0.5275,0,0,0,0.4,0,0,0,0,
275078081,0.51375,-0.28156,-0.5275,0,0,0,0.4,0,0,0,0,
275078141,0.51375,-0.28156,-0.5275,0,0,0,0.4,0,0,0,0,
275078201,0.51375,-0.23756,-0.5275,0,0,0,0.4,0,0,0,0,
275078261,0.51375,-0.23756,-0.5275,0,0,0,0.4,0,0,0,0,
275078321,0.51375,-0.19356,-0.5275,0,0,0,0.4,0,0,0,0,
275078381,0.51375,-0.19356,-0.5275,0,0,0,0.4,0,0,0,0,
275078441,0.51375,-0.14956,-0.5275,0,0,0,0.4,0,0,0,0,
275078501,0.51375,-0.14956,-0.5275,0,0,0,0.4,0,0,0,0,
275078561,0.51375,-0.10556,-0.5275,0,0,0,0.4,0,0,0,0,
275078621,0.51375,-0.10556,-0.5275,0,0,0,0.4,0,0,0,0,
275078681,0.51375,-0.06156,-0.5275,0,0,0,0.4,0,0,0,0,
275078742,0.51375,-0.06156,-0.5275,0,0,0,0.4,0,0,0,0,
275078802,0.51375,-0.01756,-0.5275,0,0,0,0.4,0,0,0,0,
275078862,0.51375,-0.01756,-0.5275,0,0,0,0.4,0,0,0,0,
275078922,0.51375,0.02644,-0.5275,0,0,0,0.4,0,0,0,0,
275078982,0.51375,0.02644,-0.5275,0,0,0,0.4,0,0,0,0,
275079042,0.51375,0.02644,-0.5275,0,0,0,0.4,0,0,0,0,
275079102,0.51375,0.07044,-0.5275,0,0,0,0.4,0,0,0,0,
275079162,0.513731,0.11444,-0.5275,0,0,0,0.4,0,0,0,0,
275079222,0.513731,0.11444,-0.5275,0,0,0,0.4,0,0,0,0,
275079282,0.511875,0.15844,-0.5275,0,0,0,0.4,0,0,0,0,
275079342,0.511875,0.15844,-0.5275,0,0,0,0.4,0,0,0,0,
275079402,0.511875,0.20244,-0.5275,0,0,0,0.4,0,0,0,0,
275079463,0.511875,0.20244,-0.5275,0,0,0,0.4,0,0,0,0,
275079523,0.511875,0.24644,-0.5275,0,0,0,0.4,0,0,0,0,
275079583,0.511875,0.29,-0.5275,0,0,0,0.4,0,0,0,0,
275079643,0.511875,0.29,-0.5275,0,0,0,0.4,0,0,0,0,
275079703,0.511875,0.29,-0.5275,0,0,0,0.4,0,0,0,0,
275079763,0.511875,0.29,-0.5275,0,0,0,0.4,0,0,0,0,
275079823,0.511875,0.29,-0.5275,0,0,0,0.4,0,0,0,0,
275079883,0.511875,0.29,-0.5275,0,0,0,0.4,0,0,0,0,
275079943,0.511875,0.29,-0.5275,0,0,0,0.4,0,0,0,0,
275080003,0.511875,0.29,-0.5275,0,0,0,0.4,0,0,0,0,
275080063,0.511875,0.29,-0.5275,0,0,0,0.4,0,0,0,0,
275080123,0.511875,0.29,-0.5275,0,0,0,0.4,0,0,0,0,
275080184,0.511875,0.29,-0.5275,0,0,0,0.4,0,0,0,0,
275080244,0.511875,0.29,-0.5275,0,0,0,0.4,0,0,0,0,
275080304,0.511894,0.29,-0.5275,0,0,0,0.4,0,0,0,0,
275080364,0.511894,0.29,-0.5275,0,0,0,0.4,0,0,0,0,
275080424,0.513731,0.29,-0.5275,0,0,0,0.4,0,0,0,0,
275080484,0.511875,0.29,-0.5275,0,0,0,0.4,0,0,0,0,
275080544,0.511875,0.29,-0.5275,0,0,0,0.4,0,0,0,0,
275080604,0.511875,0.29,-0.5275,0,0,0,0.4,0,0,0,0,
275080664,0.511875,0.29,-0.5275,0,0,0,0.4,0,0,0,0,
275080724,0.511875,0.29,-0.5275,0,0,0,0.4,0,0,0,0,
275080784,0.511875,0.29,-0.5275,0,0,0,0.4,0,0,0,0,
275080845,0.511875,0.29,-0.5275,0,0,0,0.4,0,0,0,0,
275080905,0.511875,0.29,-0.5275,0,0,0,0.4,0,0,0,0,
275080965,0.511875,0.29,-0.5275,0,0,0,0.4,0,0,0,0,
275081025,0.511875,0.29,-0.5275,0,0,0,0.4,0,0,0,0,
275081085,0.511875,0.29,-0.5275,0,0,0,0.4,0,0,0,0,
275081145,0.511875,0.29,-0.5275,0,0,0,0.4,0,0,0,0,
275081205,0.511875,0.29,-0.5275,0,0,0,0.4,0,0,0,0,
275081265,0.511875,0.29,-0.5275,0,0,0,0.4,0,0,0,0,
275081325,0.511875,0.29,-0.5275,0,0,0,0.4,0,0,0,0,
275081385,0.511875,0.29,-0.5275,0,0,0,0.4,0,0,0,0,
275081445,0.511875,0.29,-0.5275,0,0,0,0.4,0,0,0,0,
275081505,0.511875,0.29,-0.5275,0,0,0,0.4,0,0,0,0,
275081566,0.511875,0.29,-0.5275,0,0,0,0.4,0,0,0,0,
275081626,0.511875,0.29,-0.5275,0,0,0,0.4,0,0,0,0,
275081686,0.511875,0.29,-0.5275,0,0,0,0.4,0,0,0,0,
275081746,0.511875,0.29,-0.5275,0,0,0,0.4,0,0,0,0,
275081806,0.511875,0.29,-0.5275,0,0,0,0.4,0,0,0,0,
275081866,0.511875,0.29,-0.5275,0,0,0,0.4,0,0,0,0,
275081926,0.511875,0.29,-0.5275,0,0,0,0.4,0,0,0,0,
275081986,0.511875,0.29,-0.5275,0,0,0,0.4,0,0,0,0,
275082046,0.511875,0.29,-0.5275,0,0,0,0.4,0,0,0,0,
275082106,0.511875,0.29,-0.5275,0,0,0,0.4,0,0,0,0,
275082166,0.511875,0.29,-0.5275,0,0,0,0.4,0,0,0,0,
275082227,0.511875,0.29,-0.5275,0,0,0,0.4,0,0,0,0,
275082287,0.511875,0.29,-0.5275,0,0,0,0.4,0,0,0,0,
275082347,0.511875,0.29,-0.5275,0,0,0,0.4,0,0,0,0,
275082407,0.511875,0.29,-0.5275,0,0,0,0.4,0,0,0,0,
275082467,0.511875,0.29,-0.5275,0,0,0,0.4,0,0,0,0,
275082527,0.511875,0.29,-0.5275,0,0,0,0.4,0,0,0,0,
275082587,0.511875,0.29,-0.5275,0,0,0,0.4,0,0,0,0,
275082647,0.511875,0.29,-0.5275,0,0,0,0.4,0,0,0,0,
275082707,0.511875,0.29,-0.5275,0,0,0,0.4,0,0,0,0,
275082767,0.511875,0.29,-0.5275,0,0,0,0.4,0,0,0,0,
275082827,0.511875,0.29,-0.5275,0,0,0,0.4,0,0,0,0,
275082887,0.511875,0.29,-0.5275,0,0,0,0.4,0,0,0,0,
275082948,0.511875,0.29,-0.5275,0,0,0,0.4,0,0,0,0,
275083008,0.511875,0.29,-0.5275,0,0,0,0.4,0,0,0,0,
275083068,0.511875,0.29,-0.527525,0,0,0,0.4,0,0,0,0,
275083128,0.511875,0.29,-0.527525,0,0,0,0.4,0,0,0,0,
275083188,0.511875,0.29,-0.527525,0,0,0,0.4,0,0,0,0,
275083248,0.511875,0.29,-0.527525,0,0,0,0.4,0,0,0,0,
275083308,0.511875,0.29,-0.527525,0,0,0,0.4,0,0,0,0,
275083368,0.511875,0.29,-0.530025,0,0,0,0.4,0,0,0,0,
275083428,0.511875,0.29,-0.530025,0,0,0,0.4,0,0,0,0,
275083488,0.511875,0.29,-0.530025,0,0,0,0.4,0,0,0,0,
275083548,0.511875,0.29,-0.530025,0,0,0,0.4,0,0,0,0,
275083609,0.511875,0.29,-0.530025,0,0,0,0.4,0,0,0,0,
275083669,0.511875,0.29,-0.53255,0,0,0,0.4,0,0,0,0,
275083729,0.511875,0.29,-0.537525,0,0,0,0.4,0,0,0,0,
275083789,0.51375,0.29,-0.545025,0,0,0,0.4,0,0,0,0,
275083849,0.51375,0.29,-0.547525,0,0,0,0.4,0,0,0,0,
275083909,0.51375,0.29,-0.552525,0,0,0,0.4,0,0,0,0,
275083969,0.515625,0.29,-0.557525,0,0,0,0.4,0,0,0,0,
275084029,0.515625,0.29,-0.557525,0,0,0,0.4,0,0,0,0,
275084089,0.515625,0.29,-0.557525,0,0,0,0.4,0,0,0,0,
275084149,0.515625,0.29,-0.557525,0,0,0,0.4,0,0,0,0,
275084209,0.515625,0.29,-0.560025,0,0,0,0.4,0,0,0,0,
275084269,0.515625,0.29,-0.560025,0,0,0,0.4,0,0,0,0,
275084330,0.515625,0.29,-0.560025,0,0,0,0.4,0,0,0,0,
275084390,0.515625,0.29,-0.560025,0,0,0,0.4,0,0,0,0,
275084450,0.515625,0.29,-0.560025,0,0,0,0.4,0,0,0,0,
275084510,0.515625,0.29,-0.565025,0,0,0,0.4,0,0,0,0,
275084570,0.5175,0.29,-0.570025,0,0,0,0.4,0,0,0,0,
275084630,0.5175,0.29,-0.572525,0,0,0,0.4,0,0,0,0,
275084690,0.517519,0.29,-0.575,0,0,0,0.4,0,0,0,0,
275084750,0.517519,0.29,-0.575,0,0,0,0.4,0,0,0,0,
275084810,0.517519,0.29,-0.575,0,0,0,0.4,0,0,0,0,
275084870,0.517519,0.29,-0.575,0,0,0,0.4,0,0,0,0,
275084930,0.517519,0.29,-0.575,0,0,0,0.4,0,0,0,0,
275084990,0.517519,0.29,-0.575,0,0,0,0.4,0,0,0,0,
275085051,0.517519,0.29,-0.575,0,0,0,0.4,0,0,0,0,
275085111,0.517519,0.29,-0.575,0,0,0,0.4,0,0,0,0,
275085171,0.517519,0.29,-0.575,0,0,0,0.4,0,0,0,0,
275085231,0.517519,0.29,-0.575,0,0,0,0.4,0,0,0,0,
275085291,0.517519,0.29,-0.575,0,0,0,0.4,0,0,0,0,
275085351,0.517519,0.29,-0.575,0,0,0,0.4,0,0,0,0,
275085411,0.517519,0.29,-0.575,0,0,0,0.4,0,0,0,0,
275085471,0.517519,0.29,-0.575,0,0,0,0.4,0,0,0,0,
275085531,0.519356,0.29,-0.575,0,0,0,0.4,0,0,0,0,
275085591,0.519356,0.29,-0.575,0,0,0,0.4,0,0,0,0,
275085651,0.5175,0.29,-0.575,0,0,0,0.4,0,0,0,0,
275085712,0.5175,0.29,-0.575,0,0,0,0.4,0,0,0,0,
275085772,0.5175,0.29,-0.575,0,0,0,0.4,0,0,0,0,
275085832,0.5175,0.29,-0.575,0,0,0,0.4,0,0,0,0,
275085892,0.5175,0.29,-0.575,0,0,0,0.4,0,0,0,0,
275085952,0.5175,0.29,-0.574975,0,0,0,0.4,0,0,0,0,
275086012,0.5175,0.29,-0.574975,0,0,0,0.4,0,0,0,0,
275086072,0.5175,0.29,-0.5725,0,0,0,0.4,0,0,0,0,
275086132,0.5175,0.29,-0.5725,0,0,0,0.4,0,0,0,0,
275086192,0.5175,0.29,-0.5725,0,0,0,0.4,0,0,0,0,
275086252,0.5175,0.29,-0.5725,0,0,0,0.4,0,0,0,0,
