milisec,RacketX,RacketY,RacketZ,forceX,forceX,forceX,ForceRatio,FriendPoint,EnemyPoint,haptics,scene
1419255,0,0,0,0,0,0,4.2,0,0,0,0,
1419264,1.05493e-008,-1.52884e-008,-1.05493e-008,0,0,0,0.4,0,0,0,0,
1419298,1.05493e-008,-1.52884e-008,-1.05493e-008,0,0,0,1.8,0,0,0,0,
1419338,1.05493e-008,-1.52884e-008,-1.05493e-008,0,0,0,2,0,0,0,0,
1419378,1.05493e-008,-1.52884e-008,-1.05493e-008,0,0,0,2,0,0,0,0,
1419418,1.05493e-008,-1.52884e-008,-1.05493e-008,0,0,0,2,0,0,0,0,
1419458,1.05493e-008,-1.52884e-008,-1.05493e-008,0,0,0,2,0,0,0,0,
1419498,1.05493e-008,-1.52884e-008,-1.05493e-008,0,0,0,2,0,0,0,0,
1419538,1.05493e-008,-1.52884e-008,-1.05493e-008,0,0,0,2,0,0,0,0,
1419578,1.05493e-008,-1.52884e-008,-1.05493e-008,0,0,0,2,0,0,0,0,
1419618,1.05493e-008,-1.52884e-008,-1.05493e-008,0,0,0,2,0,0,0,0,
1419658,1.05493e-008,-1.52884e-008,-1.05493e-008,0,0,0,2,0,0,0,0,
1419698,1.05493e-008,-1.52884e-008,-1.05493e-008,0,0,0,2,0,0,0,0,
1419738,1.05493e-008,-1.52884e-008,-1.05493e-008,0,0,0,2,0,0,0,0,
1419778,1.05493e-008,-1.52884e-008,-1.05493e-008,0,0,0,2,0,0,0,0,
1419818,1.05493e-008,-1.52884e-008,-1.05493e-008,0,0,0,2,0,0,0,0,
1419858,1.05493e-008,-1.52884e-008,-1.05493e-008,0,0,0,2,0,0,0,0,
1419898,1.05493e-008,-1.52884e-008,-1.05493e-008,0,0,0,2,0,0,0,0,
1419938,1.05493e-008,-1.52884e-008,-1.05493e-008,0,0,0,2,0,0,0,0,
1419978,1.05493e-008,-1.52884e-008,-1.05493e-008,0,0,0,2,0,0,0,0,
1420018,1.05493e-008,-1.52884e-008,-1.05493e-008,0,0,0,2,0,0,0,0,
1420058,1.05493e-008,-1.52884e-008,-1.05493e-008,0,0,0,2,0,0,0,0,
1420098,1.05493e-008,-1.52884e-008,-1.05493e-008,0,0,0,2,0,0,0,0,
1420138,1.05493e-008,-1.52884e-008,-1.05493e-008,0,0,0,2,0,0,0,0,
1420178,1.05493e-008,-1.52884e-008,-1.05493e-008,0,0,0,2,0,0,0,0,
1420218,1.05493e-008,-1.52884e-008,-1.05493e-008,0,0,0,2,0,0,0,0,
1420258,1.05493e-008,-1.52884e-008,-1.05493e-008,0,0,0,2,0,0,0,0,
1420298,1.05493e-008,-1.52884e-008,-1.05493e-008,0,0,0,2,0,0,0,0,
1420338,1.05493e-008,-1.52884e-008,-1.05493e-008,0,0,0,2,0,0,0,0,
1420378,1.05493e-008,-1.52884e-008,-1.05493e-008,0,0,0,2,0,0,0,0,
1420418,1.05493e-008,-1.52884e-008,-1.05493e-008,0,0,0,2,0,0,0,0,
1420458,1.05493e-008,-1.52884e-008,-1.05493e-008,0,0,0,2,0,0,0,0,
1420498,1.05493e-008,-1.52884e-008,-1.05493e-008,0,0,0,2,0,0,0,0,
1420538,1.05493e-008,-1.52884e-008,-1.05493e-008,0,0,0,2,0,0,0,0,
1420578,1.05493e-008,-1.52884e-008,-1.05493e-008,0,0,0,2,0,0,0,0,
1420618,1.05493e-008,-1.52884e-008,-1.05493e-008,0,0,0,2,0,0,0,0,
1420658,1.05493e-008,-1.52884e-008,-1.05493e-008,0,0,0,2,0,0,0,0,
1420698,1.05493e-008,-1.52884e-008,-1.05493e-008,0,0,0,2,0,0,0,0,
1420739,1.05493e-008,-1.52884e-008,-1.05493e-008,0,0,0,2,0,0,0,0,
1420778,1.05493e-008,-1.52884e-008,-1.05493e-008,0,0,0,2,0,0,0,0,
1420818,1.05493e-008,-1.52884e-008,-1.05493e-008,0,0,0,2,0,0,0,0,
1420858,1.05493e-008,-1.52884e-008,-1.05493e-008,0,0,0,2,0,0,0,0,
1420898,1.05493e-008,-1.52884e-008,-1.05493e-008,0,0,0,2,0,0,0,0,
1420938,1.05493e-008,-1.52884e-008,-1.05493e-008,0,0,0,2,0,0,0,0,
1420978,1.05493e-008,-1.52884e-008,-1.05493e-008,0,0,0,2,0,0,0,0,
1421018,1.05493e-008,-1.52884e-008,-1.05493e-008,0,0,0,2,0,0,0,0,
1421059,1.05493e-008,-1.52884e-008,-1.05493e-008,0,0,0,2,0,0,0,0,
1421098,1.05493e-008,-1.52884e-008,-1.05493e-008,0,0,0,2,0,0,0,0,
1421138,1.05493e-008,-1.52884e-008,-1.05493e-008,0,0,0,2,0,0,0,0,
1421178,1.05493e-008,-1.52884e-008,-1.05493e-008,0,0,0,2,0,0,0,0,
1421218,1.05493e-008,-1.52884e-008,-1.05493e-008,0,0,0,2,0,0,0,0,
1421258,1.05493e-008,-1.52884e-008,-1.05493e-008,0,0,0,2,0,0,0,0,
1421298,1.05493e-008,-1.52884e-008,-1.05493e-008,0,0,0,2,0,0,0,0,
1421338,1.05493e-008,-1.52884e-008,-1.05493e-008,0,0,0,2,0,0,0,0,
1421378,1.05493e-008,-1.52884e-008,-1.05493e-008,0,0,0,2,0,0,0,0,
1421418,1.05493e-008,-1.52884e-008,-1.05493e-008,0,0,0,2,0,0,0,0,
1421458,1.05493e-008,-1.52884e-008,-1.05493e-008,0,0,0,2,0,0,0,0,
1421507,1.05493e-008,-1.52884e-008,-1.05493e-008,0,0,0,2.4,0,0,0,0,
1421538,1.05493e-008,-1.52884e-008,-1.05493e-008,0,0,0,1.6,0,0,0,0,
1421578,1.05493e-008,-1.52884e-008,-1.05493e-008,0,0,0,2,0,0,0,0,
1421618,1.05493e-008,-1.52884e-008,-1.05493e-008,0,0,0,2,0,0,0,0,
1421658,1.05493e-008,-1.52884e-008,-1.05493e-008,0,0,0,2,0,0,0,0,
1421698,1.05493e-008,-1.52884e-008,-1.05493e-008,0,0,0,2,0,0,0,0,
1421738,1.05493e-008,-1.52884e-008,-1.05493e-008,0,0,0,2,0,0,0,0,
1421778,1.05493e-008,-1.52884e-008,-1.05493e-008,0,0,0,2,0,0,0,0,
1421818,1.05493e-008,-1.52884e-008,-1.05493e-008,0,0,0,2,0,0,0,0,
1421858,1.05493e-008,-1.52884e-008,-1.05493e-008,0,0,0,2,0,0,0,0,
1421898,1.05493e-008,-1.52884e-008,-1.05493e-008,0,0,0,2,0,0,0,0,
1421938,1.05493e-008,-1.52884e-008,-1.05493e-008,0,0,0,2,0,0,0,0,
1421978,1.05493e-008,-1.52884e-008,-1.05493e-008,0,0,0,2,0,0,0,0,
1422018,1.05493e-008,-1.52884e-008,-1.05493e-008,0,0,0,2,0,0,0,0,
1422058,1.05493e-008,-1.52884e-008,-1.05493e-008,0,0,0,2,0,0,0,0,
1422098,1.05493e-008,-1.52884e-008,-1.05493e-008,0,0,0,2,0,0,0,0,
1422138,1.05493e-008,-1.52884e-008,-1.05493e-008,0,0,0,2,0,0,0,0,
1422178,1.05493e-008,-1.52884e-008,-1.05493e-008,0,0,0,2,0,0,0,0,
1422218,1.05493e-008,-1.52884e-008,-1.05493e-008,0,0,0,2,0,0,0,0,
1422259,1.05493e-008,-1.52884e-008,-1.05493e-008,0,0,0,2,0,0,0,0,
1422298,1.05493e-008,-1.52884e-008,-1.05493e-008,0,0,0,2,0,0,0,0,
1422338,1.05493e-008,-1.52884e-008,-1.05493e-008,0,0,0,2,0,0,0,0,
1422378,1.05493e-008,-1.52884e-008,-1.05493e-008,0,0,0,2,0,0,0,0,
1422418,1.05493e-008,-1.52884e-008,-1.05493e-008,0,0,0,2,0,0,0,0,
1422458,1.05493e-008,-1.52884e-008,-1.05493e-008,0,0,0,2,0,0,0,0,
1422498,1.05493e-008,-1.52884e-008,-1.05493e-008,0,0,0,2,0,0,0,0,
1422538,1.05493e-008,-1.52884e-008,-1.05493e-008,0,0,0,2,0,0,0,0,
1422578,1.05493e-008,-1.52884e-008,-1.05493e-008,0,0,0,2,0,0,0,0,
1422618,1.05493e-008,-1.52884e-008,-1.05493e-008,0,0,0,2,0,0,0,0,
1422658,1.05493e-008,-1.52884e-008,-1.05493e-008,0,0,0,2,0,0,0,0,
1422698,1.05493e-008,-1.52884e-008,-1.05493e-008,0,0,0,2,0,0,0,0,
1422738,1.05493e-008,-1.52884e-008,-1.05493e-008,0,0,0,2,0,0,0,0,
1422778,1.05493e-008,-1.52884e-008,-1.05493e-008,0,0,0,2,0,0,0,0,
1422818,1.05493e-008,-1.52884e-008,-1.05493e-008,0,0,0,2,0,0,0,0,
1422858,1.05493e-008,-1.52884e-008,-1.05493e-008,0,0,0,2,0,0,0,0,
1422898,1.05493e-008,-1.52884e-008,-1.05493e-008,0,0,0,2,0,0,0,0,
1422939,1.05493e-008,-1.52884e-008,-1.05493e-008,0,0,0,2,0,0,0,0,
1422978,1.05493e-008,-1.52884e-008,-1.05493e-008,0,0,0,2,0,0,0,0,
1423018,1.05493e-008,-1.52884e-008,-1.05493e-008,0,0,0,2,0,0,0,0,
1423058,1.05493e-008,-1.52884e-008,-1.05493e-008,0,0,0,2,0,0,0,0,
1423098,1.05493e-008,-1.52884e-008,-1.05493e-008,0,0,0,2,0,0,0,0,
1423138,1.05493e-008,-1.52884e-008,-1.05493e-008,0,0,0,2,0,0,0,0,
1423178,1.05493e-008,-1.52884e-008,-1.05493e-008,0,0,0,2,0,0,0,0,
1423218,1.05493e-008,-1.52884e-008,-1.05493e-008,0,0,0,2,0,0,0,0,
1423258,1.05493e-008,-1.52884e-008,-1.05493e-008,0,0,0,2,0,0,0,0,
1423298,1.05493e-008,-1.52884e-008,-1.05493e-008,0,0,0,2,0,0,0,0,
1423338,1.05493e-008,-1.52884e-008,-1.05493e-008,0,0,0,2,0,0,0,0,
1423378,1.05493e-008,-1.52884e-008,-1.05493e-008,0,0,0,2,0,0,0,0,
1423418,1.05493e-008,-1.52884e-008,-1.05493e-008,0,0,0,2,0,0,0,0,
1423458,1.05493e-008,-1.52884e-008,-1.05493e-008,0,0,0,2,0,0,0,0,
1423498,1.05493e-008,-1.52884e-008,-1.05493e-008,0,0,0,2,0,0,0,0,
1423538,1.05493e-008,-1.52884e-008,-1.05493e-008,0,0,0,2,0,0,0,0,
1423578,1.05493e-008,-1.52884e-008,-1.05493e-008,0,0,0,2,0,0,0,0,
1423618,1.05493e-008,-1.52884e-008,-1.05493e-008,0,0,0,2,0,0,0,0,
1423658,1.05493e-008,-1.52884e-008,-1.05493e-008,0,0,0,2,0,0,0,0,
1423698,1.05493e-008,-1.52884e-008,-1.05493e-008,0,0,0,2,0,0,0,0,
1423738,1.05493e-008,-1.52884e-008,-1.05493e-008,0,0,0,2,0,0,0,0,
1423778,1.05493e-008,-1.52884e-008,-1.05493e-008,0,0,0,2,0,0,0,0,
1423818,1.05493e-008,-1.52884e-008,-1.05493e-008,0,0,0,2,0,0,0,0,
1423858,1.05493e-008,-1.52884e-008,-1.05493e-008,0,0,0,2,0,0,0,0,
1423898,1.05493e-008,-1.52884e-008,-1.05493e-008,0,0,0,2,0,0,0,0,
1423938,1.05493e-008,-1.52884e-008,-1.05493e-008,0,0,0,2,0,0,0,0,
1423978,1.05493e-008,-1.52884e-008,-1.05493e-008,0,0,0,2,0,0,0,0,
1424018,1.05493e-008,-1.52884e-008,-1.05493e-008,0,0,0,2,0,0,0,0,
1424058,1.05493e-008,-1.52884e-008,-1.05493e-008,0,0,0,2,0,0,0,0,
1424098,1.05493e-008,-1.52884e-008,-1.05493e-008,0,0,0,2,0,0,0,0,
1424138,1.05493e-008,-1.52884e-008,-1.05493e-008,0,0,0,2,0,0,0,0,
1424178,1.05493e-008,-1.52884e-008,-1.05493e-008,0,0,0,2,0,0,0,0,
1424218,1.05493e-008,-1.52884e-008,-1.05493e-008,0,0,0,2,0,0,0,0,
1424258,1.05493e-008,-1.52884e-008,-1.05493e-008,0,0,0,2,0,0,0,0,
1424298,1.05493e-008,-1.52884e-008,-1.05493e-008,0,0,0,2,0,0,0,0,
1424338,1.05493e-008,-1.52884e-008,-1.05493e-008,0,0,0,2,0,0,0,0,
1424378,1.05493e-008,-1.52884e-008,-1.05493e-008,0,0,0,2,0,0,0,0,
1424418,1.05493e-008,-1.52884e-008,-1.05493e-008,0,0,0,2,0,0,0,0,
1424458,1.05493e-008,-1.52884e-008,-1.05493e-008,0,0,0,2,0,0,0,0,
1424498,1.05493e-008,-1.52884e-008,-1.05493e-008,0,0,0,2,0,0,0,0,
1424538,1.05493e-008,-1.52884e-008,-1.05493e-008,0,0,0,2,0,0,0,0,
1424578,1.05493e-008,-1.52884e-008,-1.05493e-008,0,0,0,2,0,0,0,0,
1424618,1.05493e-008,-1.52884e-008,-1.05493e-008,0,0,0,2,0,0,0,0,
1424658,1.05493e-008,-1.52884e-008,-1.05493e-008,0,0,0,2,0,0,0,0,
1424698,1.05493e-008,-1.52884e-008,-1.05493e-008,0,0,0,2,0,0,0,0,
1424738,1.05493e-008,-1.52884e-008,-1.05493e-008,0,0,0,2,0,0,0,0,
1424778,1.05493e-008,-1.52884e-008,-1.05493e-008,0,0,0,2,0,0,0,0,
1424819,1.05493e-008,-1.52884e-008,-1.05493e-008,0,0,0,2,0,0,0,0,
1424858,1.05493e-008,-1.52884e-008,-1.05493e-008,0,0,0,2,0,0,0,0,
1424898,1.05493e-008,-1.52884e-008,-1.05493e-008,0,0,0,2,0,0,0,0,
1424938,1.05493e-008,-1.52884e-008,-1.05493e-008,0,0,0,2,0,0,0,0,
1424978,1.05493e-008,-1.52884e-008,-1.05493e-008,0,0,0,2,0,0,0,0,
1425018,1.05493e-008,-1.52884e-008,-1.05493e-008,0,0,0,2,0,0,0,0,
1425058,1.05493e-008,-1.52884e-008,-1.05493e-008,0,0,0,2,0,0,0,0,
1425098,1.05493e-008,-1.52884e-008,-1.05493e-008,0,0,0,2,0,0,0,0,
1425138,1.05493e-008,-1.52884e-008,-1.05493e-008,0,0,0,2,0,0,0,0,
1425178,1.05493e-008,-1.52884e-008,-1.05493e-008,0,0,0,2,0,0,0,0,
1425218,1.05493e-008,-1.52884e-008,-1.05493e-008,0,0,0,2,0,0,0,0,
1425258,1.05493e-008,-1.52884e-008,-1.05493e-008,0,0,0,2,0,0,0,0,
1425298,1.05493e-008,-1.52884e-008,-1.05493e-008,0,0,0,2,0,0,0,0,
1425338,1.05493e-008,-1.52884e-008,-1.05493e-008,0,0,0,2,0,0,0,0,
1425378,1.05493e-008,-1.52884e-008,-1.05493e-008,0,0,0,2,0,0,0,0,
1425418,1.05493e-008,-1.52884e-008,-1.05493e-008,0,0,0,2,0,0,0,0,
1425458,1.05493e-008,-1.52884e-008,-1.05493e-008,0,0,0,2,0,0,0,0,
1425498,1.05493e-008,-1.52884e-008,-1.05493e-008,0,0,0,2,0,0,0,0,
1425538,1.05493e-008,-1.52884e-008,-1.05493e-008,0,0,0,2,0,0,0,0,
1425578,1.05493e-008,-1.52884e-008,-1.05493e-008,0,0,0,2,0,0,0,0,
1425618,1.05493e-008,-1.52884e-008,-1.05493e-008,0,0,0,2,0,0,0,0,
1425658,1.05493e-008,-1.52884e-008,-1.05493e-008,0,0,0,2,0,0,0,0,
1425698,1.05493e-008,-1.52884e-008,-1.05493e-008,0,0,0,2,0,0,0,0,
1425739,1.05493e-008,-1.52884e-008,-1.05493e-008,0,0,0,2,0,0,0,0,
1425778,1.05493e-008,-1.52884e-008,-1.05493e-008,0,0,0,2,0,0,0,0,
1425818,1.05493e-008,-1.52884e-008,-1.05493e-008,0,0,0,2,0,0,0,0,
1425858,1.05493e-008,-1.52884e-008,-1.05493e-008,0,0,0,2,0,0,0,0,
1425898,1.05493e-008,-1.52884e-008,-1.05493e-008,0,0,0,2,0,0,0,0,
1425938,1.05493e-008,-1.52884e-008,-1.05493e-008,0,0,0,2,0,0,0,0,
1425978,1.05493e-008,-1.52884e-008,-1.05493e-008,0,0,0,2,0,0,0,0,
1426018,1.05493e-008,-1.52884e-008,-1.05493e-008,0,0,0,2,0,0,0,0,
1426058,1.05493e-008,-1.52884e-008,-1.05493e-008,0,0,0,2,0,0,0,0,
1426098,1.05493e-008,-1.52884e-008,-1.05493e-008,0,0,0,2,0,0,0,0,
1426138,1.05493e-008,-1.52884e-008,-1.05493e-008,0,0,0,2,0,0,0,0,
1426178,1.05493e-008,-1.52884e-008,-1.05493e-008,0,0,0,2,0,0,0,0,
1426218,1.05493e-008,-1.52884e-008,-1.05493e-008,0,0,0,2,0,0,0,0,
1426258,1.05493e-008,-1.52884e-008,-1.05493e-008,0,0,0,2,0,0,0,0,
1426298,1.05493e-008,-1.52884e-008,-1.05493e-008,0,0,0,2,0,0,0,0,
1426339,1.05493e-008,-1.52884e-008,-1.05493e-008,0,0,0,2,0,0,0,0,
1426378,1.05493e-008,-1.52884e-008,-1.05493e-008,0,0,0,2,0,0,0,0,
1426418,1.05493e-008,-1.52884e-008,-1.05493e-008,0,0,0,2,0,0,0,0,
1426458,1.05493e-008,-1.52884e-008,-1.05493e-008,0,0,0,2,0,0,0,0,
1426498,1.05493e-008,-1.52884e-008,-1.05493e-008,0,0,0,2,0,0,0,0,
1426538,1.05493e-008,-1.52884e-008,-1.05493e-008,0,0,0,2,0,0,0,0,
1426578,1.05493e-008,-1.52884e-008,-1.05493e-008,0,0,0,2,0,0,0,0,
1426618,1.05493e-008,-1.52884e-008,-1.05493e-008,0,0,0,2,0,0,0,0,
1426658,1.05493e-008,-1.52884e-008,-1.05493e-008,0,0,0,2,0,0,0,0,
1426699,1.05493e-008,-1.52884e-008,-1.05493e-008,0,0,0,2,0,0,0,0,
1426738,1.05493e-008,-1.52884e-008,-1.05493e-008,0,0,0,2,0,0,0,0,
1426778,1.05493e-008,-1.52884e-008,-1.05493e-008,0,0,0,2,0,0,0,0,
1426818,1.05493e-008,-1.52884e-008,-1.05493e-008,0,0,0,2,0,0,0,0,
1426858,1.05493e-008,-1.52884e-008,-1.05493e-008,0,0,0,2,0,0,0,0,
1426898,1.05493e-008,-1.52884e-008,-1.05493e-008,0,0,0,2,0,0,0,0,
1426938,1.05493e-008,-1.52884e-008,-1.05493e-008,0,0,0,2,0,0,0,0,
1426978,1.05493e-008,-1.52884e-008,-1.05493e-008,0,0,0,2,0,0,0,0,
1427019,1.05493e-008,-1.52884e-008,-1.05493e-008,0,0,0,2,0,0,0,0,
1427058,1.05493e-008,-1.52884e-008,-1.05493e-008,0,0,0,2,0,0,0,0,
1427098,1.05493e-008,-1.52884e-008,-1.05493e-008,0,0,0,2,0,0,0,0,
1427138,1.05493e-008,-1.52884e-008,-1.05493e-008,0,0,0,2,0,0,0,0,
1427178,1.05493e-008,-1.52884e-008,-1.05493e-008,0,0,0,2,0,0,0,0,
1427218,1.05493e-008,-1.52884e-008,-1.05493e-008,0,0,0,2,0,0,0,0,
1427258,1.05493e-008,-1.52884e-008,-1.05493e-008,0,0,0,2,0,0,0,0,
1427298,1.05493e-008,-1.52884e-008,-1.05493e-008,0,0,0,2,0,0,0,0,
1427338,1.05493e-008,-1.52884e-008,-1.05493e-008,0,0,0,2,0,0,0,0,
1427378,1.05493e-008,-1.52884e-008,-1.05493e-008,0,0,0,2,0,0,0,0,
1427418,1.05493e-008,-1.52884e-008,-1.05493e-008,0,0,0,2,0,0,0,0,
1427458,1.05493e-008,-1.52884e-008,-1.05493e-008,0,0,0,2,0,0,0,0,
1427498,1.05493e-008,-1.52884e-008,-1.05493e-008,0,0,0,2,0,0,0,0,
1427538,1.05493e-008,-1.52884e-008,-1.05493e-008,0,0,0,2,0,0,0,0,
1427578,1.05493e-008,-1.52884e-008,-1.05493e-008,0,0,0,2,0,0,0,0,
1427618,1.05493e-008,-1.52884e-008,-1.05493e-008,0,0,0,2,0,0,0,0,
1427658,1.05493e-008,-1.52884e-008,-1.05493e-008,0,0,0,2,0,0,0,0,
1427698,1.05493e-008,-1.52884e-008,-1.05493e-008,0,0,0,2,0,0,0,0,
1427739,1.05493e-008,-1.52884e-008,-1.05493e-008,0,0,0,2,0,0,0,0,
1427778,1.05493e-008,-1.52884e-008,-1.05493e-008,0,0,0,2,0,0,0,0,
1427818,1.05493e-008,-1.52884e-008,-1.05493e-008,0,0,0,2,0,0,0,0,
1427858,1.05493e-008,-1.52884e-008,-1.05493e-008,0,0,0,2,0,0,0,0,
1427898,1.05493e-008,-1.52884e-008,-1.05493e-008,0,0,0,2,0,0,0,0,
1427938,1.05493e-008,-1.52884e-008,-1.05493e-008,0,0,0,2,0,0,0,0,
1427978,1.05493e-008,-1.52884e-008,-1.05493e-008,0,0,0,2,0,0,0,0,
1428018,1.05493e-008,-1.52884e-008,-1.05493e-008,0,0,0,2,0,0,0,0,
1428058,1.05493e-008,-1.52884e-008,-1.05493e-008,0,0,0,2,0,0,0,0,
1428098,1.05493e-008,-1.52884e-008,-1.05493e-008,0,0,0,2,0,0,0,0,
1428138,1.05493e-008,-1.52884e-008,-1.05493e-008,0,0,0,2,0,0,0,0,
1428178,1.05493e-008,-1.52884e-008,-1.05493e-008,0,0,0,2,0,0,0,0,
1428218,1.05493e-008,-1.52884e-008,-1.05493e-008,0,0,0,2,0,0,0,0,
1428258,1.05493e-008,-1.52884e-008,-1.05493e-008,0,0,0,2,0,0,0,0,
1428298,1.05493e-008,-1.52884e-008,-1.05493e-008,0,0,0,2,0,0,0,0,
1428338,1.05493e-008,-1.52884e-008,-1.05493e-008,0,0,0,2,0,0,0,0,
1428378,1.05493e-008,-1.52884e-008,-1.05493e-008,0,0,0,2,0,0,0,0,
1428418,1.05493e-008,-1.52884e-008,-1.05493e-008,0,0,0,2,0,0,0,0,
1428458,1.05493e-008,-1.52884e-008,-1.05493e-008,0,0,0,2,0,0,0,0,
1428498,1.05493e-008,-1.52884e-008,-1.05493e-008,0,0,0,2,0,0,0,0,
1428538,1.05493e-008,-1.52884e-008,-1.05493e-008,0,0,0,2,0,0,0,0,
1428579,1.05493e-008,-1.52884e-008,-1.05493e-008,0,0,0,2,0,0,0,0,
1428618,1.05493e-008,-1.52884e-008,-1.05493e-008,0,0,0,2,0,0,0,0,
1428658,1.05493e-008,-1.52884e-008,-1.05493e-008,0,0,0,2,0,0,0,0,
1428698,1.05493e-008,-1.52884e-008,-1.05493e-008,0,0,0,2,0,0,0,0,
1428739,1.05493e-008,-1.52884e-008,-1.05493e-008,0,0,0,2,0,0,0,0,
1428778,1.05493e-008,-1.52884e-008,-1.05493e-008,0,0,0,2,0,0,0,0,
1428818,1.05493e-008,-1.52884e-008,-1.05493e-008,0,0,0,2,0,0,0,0,
1428858,1.05493e-008,-1.52884e-008,-1.05493e-008,0,0,0,2,0,0,0,0,
1428899,1.05493e-008,-1.52884e-008,-1.05493e-008,0,0,0,2,0,0,0,0,
1428938,1.05493e-008,-1.52884e-008,-1.05493e-008,0,0,0,2,0,0,0,0,
1428978,1.05493e-008,-1.52884e-008,-1.05493e-008,0,0,0,2,0,0,0,0,
1429018,1.05493e-008,-1.52884e-008,-1.05493e-008,0,0,0,2,0,0,0,0,
1429058,1.05493e-008,-1.52884e-008,-1.05493e-008,0,0,0,2,0,0,0,0,
1429099,1.05493e-008,-1.52884e-008,-1.05493e-008,0,0,0,2,0,0,0,0,
1429139,1.05493e-008,-1.52884e-008,-1.05493e-008,0,0,0,2,0,0,0,0,
1429178,1.05493e-008,-1.52884e-008,-1.05493e-008,0,0,0,2,0,0,0,0,
1429218,1.05493e-008,-1.52884e-008,-1.05493e-008,0,0,0,2,0,0,0,0,
1429258,1.05493e-008,-1.52884e-008,-1.05493e-008,0,0,0,2,0,0,0,0,
1429298,1.05493e-008,-1.52884e-008,-1.05493e-008,0,0,0,2,0,0,0,0,
1429338,1.05493e-008,-1.52884e-008,-1.05493e-008,0,0,0,2,0,0,0,0,
1429379,1.05493e-008,-1.52884e-008,-1.05493e-008,0,0,0,2,0,0,0,0,
1429419,1.05493e-008,-1.52884e-008,-1.05493e-008,0,0,0,2,0,0,0,0,
1429458,1.05493e-008,-1.52884e-008,-1.05493e-008,0,0,0,2,0,0,0,0,
1429499,1.05493e-008,-1.52884e-008,-1.05493e-008,0,0,0,2,0,0,0,0,
1429538,1.05493e-008,-1.52884e-008,-1.05493e-008,0,0,0,2,0,0,0,0,
1429578,1.05493e-008,-1.52884e-008,-1.05493e-008,0,0,0,2,0,0,0,0,
1429618,1.05493e-008,-1.52884e-008,-1.05493e-008,0,0,0,2,0,0,0,0,
1429658,1.05493e-008,-1.52884e-008,-1.05493e-008,0,0,0,2,0,0,0,0,
1429698,1.05493e-008,-1.52884e-008,-1.05493e-008,0,0,0,2,0,0,0,0,
1429739,1.05493e-008,-1.52884e-008,-1.05493e-008,0,0,0,2,0,0,0,0,
1429778,1.05493e-008,-1.52884e-008,-1.05493e-008,0,0,0,2,0,0,0,0,
1429818,1.05493e-008,-1.52884e-008,-1.05493e-008,0,0,0,2,0,0,0,0,
1429858,1.05493e-008,-1.52884e-008,-1.05493e-008,0,0,0,2,0,0,0,0,
1429898,1.05493e-008,-1.52884e-008,-1.05493e-008,0,0,0,2,0,0,0,0,
1429938,1.05493e-008,-1.52884e-008,-1.05493e-008,0,0,0,2,0,0,0,0,
1429978,1.05493e-008,-1.52884e-008,-1.05493e-008,0,0,0,2,0,0,0,0,
1430018,1.05493e-008,-1.52884e-008,-1.05493e-008,0,0,0,2,0,0,0,0,
1430059,1.05493e-008,-1.52884e-008,-1.05493e-008,0,0,0,2,0,0,0,0,
1430098,1.05493e-008,-1.52884e-008,-1.05493e-008,0,0,0,2,0,0,0,0,
1430140,1.05493e-008,-1.52884e-008,-1.05493e-008,0,0,0,2,0,0,0,0,
1430178,1.05493e-008,-1.52884e-008,-1.05493e-008,0,0,0,2,0,0,0,0,
1430218,1.05493e-008,-1.52884e-008,-1.05493e-008,0,0,0,2,0,0,0,0,
1430258,1.05493e-008,-1.52884e-008,-1.05493e-008,0,0,0,2,0,0,0,0,
1430298,1.05493e-008,-1.52884e-008,-1.05493e-008,0,0,0,2,0,0,0,0,
1430338,1.05493e-008,-1.52884e-008,-1.05493e-008,0,0,0,2,0,0,0,0,
1430378,1.05493e-008,-1.52884e-008,-1.05493e-008,0,0,0,2,0,0,0,0,
1430418,1.05493e-008,-1.52884e-008,-1.05493e-008,0,0,0,2,0,0,0,0,
1430459,1.05493e-008,-1.52884e-008,-1.05493e-008,0,0,0,2,0,0,0,0,
1430498,1.05493e-008,-1.52884e-008,-1.05493e-008,0,0,0,2,0,0,0,0,
1430538,1.05493e-008,-1.52884e-008,-1.05493e-008,0,0,0,2,0,0,0,0,
1430578,1.05493e-008,-1.52884e-008,-1.05493e-008,0,0,0,2,0,0,0,0,
1430618,1.05493e-008,-1.52884e-008,-1.05493e-008,0,0,0,2,0,0,0,0,
1430658,1.05493e-008,-1.52884e-008,-1.05493e-008,0,0,0,2,0,0,0,0,
1430698,1.05493e-008,-1.52884e-008,-1.05493e-008,0,0,0,2,0,0,0,0,
1430738,1.05493e-008,-1.52884e-008,-1.05493e-008,0,0,0,2,0,0,0,0,
1430779,1.05493e-008,-1.52884e-008,-1.05493e-008,0,0,0,2,0,0,0,0,
1430818,1.05493e-008,-1.52884e-008,-1.05493e-008,0,0,0,2,0,0,0,0,
1430858,1.05493e-008,-1.52884e-008,-1.05493e-008,0,0,0,2,0,0,0,0,
1430898,1.05493e-008,-1.52884e-008,-1.05493e-008,0,0,0,2,0,0,0,0,
1430938,1.05493e-008,-1.52884e-008,-1.05493e-008,0,0,0,2,0,0,0,0,
1430978,1.05493e-008,-1.52884e-008,-1.05493e-008,0,0,0,2,0,0,0,0,
1431018,1.05493e-008,-1.52884e-008,-1.05493e-008,0,0,0,2,0,0,0,0,
1431058,1.05493e-008,-1.52884e-008,-1.05493e-008,0,0,0,2,0,0,0,0,
1431098,1.05493e-008,-1.52884e-008,-1.05493e-008,0,0,0,2,0,0,0,0,
1431138,1.05493e-008,-1.52884e-008,-1.05493e-008,0,0,0,2,0,0,0,0,
1431178,1.05493e-008,-1.52884e-008,-1.05493e-008,0,0,0,2,0,0,0,0,
1431218,1.05493e-008,-1.52884e-008,-1.05493e-008,0,0,0,2,0,0,0,0,
1431258,1.05493e-008,-1.52884e-008,-1.05493e-008,0,0,0,2,0,0,0,0,
1431298,1.05493e-008,-1.52884e-008,-1.05493e-008,0,0,0,2,0,0,0,0,
1431338,1.05493e-008,-1.52884e-008,-1.05493e-008,0,0,0,2,0,0,0,0,
1431378,1.05493e-008,-1.52884e-008,-1.05493e-008,0,0,0,2,0,0,0,0,
1431418,1.05493e-008,-1.52884e-008,-1.05493e-008,0,0,0,2,0,0,0,0,
1431458,1.05493e-008,-1.52884e-008,-1.05493e-008,0,0,0,2,0,0,0,0,
1431498,1.05493e-008,-1.52884e-008,-1.05493e-008,0,0,0,2,0,0,0,0,
1431538,1.05493e-008,-1.52884e-008,-1.05493e-008,0,0,0,2,0,0,0,0,
1431578,1.05493e-008,-1.52884e-008,-1.05493e-008,0,0,0,2,0,0,0,0,
1431620,1.05493e-008,-1.52884e-008,-1.05493e-008,0,0,0,2,0,0,0,0,
1431658,1.05493e-008,-1.52884e-008,-1.05493e-008,0,0,0,2,0,0,0,0,
1431698,1.05493e-008,-1.52884e-008,-1.05493e-008,0,0,0,2,0,0,0,0,
1431738,1.05493e-008,-1.52884e-008,-1.05493e-008,0,0,0,2,0,0,0,0,
1431778,1.05493e-008,-1.52884e-008,-1.05493e-008,0,0,0,2,0,0,0,0,
1431818,1.05493e-008,-1.52884e-008,-1.05493e-008,0,0,0,2,0,0,0,0,
1431858,1.05493e-008,-1.52884e-008,-1.05493e-008,0,0,0,2,0,0,0,0,
1431898,1.05493e-008,-1.52884e-008,-1.05493e-008,0,0,0,2,0,0,0,0,
1431938,1.05493e-008,-1.52884e-008,-1.05493e-008,0,0,0,2,0,0,0,0,
1431978,1.05493e-008,-1.52884e-008,-1.05493e-008,0,0,0,2,0,0,0,8,
1432018,1.05493e-008,-1.52884e-008,-1.05493e-008,0,0,0,2,0,0,0,8,
1432058,1.05493e-008,-1.52884e-008,-1.05493e-008,0,0,0,2,0,0,0,8,
1432098,1.05493e-008,-1.52884e-008,-1.05493e-008,0,0,0,2,0,0,0,8,
1432138,1.05493e-008,-1.52884e-008,-1.05493e-008,0,0,0,2,0,0,0,8,
1432178,1.05493e-008,-1.52884e-008,-1.05493e-008,0,0,0,2,0,0,0,8,
1432218,1.05493e-008,-1.52884e-008,-1.05493e-008,0,0,0,2,0,0,0,8,
1432258,1.05493e-008,-1.52884e-008,-1.05493e-008,0,0,0,2,0,0,0,8,
1432298,1.05493e-008,-1.52884e-008,-1.05493e-008,0,0,0,2,0,0,0,8,
1432339,1.05493e-008,-1.52884e-008,-1.05493e-008,0,0,0,2,0,0,0,8,
1432378,1.05493e-008,-1.52884e-008,-1.05493e-008,0,0,0,2,0,0,0,8,
1432418,1.05493e-008,-1.52884e-008,-1.05493e-008,0,0,0,2,0,0,0,8,
1432458,1.05493e-008,-1.52884e-008,-1.05493e-008,0,0,0,2,0,0,0,8,
1432498,1.05493e-008,-1.52884e-008,-1.05493e-008,0,0,0,2,0,0,0,8,
1432539,1.05493e-008,-1.52884e-008,-1.05493e-008,0,0,0,2,0,0,0,8,
1432579,1.05493e-008,-1.52884e-008,-1.05493e-008,0,0,0,2,0,0,0,8,
1432619,1.05493e-008,-1.52884e-008,-1.05493e-008,0,0,0,2,0,0,0,8,
1432660,1.05493e-008,-1.52884e-008,-1.05493e-008,0,0,0,2,0,0,0,8,
1432699,1.05493e-008,-1.52884e-008,-1.05493e-008,0,0,0,2,0,0,0,8,
1432739,1.05493e-008,-1.52884e-008,-1.05493e-008,0,0,0,2,0,0,0,8,
1432779,1.05493e-008,-1.52884e-008,-1.05493e-008,0,0,0,2,0,0,0,8,
1432818,1.05493e-008,-1.52884e-008,-1.05493e-008,0,0,0,2,0,0,0,8,
1432858,1.05493e-008,-1.52884e-008,-1.05493e-008,0,0,0,2,0,0,0,9,
1432899,1.05493e-008,-1.52884e-008,-1.05493e-008,0,0,0,2,0,0,0,9,
1432938,1.05493e-008,-1.52884e-008,-1.05493e-008,0,0,0,2,0,0,0,9,
1432978,1.05493e-008,-1.52884e-008,-1.05493e-008,0,0,0,2,0,0,0,9,
1433018,1.05493e-008,-1.52884e-008,-1.05493e-008,0,0,0,2,0,0,0,9,
1433059,1.05493e-008,-1.52884e-008,-1.05493e-008,0,0,0,2,0,0,0,9,
1433098,1.05493e-008,-1.52884e-008,-1.05493e-008,0,0,0,2,0,0,0,9,
1433138,1.05493e-008,-1.52884e-008,-1.05493e-008,0,0,0,2,0,0,0,9,
1433179,1.05493e-008,-1.52884e-008,-1.05493e-008,0,0,0,2,0,0,0,9,
1433219,1.05493e-008,-1.52884e-008,-1.05493e-008,0,0,0,2,0,0,0,9,
1433258,1.05493e-008,-1.52884e-008,-1.05493e-008,0,0,0,2,0,0,0,9,
1433298,1.05493e-008,-1.52884e-008,-1.05493e-008,0,0,0,2,0,0,0,9,
1433338,1.05493e-008,-1.52884e-008,-1.05493e-008,0,0,0,2,0,0,0,9,
1433378,1.05493e-008,-1.52884e-008,-1.05493e-008,0,0,0,2,0,0,0,9,
1433418,1.05493e-008,-1.52884e-008,-1.05493e-008,0,0,0,2,0,0,0,9,
1433458,1.05493e-008,-1.52884e-008,-1.05493e-008,0,0,0,2,0,0,0,9,
1433498,1.05493e-008,-1.52884e-008,-1.05493e-008,0,0,0,2,0,0,0,9,
1433538,1.05493e-008,-1.52884e-008,-1.05493e-008,0,0,0,2,0,0,0,9,
1433578,1.05493e-008,-1.52884e-008,-1.05493e-008,0,0,0,2,0,0,0,9,
1433618,1.05493e-008,-1.52884e-008,-1.05493e-008,0,0,0,2,0,0,0,9,
1433658,1.05493e-008,-1.52884e-008,-1.05493e-008,0,0,0,2,0,0,0,9,
1433698,1.05493e-008,-1.52884e-008,-1.05493e-008,0,0,0,2,0,0,0,9,
1433738,1.05493e-008,-1.52884e-008,-1.05493e-008,0,0,0,2,0,0,0,9,
1433778,1.05493e-008,-1.52884e-008,-1.05493e-008,0,0,0,2,0,0,0,9,
1433818,1.05493e-008,-1.52884e-008,-1.05493e-008,0,0,0,2,0,0,0,9,
1433858,1.05493e-008,-1.52884e-008,-1.05493e-008,0,0,0,2,0,0,0,9,
1433898,1.05493e-008,-1.52884e-008,-1.05493e-008,0,0,0,2,0,0,0,9,
1433938,1.05493e-008,-1.52884e-008,-1.05493e-008,0,0,0,2,0,0,0,9,
1433978,1.05493e-008,-1.52884e-008,-1.05493e-008,0,0,0,2,0,0,0,9,
1434018,1.05493e-008,-1.52884e-008,-1.05493e-008,0,0,0,2,0,0,0,9,
1434058,1.05493e-008,-1.52884e-008,-1.05493e-008,0,0,0,2,0,0,0,9,
1434099,1.05493e-008,-1.52884e-008,-1.05493e-008,0,0,0,2,0,0,0,9,
1434139,1.05493e-008,-1.52884e-008,-1.05493e-008,0,0,0,2,0,0,0,9,
1434179,1.05493e-008,-1.52884e-008,-1.05493e-008,0,0,0,2,0,0,0,9,
1434220,1.05493e-008,-1.52884e-008,-1.05493e-008,0,0,0,2,0,0,0,9,
1434259,1.05493e-008,-1.52884e-008,-1.05493e-008,0,0,0,2,0,0,0,9,
1434299,1.05493e-008,-1.52884e-008,-1.05493e-008,0,0,0,2,0,0,0,9,
1434339,1.05493e-008,-1.52884e-008,-1.05493e-008,0,0,0,2,0,0,0,9,
1434378,1.05493e-008,-1.52884e-008,-1.05493e-008,0,0,0,2,0,0,0,9,
1434418,1.05493e-008,-1.52884e-008,-1.05493e-008,0,0,0,2,0,0,0,9,
1434458,1.05493e-008,-1.52884e-008,-1.05493e-008,0,0,0,2,0,0,0,9,
1434499,1.05493e-008,-1.52884e-008,-1.05493e-008,0,0,0,2,0,0,0,9,
1434539,1.05493e-008,-1.52884e-008,-1.05493e-008,0,0,0,2,0,0,0,9,
1434578,1.05493e-008,-1.52884e-008,-1.05493e-008,0,0,0,2,0,0,0,9,
1434618,1.05493e-008,-1.52884e-008,-1.05493e-008,0,0,0,2,0,0,0,9,
1434658,1.05493e-008,-1.52884e-008,-1.05493e-008,0,0,0,2,0,0,0,9,
1434698,1.05493e-008,-1.52884e-008,-1.05493e-008,0,0,0,2,0,0,0,9,
1434738,1.05493e-008,-1.52884e-008,-1.05493e-008,0,0,0,2,0,0,0,9,
1434778,1.05493e-008,-1.52884e-008,-1.05493e-008,0,0,0,2,0,0,0,9,
1434818,1.05493e-008,-1.52884e-008,-1.05493e-008,0,0,0,2,0,0,0,9,
1434859,1.05493e-008,-1.52884e-008,-1.05493e-008,0,0,0,2,0,0,0,9,
1434898,1.05493e-008,-1.52884e-008,-1.05493e-008,0,0,0,2,0,0,0,9,
1434938,1.05493e-008,-1.52884e-008,-1.05493e-008,0,0,0,2,0,0,0,9,
1434979,1.05493e-008,-1.52884e-008,-1.05493e-008,0,0,0,2,0,0,0,9,
1435018,1.05493e-008,-1.52884e-008,-1.05493e-008,0,0,0,2,0,0,0,9,
1435058,1.05493e-008,-1.52884e-008,-1.05493e-008,0,0,0,2,0,0,0,9,
1435098,1.05493e-008,-1.52884e-008,-1.05493e-008,0,0,0,2,0,0,0,9,
1435138,1.05493e-008,-1.52884e-008,-1.05493e-008,0,0,0,2,0,0,0,9,
1435178,1.05493e-008,-1.52884e-008,-1.05493e-008,0,0,0,2,0,0,0,9,
1435218,1.05493e-008,-1.52884e-008,-1.05493e-008,0,0,0,2,0,0,0,9,
1435258,1.05493e-008,-1.52884e-008,-1.05493e-008,0,0,0,2,0,0,0,9,
1435298,1.05493e-008,-1.52884e-008,-1.05493e-008,0,0,0,2,0,0,0,9,
1435338,1.05493e-008,-1.52884e-008,-1.05493e-008,0,0,0,2,0,0,0,9,
1435378,1.05493e-008,-1.52884e-008,-1.05493e-008,0,0,0,2,0,0,0,9,
1435418,1.05493e-008,-1.52884e-008,-1.05493e-008,0,0,0,2,0,0,0,9,
1435458,1.05493e-008,-1.52884e-008,-1.05493e-008,0,0,0,2,0,0,0,9,
1435498,1.05493e-008,-1.52884e-008,-1.05493e-008,0,0,0,2,0,0,0,9,
1435538,1.05493e-008,-1.52884e-008,-1.05493e-008,0,0,0,2,0,0,0,9,
1435578,1.05493e-008,-1.52884e-008,-1.05493e-008,0,0,0,2,0,0,0,9,
1435618,1.05493e-008,-1.52884e-008,-1.05493e-008,0,0,0,2,0,0,0,9,
1435658,1.05493e-008,-1.52884e-008,-1.05493e-008,0,0,0,2,0,0,0,9,
1435698,1.05493e-008,-1.52884e-008,-1.05493e-008,0,0,0,2,0,0,0,9,
1435738,1.05493e-008,-1.52884e-008,-1.05493e-008,0,0,0,2,0,0,0,9,
1435778,1.05493e-008,-1.52884e-008,-1.05493e-008,0,0,0,2,0,0,0,9,
1435818,1.05493e-008,-1.52884e-008,-1.05493e-008,0,0,0,2,0,0,0,9,
1435859,1.05493e-008,-1.52884e-008,-1.05493e-008,0,0,0,2,0,0,0,9,
1435898,1.05493e-008,-1.52884e-008,-1.05493e-008,0,0,0,2,0,0,0,9,
1435938,1.05493e-008,-1.52884e-008,-1.05493e-008,0,0,0,2,0,0,0,9,
1435978,1.05493e-008,-1.52884e-008,-1.05493e-008,0,0,0,2,0,0,0,9,
1436018,1.05493e-008,-1.52884e-008,-1.05493e-008,0,0,0,2,0,0,0,9,
1436059,1.05493e-008,-1.52884e-008,-1.05493e-008,0,0,0,2,0,0,0,9,
1436098,1.05493e-008,-1.52884e-008,-1.05493e-008,0,0,0,2,0,0,0,9,
1436138,1.05493e-008,-1.52884e-008,-1.05493e-008,0,0,0,2,0,0,0,9,
1436178,1.05493e-008,-1.52884e-008,-1.05493e-008,0,0,0,2,0,0,0,9,
1436218,1.05493e-008,-1.52884e-008,-1.05493e-008,0,0,0,2,0,0,0,9,
1436259,1.05493e-008,-1.52884e-008,-1.05493e-008,0,0,0,2,0,0,0,9,
1436299,1.05493e-008,-1.52884e-008,-1.05493e-008,0,0,0,2,0,0,0,9,
1436338,1.05493e-008,-1.52884e-008,-1.05493e-008,0,0,0,2,0,0,0,9,
1436378,1.05493e-008,-1.52884e-008,-1.05493e-008,0,0,0,2,0,0,0,9,
1436420,1.05493e-008,-1.52884e-008,-1.05493e-008,0,0,0,2,0,0,0,9,
1436458,1.05493e-008,-1.52884e-008,-1.05493e-008,0,0,0,2,0,0,0,9,
1436498,1.05493e-008,-1.52884e-008,-1.05493e-008,0,0,0,2,0,0,0,9,
1436538,1.05493e-008,-1.52884e-008,-1.05493e-008,0,0,0,2,0,0,0,9,
1436578,1.05493e-008,-1.52884e-008,-1.05493e-008,0,0,0,2,0,0,0,9,
1436619,1.05493e-008,-1.52884e-008,-1.05493e-008,0,0,0,2,0,0,0,9,
1436658,1.05493e-008,-1.52884e-008,-1.05493e-008,0,0,0,2,0,0,0,9,
1436698,1.05493e-008,-1.52884e-008,-1.05493e-008,0,0,0,2,0,0,0,9,
1436738,1.05493e-008,-1.52884e-008,-1.05493e-008,0,0,0,2,0,0,0,9,
1436778,1.05493e-008,-1.52884e-008,-1.05493e-008,0,0,0,2,0,0,0,9,
1436818,1.05493e-008,-1.52884e-008,-1.05493e-008,0,0,0,2,0,0,0,9,
1436858,1.05493e-008,-1.52884e-008,-1.05493e-008,0,0,0,2,0,0,0,9,
1436898,1.05493e-008,-1.52884e-008,-1.05493e-008,0,0,0,2,0,0,0,9,
1436938,1.05493e-008,-1.52884e-008,-1.05493e-008,0,0,0,2,0,0,0,9,
1436978,1.05493e-008,-1.52884e-008,-1.05493e-008,0,0,0,2,0,0,0,9,
1437018,1.05493e-008,-1.52884e-008,-1.05493e-008,0,0,0,2,0,0,0,9,
1437058,1.05493e-008,-1.52884e-008,-1.05493e-008,0,0,0,2,0,0,0,9,
1437098,1.05493e-008,-1.52884e-008,-1.05493e-008,0,0,0,2,0,0,0,9,
1437138,1.05493e-008,-1.52884e-008,-1.05493e-008,0,0,0,2,0,0,0,9,
1437178,1.05493e-008,-1.52884e-008,-1.05493e-008,0,0,0,2,0,0,0,9,
1437219,1.05493e-008,-1.52884e-008,-1.05493e-008,0,0,0,2,0,0,0,9,
1437258,1.05493e-008,-1.52884e-008,-1.05493e-008,0,0,0,2,0,0,0,9,
1437298,1.05493e-008,-1.52884e-008,-1.05493e-008,0,0,0,2,0,0,0,9,
1437338,1.05493e-008,-1.52884e-008,-1.05493e-008,0,0,0,2,0,0,0,9,
1437378,1.05493e-008,-1.52884e-008,-1.05493e-008,0,0,0,2,0,0,0,9,
1437418,1.05493e-008,-1.52884e-008,-1.05493e-008,0,0,0,2,0,0,0,9,
1437458,1.05493e-008,-1.52884e-008,-1.05493e-008,0,0,0,2,0,0,0,9,
1437498,1.05493e-008,-1.52884e-008,-1.05493e-008,0,0,0,2,0,0,0,9,
1437538,1.05493e-008,-1.52884e-008,-1.05493e-008,0,0,0,2,0,0,0,9,
1437578,1.05493e-008,-1.52884e-008,-1.05493e-008,0,0,0,2,0,0,0,9,
1437618,1.05493e-008,-1.52884e-008,-1.05493e-008,0,0,0,2,0,0,0,9,
1437658,1.05493e-008,-1.52884e-008,-1.05493e-008,0,0,0,2,0,0,0,9,
1437698,1.05493e-008,-1.52884e-008,-1.05493e-008,0,0,0,2,0,0,0,9,
1437738,1.05493e-008,-1.52884e-008,-1.05493e-008,0,0,0,2,0,0,0,9,
1437778,1.05493e-008,-1.52884e-008,-1.05493e-008,0,0,0,2,0,0,0,9,
1437818,1.05493e-008,-1.52884e-008,-1.05493e-008,0,0,0,2,0,0,0,9,
1437858,1.05493e-008,-1.52884e-008,-1.05493e-008,0,0,0,2,0,0,0,9,
1437898,1.05493e-008,-1.52884e-008,-1.05493e-008,0,0,0,2,0,0,0,9,
1437938,1.05493e-008,-1.52884e-008,-1.05493e-008,0,0,0,2,0,0,0,9,
1437978,1.05493e-008,-1.52884e-008,-1.05493e-008,0,0,0,2,0,0,0,9,
1438018,1.05493e-008,-1.52884e-008,-1.05493e-008,0,0,0,2,0,0,0,9,
1438058,1.05493e-008,-1.52884e-008,-1.05493e-008,0,0,0,2,0,0,0,9,
1438098,1.05493e-008,-1.52884e-008,-1.05493e-008,0,0,0,2,0,0,0,9,
1438139,1.05493e-008,-1.52884e-008,-1.05493e-008,0,0,0,2,0,0,0,9,
1438178,1.05493e-008,-1.52884e-008,-1.05493e-008,0,0,0,2,0,0,0,9,
1438218,1.05493e-008,-1.52884e-008,-1.05493e-008,0,0,0,2,0,0,0,9,
1438259,1.05493e-008,-1.52884e-008,-1.05493e-008,0,0,0,2,0,0,0,9,
1438299,1.05493e-008,-1.52884e-008,-1.05493e-008,0,0,0,2,0,0,0,9,
1438338,1.05493e-008,-1.52884e-008,-1.05493e-008,0,0,0,2,0,0,0,9,
1438378,1.05493e-008,-1.52884e-008,-1.05493e-008,0,0,0,2,0,0,0,9,
1438418,1.05493e-008,-1.52884e-008,-1.05493e-008,0,0,0,2,0,0,0,9,
1438458,1.05493e-008,-1.52884e-008,-1.05493e-008,0,0,0,2,0,0,0,9,
1438498,1.05493e-008,-1.52884e-008,-1.05493e-008,0,0,0,2,0,0,0,9,
1438538,1.05493e-008,-1.52884e-008,-1.05493e-008,0,0,0,2,0,0,0,9,
1438578,1.05493e-008,-1.52884e-008,-1.05493e-008,0,0,0,2,0,0,0,9,
1438618,1.05493e-008,-1.52884e-008,-1.05493e-008,0,0,0,2,0,0,0,9,
1438658,1.05493e-008,-1.52884e-008,-1.05493e-008,0,0,0,2,0,0,0,9,
1438698,1.05493e-008,-1.52884e-008,-1.05493e-008,0,0,0,2,0,0,0,9,
1438738,1.05493e-008,-1.52884e-008,-1.05493e-008,0,0,0,2,0,0,0,9,
1438778,1.05493e-008,-1.52884e-008,-1.05493e-008,0,0,0,2,0,0,0,9,
1438818,1.05493e-008,-1.52884e-008,-1.05493e-008,0,0,0,2,0,0,0,9,
1438858,1.05493e-008,-1.52884e-008,-1.05493e-008,0,0,0,2,0,0,0,9,
1438898,1.05493e-008,-1.52884e-008,-1.05493e-008,0,0,0,2,0,0,0,9,
1438938,1.05493e-008,-1.52884e-008,-1.05493e-008,0,0,0,2,0,0,0,9,
1438978,1.05493e-008,-1.52884e-008,-1.05493e-008,0,0,0,2,0,0,0,9,
1439019,1.05493e-008,-1.52884e-008,-1.05493e-008,0,0,0,2,0,0,0,9,
1439058,1.05493e-008,-1.52884e-008,-1.05493e-008,0,0,0,2,0,0,0,9,
1439098,1.05493e-008,-1.52884e-008,-1.05493e-008,0,0,0,2,0,0,0,9,
1439138,1.05493e-008,-1.52884e-008,-1.05493e-008,0,0,0,2,0,0,0,9,
1439178,1.05493e-008,-1.52884e-008,-1.05493e-008,0,0,0,2,0,0,0,9,
1439218,1.05493e-008,-1.52884e-008,-1.05493e-008,0,0,0,2,0,0,0,9,
1439258,1.05493e-008,-1.52884e-008,-1.05493e-008,0,0,0,2,0,0,0,9,
1439298,1.05493e-008,-1.52884e-008,-1.05493e-008,0,0,0,2,0,0,0,9,
1439338,1.05493e-008,-1.52884e-008,-1.05493e-008,0,0,0,2,0,0,0,9,
1439378,1.05493e-008,-1.52884e-008,-1.05493e-008,0,0,0,2,0,0,0,9,
1439418,1.05493e-008,-1.52884e-008,-1.05493e-008,0,0,0,2,0,0,0,9,
1439458,1.05493e-008,-1.52884e-008,-1.05493e-008,0,0,0,2,0,0,0,9,
1439498,1.05493e-008,-1.52884e-008,-1.05493e-008,0,0,0,2,0,0,0,9,
1439538,1.05493e-008,-1.52884e-008,-1.05493e-008,0,0,0,2,0,0,0,9,
1439578,1.05493e-008,-1.52884e-008,-1.05493e-008,0,0,0,2,0,0,0,9,
1439618,1.05493e-008,-1.52884e-008,-1.05493e-008,0,0,0,2,0,0,0,9,
1439658,1.05493e-008,-1.52884e-008,-1.05493e-008,0,0,0,2,0,0,0,9,
1439698,1.05493e-008,-1.52884e-008,-1.05493e-008,0,0,0,2,0,0,0,9,
1439738,1.05493e-008,-1.52884e-008,-1.05493e-008,0,0,0,2,0,0,0,9,
1439778,1.05493e-008,-1.52884e-008,-1.05493e-008,0,0,0,2,0,0,0,9,
1439818,1.05493e-008,-1.52884e-008,-1.05493e-008,0,0,0,2,0,0,0,9,
1439858,1.05493e-008,-1.52884e-008,-1.05493e-008,0,0,0,2,0,0,0,9,
1439898,1.05493e-008,-1.52884e-008,-1.05493e-008,0,0,0,2,0,0,0,9,
1439938,1.05493e-008,-1.52884e-008,-1.05493e-008,0,0,0,2,0,0,0,9,
1439978,1.05493e-008,-1.52884e-008,-1.05493e-008,0,0,0,2,0,0,0,9,
1440018,1.05493e-008,-1.52884e-008,-1.05493e-008,0,0,0,2,0,0,0,9,
1440058,1.05493e-008,-1.52884e-008,-1.05493e-008,0,0,0,2,0,0,0,9,
1440099,1.05493e-008,-1.52884e-008,-1.05493e-008,0,0,0,2,0,0,0,9,
1440138,1.05493e-008,-1.52884e-008,-1.05493e-008,0,0,0,2,0,0,0,9,
1440180,1.05493e-008,-1.52884e-008,-1.05493e-008,0,0,0,2,0,0,0,9,
1440218,1.05493e-008,-1.52884e-008,-1.05493e-008,0,0,0,2,0,0,0,9,
1440258,1.05493e-008,-1.52884e-008,-1.05493e-008,0,0,0,2,0,0,0,9,
1440299,1.05493e-008,-1.52884e-008,-1.05493e-008,0,0,0,2,0,0,0,9,
1440338,1.05493e-008,-1.52884e-008,-1.05493e-008,0,0,0,2,0,0,0,9,
1440378,1.05493e-008,-1.52884e-008,-1.05493e-008,0,0,0,2,0,0,0,9,
1440418,1.05493e-008,-1.52884e-008,-1.05493e-008,0,0,0,2,0,0,0,9,
1440458,1.05493e-008,-1.52884e-008,-1.05493e-008,0,0,0,2,0,0,0,9,
1440499,1.05493e-008,-1.52884e-008,-1.05493e-008,0,0,0,2,0,0,0,9,
1440538,1.05493e-008,-1.52884e-008,-1.05493e-008,0,0,0,2,0,0,0,9,
1440578,1.05493e-008,-1.52884e-008,-1.05493e-008,0,0,0,2,0,0,0,9,
1440618,1.05493e-008,-1.52884e-008,-1.05493e-008,0,0,0,2,0,0,0,9,
1440659,1.05493e-008,-1.52884e-008,-1.05493e-008,0,0,0,2,0,0,0,9,
1440698,1.05493e-008,-1.52884e-008,-1.05493e-008,0,0,0,2,0,0,0,9,
1440738,1.05493e-008,-1.52884e-008,-1.05493e-008,0,0,0,2,0,0,0,9,
1440778,1.05493e-008,-1.52884e-008,-1.05493e-008,0,0,0,2,0,0,0,9,
1440818,1.05493e-008,-1.52884e-008,-1.05493e-008,0,0,0,2,0,0,0,9,
1440858,1.05493e-008,-1.52884e-008,-1.05493e-008,0,0,0,2,0,0,0,9,
1440898,1.05493e-008,-1.52884e-008,-1.05493e-008,0,0,0,2,0,0,0,9,
1440938,1.05493e-008,-1.52884e-008,-1.05493e-008,0,0,0,2,0,0,0,9,
1440978,1.05493e-008,-1.52884e-008,-1.05493e-008,0,0,0,2,0,0,0,9,
1441018,1.05493e-008,-1.52884e-008,-1.05493e-008,0,0,0,2,0,0,0,9,
1441058,1.05493e-008,-1.52884e-008,-1.05493e-008,0,0,0,2,0,0,0,9,
1441098,1.05493e-008,-1.52884e-008,-1.05493e-008,0,0,0,2,0,0,0,9,
1441138,1.05493e-008,-1.52884e-008,-1.05493e-008,0,0,0,2,0,0,0,9,
1441178,1.05493e-008,-1.52884e-008,-1.05493e-008,0,0,0,2,0,0,0,9,
1441218,1.05493e-008,-1.52884e-008,-1.05493e-008,0,0,0,2,0,0,0,9,
1441258,1.05493e-008,-1.52884e-008,-1.05493e-008,0,0,0,2,0,0,0,9,
1441298,1.05493e-008,-1.52884e-008,-1.05493e-008,0,0,0,2,0,0,0,9,
1441338,1.05493e-008,-1.52884e-008,-1.05493e-008,0,0,0,2,0,0,0,9,
1441378,1.05493e-008,-1.52884e-008,-1.05493e-008,0,0,0,2,0,0,0,9,
1441418,1.05493e-008,-1.52884e-008,-1.05493e-008,0,0,0,2,0,0,0,9,
1441458,1.05493e-008,-1.52884e-008,-1.05493e-008,0,0,0,2,0,0,0,9,
1441498,1.05493e-008,-1.52884e-008,-1.05493e-008,0,0,0,2,0,0,0,9,
1441538,1.05493e-008,-1.52884e-008,-1.05493e-008,0,0,0,2,0,0,0,9,
1441578,1.05493e-008,-1.52884e-008,-1.05493e-008,0,0,0,2,0,0,0,9,
1441618,1.05493e-008,-1.52884e-008,-1.05493e-008,0,0,0,2,0,0,0,9,
1441658,1.05493e-008,-1.52884e-008,-1.05493e-008,0,0,0,2,0,0,0,9,
1441698,1.05493e-008,-1.52884e-008,-1.05493e-008,0,0,0,2,0,0,0,9,
1441738,1.05493e-008,-1.52884e-008,-1.05493e-008,0,0,0,2,0,0,0,9,
1441778,1.05493e-008,-1.52884e-008,-1.05493e-008,0,0,0,2,0,0,0,9,
1441818,1.05493e-008,-1.52884e-008,-1.05493e-008,0,0,0,2,0,0,0,9,
1441858,1.05493e-008,-1.52884e-008,-1.05493e-008,0,0,0,2,0,0,0,9,
1441898,1.05493e-008,-1.52884e-008,-1.05493e-008,0,0,0,2,0,0,0,9,
1441938,1.05493e-008,-1.52884e-008,-1.05493e-008,0,0,0,2,0,0,0,9,
1441979,1.05493e-008,-1.52884e-008,-1.05493e-008,0,0,0,2,0,0,0,9,
1442018,1.05493e-008,-1.52884e-008,-1.05493e-008,0,0,0,2,0,0,0,9,
1442059,1.05493e-008,-1.52884e-008,-1.05493e-008,0,0,0,2,0,0,0,9,
1442098,1.05493e-008,-1.52884e-008,-1.05493e-008,0,0,0,2,0,0,0,9,
1442138,1.05493e-008,-1.52884e-008,-1.05493e-008,0,0,0,2,0,0,0,9,
1442178,1.05493e-008,-1.52884e-008,-1.05493e-008,0,0,0,2,0,0,0,9,
1442218,1.05493e-008,-1.52884e-008,-1.05493e-008,0,0,0,2,0,0,0,9,
1442259,1.05493e-008,-1.52884e-008,-1.05493e-008,0,0,0,2,0,0,0,9,
1442298,1.05493e-008,-1.52884e-008,-1.05493e-008,0,0,0,2,0,0,0,9,
1442339,1.05493e-008,-1.52884e-008,-1.05493e-008,0,0,0,2,0,0,0,9,
1442379,1.05493e-008,-1.52884e-008,-1.05493e-008,0,0,0,2,0,0,0,9,
1442418,1.05493e-008,-1.52884e-008,-1.05493e-008,0,0,0,2,0,0,0,9,
1442458,1.05493e-008,-1.52884e-008,-1.05493e-008,0,0,0,2,0,0,0,9,
1442499,1.05493e-008,-1.52884e-008,-1.05493e-008,0,0,0,2,0,0,0,9,
1442538,1.05493e-008,-1.52884e-008,-1.05493e-008,0,0,0,2,0,0,0,9,
1442578,1.05493e-008,-1.52884e-008,-1.05493e-008,0,0,0,2,0,0,0,9,
1442618,1.05493e-008,-1.52884e-008,-1.05493e-008,0,0,0,2,0,0,0,9,
1442659,1.05493e-008,-1.52884e-008,-1.05493e-008,0,0,0,2,0,0,0,9,
1442699,1.05493e-008,-1.52884e-008,-1.05493e-008,0,0,0,2,0,0,0,9,
1442738,1.05493e-008,-1.52884e-008,-1.05493e-008,0,0,0,2,0,0,0,9,
1442778,1.05493e-008,-1.52884e-008,-1.05493e-008,0,0,0,2,0,0,0,9,
1442819,1.05493e-008,-1.52884e-008,-1.05493e-008,0,0,0,2,0,0,0,9,
1442858,1.05493e-008,-1.52884e-008,-1.05493e-008,0,0,0,2,0,0,0,9,
1442898,1.05493e-008,-1.52884e-008,-1.05493e-008,0,0,0,2,0,0,0,9,
1442938,1.05493e-008,-1.52884e-008,-1.05493e-008,0,0,0,2,0,0,0,9,
1442979,1.05493e-008,-1.52884e-008,-1.05493e-008,0,0,0,2,0,0,0,9,
1443018,1.05493e-008,-1.52884e-008,-1.05493e-008,0,0,0,2,0,0,0,9,
1443058,1.05493e-008,-1.52884e-008,-1.05493e-008,0,0,0,2,0,0,0,9,
1443098,1.05493e-008,-1.52884e-008,-1.05493e-008,0,0,0,2,0,0,0,9,
1443138,1.05493e-008,-1.52884e-008,-1.05493e-008,0,0,0,2,0,0,0,9,
1443178,1.05493e-008,-1.52884e-008,-1.05493e-008,0,0,0,2,0,0,0,9,
1443218,1.05493e-008,-1.52884e-008,-1.05493e-008,0,0,0,2,0,0,0,9,
1443258,1.05493e-008,-1.52884e-008,-1.05493e-008,0,0,0,2,0,0,0,9,
1443298,1.05493e-008,-1.52884e-008,-1.05493e-008,0,0,0,2,0,0,0,9,
1443338,1.05493e-008,-1.52884e-008,-1.05493e-008,0,0,0,2,0,0,0,9,
1443378,1.05493e-008,-1.52884e-008,-1.05493e-008,0,0,0,2,0,0,0,9,
1443418,1.05493e-008,-1.52884e-008,-1.05493e-008,0,0,0,2,0,0,0,9,
1443458,1.05493e-008,-1.52884e-008,-1.05493e-008,0,0,0,2,0,0,0,9,
1443498,1.05493e-008,-1.52884e-008,-1.05493e-008,0,0,0,2,0,0,0,9,
1443538,1.05493e-008,-1.52884e-008,-1.05493e-008,0,0,0,2,0,0,0,9,
1443578,1.05493e-008,-1.52884e-008,-1.05493e-008,0,0,0,2,0,0,0,9,
1443618,1.05493e-008,-1.52884e-008,-1.05493e-008,0,0,0,2,0,0,0,9,
1443658,1.05493e-008,-1.52884e-008,-1.05493e-008,0,0,0,2,0,0,0,9,
1443698,1.05493e-008,-1.52884e-008,-1.05493e-008,0,0,0,2,0,0,0,9,
1443738,1.05493e-008,-1.52884e-008,-1.05493e-008,0,0,0,2,0,0,0,9,
1443779,1.05493e-008,-1.52884e-008,-1.05493e-008,0,0,0,2,0,0,0,9,
1443818,1.05493e-008,-1.52884e-008,-1.05493e-008,0,0,0,2,0,0,0,9,
1443858,1.05493e-008,-1.52884e-008,-1.05493e-008,0,0,0,2,0,0,0,9,
1443898,1.05493e-008,-1.52884e-008,-1.05493e-008,0,0,0,2,0,0,0,9,
1443939,1.05493e-008,-1.52884e-008,-1.05493e-008,0,0,0,2,0,0,0,9,
1443978,1.05493e-008,-1.52884e-008,-1.05493e-008,0,0,0,2,0,0,0,9,
1444018,1.05493e-008,-1.52884e-008,-1.05493e-008,0,0,0,2,0,0,0,9,
1444058,1.05493e-008,-1.52884e-008,-1.05493e-008,0,0,0,2,0,0,0,9,
1444099,1.05493e-008,-1.52884e-008,-1.05493e-008,0,0,0,2,0,0,0,9,
1444138,1.05493e-008,-1.52884e-008,-1.05493e-008,0,0,0,2,0,0,0,9,
1444178,1.05493e-008,-1.52884e-008,-1.05493e-008,0,0,0,2,0,0,0,9,
1444219,1.05493e-008,-1.52884e-008,-1.05493e-008,0,0,0,2,0,0,0,9,
1444259,1.05493e-008,-1.52884e-008,-1.05493e-008,0,0,0,2,0,0,0,9,
1444299,1.05493e-008,-1.52884e-008,-1.05493e-008,0,0,0,2,0,0,0,9,
1444339,1.05493e-008,-1.52884e-008,-1.05493e-008,0,0,0,2,0,0,0,9,
1444378,1.05493e-008,-1.52884e-008,-1.05493e-008,0,0,0,2,0,0,0,9,
1444418,1.05493e-008,-1.52884e-008,-1.05493e-008,0,0,0,2,0,0,0,9,
1444458,1.05493e-008,-1.52884e-008,-1.05493e-008,0,0,0,2,0,0,0,9,
1444498,1.05493e-008,-1.52884e-008,-1.05493e-008,0,0,0,2,0,0,0,9,
1444538,1.05493e-008,-1.52884e-008,-1.05493e-008,0,0,0,2,0,0,0,9,
1444578,1.05493e-008,-1.52884e-008,-1.05493e-008,0,0,0,2,0,0,0,9,
1444618,1.05493e-008,-1.52884e-008,-1.05493e-008,0,0,0,2,0,0,0,9,
1444658,1.05493e-008,-1.52884e-008,-1.05493e-008,0,0,0,2,0,0,0,9,
1444698,1.05493e-008,-1.52884e-008,-1.05493e-008,0,0,0,2,0,0,0,9,
1444738,1.05493e-008,-1.52884e-008,-1.05493e-008,0,0,0,2,0,0,0,9,
1444778,1.05493e-008,-1.52884e-008,-1.05493e-008,0,0,0,2,0,0,0,9,
1444818,1.05493e-008,-1.52884e-008,-1.05493e-008,0,0,0,2,0,0,0,9,
1444858,1.05493e-008,-1.52884e-008,-1.05493e-008,0,0,0,2,0,0,0,9,
1444898,1.05493e-008,-1.52884e-008,-1.05493e-008,0,0,0,2,0,0,0,9,
1444938,1.05493e-008,-1.52884e-008,-1.05493e-008,0,0,0,2,0,0,0,9,
1444978,1.05493e-008,-1.52884e-008,-1.05493e-008,0,0,0,2,0,0,0,9,
1445018,1.05493e-008,-1.52884e-008,-1.05493e-008,0,0,0,2,0,0,0,9,
1445058,1.05493e-008,-1.52884e-008,-1.05493e-008,0,0,0,2,0,0,0,9,
1445098,1.05493e-008,-1.52884e-008,-1.05493e-008,0,0,0,2,0,0,0,9,
1445138,1.05493e-008,-1.52884e-008,-1.05493e-008,0,0,0,2,0,0,0,9,
1445178,1.05493e-008,-1.52884e-008,-1.05493e-008,0,0,0,2,0,0,0,9,
1445218,1.05493e-008,-1.52884e-008,-1.05493e-008,0,0,0,2,0,0,0,9,
1445258,1.05493e-008,-1.52884e-008,-1.05493e-008,0,0,0,2,0,0,0,9,
1445298,1.05493e-008,-1.52884e-008,-1.05493e-008,0,0,0,2,0,0,0,9,
1445338,1.05493e-008,-1.52884e-008,-1.05493e-008,0,0,0,2,0,0,0,9,
1445378,1.05493e-008,-1.52884e-008,-1.05493e-008,0,0,0,2,0,0,0,9,
1445418,1.05493e-008,-1.52884e-008,-1.05493e-008,0,0,0,2,0,0,0,9,
1445458,1.05493e-008,-1.52884e-008,-1.05493e-008,0,0,0,2,0,0,0,9,
1445498,1.05493e-008,-1.52884e-008,-1.05493e-008,0,0,0,2,0,0,0,9,
1445538,1.05493e-008,-1.52884e-008,-1.05493e-008,0,0,0,2,0,0,0,9,
1445578,1.05493e-008,-1.52884e-008,-1.05493e-008,0,0,0,2,0,0,0,9,
1445618,1.05493e-008,-1.52884e-008,-1.05493e-008,0,0,0,2,0,0,0,9,
1445658,1.05493e-008,-1.52884e-008,-1.05493e-008,0,0,0,2,0,0,0,9,
1445698,1.05493e-008,-1.52884e-008,-1.05493e-008,0,0,0,2,0,0,0,9,
1445738,1.05493e-008,-1.52884e-008,-1.05493e-008,0,0,0,2,0,0,0,9,
1445778,1.05493e-008,-1.52884e-008,-1.05493e-008,0,0,0,2,0,0,0,9,
1445819,1.05493e-008,-1.52884e-008,-1.05493e-008,0,0,0,2,0,0,0,9,
1445858,1.05493e-008,-1.52884e-008,-1.05493e-008,0,0,0,2,0,0,0,9,
1445898,1.05493e-008,-1.52884e-008,-1.05493e-008,0,0,0,2,0,0,0,9,
1445938,1.05493e-008,-1.52884e-008,-1.05493e-008,0,0,0,2,0,0,0,9,
1445978,1.05493e-008,-1.52884e-008,-1.05493e-008,0,0,0,2,0,0,0,9,
1446019,1.05493e-008,-1.52884e-008,-1.05493e-008,0,0,0,2,0,0,0,9,
1446058,1.05493e-008,-1.52884e-008,-1.05493e-008,0,0,0,2,0,0,0,9,
1446098,1.05493e-008,-1.52884e-008,-1.05493e-008,0,0,0,2,0,0,0,9,
1446139,1.05493e-008,-1.52884e-008,-1.05493e-008,0,0,0,2,0,0,0,9,
1446178,1.05493e-008,-1.52884e-008,-1.05493e-008,0,0,0,2,0,0,0,9,
1446218,1.05493e-008,-1.52884e-008,-1.05493e-008,0,0,0,2,0,0,0,9,
1446258,1.05493e-008,-1.52884e-008,-1.05493e-008,0,0,0,2,0,0,0,9,
1446299,1.05493e-008,-1.52884e-008,-1.05493e-008,0,0,0,2,0,0,0,9,
1446339,1.05493e-008,-1.52884e-008,-1.05493e-008,0,0,0,2,0,0,0,9,
1446379,1.05493e-008,-1.52884e-008,-1.05493e-008,0,0,0,2,0,0,0,9,
1446419,1.05493e-008,-1.52884e-008,-1.05493e-008,0,0,0,2,0,0,0,9,
1446458,1.05493e-008,-1.52884e-008,-1.05493e-008,0,0,0,2,0,0,0,9,
1446498,1.05493e-008,-1.52884e-008,-1.05493e-008,0,0,0,2,0,0,0,9,
1446538,1.05493e-008,-1.52884e-008,-1.05493e-008,0,0,0,2,0,0,0,9,
1446579,1.05493e-008,-1.52884e-008,-1.05493e-008,0,0,0,2,0,0,0,9,
1446619,1.05493e-008,-1.52884e-008,-1.05493e-008,0,0,0,2,0,0,0,9,
1446659,1.05493e-008,-1.52884e-008,-1.05493e-008,0,0,0,2,0,0,0,9,
1446698,1.05493e-008,-1.52884e-008,-1.05493e-008,0,0,0,2,0,0,0,9,
1446738,1.05493e-008,-1.52884e-008,-1.05493e-008,0,0,0,2,0,0,0,9,
1446778,1.05493e-008,-1.52884e-008,-1.05493e-008,0,0,0,2,0,0,0,9,
1446818,1.05493e-008,-1.52884e-008,-1.05493e-008,0,0,0,2,0,0,0,9,
1446858,1.05493e-008,-1.52884e-008,-1.05493e-008,0,0,0,2,0,0,0,9,
1446898,1.05493e-008,-1.52884e-008,-1.05493e-008,0,0,0,2,0,0,0,9,
1446938,1.05493e-008,-1.52884e-008,-1.05493e-008,0,0,0,2,0,0,0,9,
1446978,1.05493e-008,-1.52884e-008,-1.05493e-008,0,0,0,2,0,0,0,9,
1447018,1.05493e-008,-1.52884e-008,-1.05493e-008,0,0,0,2,0,0,0,9,
1447058,1.05493e-008,-1.52884e-008,-1.05493e-008,0,0,0,2,0,0,0,9,
1447098,1.05493e-008,-1.52884e-008,-1.05493e-008,0,0,0,2,0,0,0,9,
1447138,1.05493e-008,-1.52884e-008,-1.05493e-008,0,0,0,2,0,0,0,9,
1447178,1.05493e-008,-1.52884e-008,-1.05493e-008,0,0,0,2,0,0,0,9,
1447218,1.05493e-008,-1.52884e-008,-1.05493e-008,0,0,0,2,0,0,0,9,
1447258,1.05493e-008,-1.52884e-008,-1.05493e-008,0,0,0,2,0,0,0,9,
1447299,1.05493e-008,-1.52884e-008,-1.05493e-008,0,0,0,2,0,0,0,9,
1447338,1.05493e-008,-1.52884e-008,-1.05493e-008,0,0,0,2,0,0,0,9,
1447378,1.05493e-008,-1.52884e-008,-1.05493e-008,0,0,0,2,0,0,0,9,
1447418,1.05493e-008,-1.52884e-008,-1.05493e-008,0,0,0,2,0,0,0,9,
1447458,1.05493e-008,-1.52884e-008,-1.05493e-008,0,0,0,2,0,0,0,9,
1447498,1.05493e-008,-1.52884e-008,-1.05493e-008,0,0,0,2,0,0,0,9,
1447538,1.05493e-008,-1.52884e-008,-1.05493e-008,0,0,0,2,0,0,0,9,
1447578,1.05493e-008,-1.52884e-008,-1.05493e-008,0,0,0,2,0,0,0,9,
1447618,1.05493e-008,-1.52884e-008,-1.05493e-008,0,0,0,2,0,0,0,9,
1447659,1.05493e-008,-1.52884e-008,-1.05493e-008,0,0,0,2,0,0,0,9,
1447698,1.05493e-008,-1.52884e-008,-1.05493e-008,0,0,0,2,0,0,0,9,
1447739,1.05493e-008,-1.52884e-008,-1.05493e-008,0,0,0,2,0,0,0,9,
1447778,1.05493e-008,-1.52884e-008,-1.05493e-008,0,0,0,2,0,0,0,9,
1447818,1.05493e-008,-1.52884e-008,-1.05493e-008,0,0,0,2,0,0,0,9,
1447858,1.05493e-008,-1.52884e-008,-1.05493e-008,0,0,0,2,0,0,0,9,
1447898,1.05493e-008,-1.52884e-008,-1.05493e-008,0,0,0,2,0,0,0,9,
1447938,1.05493e-008,-1.52884e-008,-1.05493e-008,0,0,0,2,0,0,0,9,
1447978,1.05493e-008,-1.52884e-008,-1.05493e-008,0,0,0,2,0,0,0,9,
1448019,1.05493e-008,-1.52884e-008,-1.05493e-008,0,0,0,2,0,0,0,9,
1448058,1.05493e-008,-1.52884e-008,-1.05493e-008,0,0,0,2,0,0,0,9,
1448098,1.05493e-008,-1.52884e-008,-1.05493e-008,0,0,0,2,0,0,0,9,
1448138,1.05493e-008,-1.52884e-008,-1.05493e-008,0,0,0,2,0,0,0,9,
1448178,1.05493e-008,-1.52884e-008,-1.05493e-008,0,0,0,2,0,0,0,9,
1448218,1.05493e-008,-1.52884e-008,-1.05493e-008,0,0,0,2,0,0,0,9,
1448258,1.05493e-008,-1.52884e-008,-1.05493e-008,0,0,0,2,0,0,0,9,
1448299,1.05493e-008,-1.52884e-008,-1.05493e-008,0,0,0,2,0,0,0,9,
1448338,1.05493e-008,-1.52884e-008,-1.05493e-008,0,0,0,2,0,0,0,9,
1448378,1.05493e-008,-1.52884e-008,-1.05493e-008,0,0,0,2,0,0,0,9,
1448418,1.05493e-008,-1.52884e-008,-1.05493e-008,0,0,0,2,0,0,0,9,
1448458,1.05493e-008,-1.52884e-008,-1.05493e-008,0,0,0,2,0,0,0,9,
1448498,1.05493e-008,-1.52884e-008,-1.05493e-008,0,0,0,2,0,0,0,9,
1448538,1.05493e-008,-1.52884e-008,-1.05493e-008,0,0,0,2,0,0,0,9,
1448579,1.05493e-008,-1.52884e-008,-1.05493e-008,0,0,0,2,0,0,0,9,
1448618,1.05493e-008,-1.52884e-008,-1.05493e-008,0,0,0,2,0,0,0,9,
1448658,1.05493e-008,-1.52884e-008,-1.05493e-008,0,0,0,2,0,0,0,9,
1448699,1.05493e-008,-1.52884e-008,-1.05493e-008,0,0,0,2,0,1,0,9,
1448739,1.05493e-008,-1.52884e-008,-1.05493e-008,0,0,0,2,0,1,0,9,
1448778,1.05493e-008,-1.52884e-008,-1.05493e-008,0,0,0,2,0,1,0,9,
1448818,1.05493e-008,-1.52884e-008,-1.05493e-008,0,0,0,2,0,1,0,9,
1448858,1.05493e-008,-1.52884e-008,-1.05493e-008,0,0,0,2,0,1,0,9,
1448899,1.05493e-008,-1.52884e-008,-1.05493e-008,0,0,0,2,0,1,0,9,
1448938,1.05493e-008,-1.52884e-008,-1.05493e-008,0,0,0,2,0,1,0,9,
1448978,1.05493e-008,-1.52884e-008,-1.05493e-008,0,0,0,2,0,1,0,9,
1449018,1.05493e-008,-1.52884e-008,-1.05493e-008,0,0,0,2,0,1,0,9,
1449059,1.05493e-008,-1.52884e-008,-1.05493e-008,0,0,0,2,0,1,0,9,
1449098,1.05493e-008,-1.52884e-008,-1.05493e-008,0,0,0,2,0,1,0,9,
1449138,1.05493e-008,-1.52884e-008,-1.05493e-008,0,0,0,2,0,1,0,9,
1449178,1.05493e-008,-1.52884e-008,-1.05493e-008,0,0,0,2,0,1,0,9,
1449218,1.05493e-008,-1.52884e-008,-1.05493e-008,0,0,0,2,0,1,0,9,
1449258,1.05493e-008,-1.52884e-008,-1.05493e-008,0,0,0,2,0,1,0,9,
1449298,1.05493e-008,-1.52884e-008,-1.05493e-008,0,0,0,2,0,1,0,9,
1449338,1.05493e-008,-1.52884e-008,-1.05493e-008,0,0,0,2,0,1,0,9,
1449378,1.05493e-008,-1.52884e-008,-1.05493e-008,0,0,0,2,0,1,0,9,
1449418,1.05493e-008,-1.52884e-008,-1.05493e-008,0,0,0,2,0,1,0,9,
1449458,1.05493e-008,-1.52884e-008,-1.05493e-008,0,0,0,2,0,1,0,9,
1449498,1.05493e-008,-1.52884e-008,-1.05493e-008,0,0,0,2,0,1,0,9,
1449538,1.05493e-008,-1.52884e-008,-1.05493e-008,0,0,0,2,0,1,0,9,
1449578,1.05493e-008,-1.52884e-008,-1.05493e-008,0,0,0,2,0,1,0,9,
1449618,1.05493e-008,-1.52884e-008,-1.05493e-008,0,0,0,2,0,1,0,9,
1449658,1.05493e-008,-1.52884e-008,-1.05493e-008,0,0,0,2,0,1,0,9,
1449699,1.05493e-008,-1.52884e-008,-1.05493e-008,0,0,0,2,0,1,0,9,
1449738,1.05493e-008,-1.52884e-008,-1.05493e-008,0,0,0,2,0,1,0,9,
1449779,1.05493e-008,-1.52884e-008,-1.05493e-008,0,0,0,2,0,1,0,9,
1449818,1.05493e-008,-1.52884e-008,-1.05493e-008,0,0,0,2,0,1,0,9,
1449858,1.05493e-008,-1.52884e-008,-1.05493e-008,0,0,0,2,0,1,0,9,
1449899,1.05493e-008,-1.52884e-008,-1.05493e-008,0,0,0,2,0,1,0,9,
1449938,1.05493e-008,-1.52884e-008,-1.05493e-008,0,0,0,2,0,1,0,9,
1449978,1.05493e-008,-1.52884e-008,-1.05493e-008,0,0,0,2,0,1,0,9,
1450018,1.05493e-008,-1.52884e-008,-1.05493e-008,0,0,0,2,0,1,0,9,
1450058,1.05493e-008,-1.52884e-008,-1.05493e-008,0,0,0,2,0,1,0,9,
1450098,1.05493e-008,-1.52884e-008,-1.05493e-008,0,0,0,2,0,1,0,9,
1450138,1.05493e-008,-1.52884e-008,-1.05493e-008,0,0,0,2,0,1,0,9,
1450178,1.05493e-008,-1.52884e-008,-1.05493e-008,0,0,0,2,0,1,0,9,
1450218,1.05493e-008,-1.52884e-008,-1.05493e-008,0,0,0,2,0,1,0,9,
1450258,1.05493e-008,-1.52884e-008,-1.05493e-008,0,0,0,2,0,1,0,9,
1450298,1.05493e-008,-1.52884e-008,-1.05493e-008,0,0,0,2,0,1,0,9,
1450338,1.05493e-008,-1.52884e-008,-1.05493e-008,0,0,0,2,0,1,0,9,
1450378,1.05493e-008,-1.52884e-008,-1.05493e-008,0,0,0,2,0,1,0,9,
1450418,1.05493e-008,-1.52884e-008,-1.05493e-008,0,0,0,2,0,1,0,9,
1450458,1.05493e-008,-1.52884e-008,-1.05493e-008,0,0,0,2,0,1,0,9,
1450499,1.05493e-008,-1.52884e-008,-1.05493e-008,0,0,0,2,0,1,0,9,
1450538,1.05493e-008,-1.52884e-008,-1.05493e-008,0,0,0,2,0,1,0,9,
1450578,1.05493e-008,-1.52884e-008,-1.05493e-008,0,0,0,2,0,1,0,9,
1450618,1.05493e-008,-1.52884e-008,-1.05493e-008,0,0,0,2,0,1,0,9,
1450659,1.05493e-008,-1.52884e-008,-1.05493e-008,0,0,0,2,0,1,0,9,
1450698,1.05493e-008,-1.52884e-008,-1.05493e-008,0,0,0,2,0,1,0,9,
1450738,1.05493e-008,-1.52884e-008,-1.05493e-008,0,0,0,2,0,1,0,9,
1450778,1.05493e-008,-1.52884e-008,-1.05493e-008,0,0,0,2,0,1,0,9,
1450818,1.05493e-008,-1.52884e-008,-1.05493e-008,0,0,0,2,0,1,0,9,
1450858,1.05493e-008,-1.52884e-008,-1.05493e-008,0,0,0,2,0,1,0,9,
1450898,1.05493e-008,-1.52884e-008,-1.05493e-008,0,0,0,2,0,1,0,9,
1450938,1.05493e-008,-1.52884e-008,-1.05493e-008,0,0,0,2,0,1,0,9,
1450979,1.05493e-008,-1.52884e-008,-1.05493e-008,0,0,0,2,0,1,0,9,
1451018,1.05493e-008,-1.52884e-008,-1.05493e-008,0,0,0,2,0,1,0,9,
1451058,1.05493e-008,-1.52884e-008,-1.05493e-008,0,0,0,2,0,1,0,9,
1451098,1.05493e-008,-1.52884e-008,-1.05493e-008,0,0,0,2,0,1,0,9,
1451138,1.05493e-008,-1.52884e-008,-1.05493e-008,0,0,0,2,0,1,0,9,
1451178,1.05493e-008,-1.52884e-008,-1.05493e-008,0,0,0,2,0,1,0,9,
1451218,1.05493e-008,-1.52884e-008,-1.05493e-008,0,0,0,2,0,1,0,9,
1451258,1.05493e-008,-1.52884e-008,-1.05493e-008,0,0,0,2,0,1,0,9,
1451298,1.05493e-008,-1.52884e-008,-1.05493e-008,0,0,0,2,0,1,0,9,
1451338,1.05493e-008,-1.52884e-008,-1.05493e-008,0,0,0,2,0,1,0,9,
1451378,1.05493e-008,-1.52884e-008,-1.05493e-008,0,0,0,2,0,1,0,9,
1451418,1.05493e-008,-1.52884e-008,-1.05493e-008,0,0,0,2,0,1,0,9,
1451458,1.05493e-008,-1.52884e-008,-1.05493e-008,0,0,0,2,0,1,0,9,
1451498,1.05493e-008,-1.52884e-008,-1.05493e-008,0,0,0,2,0,1,0,9,
1451538,1.05493e-008,-1.52884e-008,-1.05493e-008,0,0,0,2,0,1,0,9,
1451578,1.05493e-008,-1.52884e-008,-1.05493e-008,0,0,0,2,0,1,0,9,
1451618,1.05493e-008,-1.52884e-008,-1.05493e-008,0,0,0,2,0,1,0,9,
1451658,1.05493e-008,-1.52884e-008,-1.05493e-008,0,0,0,2,0,1,0,9,
1451698,1.05493e-008,-1.52884e-008,-1.05493e-008,0,0,0,2,0,1,0,9,
1451739,1.05493e-008,-1.52884e-008,-1.05493e-008,0,0,0,2,0,1,0,9,
1451780,1.05493e-008,-1.52884e-008,-1.05493e-008,0,0,0,2,0,1,0,9,
1451818,1.05493e-008,-1.52884e-008,-1.05493e-008,0,0,0,2,0,1,0,9,
1451858,1.05493e-008,-1.52884e-008,-1.05493e-008,0,0,0,2,0,1,0,9,
1451899,1.05493e-008,-1.52884e-008,-1.05493e-008,0,0,0,2,0,1,0,9,
1451938,1.05493e-008,-1.52884e-008,-1.05493e-008,0,0,0,2,0,1,0,9,
1451978,1.05493e-008,-1.52884e-008,-1.05493e-008,0,0,0,2,0,1,0,9,
1452018,1.05493e-008,-1.52884e-008,-1.05493e-008,0,0,0,2,0,1,0,9,
1452058,1.05493e-008,-1.52884e-008,-1.05493e-008,0,0,0,2,0,1,0,9,
1452099,1.05493e-008,-1.52884e-008,-1.05493e-008,0,0,0,2,0,1,0,9,
1452138,1.05493e-008,-1.52884e-008,-1.05493e-008,0,0,0,2,0,1,0,9,
1452178,1.05493e-008,-1.52884e-008,-1.05493e-008,0,0,0,2,0,1,0,9,
1452218,1.05493e-008,-1.52884e-008,-1.05493e-008,0,0,0,2,0,1,0,9,
1452258,1.05493e-008,-1.52884e-008,-1.05493e-008,0,0,0,2,0,1,0,9,
1452298,1.05493e-008,-1.52884e-008,-1.05493e-008,0,0,0,2,0,1,0,9,
1452338,1.05493e-008,-1.52884e-008,-1.05493e-008,0,0,0,2,0,1,0,9,
1452379,1.05493e-008,-1.52884e-008,-1.05493e-008,0,0,0,2,0,1,0,9,
1452418,1.05493e-008,-1.52884e-008,-1.05493e-008,0,0,0,2,0,1,0,9,
1452458,1.05493e-008,-1.52884e-008,-1.05493e-008,0,0,0,2,0,1,0,9,
1452498,1.05493e-008,-1.52884e-008,-1.05493e-008,0,0,0,2,0,1,0,9,
1452538,1.05493e-008,-1.52884e-008,-1.05493e-008,0,0,0,2,0,1,0,9,
1452578,1.05493e-008,-1.52884e-008,-1.05493e-008,0,0,0,2,0,1,0,9,
1452618,1.05493e-008,-1.52884e-008,-1.05493e-008,0,0,0,2,0,1,0,9,
1452658,1.05493e-008,-1.52884e-008,-1.05493e-008,0,0,0,2,0,1,0,9,
1452698,1.05493e-008,-1.52884e-008,-1.05493e-008,0,0,0,2,0,1,0,9,
1452738,1.05493e-008,-1.52884e-008,-1.05493e-008,0,0,0,2,0,1,0,9,
1452778,1.05493e-008,-1.52884e-008,-1.05493e-008,0,0,0,2,0,1,0,9,
1452818,1.05493e-008,-1.52884e-008,-1.05493e-008,0,0,0,2,0,1,0,9,
1452858,1.05493e-008,-1.52884e-008,-1.05493e-008,0,0,0,2,0,1,0,9,
1452899,1.05493e-008,-1.52884e-008,-1.05493e-008,0,0,0,2,0,1,0,9,
1452938,1.05493e-008,-1.52884e-008,-1.05493e-008,0,0,0,2,0,1,0,9,
1452978,1.05493e-008,-1.52884e-008,-1.05493e-008,0,0,0,2,0,1,0,9,
1453018,1.05493e-008,-1.52884e-008,-1.05493e-008,0,0,0,2,0,1,0,9,
1453058,1.05493e-008,-1.52884e-008,-1.05493e-008,0,0,0,2,0,1,0,9,
1453098,1.05493e-008,-1.52884e-008,-1.05493e-008,0,0,0,2,0,1,0,9,
1453138,1.05493e-008,-1.52884e-008,-1.05493e-008,0,0,0,2,0,1,0,9,
1453178,1.05493e-008,-1.52884e-008,-1.05493e-008,0,0,0,2,0,1,0,9,
1453218,1.05493e-008,-1.52884e-008,-1.05493e-008,0,0,0,2,0,1,0,9,
1453258,1.05493e-008,-1.52884e-008,-1.05493e-008,0,0,0,2,0,1,0,9,
1453298,1.05493e-008,-1.52884e-008,-1.05493e-008,0,0,0,2,0,1,0,9,
1453338,1.05493e-008,-1.52884e-008,-1.05493e-008,0,0,0,2,0,1,0,9,
1453378,1.05493e-008,-1.52884e-008,-1.05493e-008,0,0,0,2,0,1,0,9,
1453418,1.05493e-008,-1.52884e-008,-1.05493e-008,0,0,0,2,0,1,0,9,
1453458,1.05493e-008,-1.52884e-008,-1.05493e-008,0,0,0,2,0,1,0,9,
1453498,1.05493e-008,-1.52884e-008,-1.05493e-008,0,0,0,2,0,1,0,9,
1453538,1.05493e-008,-1.52884e-008,-1.05493e-008,0,0,0,2,0,1,0,9,
1453578,1.05493e-008,-1.52884e-008,-1.05493e-008,0,0,0,2,0,1,0,9,
1453618,1.05493e-008,-1.52884e-008,-1.05493e-008,0,0,0,2,0,1,0,9,
1453659,1.05493e-008,-1.52884e-008,-1.05493e-008,0,0,0,2,0,1,0,9,
1453698,1.05493e-008,-1.52884e-008,-1.05493e-008,0,0,0,2,0,1,0,9,
1453738,1.05493e-008,-1.52884e-008,-1.05493e-008,0,0,0,2,0,1,0,9,
1453778,1.05493e-008,-1.52884e-008,-1.05493e-008,0,0,0,2,0,1,0,9,
1453818,1.05493e-008,-1.52884e-008,-1.05493e-008,0,0,0,2,0,1,0,9,
1453858,1.05493e-008,-1.52884e-008,-1.05493e-008,0,0,0,2,0,1,0,9,
1453898,1.05493e-008,-1.52884e-008,-1.05493e-008,0,0,0,2,0,1,0,9,
1453938,1.05493e-008,-1.52884e-008,-1.05493e-008,0,0,0,2,0,1,0,9,
1453979,1.05493e-008,-1.52884e-008,-1.05493e-008,0,0,0,2,0,1,0,9,
1454018,1.05493e-008,-1.52884e-008,-1.05493e-008,0,0,0,2,0,1,0,9,
1454058,1.05493e-008,-1.52884e-008,-1.05493e-008,0,0,0,2,0,1,0,9,
1454098,1.05493e-008,-1.52884e-008,-1.05493e-008,0,0,0,2,0,1,0,9,
1454138,1.05493e-008,-1.52884e-008,-1.05493e-008,0,0,0,2,0,1,0,9,
1454179,1.05493e-008,-1.52884e-008,-1.05493e-008,0,0,0,2,0,1,0,9,
1454218,1.05493e-008,-1.52884e-008,-1.05493e-008,0,0,0,2,0,1,0,9,
1454258,1.05493e-008,-1.52884e-008,-1.05493e-008,0,0,0,2,0,1,0,9,
1454298,1.05493e-008,-1.52884e-008,-1.05493e-008,0,0,0,2,0,1,0,9,
1454338,1.05493e-008,-1.52884e-008,-1.05493e-008,0,0,0,2,0,1,0,9,
1454378,1.05493e-008,-1.52884e-008,-1.05493e-008,0,0,0,2,0,1,0,9,
1454418,1.05493e-008,-1.52884e-008,-1.05493e-008,0,0,0,2,0,1,0,9,
1454458,1.05493e-008,-1.52884e-008,-1.05493e-008,0,0,0,2,0,1,0,9,
1454499,1.05493e-008,-1.52884e-008,-1.05493e-008,0,0,0,2,0,1,0,9,
1454538,1.05493e-008,-1.52884e-008,-1.05493e-008,0,0,0,2,0,1,0,9,
1454578,1.05493e-008,-1.52884e-008,-1.05493e-008,0,0,0,2,0,1,0,9,
1454618,1.05493e-008,-1.52884e-008,-1.05493e-008,0,0,0,2,0,1,0,9,
1454658,1.05493e-008,-1.52884e-008,-1.05493e-008,0,0,0,2,0,1,0,9,
1454698,1.05493e-008,-1.52884e-008,-1.05493e-008,0,0,0,2,0,1,0,9,
1454739,1.05493e-008,-1.52884e-008,-1.05493e-008,0,0,0,2,0,1,0,9,
1454778,1.05493e-008,-1.52884e-008,-1.05493e-008,0,0,0,2,0,1,0,9,
1454818,1.05493e-008,-1.52884e-008,-1.05493e-008,0,0,0,2,0,1,0,9,
1454858,1.05493e-008,-1.52884e-008,-1.05493e-008,0,0,0,2,0,1,0,9,
1454898,1.05493e-008,-1.52884e-008,-1.05493e-008,0,0,0,2,0,1,0,9,
1454938,1.05493e-008,-1.52884e-008,-1.05493e-008,0,0,0,2,0,1,0,9,
1454978,1.05493e-008,-1.52884e-008,-1.05493e-008,0,0,0,2,0,1,0,9,
1455018,1.05493e-008,-1.52884e-008,-1.05493e-008,0,0,0,2,0,1,0,9,
1455058,1.05493e-008,-1.52884e-008,-1.05493e-008,0,0,0,2,0,1,0,9,
1455098,1.05493e-008,-1.52884e-008,-1.05493e-008,0,0,0,2,0,1,0,9,
1455138,1.05493e-008,-1.52884e-008,-1.05493e-008,0,0,0,2,0,1,0,9,
1455178,1.05493e-008,-1.52884e-008,-1.05493e-008,0,0,0,2,0,1,0,9,
1455218,1.05493e-008,-1.52884e-008,-1.05493e-008,0,0,0,2,0,1,0,9,
1455258,1.05493e-008,-1.52884e-008,-1.05493e-008,0,0,0,2,0,1,0,9,
1455299,1.05493e-008,-1.52884e-008,-1.05493e-008,0,0,0,2,0,1,0,9,
1455338,1.05493e-008,-1.52884e-008,-1.05493e-008,0,0,0,2,0,1,0,9,
1455378,1.05493e-008,-1.52884e-008,-1.05493e-008,0,0,0,2,0,1,0,9,
1455418,1.05493e-008,-1.52884e-008,-1.05493e-008,0,0,0,2,0,1,0,9,
1455458,1.05493e-008,-1.52884e-008,-1.05493e-008,0,0,0,2,0,1,0,9,
1455498,1.05493e-008,-1.52884e-008,-1.05493e-008,0,0,0,2,0,1,0,9,
1455539,1.05493e-008,-1.52884e-008,-1.05493e-008,0,0,0,2,0,1,0,9,
1455578,1.05493e-008,-1.52884e-008,-1.05493e-008,0,0,0,2,0,1,0,9,
1455618,1.05493e-008,-1.52884e-008,-1.05493e-008,0,0,0,2,0,1,0,9,
1455658,1.05493e-008,-1.52884e-008,-1.05493e-008,0,0,0,2,0,1,0,9,
1455698,1.05493e-008,-1.52884e-008,-1.05493e-008,0,0,0,2,0,1,0,9,
1455738,1.05493e-008,-1.52884e-008,-1.05493e-008,0,0,0,2,0,1,0,9,
1455778,1.05493e-008,-1.52884e-008,-1.05493e-008,0,0,0,2,0,1,0,9,
1455818,1.05493e-008,-1.52884e-008,-1.05493e-008,0,0,0,2,0,1,0,9,
1455859,1.05493e-008,-1.52884e-008,-1.05493e-008,0,0,0,2,0,1,0,9,
1455898,1.05493e-008,-1.52884e-008,-1.05493e-008,0,0,0,2,0,1,0,9,
1455938,1.05493e-008,-1.52884e-008,-1.05493e-008,0,0,0,2,0,1,0,9,
1455978,1.05493e-008,-1.52884e-008,-1.05493e-008,0,0,0,2,0,1,0,9,
1456018,1.05493e-008,-1.52884e-008,-1.05493e-008,0,0,0,2,0,1,0,9,
1456058,1.05493e-008,-1.52884e-008,-1.05493e-008,0,0,0,2,0,1,0,9,
1456098,1.05493e-008,-1.52884e-008,-1.05493e-008,0,0,0,2,0,1,0,9,
1456138,1.05493e-008,-1.52884e-008,-1.05493e-008,0,0,0,2,0,1,0,9,
1456178,1.05493e-008,-1.52884e-008,-1.05493e-008,0,0,0,2,0,1,0,9,
1456218,1.05493e-008,-1.52884e-008,-1.05493e-008,0,0,0,2,0,1,0,9,
1456258,1.05493e-008,-1.52884e-008,-1.05493e-008,0,0,0,2,0,1,0,9,
1456298,1.05493e-008,-1.52884e-008,-1.05493e-008,0,0,0,2,0,1,0,9,
1456338,1.05493e-008,-1.52884e-008,-1.05493e-008,0,0,0,2,0,1,0,9,
1456378,1.05493e-008,-1.52884e-008,-1.05493e-008,0,0,0,2,0,1,0,9,
1456418,1.05493e-008,-1.52884e-008,-1.05493e-008,0,0,0,2,0,1,0,9,
1456458,1.05493e-008,-1.52884e-008,-1.05493e-008,0,0,0,2,0,1,0,9,
1456498,1.05493e-008,-1.52884e-008,-1.05493e-008,0,0,0,2,0,1,0,9,
1456538,1.05493e-008,-1.52884e-008,-1.05493e-008,0,0,0,2,0,1,0,9,
1456578,1.05493e-008,-1.52884e-008,-1.05493e-008,0,0,0,2,0,1,0,9,
1456618,1.05493e-008,-1.52884e-008,-1.05493e-008,0,0,0,2,0,1,0,9,
1456658,1.05493e-008,-1.52884e-008,-1.05493e-008,0,0,0,2,0,1,0,9,
1456698,1.05493e-008,-1.52884e-008,-1.05493e-008,0,0,0,2,0,1,0,9,
1456739,1.05493e-008,-1.52884e-008,-1.05493e-008,0,0,0,2,0,1,0,9,
1456778,1.05493e-008,-1.52884e-008,-1.05493e-008,0,0,0,2,0,1,0,9,
1456818,1.05493e-008,-1.52884e-008,-1.05493e-008,0,0,0,2,0,1,0,9,
1456858,1.05493e-008,-1.52884e-008,-1.05493e-008,0,0,0,2,0,1,0,9,
1456899,1.05493e-008,-1.52884e-008,-1.05493e-008,0,0,0,2,0,1,0,9,
1456938,1.05493e-008,-1.52884e-008,-1.05493e-008,0,0,0,2,0,1,0,9,
1456978,1.05493e-008,-1.52884e-008,-1.05493e-008,0,0,0,2,0,1,0,9,
1457018,1.05493e-008,-1.52884e-008,-1.05493e-008,0,0,0,2,0,1,0,9,
1457058,1.05493e-008,-1.52884e-008,-1.05493e-008,0,0,0,2,0,1,0,9,
1457098,1.05493e-008,-1.52884e-008,-1.05493e-008,0,0,0,2,0,1,0,9,
1457138,1.05493e-008,-1.52884e-008,-1.05493e-008,0,0,0,2,0,1,0,9,
1457178,1.05493e-008,-1.52884e-008,-1.05493e-008,0,0,0,2,0,1,0,9,
1457218,1.05493e-008,-1.52884e-008,-1.05493e-008,0,0,0,2,0,1,0,9,
1457258,1.05493e-008,-1.52884e-008,-1.05493e-008,0,0,0,2,0,1,0,9,
1457298,1.05493e-008,-1.52884e-008,-1.05493e-008,0,0,0,2,0,1,0,9,
1457338,1.05493e-008,-1.52884e-008,-1.05493e-008,0,0,0,2,0,1,0,9,
1457378,1.05493e-008,-1.52884e-008,-1.05493e-008,0,0,0,2,0,1,0,9,
1457419,1.05493e-008,-1.52884e-008,-1.05493e-008,0,0,0,2,0,1,0,9,
1457458,1.05493e-008,-1.52884e-008,-1.05493e-008,0,0,0,2,0,1,0,9,
1457498,1.05493e-008,-1.52884e-008,-1.05493e-008,0,0,0,2,0,1,0,9,
1457538,1.05493e-008,-1.52884e-008,-1.05493e-008,0,0,0,2,0,1,0,9,
1457578,1.05493e-008,-1.52884e-008,-1.05493e-008,0,0,0,2,0,1,0,9,
1457618,1.05493e-008,-1.52884e-008,-1.05493e-008,0,0,0,2,0,1,0,9,
1457658,1.05493e-008,-1.52884e-008,-1.05493e-008,0,0,0,2,0,1,0,9,
1457698,1.05493e-008,-1.52884e-008,-1.05493e-008,0,0,0,2,0,1,0,9,
1457739,1.05493e-008,-1.52884e-008,-1.05493e-008,0,0,0,2,0,1,0,9,
1457778,1.05493e-008,-1.52884e-008,-1.05493e-008,0,0,0,2,0,1,0,9,
1457819,1.05493e-008,-1.52884e-008,-1.05493e-008,0,0,0,2,0,1,0,9,
1457858,1.05493e-008,-1.52884e-008,-1.05493e-008,0,0,0,2,0,1,0,9,
1457898,1.05493e-008,-1.52884e-008,-1.05493e-008,0,0,0,2,0,1,0,9,
1457938,1.05493e-008,-1.52884e-008,-1.05493e-008,0,0,0,2,0,1,0,9,
1457978,1.05493e-008,-1.52884e-008,-1.05493e-008,0,0,0,2,0,1,0,9,
1458018,1.05493e-008,-1.52884e-008,-1.05493e-008,0,0,0,2,0,1,0,9,
1458058,1.05493e-008,-1.52884e-008,-1.05493e-008,0,0,0,2,0,1,0,9,
1458098,1.05493e-008,-1.52884e-008,-1.05493e-008,0,0,0,2,0,1,0,9,
1458138,1.05493e-008,-1.52884e-008,-1.05493e-008,0,0,0,2,0,1,0,9,
1458178,1.05493e-008,-1.52884e-008,-1.05493e-008,0,0,0,2,0,1,0,9,
1458218,1.05493e-008,-1.52884e-008,-1.05493e-008,0,0,0,2,0,1,0,9,
1458258,1.05493e-008,-1.52884e-008,-1.05493e-008,0,0,0,2,0,1,0,9,
1458298,1.05493e-008,-1.52884e-008,-1.05493e-008,0,0,0,2,0,1,0,9,
1458338,1.05493e-008,-1.52884e-008,-1.05493e-008,0,0,0,2,0,1,0,9,
1458378,1.05493e-008,-1.52884e-008,-1.05493e-008,0,0,0,2,0,1,0,9,
1458418,1.05493e-008,-1.52884e-008,-1.05493e-008,0,0,0,2,0,1,0,9,
1458458,1.05493e-008,-1.52884e-008,-1.05493e-008,0,0,0,2,0,1,0,9,
1458498,1.05493e-008,-1.52884e-008,-1.05493e-008,0,0,0,2,0,1,0,9,
1458538,1.05493e-008,-1.52884e-008,-1.05493e-008,0,0,0,2,0,1,0,9,
1458579,1.05493e-008,-1.52884e-008,-1.05493e-008,0,0,0,2,0,1,0,9,
1458618,1.05493e-008,-1.52884e-008,-1.05493e-008,0,0,0,2,0,1,0,9,
1458658,1.05493e-008,-1.52884e-008,-1.05493e-008,0,0,0,2,0,1,0,9,
1458698,1.05493e-008,-1.52884e-008,-1.05493e-008,0,0,0,2,0,1,0,9,
1458738,1.05493e-008,-1.52884e-008,-1.05493e-008,0,0,0,2,0,1,0,9,
1458778,1.05493e-008,-1.52884e-008,-1.05493e-008,0,0,0,2,0,1,0,9,
1458819,1.05493e-008,-1.52884e-008,-1.05493e-008,0,0,0,2,0,1,0,9,
1458858,1.05493e-008,-1.52884e-008,-1.05493e-008,0,0,0,2,0,1,0,9,
1458898,1.05493e-008,-1.52884e-008,-1.05493e-008,0,0,0,2,0,1,0,9,
1458938,1.05493e-008,-1.52884e-008,-1.05493e-008,0,0,0,2,0,1,0,9,
1458978,1.05493e-008,-1.52884e-008,-1.05493e-008,0,0,0,2,0,1,0,9,
1459018,1.05493e-008,-1.52884e-008,-1.05493e-008,0,0,0,2,0,1,0,9,
1459058,1.05493e-008,-1.52884e-008,-1.05493e-008,0,0,0,2,0,1,0,9,
1459098,1.05493e-008,-1.52884e-008,-1.05493e-008,0,0,0,2,0,1,0,9,
1459138,1.05493e-008,-1.52884e-008,-1.05493e-008,0,0,0,2,0,1,0,9,
