milisec,RacketX,RacketY,RacketZ,forceX,forceX,forceX,ForceRatio,FriendPoint,EnemyPoint,haptics,scene
10154095,0,0,0,0,0,0,5.6,0,0,0,0,
10154111,-0.00135341,-0.150741,-0.602585,0,0,0,0.8,0,0,0,0,
10154136,-0.0014653,-0.150778,-0.602585,0,0,0,1.4,0,0,0,0,
10154176,-0.00129766,-0.150455,-0.602529,0,0,0,2,0,0,0,0,
10154216,-0.000738922,-0.149426,-0.602641,0,0,0,2,0,0,0,0,
10154257,-0.000248094,-0.147711,-0.602618,0,0,0,2,0,0,0,0,
10154297,-3.09541e-006,-0.145767,-0.602193,0,0,0,2,0,0,0,0,
10154336,3.04608e-005,-0.143652,-0.601487,0,0,0,2,0,0,0,0,
10154376,-8.00716e-005,-0.141213,-0.600615,0,0,0,2,0,0,0,0,
10154416,7.97749e-005,-0.138508,-0.599608,0,0,0,2,0,0,0,0,
10154456,0.000778146,-0.135117,-0.598621,0,0,0,2,0,0,0,0,
10154496,0.00204869,-0.130413,-0.597729,0,0,0,2,0,0,0,0,
10154536,0.00349055,-0.123709,-0.596886,0,0,0,2,0,0,0,0,
10154576,0.00502676,-0.114989,-0.596077,0,0,0,2,0,0,0,0,
10154617,0.00647924,-0.105164,-0.595281,0,0,0,2,0,0,0,0,
10154656,0.00787863,-0.0948631,-0.594642,0,0,0,2,0,0,0,0,
10154696,0.00901433,-0.0837587,-0.594086,0,0,0,2,0,0,0,0,
10154737,0.0100582,-0.071931,-0.593834,0,0,0,2,0,0,0,0,
10154776,0.0108426,-0.0596466,-0.593836,0,0,0,2,0,0,0,0,
10154816,0.0114423,-0.0473041,-0.59406,0,0,0,2,0,0,0,0,
10154856,0.01213,-0.0356658,-0.594256,0,0,0,2,0,0,0,0,
10154896,0.0128652,-0.0246746,-0.594616,0,0,0,2,0,0,0,0,
10154936,0.0135341,-0.0142305,-0.595422,0,0,0,2,0,0,0,0,
10154976,0.0139732,-0.00403933,-0.596046,0,0,0,2,0,0,0,0,
10155017,0.0140475,0.00576212,-0.596309,0,0,0,2,0,0,0,0,
10155056,0.0140166,0.0150744,-0.596211,0,0,0,2,0,0,0,0,
10155096,0.0138868,0.023738,-0.595685,0,0,0,2,0,0,0,0,
10155136,0.0135432,0.0316905,-0.594638,0,0,0,2,0,0,0,0,
10155176,0.0128388,0.0395625,-0.593154,0,0,0,2,0,0,0,0,
10155216,0.0116548,0.0476844,-0.591568,0,0,0,2,0,0,0,0,
10155256,0.0103124,0.0555754,-0.590255,0,0,0,2,0,0,0,0,
10155303,0.00904044,0.062866,-0.589258,0,0,0,2.2,0,0,0,0,
10155336,0.00794793,0.0688484,-0.588695,0,0,0,1.8,0,0,0,0,
10155376,0.00716872,0.073513,-0.58824,0,0,0,2,0,0,0,0,
10155416,0.00647053,0.0775437,-0.587873,0,0,0,2,0,0,0,0,
10155456,0.00569187,0.0813814,-0.587672,0,0,0,2,0,0,0,0,
10155496,0.00506942,0.0844052,-0.587586,0,0,0,2,0,0,0,0,
10155536,0.00470843,0.0866976,-0.587426,0,0,0,2,0,0,0,0,
10155576,0.00448899,0.0886665,-0.587168,0,0,0,2,0,0,0,0,
10155616,0.00438856,0.0903079,-0.58681,0,0,0,2,0,0,0,0,
10155656,0.00443073,0.091413,-0.586477,0,0,0,2,0,0,0,0,
10155696,0.00444082,0.0923572,-0.58626,0,0,0,2,0,0,0,0,
10155736,0.00446732,0.0927327,-0.586088,0,0,0,2,0,0,0,0,
10155776,0.00446732,0.0927327,-0.586088,0,0,0,2,0,0,0,0,
10155816,0.00446732,0.0927327,-0.586088,0,0,0,2,0,0,0,0,
10155856,0.00445494,0.0927116,-0.5861,0,0,0,2,0,0,0,0,
10155896,0.004406,0.092711,-0.586149,0,0,0,2,0,0,0,0,
10155936,0.00432109,0.0928557,-0.586234,0,0,0,2,0,0,0,0,
10155976,0.00428468,0.0929178,-0.586271,0,0,0,2,0,0,0,0,
10156016,0.00427256,0.0929384,-0.586283,0,0,0,2,0,0,0,0,
10156056,0.00412872,0.0931836,-0.586406,0,0,0,2,0,0,0,0,
10156096,0.00394841,0.093491,-0.586565,0,0,0,2,0,0,0,0,
10156136,0.00372861,0.0936131,-0.586785,0,0,0,2,0,0,0,0,
10156177,0.00346026,0.0938181,-0.587054,0,0,0,2,0,0,0,0,
10156216,0.00320324,0.0938356,-0.587311,0,0,0,2,0,0,0,0,
10156256,0.00293206,0.0938353,-0.587602,0,0,0,2,0,0,0,0,
10156296,0.00266271,0.093832,-0.587872,0,0,0,2,0,0,0,0,
10156336,0.00240648,0.0936086,-0.588107,0,0,0,2,0,0,0,0,
10156376,0.00201579,0.0928659,-0.588308,0,0,0,2,0,0,0,0,
10156416,0.00166058,0.091195,-0.588305,0,0,0,2,0,0,0,0,
10156456,0.00162662,0.0881513,-0.588167,0,0,0,2,0,0,0,0,
10156497,0.0020691,0.0848664,-0.588409,0,0,0,2,0,0,0,0,
10156536,0.0025284,0.082267,-0.588762,0,0,0,2,0,0,0,0,
10156576,0.0029535,0.0803071,-0.589005,0,0,0,2,0,0,0,0,
10156616,0.00316876,0.0791466,-0.589081,0,0,0,2,0,0,0,0,
10156656,0.00327164,0.0782199,-0.589166,0,0,0,2,0,0,0,0,
10156696,0.00342878,0.076742,-0.589405,0,0,0,2,0,0,0,0,
10156737,0.003563,0.0750123,-0.589792,0,0,0,2,0,0,0,0,
10156776,0.00381412,0.0728764,-0.590105,0,0,0,2,0,0,0,0,
10156816,0.00414316,0.0705262,-0.590424,0,0,0,2,0,0,0,0,
10156856,0.00441762,0.068437,-0.590735,0,0,0,2,0,0,0,0,
10156896,0.00472984,0.066249,-0.590987,0,0,0,2,0,0,0,0,
10156936,0.00520082,0.0637448,-0.591207,0,0,0,2,0,0,0,0,
10156976,0.00567018,0.0612036,-0.591451,0,0,0,2,0,0,0,0,
10157016,0.00607101,0.0588636,-0.591722,0,0,0,2,0,0,0,0,
10157056,0.00641369,0.0566244,-0.59203,0,0,0,2,0,0,0,0,
10157096,0.00686989,0.0535594,-0.592288,0,0,0,2,0,0,0,0,
10157136,0.00750726,0.0493539,-0.592472,0,0,0,2,0,0,0,0,
10157176,0.0083721,0.043916,-0.592724,0,0,0,2,0,0,0,0,
10157216,0.00930993,0.0376619,-0.592843,0,0,0,2,0,0,0,0,
10157256,0.0102966,0.0304405,-0.592833,0,0,0,2,0,0,0,0,
10157296,0.0114955,0.0233435,-0.592824,0,0,0,2,0,0,0,0,
10157336,0.0127351,0.0181556,-0.59318,0,0,0,2,0,0,0,0,
10157376,0.0139221,0.0160673,-0.59365,0,0,0,2,0,0,0,0,
10157416,0.0149194,0.0189192,-0.594576,0,0,0,2,0,0,0,0,
10157456,0.0154608,0.0275586,-0.596281,0,0,0,2,0,0,0,0,
10157496,0.0152758,0.0391689,-0.598464,0,0,0,2,0,0,0,0,
10157536,0.0145277,0.051281,-0.600464,0,0,0,2,0,0,0,0,
10157576,0.0129122,0.0649456,-0.601811,0,0,0,2,0,0,0,0,
10157616,0.0102981,0.0797422,-0.602021,0,0,0,2,0,0,0,0,
10157656,0.00726781,0.0950535,-0.601385,0,0,0,2,0,0,0,0,
10157696,0.00430514,0.111125,-0.6007,0,0,0,2,0,0,0,0,
10157736,0.00110156,0.127075,-0.600231,0,0,0,2,0,0,0,0,
10157776,-0.00180616,0.141502,-0.599997,0,0,0,2,0,0,0,0,
10157816,-0.00452472,0.155448,-0.600619,0,0,0,2,0,0,0,0,
10157856,-0.00700614,0.167941,-0.601671,0,0,0,2,0,0,0,0,
10157896,-0.00932789,0.178086,-0.602707,0,0,0,2,0,0,0,0,
10157936,-0.0110481,0.186433,-0.603931,0,0,0,2,0,0,0,0,
10157976,-0.0127216,0.193153,-0.605314,0,0,0,2,0,0,0,0,
10158016,-0.0140417,0.197451,-0.60599,0,0,0,2,0,0,0,0,
10158057,-0.0148531,0.199935,-0.606055,0,0,0,2,0,0,0,0,
10158096,-0.0153405,0.20115,-0.606148,0,0,0,2,0,0,0,0,
10158136,-0.0155216,0.201539,-0.605893,0,0,0,2,0,0,0,0,
10158176,-0.0153759,0.201251,-0.605416,0,0,0,2,0,0,0,0,
10158216,-0.0151231,0.200749,-0.605018,0,0,0,2,0,0,0,0,
10158256,-0.014829,0.200248,-0.604662,0,0,0,2,0,0,0,0,
10158296,-0.0147456,0.199999,-0.604434,0,0,0,2,0,0,0,0,
10158336,-0.0149962,0.199888,-0.604311,0,0,0,2,0,0,0,0,
10158377,-0.015376,0.19968,-0.604213,0,0,0,2,0,0,0,0,
10158416,-0.0159206,0.199262,-0.604155,0,0,0,2,0,0,0,0,
10158456,-0.0164757,0.198003,-0.604336,0,0,0,2,0,0,0,0,
10158496,-0.0166675,0.196136,-0.604485,0,0,0,2,0,0,0,0,
10158536,-0.0167867,0.194747,-0.604583,0,0,0,2,0,0,0,0,
10158576,-0.0168605,0.194498,-0.604636,0,0,0,2,0,0,0,0,
10158616,-0.0168713,0.195001,-0.604605,0,0,0,2,0,0,0,0,
10158656,-0.0167397,0.195401,-0.604328,0,0,0,2,0,0,0,0,
10158696,-0.0167575,0.195517,-0.603849,0,0,0,2,0,0,0,0,
10158736,-0.0168542,0.195292,-0.603157,0,0,0,2,0,0,0,0,
10158776,-0.0168812,0.195099,-0.602562,0,0,0,2,0,0,0,0,
10158816,-0.0167997,0.195058,-0.602129,0,0,0,2,0,0,0,0,
10158857,-0.016442,0.194413,-0.601709,0,0,0,2,0,0,0,0,
10158896,-0.0160036,0.193578,-0.601188,0,0,0,2,0,0,0,0,
10158936,-0.015485,0.192521,-0.600567,0,0,0,2,0,0,0,0,
10158976,-0.0149292,0.190965,-0.599929,0,0,0,2,0,0,0,0,
10159016,-0.0145112,0.1896,-0.59949,0,0,0,2,0,0,0,0,
10159056,-0.0142117,0.188773,-0.598963,0,0,0,2,0,0,0,0,
10159096,-0.0141068,0.187668,-0.598215,0,0,0,2,0,0,0,0,
10159136,-0.0139731,0.185805,-0.597314,0,0,0,2,0,0,0,0,
10159176,-0.0137039,0.183153,-0.596546,0,0,0,2,0,0,0,0,
10159216,-0.0134414,0.17971,-0.596178,0,0,0,2,0,0,0,0,
10159256,-0.0132015,0.176452,-0.596123,0,0,0,2,0,0,0,0,
10159296,-0.0131086,0.17491,-0.596132,0,0,0,2,0,0,0,0,
10159336,-0.0131988,0.174748,-0.596118,0,0,0,2,0,0,0,0,
10159376,-0.0134092,0.175,-0.596265,0,0,0,2,0,0,0,0,
10159416,-0.0136602,0.175313,-0.596474,0,0,0,2,0,0,0,0,
10159456,-0.0139468,0.175557,-0.596699,0,0,0,2,0,0,0,0,
10159496,-0.0142433,0.1754,-0.596911,0,0,0,2,0,0,0,0,
10159536,-0.0145956,0.174844,-0.597116,0,0,0,2,0,0,0,0,
10159576,-0.0150845,0.173966,-0.597437,0,0,0,2,0,0,0,0,
10159616,-0.015384,0.172888,-0.597818,0,0,0,2,0,0,0,0,
10159656,-0.0157048,0.171626,-0.598075,0,0,0,2,0,0,0,0,
10159696,-0.0161763,0.170543,-0.598461,0,0,0,2,0,0,0,0,
10159736,-0.0164343,0.169649,-0.598883,0,0,0,2,0,0,0,0,
10159776,-0.0164153,0.168757,-0.598946,0,0,0,2,0,0,0,0,
10159816,-0.0163002,0.167794,-0.598851,0,0,0,2,0,0,0,0,
10159856,-0.0162729,0.166752,-0.598719,0,0,0,2,0,0,0,0,
10159896,-0.0161894,0.165937,-0.598593,0,0,0,2,0,0,0,0,
10159936,-0.0160712,0.165399,-0.598454,0,0,0,2,0,0,0,0,
10159976,-0.0159159,0.165099,-0.598278,0,0,0,2,0,0,0,0,
10160016,-0.0158266,0.164947,-0.598188,0,0,0,2,0,0,0,0,
10160056,-0.0156354,0.164621,-0.597997,0,0,0,2,0,0,0,0,
10160096,-0.0154187,0.164208,-0.59778,0,0,0,2,0,0,0,0,
10160136,-0.0152517,0.163537,-0.597613,0,0,0,2,0,0,0,0,
10160176,-0.0151001,0.16232,-0.597378,0,0,0,2,0,0,0,0,
10160216,-0.0150474,0.160979,-0.59722,0,0,0,2,0,0,0,0,
10160257,-0.0149354,0.159774,-0.597148,0,0,0,2,0,0,0,0,
10160296,-0.0147825,0.158785,-0.597118,0,0,0,2,0,0,0,0,
10160336,-0.0145328,0.158266,-0.59691,0,0,0,2,0,0,0,0,
10160376,-0.0143301,0.158049,-0.596707,0,0,0,2,0,0,0,0,
10160416,-0.0141272,0.157746,-0.596505,0,0,0,2,0,0,0,0,
10160456,-0.0138821,0.156607,-0.596238,0,0,0,2,0,0,0,0,
10160496,-0.0137364,0.15461,-0.595946,0,0,0,2,0,0,0,0,
10160536,-0.0136142,0.152411,-0.595655,0,0,0,2,0,0,0,0,
10160576,-0.0134137,0.150614,-0.595369,0,0,0,2,0,0,0,0,
10160617,-0.0131419,0.14956,-0.595158,0,0,0,2,0,0,0,0,
10160656,-0.0129294,0.149069,-0.594966,0,0,0,2,0,0,0,0,
10160696,-0.0128537,0.14894,-0.594891,0,0,0,2,0,0,0,0,
10160736,-0.0128537,0.14894,-0.594891,0,0,0,2,0,0,0,0,
10160776,-0.0129322,0.148248,-0.594885,0,0,0,2,0,0,0,0,
10160816,-0.012989,0.147033,-0.594774,0,0,0,2,0,0,0,0,
10160856,-0.0129917,0.145799,-0.594691,0,0,0,2,0,0,0,0,
10160896,-0.0129218,0.144712,-0.594682,0,0,0,2,0,0,0,0,
10160936,-0.0127353,0.143755,-0.594639,0,0,0,2,0,0,0,0,
10160976,-0.012586,0.143203,-0.59451,0,0,0,2,0,0,0,0,
10161016,-0.0124728,0.14301,-0.594397,0,0,0,2,0,0,0,0,
10161056,-0.0124477,0.142967,-0.594372,0,0,0,2,0,0,0,0,
10161096,1.05493e-008,-0.15,-0.6,0,0,0,2,0,0,0,0,
10161136,-0.000100703,-0.149943,-0.600101,0,0,0,2,0,0,0,0,
10161176,-0.000179069,-0.149847,-0.600157,0,0,0,2,0,0,0,0,
10161216,-0.000257432,-0.149828,-0.600257,0,0,0,2,0,0,0,0,
10161256,-0.000391879,-0.149714,-0.600437,0,0,0,2,0,0,0,0,
10161296,-0.000559905,-0.149465,-0.600605,0,0,0,2,0,0,0,0,
10161336,-0.000761632,-0.149121,-0.600806,0,0,0,2,0,0,0,0,
10161376,-0.000873752,-0.148969,-0.600941,0,0,0,2,0,0,0,0,
10161416,-0.00105317,-0.148663,-0.60112,0,0,0,2,0,0,0,0,
10161456,-0.00122162,-0.148223,-0.601311,0,0,0,2,0,0,0,0,
10161496,-0.00132269,-0.148051,-0.601435,0,0,0,2,0,0,0,0,
10161536,-0.00134504,-0.148089,-0.601457,0,0,0,2,0,0,0,0,
10161576,-0.00136743,-0.148165,-0.601502,0,0,0,2,0,0,0,0,
10161616,-0.00141209,-0.148356,-0.601591,0,0,0,2,0,0,0,0,
10161656,-0.00144558,-0.148642,-0.601714,0,0,0,2,0,0,0,0,
10161696,-0.00142291,-0.148948,-0.601759,0,0,0,2,0,0,0,0,
10161736,-0.00137796,-0.1491,-0.601736,0,0,0,2,0,0,0,0,
10161776,-0.00136671,-0.14912,-0.601725,0,0,0,2,0,0,0,0,
10161816,-0.00136671,-0.14912,-0.601725,0,0,0,2,0,0,0,0,
10161856,-0.00135539,-0.149253,-0.601714,0,0,0,2,0,0,0,0,
10161896,-0.00125418,-0.149693,-0.601657,0,0,0,2,0,0,0,0,
10161936,-0.00118652,-0.150227,-0.601657,0,0,0,2,0,0,0,0,
10161976,-0.00108522,-0.150933,-0.60169,0,0,0,2,0,0,0,0,
10162016,-0.000927809,-0.151887,-0.601689,0,0,0,2,0,0,0,0,
10162056,-0.000714242,-0.15305,-0.6017,0,0,0,2,0,0,0,0,
10162096,-0.000556775,-0.154117,-0.601766,0,0,0,2,0,0,0,0,
10162137,-0.000477789,-0.154784,-0.601912,0,0,0,2,0,0,0,0,
10162176,-0.000376614,-0.155184,-0.602057,0,0,0,2,0,0,0,0,
10162216,-0.000219561,-0.155489,-0.602236,0,0,0,2,0,0,0,0,
10162256,-0.000163302,-0.155622,-0.602337,0,0,0,2,0,0,0,0,
10162296,-7.38473e-005,-0.15585,-0.602269,0,0,0,2,0,0,0,0,
10162336,-1.78024e-005,-0.156174,-0.602213,0,0,0,2,0,0,0,0,
10162376,4.78149e-006,-0.156516,-0.602191,0,0,0,2,0,0,0,0,
10162416,-6.23342e-006,-0.156611,-0.602224,0,0,0,2,0,0,0,0,
10162456,-2.86167e-005,-0.156535,-0.602247,0,0,0,2,0,0,0,0,
10162496,1.59279e-005,-0.156459,-0.602202,0,0,0,2,0,0,0,0,
10162536,0.00016111,-0.156631,-0.602057,0,0,0,2,0,0,0,0,
10162576,0.00036194,-0.156897,-0.601856,0,0,0,2,0,0,0,0,
10162616,0.00065204,-0.157278,-0.601588,0,0,0,2,0,0,0,0,
10162656,0.000830389,-0.157316,-0.60141,0,0,0,2,0,0,0,0,
10162696,0.000852394,-0.156669,-0.601321,0,0,0,2,0,0,0,0,
10162736,0.000550443,-0.155394,-0.601421,0,0,0,2,0,0,0,0,
10162776,0.000147551,-0.153947,-0.601644,0,0,0,2,0,0,0,0,
10162816,-0.000378729,-0.152593,-0.601991,0,0,0,2,0,0,0,0,
10162856,-0.000860314,-0.151772,-0.602428,0,0,0,2,0,0,0,0,
10162896,-0.00125208,-0.151561,-0.602865,0,0,0,2,0,0,0,0,
10162936,-0.00152022,-0.151827,-0.6032,0,0,0,2,0,0,0,0,
10162976,-0.00169862,-0.152207,-0.603446,0,0,0,2,0,0,0,0,
10163016,-0.00185466,-0.15255,-0.603624,0,0,0,2,0,0,0,8,
10163056,-0.00193281,-0.152683,-0.60368,0,0,0,2,0,0,0,8,
10163096,-0.00195522,-0.152645,-0.603703,0,0,0,2,0,0,0,8,
10163136,-0.00195522,-0.152645,-0.603703,0,0,0,2,0,0,0,8,
10163176,-0.00194402,-0.152664,-0.603691,0.633348,-0.453262,0.141118,2,0,0,0,8,
10163216,-0.00184312,-0.152798,-0.60359,5.11564,-9.38149,3.31567,2,0,0,0,8,
10163256,-0.00174225,-0.152932,-0.60349,3.17667,-18.6881,8.12262,2,0,0,0,8,
10163296,-0.00159682,-0.152989,-0.603344,-0.209382,-16.7626,9.93833,2,0,0,0,8,
10163337,-0.00144045,-0.152876,-0.60321,-3.71232,-7.32324,6.86982,2,0,0,0,8,
10163376,-0.00128408,-0.152762,-0.603054,-2.26097,-0.489589,0.853547,2,0,0,0,8,
10163416,-0.00121687,-0.152839,-0.602987,0,0,0,2,0,0,0,8,
10163456,-0.00113843,-0.152972,-0.602908,0,0,0,2,0,0,0,8,
10163496,-0.00113827,-0.153087,-0.602908,0,0,0,2,0,0,0,8,
10163536,-0.00112708,-0.153106,-0.602897,0,0,0,2,0,0,0,8,
10163576,-0.00110466,-0.153144,-0.602874,0,0,0,2,0,0,0,8,
10163617,-0.000992686,-0.153335,-0.602762,0,0,0,2,0,0,0,8,
10163656,-0.000868975,-0.153964,-0.602639,0,0,0,2,0,0,0,8,
10163696,-0.000655292,-0.155278,-0.602515,0,0,0,2,0,0,0,8,
10163736,-0.000239779,-0.157505,-0.602413,0,0,0,2,0,0,0,8,
10163776,0.000411076,-0.161268,-0.602413,0,0,0,2,0,0,0,8,
10163817,0.0012521,-0.16656,-0.602561,0,0,0,2,0,0,0,9,
10163857,0.00227171,-0.173314,-0.602868,0,0,0,2,0,0,0,9,
10163897,0.00359167,-0.181613,-0.603306,0,0,0,2,0,0,0,9,
10163936,0.00522496,-0.191577,-0.604044,0,0,0,2,0,0,0,9,
10163976,0.00697813,-0.203648,-0.605283,0,0,0,2,0,0,0,9,
10164017,0.00910672,-0.217602,-0.606799,0,0,0,2,0,0,0,9,
10164056,0.0111127,-0.232277,-0.608801,0,0,0,2,0,0,0,9,
10164096,0.0131889,-0.24905,-0.611385,0,0,0,2,0,0,0,9,
10164136,0.0153607,-0.265637,-0.614161,0,0,0,2,0,0,0,9,
10164176,0.0173859,-0.281094,-0.617281,0,0,0,2,0,0,0,9,
10164216,0.0191763,-0.295068,-0.620859,0,0,0,2,0,0,0,9,
10164256,0.0205093,-0.307879,-0.624744,0,0,0,2,0,0,0,9,
10164296,0.0218086,-0.319822,-0.628694,0,0,0,2,0,0,0,9,
10164337,0.0227613,-0.331305,-0.632745,0,0,0,2,0,0,0,9,
10164377,0.0233056,-0.341569,-0.63657,0,0,0,2,0,0,0,9,
10164416,0.0235173,-0.351441,-0.640121,0,0,0,2,0,0,0,9,
10164456,0.0235659,-0.361882,-0.643217,0,0,0,2,0,0,0,9,
10164496,0.02381,-0.373732,-0.645343,0,0,0,2,0,0,0,9,
10164536,0.0237431,-0.385888,-0.64682,0,0,0,2,0,0,0,9,
10164576,0.0236151,-0.398426,-0.647364,0,0,0,2,0,0,0,9,
10164616,0.0232875,-0.412149,-0.647237,0,8.56051,0,2,0,0,0,9,
10164656,0.0227513,-0.426651,-0.646618,0,39.101,0,2,0,0,0,9,
10164696,0.0222258,-0.441926,-0.645616,0,71.5368,0,2,0,0,0,9,
10164736,0.0217271,-0.456859,-0.644397,0,104.993,0,2,0,0,0,9,
10164777,0.0212765,-0.470644,-0.643383,0,136.913,0,2,0,0,0,9,
10164817,0.0206453,-0.482353,-0.643006,0,165.346,0,2,0,0,0,9,
10164856,0.0202626,-0.491414,-0.64462,0,188.485,0,2,0,0,0,9,
10164897,0.0202808,-0.4981,-0.649253,0,205.927,0,2,0,0,0,9,
10164936,0.0205878,-0.502958,-0.657699,0,218.689,0,2,0,0,0,9,
10164977,0.0212012,-0.506463,-0.669756,0,228.019,0,2,0,0,0,9,
10165016,0.0218189,-0.50966,-0.68598,0,235.07,0,2,0,0,0,9,
10165056,0.0221499,-0.512911,-0.705445,0,242.211,0,2,0,0,0,9,
10165096,0.0224121,-0.517557,-0.727883,0,250.73,0,2,0,0,0,9,
10165137,0.0219064,-0.522344,-0.751893,0,261.336,0,2,0,0,0,9,
10165177,0.021342,-0.527063,-0.776365,0,271.597,0,2,0,0,0,9,
10165216,0.0195956,-0.531113,-0.801478,0,281.644,0,2,0,0,0,9,
10165256,0.0167434,-0.534404,-0.826397,0,289.694,0,2,0,0,0,9,
10165297,0.014193,-0.536283,-0.848579,0,295.742,0,2,0,0,0,9,
10165337,0.0110731,-0.536821,-0.870207,0,298.393,0,2,0,0,0,9,
10165376,0.00792383,-0.536497,-0.889537,0,298.655,0,2,0,0,0,9,
10165416,0.00467595,-0.535175,-0.906643,0,297.003,0,2,0,0,0,9,
10165456,0.00161419,-0.533356,-0.92152,0,293.465,0,2,0,0,0,9,
10165496,-0.00140258,-0.530668,-0.933565,0,288.607,0,2,0,0,0,9,
10165536,-0.00372217,-0.527948,-0.943074,0,282.467,0,2,0,0,0,9,
10165576,-0.00567732,-0.525534,-0.95073,0,276.719,0,2,0,0,0,9,
10165616,-0.00720835,-0.524001,-0.956162,0,272.386,0,2,0,0,0,9,
10165656,-0.00825884,-0.522759,-0.958912,0,269.371,0,2,0,0,0,9,
10165696,-0.00878602,-0.521607,-0.958534,0,266.923,0,2,0,0,0,9,
10165736,-0.0089765,-0.520478,-0.954701,0,264.165,0,2,0,0,0,9,
10165776,-0.00847757,-0.519058,-0.946657,0,261.477,0,2,0,0,0,9,
10165816,-0.00720504,-0.517122,-0.934879,0,257.859,0,2,0,0,0,9,
10165856,-0.0053694,-0.514038,-0.919449,0,252.574,0,2,0,0,0,9,
10165897,-0.00279191,-0.510521,-0.901338,0,245.129,0,2,0,0,0,9,
10165936,0.0001884,-0.506913,-0.881711,0,237.586,0,2,0,0,0,9,
10165976,0.00337245,-0.503059,-0.86054,0,229.036,0,2,0,0,0,9,
10166016,0.00687434,-0.499347,-0.837782,0,220.945,0,2,0,0,0,9,
10166056,0.0100702,-0.494893,-0.814125,-2.71885,199.927,-2.96382,2,0,0,0,9,
10166096,0.0130534,-0.490231,-0.789506,-6.76132,171.473,-3.27192,2,0,0,0,9,
10166136,0.0153436,-0.486544,-0.76499,-6.29929,164.49,1.29165,2,0,0,0,9,
10166176,0.0175297,-0.48288,-0.739505,-2.63133,172.977,2.15673,2,0,0,0,9,
10166217,0.0191221,-0.478885,-0.714275,-0.019185,176.069,0.0247486,2,0,0,0,9,
10166256,0.020179,-0.4758,-0.690289,0,167.951,0,2,0,0,0,9,
10166296,0.020583,-0.473374,-0.666639,0,162.223,0,2,0,0,0,9,
10166336,0.0209451,-0.470533,-0.644273,0,156.282,0,2,0,0,0,9,
10166376,0.021015,-0.46889,-0.622572,0,151.042,0,2,0,0,0,9,
10166416,0.020305,-0.467479,-0.601368,0,148.191,0,2,0,0,0,9,
10166456,0.0193808,-0.466145,-0.57977,0,145.09,0,2,0,0,0,9,
10166497,0.0182806,-0.463483,-0.55871,0,140.849,0,2,0,0,0,9,
10166537,0.0167439,-0.460238,-0.539352,0,134.074,0,2,0,0,0,9,
10166577,0.0150021,-0.456881,-0.519741,0,126.53,0,2,0,0,0,9,
10166617,0.0136605,-0.454303,-0.500561,0,120.326,0,2,0,0,0,9,
10166656,0.0125602,-0.451471,-0.48164,0,114.539,0,2,0,0,0,9,
10166697,0.0113119,-0.449017,-0.463073,0,108.554,0,2,0,0,0,9,
10166736,0.00952901,-0.446775,-0.445172,0,103.318,0,2,0,0,0,9,
10166777,0.00742153,-0.444769,-0.428223,0,98.66,0,2,0,0,0,9,
10166816,0.00537633,-0.443184,-0.412806,0,94.5534,0,2,0,0,0,9,
10166856,0.00351552,-0.442499,-0.400286,0,91.9872,0,2,0,0,0,9,
10166896,0.0019829,-0.442725,-0.391047,0,91.3187,0,2,0,0,0,9,
10166936,0.00101756,-0.443896,-0.386035,0,92.8812,0,2,0,0,0,9,
10166976,0.00109474,-0.445286,-0.385316,0,95.7787,0,2,0,0,0,9,
10167016,0.0018506,-0.447492,-0.388776,0,99.6031,0,2,0,0,0,9,
10167056,0.00384751,-0.449708,-0.397352,0,104.507,0,2,0,0,0,9,
10167097,0.0072628,-0.451772,-0.411095,0,109.231,0,2,0,0,0,9,
10167136,0.0116668,-0.454176,-0.429522,0,113.905,0,2,0,0,0,9,
10167176,0.0161142,-0.457317,-0.45083,0,119.886,0,2,0,0,0,9,
10167217,0.0202483,-0.461549,-0.475593,0,128.133,0,2,0,0,0,9,
10167256,0.0240877,-0.466425,-0.504222,0,137.946,0,2,0,0,0,9,
10167296,0.0279834,-0.472152,-0.535269,0,149.751,0,2,0,0,0,9,
10167336,0.0313729,-0.478247,-0.56792,0,162.389,0,2,0,0,0,9,
10167376,0.0348533,-0.483421,-0.602279,0,175.727,0,2,0,0,0,9,
10167417,0.0377797,-0.486382,-0.636947,0,184.129,0,2,0,0,0,9,
10167456,0.0397537,-0.48992,-0.670927,0,191.36,0,2,0,0,0,9,
10167496,0.0415866,-0.49238,-0.702996,0,198.244,0,2,0,0,0,9,
10167536,0.0422351,-0.493529,-0.735155,0,202.113,0,2,0,0,0,9,
10167576,0.0419249,-0.494906,-0.765892,0,205.236,0,2,0,0,0,9,
10167616,0.0409104,-0.494788,-0.79511,0,206.392,0,2,0,0,0,9,
10167656,0.0400323,-0.495504,-0.822735,0,207.07,0,2,0,0,0,9,
10167696,0.0387116,-0.496638,-0.849246,0,209.002,0,2,0,0,0,9,
10167736,0.037043,-0.497507,-0.874487,0,211.278,0,2,0,0,0,9,
10167777,0.0352358,-0.49819,-0.897902,0,212.693,0,2,0,0,0,9,
10167816,0.0333495,-0.498777,-0.917929,6.44725,201.611,11.3107,2,0,0,0,9,
10167856,0.0307063,-0.499046,-0.934054,16.6207,178.96,26.8414,2,0,0,0,9,
10167896,0.0283185,-0.499475,-0.944535,21.8878,162.893,33.3461,2,0,0,0,9,
10167936,0.0269445,-0.499184,-0.949032,22.4867,156.214,33.9614,2,0,0,0,9,
10167977,0.0263585,-0.498053,-0.948428,20.2466,156.887,32.0789,2,0,0,0,9,
10168016,0.0265903,-0.496194,-0.942024,16.3057,162.814,28.5551,2,0,0,0,9,
10168057,0.0280075,-0.49338,-0.929214,10.6088,174.658,21.3355,2,0,0,0,9,
10168097,0.0299843,-0.489413,-0.910242,3.33339,189.509,7.66263,2,0,0,0,9,
10168136,0.0320573,-0.484723,-0.886803,0,190.112,0,2,0,0,0,9,
10168176,0.0347509,-0.480469,-0.85867,0,179.717,0,2,0,0,0,9,
10168216,0.0372179,-0.476203,-0.827782,-4.7596,162.452,-2.80614,2,0,0,0,9,
10168256,0.0391538,-0.472585,-0.793858,-14.8416,136.315,-3.13277,2,0,0,0,9,
10168296,0.0410735,-0.469471,-0.756523,-11.8859,133.497,2.92842,2,0,0,0,9,
10168336,0.0414215,-0.465147,-0.717293,2.69808,140.227,0.436211,2,0,0,0,9,
10168376,0.0406319,-0.461643,-0.677519,7.33292,129.93,2.29378,2,0,0,0,9,
10168416,0.0384955,-0.45802,-0.638945,0.0499986,129.365,0.0351485,2,0,0,0,9,
10168456,0.0352585,-0.456224,-0.599947,0,123.442,0,2,0,0,0,9,
10168496,0.0315107,-0.453918,-0.562161,0,118.886,0,2,0,0,0,9,
10168536,0.0274656,-0.45186,-0.52766,0,114.344,0,2,0,0,0,9,
10168576,0.0245284,-0.450064,-0.494344,0,110.038,0,2,0,0,0,9,
10168616,0.0213973,-0.449023,-0.463438,0,107.069,0,2,0,0,0,9,
10168656,0.0178055,-0.446477,-0.435147,0,103.45,0,2,0,0,0,9,
10168696,0.0146307,-0.443199,-0.408468,0,96.8338,0,2,0,0,0,9,
10168736,0.0119204,-0.441014,-0.383957,0,90.3388,0,2,0,0,0,9,
10168776,0.00894663,-0.439285,-0.361531,0,86.4419,0,2,0,0,0,9,
10168816,0.00601409,-0.437128,-0.340699,0,82.0581,0,2,0,0,0,9,
10168856,0.00267215,-0.434813,-0.322007,0,77.1278,0,2,0,0,0,9,
10168896,-0.000408024,-0.433315,-0.305801,0,72.733,0,2,0,0,0,9,
10168936,-0.00231814,-0.43245,-0.291887,0,70.125,0,2,0,0,0,9,
10168976,-0.00355323,-0.431409,-0.279851,0,68.2858,0,2,0,0,0,9,
10169016,-0.00443101,-0.429715,-0.268887,0,65.3853,0,2,0,0,0,9,
10169056,-0.00597046,-0.42712,-0.258882,0,60.6845,0,2,0,0,0,9,
10169096,-0.0082977,-0.423997,-0.249665,0,54.3931,0,2,0,0,0,9,
10169136,-0.0109765,-0.420792,-0.242649,0,47.3856,0,2,0,0,0,9,
10169176,-0.0136381,-0.418294,-0.239406,0,40.8105,0,2,0,0,0,9,
10169216,-0.0155563,-0.417419,-0.240086,0,36.6222,0,2,0,0,0,9,
10169256,-0.0170419,-0.418785,-0.246241,0,37.208,0,2,0,0,0,9,
10169296,-0.0165145,-0.421554,-0.259307,0,41.6995,0,2,0,0,0,9,
10169336,-0.014363,-0.424914,-0.279272,0,48.586,0,2,0,0,0,9,
10169377,-0.010672,-0.430142,-0.304332,0,57.2706,0,2,0,0,0,9,
10169417,-0.00574867,-0.437322,-0.335662,0,70.7194,0,2,0,0,0,9,
10169456,0.000262539,-0.445678,-0.372876,0,88.3766,0,2,0,0,0,9,
10169497,0.00664557,-0.453729,-0.414407,0,106.721,0,2,0,0,0,9,
10169536,0.0136136,-0.460121,-0.458394,0,122.484,0,2,0,0,0,9,
10169576,0.0193691,-0.465679,-0.50399,0,135.727,0,2,0,0,0,9,
10169616,0.0248573,-0.470275,-0.548362,0,146.867,0,2,0,0,0,9,
10169657,0.0286814,-0.475437,-0.58936,0,157.422,0,2,0,0,0,9,
10169696,0.0322124,-0.477577,-0.624166,0,166.292,0,2,0,0,0,9,
10169736,0.0350813,-0.479486,-0.650649,0,170.656,0,2,0,0,0,9,
10169776,0.0369401,-0.480366,-0.666274,0,173.787,0,2,0,0,0,9,
10169816,0.0375575,-0.479742,-0.670966,0,174.197,0,2,0,0,0,9,
10169856,0.0360689,-0.478345,-0.668045,0,171.909,0,2,0,0,0,9,
10169896,0.0320561,-0.476745,-0.659636,0,168.696,0,2,0,0,0,9,
10169936,0.0241245,-0.47443,-0.647468,0,164.474,0,2,0,0,0,9,
10169977,0.0123559,-0.472034,-0.634873,0,159.032,0,2,0,0,0,9,
10170016,-0.00455417,-0.468726,-0.621714,0,153.421,0,2,0,0,0,9,
10170056,-0.0276544,-0.464163,-0.608831,0,144.629,0,2,0,0,0,9,
10170097,-0.0551491,-0.459319,-0.597582,0.520995,133.786,-0.113037,2,0,0,0,9,
10170136,-0.0849613,-0.454185,-0.588938,38.8212,99.0574,-6.99038,2,0,0,0,9,
10170176,-0.114775,-0.449254,-0.583159,90.089,45.7441,-11.4505,2,0,0,0,9,
10170217,-0.144627,-0.444455,-0.580506,120.779,-11.9455,-7.66591,2,0,0,0,9,
10170257,-0.17407,-0.441339,-0.579026,123.031,-65.9762,2.26735,2,0,0,0,9,
10170297,-0.203403,-0.439202,-0.578155,97.6571,-102.928,15.8065,2,0,0,0,9,
10170337,-0.233715,-0.439,-0.576453,58.42,-111.382,28.3769,2,0,0,0,9,
10170376,-0.266073,-0.439094,-0.573985,19.7201,-94.1383,36.4058,2,0,0,0,9,
10170416,-0.297208,-0.439765,-0.570935,-5.75474,-57.7019,37.5914,2,0,0,0,9,
10170456,-0.324189,-0.441456,-0.568337,-15.5244,-14.6783,31.8817,2,0,0,0,9,
10170496,-0.342022,-0.441923,-0.567159,-14.1679,24.3232,23.2835,2,0,0,0,9,
10170536,-0.347619,-0.440422,-0.567633,-9.95758,43.1975,17.6123,2,0,0,0,9,
10170576,-0.340958,-0.437555,-0.569396,-6.39288,42.9801,16.807,2,0,0,0,9,
10170617,-0.323457,-0.434372,-0.571328,-1.25923,31.265,19.512,2,0,0,0,9,
10170656,-0.297041,-0.43077,-0.573547,7.80111,19.073,21.7708,2,0,0,0,9,
10170696,-0.264611,-0.428849,-0.575429,16.6751,20.1943,18.5848,2,0,0,0,9,
10170736,-0.228027,-0.42734,-0.578448,14.4079,37.4123,9.13992,2,0,0,0,9,
10170777,-0.189254,-0.426542,-0.58114,0.846783,55.9639,0.377361,2,0,0,0,9,
10170816,-0.150181,-0.426104,-0.584225,0,55.5741,0,2,0,0,0,9,
10170856,-0.112757,-0.426907,-0.587136,0,55.7632,0,2,0,0,0,9,
10170896,-0.0756055,-0.429171,-0.589533,0,60.5047,0,2,0,0,0,9,
10170936,-0.0407659,-0.429486,-0.591712,0,62.2273,0,2,0,0,0,9,
10170976,-0.00700222,-0.429239,-0.594416,0,62.7112,0,2,0,0,0,9,
10171016,0.0255896,-0.428095,-0.598317,0,61.1343,0,2,0,0,0,9,
10171056,0.0552401,-0.428293,-0.600122,0,59.4642,0,2,0,0,0,9,
10171096,0.0797943,-0.428485,-0.600888,0,60.3775,0,2,0,0,0,9,
10171136,0.0969336,-0.429828,-0.601664,0,61.3952,0,2,0,0,0,9,
10171176,0.105074,-0.4333,-0.600609,0,66.9469,0,2,0,0,0,9,
10171216,0.103953,-0.435643,-0.597303,0,73.6242,0,2,0,0,0,9,
10171256,0.0933257,-0.436781,-0.58932,0,77.5563,0,2,0,0,0,9,
10171297,0.0724208,-0.4378,-0.578704,0,80.0275,0,2,0,0,0,9,
10171336,0.0427585,-0.437444,-0.56866,0,80.4249,0,2,0,0,0,9,
10171382,0.00446931,-0.43727,-0.55903,0,87.8437,0,2.2,0,0,0,9,
10171416,-0.0406404,-0.439527,-0.552041,0,72.9952,0,1.8,0,0,0,9,
10171456,-0.0883193,-0.443615,-0.546525,0,88.6221,0,2,0,0,0,9,
10171496,-0.137676,-0.449967,-0.544093,0,99.4522,0,2,0,0,0,9,
10171536,-0.184369,-0.453977,-0.54366,0,112.193,0,2,0,0,0,9,
10171576,-0.226165,-0.459988,-0.542982,0,122.745,0,2,0,0,0,9,
10171616,-0.2635,-0.464665,-0.543342,9.40722,125.806,-8.45661,2,0,0,0,9,
10171656,-0.293634,-0.467268,-0.543409,17.12,119.298,-21.845,2,0,0,0,9,
10171696,-0.312879,-0.467782,-0.543967,13.3944,121.132,-24.9758,2,0,0,0,9,
10171737,-0.319422,-0.465129,-0.54529,8.32289,124.251,-20.7249,2,0,0,0,9,
10171776,-0.313634,-0.461229,-0.547882,4.07541,127.303,-10.967,2,0,0,0,9,
10171816,-0.295915,-0.457726,-0.550982,0.167042,128.92,-0.423196,2,0,0,0,9,
10171857,-0.269886,-0.454904,-0.554525,0,121.747,0,2,0,0,0,9,
10171896,-0.237225,-0.453816,-0.557589,0,117.405,0,2,0,0,0,9,
10171936,-0.19737,-0.450923,-0.561747,0,113.803,0,2,0,0,0,9,
10171976,-0.153498,-0.44842,-0.564893,0,107.144,0,2,0,0,0,9,
10172016,-0.106865,-0.447082,-0.568843,0,102.778,0,2,0,0,0,9,
10172056,-0.061414,-0.446186,-0.573326,0,100.532,0,2,0,0,0,9,
10172096,-0.0217156,-0.446472,-0.578696,0,98.7272,0,2,0,0,0,9,
10172136,0.0106584,-0.450395,-0.583406,0,103.584,0,2,0,0,0,9,
10172176,0.0349691,-0.456351,-0.587211,0,113.967,0,2,0,0,0,9,
10172216,0.0502897,-0.464176,-0.589995,0,129.081,0,2,0,0,0,9,
10172256,0.0591612,-0.472561,-0.594149,0,147.3,0,2,0,0,0,9,
10172296,0.0631271,-0.480455,-0.600207,0,165.449,0,2,0,0,0,9,
10172336,0.0636645,-0.486715,-0.610466,0,181.181,0,2,0,0,0,9,
10172376,0.0634827,-0.491396,-0.62898,0,193.484,0,2,0,0,0,9,
10172416,0.0640384,-0.495208,-0.657165,0,202.517,0,2,0,0,0,9,
10172456,0.0650145,-0.500753,-0.694766,0,212.23,0,2,0,0,0,9,
10172496,0.0648719,-0.506706,-0.736953,0,225.939,0,2,0,0,0,9,
10172537,0.0616837,-0.513259,-0.78451,0.0994056,238.208,0.363073,2,0,0,0,9,
10172576,0.0563753,-0.518879,-0.833525,5.19053,223.207,18.1174,2,0,0,0,9,
10172616,0.0491961,-0.526133,-0.881173,6.51955,203.065,21.6362,2,0,0,0,9,
10172656,0.0394827,-0.532209,-0.926575,1.20175,212.184,5.35982,2,0,0,0,9,
10172697,0.0285535,-0.536387,-0.967599,-3.12253,248.735,-6.34217,2,0,0,0,9,
10172736,0.017909,-0.537708,-1.00131,-1.3124,290.532,-2.7474,2,0,0,0,9,
10172776,0.00795573,-0.538249,-1.0269,0,301.251,0,2,0,0,0,9,
10172816,0.00041455,-0.537868,-1.04288,0,301.651,0,2,0,0,0,9,
10172856,-0.00364375,-0.536486,-1.04925,0,299.955,0,2,0,0,0,9,
10172896,-0.00464984,-0.534726,-1.04731,0,296.528,0,2,0,0,0,9,
10172936,-0.00265898,-0.532642,-1.03636,0,292.389,0,2,0,0,0,9,
10172976,0.00267073,-0.529362,-1.0148,0,286.675,0,2,0,0,0,9,
10173017,0.0104528,-0.524703,-0.984133,-0.0480892,277.795,-0.0245706,2,0,0,0,9,
10173056,0.0187905,-0.516066,-0.94421,-9.92251,246.343,-2.05471,2,0,0,0,9,
10173096,0.0269915,-0.504575,-0.897669,-23.1912,202.97,5.64168,2,0,0,0,9,
10173137,0.0333571,-0.493282,-0.849409,-21.4487,182.951,16.1423,2,0,0,0,9,
10173176,0.0385603,-0.483287,-0.797794,-3.8297,186.87,4.40566,2,0,0,0,9,
10173216,0.041874,-0.474027,-0.745937,0,171.734,0,2,0,0,0,9,
10173256,0.043705,-0.467486,-0.694358,0,153.395,0,2,0,0,0,9,
10173296,0.0447688,-0.462792,-0.64362,0,141.454,0,2,0,0,0,9,
10173336,0.0440492,-0.460017,-0.594314,0,133.083,0,2,0,0,0,9,
10173376,0.0397597,-0.457347,-0.545201,0,126.678,0,2,0,0,0,9,
10173416,0.03368,-0.455255,-0.495513,0,121.963,0,2,0,0,0,9,
10173456,0.0263598,-0.45349,-0.448183,0,117.488,0,2,0,0,0,9,
10173497,0.0189317,-0.450514,-0.400636,0,112.543,0,2,0,0,0,9,
10173536,0.0108722,-0.447717,-0.357055,0,106.113,0,2,0,0,0,9,
10173576,0.00303564,-0.445309,-0.318341,0,99.7613,0,2,0,0,0,9,
10173616,-0.00485859,-0.4447,-0.287991,0,96.9902,0,2,0,0,0,9,
10173656,-0.0116201,-0.443894,-0.265922,0,95.6365,0,2,0,0,0,9,
10173696,-0.0165449,-0.442775,-0.252814,0,93.0819,0,2,0,0,0,9,
10173737,-0.0184232,-0.44275,-0.249916,0,91.7934,0,2,0,0,0,9,
10173776,-0.0174765,-0.443731,-0.256316,0,92.5292,0,2,0,0,0,9,
10173816,-0.0130507,-0.446017,-0.273469,0,96.1225,0,2,0,0,0,9,
10173856,-0.00556521,-0.448898,-0.299663,0,101.662,0,2,0,0,0,9,
10173896,0.00379462,-0.452697,-0.334007,0,108.823,0,2,0,0,0,9,
10173936,0.0137619,-0.458731,-0.376107,0,119.391,0,2,0,0,0,9,
10173976,0.0240704,-0.4648,-0.424849,0,133.038,0,2,0,0,0,9,
10174016,0.0347309,-0.470608,-0.477888,0,146.169,0,2,0,0,0,9,
10174056,0.0447055,-0.477839,-0.53514,0,159.966,0,2,0,0,0,9,
10174096,0.0523178,-0.485162,-0.59151,0,175.877,0,2,0,0,0,9,
10174136,0.0562315,-0.492795,-0.648204,0,192.979,0,2,0,0,0,9,
10174176,0.0571616,-0.499438,-0.703835,0,208.288,0,2,0,0,0,9,
10174216,0.0559151,-0.504227,-0.755301,0,220.951,0,2,0,0,0,9,
10174256,0.052827,-0.509711,-0.801803,0,232.787,0,2,0,0,0,9,
10174296,0.0484955,-0.512631,-0.84311,0,242.477,0,2,0,0,0,9,
10174336,0.0437844,-0.515979,-0.87958,0,249.68,0,2,0,0,0,9,
10174376,0.0390556,-0.518075,-0.909011,0,255.031,0,2,0,0,0,9,
10174416,0.0339455,-0.519275,-0.932215,0,258.802,0,2,0,0,0,9,
10174456,0.0291301,-0.519874,-0.948609,0,260.981,0,2,0,0,0,9,
10174496,0.0260408,-0.519924,-0.956246,0,261.689,0,2,0,0,0,9,
10174536,0.0248101,-0.519413,-0.95381,0,261.155,0,2,0,0,0,9,
10174576,0.0253052,-0.518386,-0.940951,0,259.567,0,2,0,0,0,9,
10174616,0.0278634,-0.516136,-0.916861,0,256.401,0,2,0,0,0,9,
10174656,0.0306767,-0.511255,-0.883382,0,248.807,0,2,0,0,0,9,
10174696,0.0337872,-0.506234,-0.843705,0,237.489,0,2,0,0,0,9,
10174736,0.035953,-0.500181,-0.797717,0,225.136,0,2,0,0,0,9,
10174776,0.0359782,-0.493295,-0.748102,0,211.424,0,2,0,0,0,9,
10174816,0.0339223,-0.487501,-0.695273,0,196.722,0,2,0,0,0,9,
10174856,0.030337,-0.48314,-0.641469,0,186.875,0,2,0,0,0,9,
10174896,0.0242743,-0.481767,-0.588216,0,178.959,0,2,0,0,0,9,
10174936,0.0168049,-0.479878,-0.536943,0,175.192,0,2,0,0,0,9,
10174976,0.00807722,-0.480937,-0.490087,0,174.454,0,2,0,0,0,9,
10175016,0.00108418,-0.482158,-0.450115,0,176.896,0,2,0,0,0,9,
10175056,-0.00597617,-0.484028,-0.415091,0,180.587,0,2,0,0,0,9,
10175097,-0.0109729,-0.485322,-0.386027,0,183.778,0,2,0,0,0,9,
10175136,-0.0149974,-0.487053,-0.363156,0,187.029,0,2,0,0,0,9,
10175176,-0.0175925,-0.489162,-0.347787,0,191.376,0,2,0,0,0,9,
10175216,-0.0185471,-0.491787,-0.340424,0,196.483,0,2,0,0,0,9,
10175256,-0.0177212,-0.495086,-0.339917,0,203.334,0,2,0,0,0,9,
10175296,-0.0162244,-0.498018,-0.346996,0,209.756,0,2,0,0,0,9,
10175336,-0.0131851,-0.501546,-0.361896,0,216.827,0,2,0,0,0,9,
10175376,-0.00860315,-0.505813,-0.384645,0,225.167,0,2,0,0,0,9,
10175416,-0.00250793,-0.511296,-0.413964,0,236.007,0,2,0,0,0,9,
10175457,0.00506952,-0.516877,-0.449313,0,248.243,0,2,0,0,0,9,
10175497,0.0138937,-0.523209,-0.491347,0,260.877,0,2,0,0,0,9,
10175537,0.0227673,-0.529413,-0.537841,0,274.925,0,2,0,0,0,9,
10175577,0.0301481,-0.53583,-0.587523,0,289.596,0,2,0,0,0,9,
10175617,0.0358256,-0.54219,-0.638303,0,302.992,0,2,0,0,0,9,
10175656,0.0389579,-0.547492,-0.687919,0,315.952,0,2,0,0,0,9,
10175696,0.0389722,-0.553164,-0.736004,0,328.177,0,2,0,0,0,9,
10175736,0.0382336,-0.558369,-0.781077,0,340.301,0,2,0,0,0,9,
10175776,0.0352704,-0.564388,-0.821063,0,352.305,0,2,0,0,0,9,
10175816,0.0305908,-0.571156,-0.853619,0,365.593,0,2,0,0,0,9,
10175856,0.0250554,-0.577824,-0.877416,0,381.061,0,2,0,0,0,9,
10175896,0.0200671,-0.582741,-0.892936,0,394.349,0,2,0,0,0,9,
10175936,0.0162578,-0.586082,-0.901219,0,403.382,0,2,0,0,0,9,
10175977,0.0140795,-0.588213,-0.904034,0,409.455,0,2,0,0,0,9,
10176016,0.0130638,-0.589378,-0.903891,0,413.318,0,2,0,0,0,9,
10176056,0.0126915,-0.590025,-0.901729,0,414.991,0,2,0,0,0,9,
10176096,0.0129845,-0.590348,-0.896202,0,416.317,0,2,0,0,0,9,
10176136,0.0143034,-0.589299,-0.886966,0,415.839,0,2,0,0,0,9,
10176176,0.0161984,-0.586134,-0.874606,0,411.684,0,2,0,0,0,9,
10176216,0.0182229,-0.580334,-0.859002,0,402.171,0,2,0,0,0,9,
10176256,0.020077,-0.571667,-0.840383,0,386.348,0,2,0,0,0,9,
10176296,0.0211833,-0.56124,-0.818953,0,365.096,0,2,0,0,0,9,
10176336,0.0215256,-0.549371,-0.79576,0,341.238,0,2,0,0,0,9,
10176376,0.0203595,-0.536017,-0.771656,0,313.345,0,2,0,0,0,9,
10176416,0.0178262,-0.522691,-0.747669,0,283.727,0,2,0,0,0,9,
10176456,0.0143757,-0.509159,-0.723529,0,254.509,0,2,0,0,0,9,
10176496,0.010438,-0.495837,-0.700627,0,224.694,0,2,0,0,0,9,
10176536,0.00589604,-0.484205,-0.680402,0,196.717,0,2,0,0,0,9,
10176577,0.0015255,-0.474702,-0.663046,0,173.075,0,2,0,0,0,9,
10176617,-0.00226619,-0.467249,-0.648346,0,154.465,0,2,0,0,0,9,
10176657,-0.00479184,-0.462825,-0.637617,0,140.756,0,2,0,0,0,9,
10176696,-0.00596236,-0.461836,-0.630317,0,134.221,0,2,0,0,0,9,
10176736,-0.00551815,-0.465702,-0.626693,0,136.799,0,2,0,0,0,9,
10176776,-0.00315809,-0.474799,-0.625889,0,150.464,0,2,0,0,0,9,
10176817,9.78832e-005,-0.490487,-0.627497,0,176.61,0,2,1,0,0,9,
10176857,0.00342989,-0.512186,-0.630624,0,217.4,0,2,1,0,0,9,
10176896,0.00621571,-0.538121,-0.634456,0,270.054,0,2,1,0,0,9,
10176936,0.0078164,-0.566909,-0.638544,0,330.013,0,2,1,0,0,9,
10176977,0.00751672,-0.59668,-0.642017,0,394.678,0,2,1,0,0,9,
10177017,0.00561207,-0.624776,-0.644477,0,458.926,0,2,1,0,0,9,
10177056,0.00293536,-0.649645,-0.645501,0,517.783,0,2,1,0,0,9,
10177096,-0.00097927,-0.671618,-0.644835,0,569.523,0,2,1,0,0,9,
10177137,-0.00549672,-0.68991,-0.642193,0,614.095,0,2,1,0,0,9,
10177177,-0.00982188,-0.704086,-0.638409,0,650.377,0,2,1,0,0,9,
10177216,-0.0132081,-0.713781,-0.635021,0,677.165,0,2,1,0,0,9,
10177256,-0.0157451,-0.7201,-0.632376,0,695.064,0,2,1,0,0,9,
10177296,-0.0173016,-0.722475,-0.630676,0,705.148,0,2,1,0,0,9,
10177337,-0.0178566,-0.71925,-0.630049,0,705.269,0,2,1,0,0,9,
10177376,-0.0159769,-0.706972,-0.631354,0,689.965,0,2,1,0,0,9,
10177416,-0.00820428,-0.681224,-0.636446,0,650.328,0,2,1,0,0,9,
10177456,0.00381088,-0.644276,-0.64453,0,581.527,0,2,1,0,0,9,
10177497,0.0152728,-0.600062,-0.65571,0,492.34,0,2,1,0,0,9,
10177536,0.0224471,-0.554735,-0.66656,0,393.657,0,2,1,0,0,9,
10177577,0.0261028,-0.508411,-0.674681,0,291.484,0,2,1,0,0,9,
10177617,0.0265101,-0.46562,-0.679932,0,193.111,0,2,1,0,0,9,
10177657,0.0253837,-0.425348,-0.682665,0,101.554,0,2,1,0,0,9,
10177696,0.0235228,-0.388466,-0.682102,0,19.9609,0,2,1,0,0,9,
10177736,0.0207805,-0.354763,-0.679674,0,0,0,2,1,0,0,9,
10177776,0.0176508,-0.323347,-0.675485,0,0,0,2,1,0,0,9,
10177817,0.0143517,-0.294947,-0.669551,0,0,0,2,1,0,0,9,
10177856,0.0108256,-0.269801,-0.662883,0,0,0,2,1,0,0,9,
10177896,0.00700401,-0.247186,-0.657038,0,0,0,2,1,0,0,9,
10177936,0.00304235,-0.228204,-0.652816,0,0,0,2,1,0,0,9,
