milisec,RacketX,RacketY,RacketZ,forceX,forceX,forceX,ForceRatio,FriendPoint,EnemyPoint,haptics,scene
5976693,0,0,0,0,0,0,0.4,0,0,0,0,
5976743,-0.00240043,-0.178973,-0.603674,0,0,0,0.4,0,0,0,0,
5976794,-0.00233111,-0.177213,-0.603631,0,0,0,0.4,0,0,0,0,
5976854,-0.00230857,-0.173471,-0.603127,0,0,0,0.4,0,0,0,0,
5976914,-0.00249188,-0.172005,-0.603028,0,0,0,0.4,0,0,0,0,
5976984,-0.00314311,-0.169754,-0.601988,0,0,0,0.4,0,0,0,0,
5977034,-0.00338297,-0.169202,-0.601664,0,0,0,0.4,0,0,0,0,
5977094,-0.00353771,-0.168891,-0.601566,0,0,0,0.4,0,0,0,0,
5977154,-0.00363621,-0.168723,-0.601467,0,0,0,0.4,0,0,0,0,
5977214,-0.00376302,-0.168412,-0.601313,0,0,0,0.4,0,0,0,0,
5977274,-0.00387558,-0.168173,-0.6012,0,0,0,0.4,0,0,0,0,
5977334,-0.00388961,-0.168149,-0.601186,0,0,0,0.4,0,0,0,0,
5977394,-0.00390367,-0.168125,-0.601172,0,0,0,0.4,0,0,0,0,
5977454,-0.00388958,-0.168101,-0.601186,0,0,0,0.4,0,0,0,0,
5977515,-0.00390369,-0.168077,-0.601172,0,0,0,0.4,0,0,0,0,
5977575,-0.00390369,-0.168077,-0.601172,0,0,0,0.4,0,0,0,0,
5977635,-0.00390369,-0.168077,-0.601172,0,0,0,0.4,0,0,0,0,
5977695,-0.00390369,-0.168077,-0.601172,0,0,0,0.4,0,0,0,0,
5977755,-0.00391775,-0.168053,-0.601158,0,0,0,0.4,0,0,0,0,
5977815,-0.00391775,-0.168053,-0.601158,0,0,0,0.4,0,0,0,0,
5977875,-0.00391775,-0.168053,-0.601158,0,0,0,0.4,0,0,0,9,
5977935,-0.00391775,-0.168053,-0.601158,0,0,0,0.4,0,0,0,9,
5977995,-0.00391775,-0.168053,-0.601158,0,0,0,0.4,0,0,0,9,
5978055,-0.00391775,-0.168053,-0.601158,0,0,0,0.4,0,0,0,9,
5978115,-0.00391775,-0.168053,-0.601158,0,0,0,0.4,0,0,0,9,
5978176,-0.00391775,-0.168053,-0.601158,0,0,0,0.4,0,0,0,9,
5978236,-0.00391775,-0.168053,-0.601158,0,0,0,0.4,0,0,0,9,
5978296,-0.00391775,-0.168053,-0.601158,0,0,0,0.4,0,0,0,9,
5978356,-0.00391775,-0.168053,-0.601158,0,0,0,0.4,0,0,0,9,
5978416,-0.00391775,-0.168053,-0.601158,0,0,0,0.4,0,0,0,9,
5978476,-0.00391775,-0.168053,-0.601158,0,0,0,0.4,0,0,0,9,
5978536,-0.00391775,-0.168053,-0.601158,0,0,0,0.4,0,0,0,9,
5978596,-0.00391775,-0.168053,-0.601158,0,0,0,0.4,0,0,0,9,
5978656,-0.00391775,-0.168053,-0.601158,0,0,0,0.4,0,0,0,9,
5978716,-0.00391775,-0.168053,-0.601158,0,0,0,0.4,0,0,0,9,
5978776,-0.00391775,-0.168053,-0.601158,0,0,0,0.4,0,0,0,9,
5978836,-0.00391775,-0.168053,-0.601158,0,0,0,0.4,0,0,0,9,
5978897,-0.00391775,-0.168053,-0.601158,0,0,0,0.4,0,0,0,9,
5978957,-0.00391775,-0.168053,-0.601158,0,0,0,0.4,0,0,0,9,
5979017,-0.00391775,-0.168053,-0.601158,0,0,0,0.4,0,0,0,9,
5979077,-0.00391775,-0.168053,-0.601158,0,0,0,0.4,0,0,0,9,
5979137,-0.00391775,-0.168053,-0.601158,0,0,0,0.4,0,0,0,9,
5979197,-0.00391775,-0.168053,-0.601158,0,0,0,0.4,0,0,0,9,
5979257,-0.00391775,-0.168053,-0.601158,0,0,0,0.4,0,0,0,9,
5979317,-0.00391775,-0.168053,-0.601158,0,0,0,0.4,0,0,0,9,
5979377,-0.00391775,-0.168053,-0.601158,0,0,0,0.4,0,0,0,9,
5979437,-0.00391775,-0.168053,-0.601158,0,0,0,0.4,0,0,0,9,
5979497,-0.00391775,-0.168053,-0.601158,0,0,0,0.4,0,0,0,9,
5979557,-0.00391775,-0.168053,-0.601158,0,0,0,0.4,0,0,0,9,
5979618,-0.00391775,-0.168053,-0.601158,0,0,0,0.4,0,0,0,9,
5979678,-0.00391775,-0.168053,-0.601158,0,0,0,0.4,0,0,0,9,
5979738,-0.00391775,-0.168053,-0.601158,0,0,0,0.4,0,0,0,9,
5979798,-0.00391775,-0.168053,-0.601158,0,0,0,0.4,0,0,0,9,
5979858,-0.00391775,-0.168053,-0.601158,0,0,0,0.4,0,0,0,9,
5979918,-0.00391775,-0.168053,-0.601158,0,0,0,0.4,0,0,0,9,
5979978,-0.00391775,-0.168053,-0.601158,0,0,0,0.4,0,0,0,9,
5980038,-0.00391775,-0.168053,-0.601158,0,0,0,0.4,0,0,0,9,
5980098,-0.00391775,-0.168053,-0.601158,0,0,0,0.4,0,0,0,9,
5980158,-0.00391775,-0.168053,-0.601158,0,0,0,0.4,0,0,0,9,
5980218,-0.00391775,-0.168053,-0.601158,0,0,0,0.4,0,0,0,9,
5980279,-0.00391775,-0.168053,-0.601158,0,0,0,0.4,0,0,0,9,
5980339,-0.00391775,-0.168053,-0.601158,0,0,0,0.4,0,0,0,9,
5980399,-0.00391775,-0.168053,-0.601158,0,0,0,0.4,0,0,0,9,
5980459,-0.00391775,-0.168053,-0.601158,0,0,0,0.4,0,0,0,9,
5980519,-0.00391775,-0.168053,-0.601158,0,0,0,0.4,0,0,0,9,
5980579,-0.00391775,-0.168053,-0.601158,0,0,0,0.4,0,0,0,9,
5980639,-0.00391775,-0.168053,-0.601158,0,0,0,0.4,0,0,0,9,
5980699,-0.00391775,-0.168053,-0.601158,0,0,0,0.4,0,0,0,9,
5980759,-0.00391775,-0.168053,-0.601158,0,0,0,0.4,0,0,0,9,
5980819,-0.00391775,-0.168053,-0.601158,0,0,0,0.4,0,0,0,9,
5980879,-0.00391775,-0.168053,-0.601158,0,0,0,0.4,0,0,0,9,
5980939,-0.00391775,-0.168053,-0.601158,0,0,0,0.4,0,0,0,9,
5981000,-0.00391775,-0.168053,-0.601158,0,0,0,0.4,0,0,0,9,
5981060,-0.00391775,-0.168053,-0.601158,0,0,0,0.4,0,0,0,9,
5981120,-0.00391775,-0.168053,-0.601158,0,0,0,0.4,0,0,0,9,
5981180,-0.00391775,-0.168053,-0.601158,0,0,0,0.4,0,0,0,9,
5981240,-0.00391775,-0.168053,-0.601158,0,0,0,0.4,0,0,0,9,
5981300,-0.00391775,-0.168053,-0.601158,0,0,0,0.4,0,0,0,9,
5981360,-0.00391775,-0.168053,-0.601158,0,0,0,0.4,0,0,0,9,
5981420,-0.00391775,-0.168053,-0.601158,0,0,0,0.4,0,0,0,9,
5981480,-0.00391775,-0.168053,-0.601158,0,0,0,0.4,0,0,0,9,
5981540,-0.00391775,-0.168053,-0.601158,0,0,0,0.4,0,0,0,9,
5981600,-0.00391775,-0.168053,-0.601158,0,0,0,0.4,0,0,0,9,
5981661,-0.00391775,-0.168053,-0.601158,0,0,0,0.4,0,0,0,9,
5981721,-0.00391775,-0.168053,-0.601158,0,0,0,0.4,0,0,0,9,
5981781,-0.00391775,-0.168053,-0.601158,0,0,0,0.4,0,0,0,9,
5981841,-0.00391775,-0.168053,-0.601158,0,0,0,0.4,0,0,0,9,
5981901,-0.00391775,-0.168053,-0.601158,0,0,0,0.4,0,0,0,9,
5981961,-0.00391775,-0.168053,-0.601158,0,0,0,0.4,0,0,0,9,
5982021,-0.00391775,-0.168053,-0.601158,0,0,0,0.4,0,0,0,9,
5982081,-0.00391775,-0.168053,-0.601158,0,0,0,0.4,0,0,0,9,
5982141,-0.00391775,-0.168053,-0.601158,0,0,0,0.4,0,0,0,9,
5982201,-0.00391775,-0.168053,-0.601158,0,0,0,0.4,0,0,0,9,
5982261,-0.00391775,-0.168053,-0.601158,0,0,0,0.4,0,0,0,9,
5982321,-0.00391775,-0.168053,-0.601158,0,0,0,0.4,0,0,0,9,
5982382,-0.00391775,-0.168053,-0.601158,0,0,0,0.4,0,0,0,9,
5982442,-0.00391775,-0.168053,-0.601158,0,0,0,0.4,0,0,0,9,
5982502,-0.00391775,-0.168053,-0.601158,0,0,0,0.4,0,0,0,9,
5982562,-0.00391775,-0.168053,-0.601158,0,0,0,0.4,0,0,0,9,
5982622,-0.00391775,-0.168053,-0.601158,0,0,0,0.4,0,0,0,9,
5982682,-0.00391775,-0.168053,-0.601158,0,0,0,0.4,0,0,0,9,
5982742,-0.00391775,-0.168053,-0.601158,0,0,0,0.4,0,0,0,9,
5982802,-0.00391775,-0.168053,-0.601158,0,0,0,0.4,0,0,0,9,
5982862,-0.00391775,-0.168053,-0.601158,0,0,0,0.4,0,0,0,9,
5982922,-0.00391775,-0.168053,-0.601158,0,0,0,0.4,0,0,0,9,
5982982,-0.00391775,-0.168053,-0.601158,0,0,0,0.4,0,0,0,9,
5983043,-0.00391775,-0.168053,-0.601158,0,0,0,0.4,0,0,0,9,
5983103,-0.00391775,-0.168053,-0.601158,0,0,0,0.4,0,0,0,9,
5983163,-0.00391775,-0.168053,-0.601158,0,0,0,0.4,0,0,0,9,
5983223,-0.00391775,-0.168053,-0.601158,0,0,0,0.4,0,0,0,9,
5983283,-0.00391775,-0.168053,-0.601158,0,0,0,0.4,0,0,0,9,
5983343,-0.00391775,-0.168053,-0.601158,0,0,0,0.4,0,0,0,9,
5983403,-0.00391775,-0.168053,-0.601158,0,0,0,0.4,0,0,0,9,
5983463,-0.00391775,-0.168053,-0.601158,0,0,0,0.4,0,0,0,9,
5983523,-0.00391775,-0.168053,-0.601158,0,0,0,0.4,0,0,0,9,
5983583,-0.00391775,-0.168053,-0.601158,0,0,0,0.4,0,0,0,9,
5983643,-0.00391775,-0.168053,-0.601158,0,0,0,0.4,0,0,0,9,
5983703,-0.00391775,-0.168053,-0.601158,0,0,0,0.4,0,0,0,9,
5983764,-0.00391775,-0.168053,-0.601158,0,0,0,0.4,0,0,0,9,
5983824,-0.00391775,-0.168053,-0.601158,0,0,0,0.4,0,0,0,9,
5983884,-0.00391775,-0.168053,-0.601158,0,0,0,0.4,0,0,0,9,
5983944,-0.00391775,-0.168053,-0.601158,0,0,0,0.4,0,0,0,9,
5984004,-0.00391775,-0.168053,-0.601158,0,0,0,0.4,0,0,0,9,
5984064,-0.00391775,-0.168053,-0.601158,0,0,0,0.4,0,0,0,9,
5984124,-0.00391775,-0.168053,-0.601158,0,0,0,0.4,0,0,0,9,
5984184,-0.00391775,-0.168053,-0.601158,0,0,0,0.4,0,0,0,9,
5984244,-0.00391775,-0.168053,-0.601158,0,0,0,0.4,0,0,0,9,
5984304,-0.00391775,-0.168053,-0.601158,0,0,0,0.4,0,0,0,9,
5984364,-0.00391775,-0.168053,-0.601158,0,0,0,0.4,0,0,0,9,
5984424,-0.00391775,-0.168053,-0.601158,0,0,0,0.4,0,0,0,9,
5984485,-0.00391775,-0.168053,-0.601158,0,0,0,0.4,0,0,0,9,
5984545,-0.00391775,-0.168053,-0.601158,0,0,0,0.4,0,0,0,9,
5984605,-0.00391775,-0.168053,-0.601158,0,0,0,0.2,0,0,0,9,
5984665,-0.00391775,-0.168053,-0.601158,0,0,0,0.6,0,0,0,9,
5984725,-0.00391775,-0.168053,-0.601158,0,0,0,0.4,0,0,0,9,
5984785,-0.00391775,-0.168053,-0.601158,0,0,0,0.4,0,0,0,9,
5984845,-0.00391775,-0.168053,-0.601158,0,0,0,0.4,0,0,0,9,
5984905,-0.00391775,-0.168053,-0.601158,0,0,0,0.4,0,0,0,9,
5984965,-0.00391775,-0.168053,-0.601158,0,0,0,0.4,0,0,0,9,
5985025,-0.00391775,-0.168053,-0.601158,0,0,0,0.4,0,0,0,9,
5985085,-0.00391775,-0.168053,-0.601158,0,0,0,0.4,0,0,0,9,
5985146,-0.00391775,-0.168053,-0.601158,0,0,0,0.4,0,0,0,9,
5985206,-0.00391775,-0.168053,-0.601158,0,0,0,0.4,0,0,0,9,
5985266,-0.00391775,-0.168053,-0.601158,0,0,0,0.4,0,0,0,9,
5985326,-0.00391775,-0.168053,-0.601158,0,0,0,0.4,0,0,0,9,
5985386,-0.00391775,-0.168053,-0.601158,0,0,0,0.4,0,0,0,9,
5985446,-0.00391775,-0.168053,-0.601158,0,0,0,0.4,0,0,0,9,
5985506,-0.00391775,-0.168053,-0.601158,0,0,0,0.4,0,0,0,9,
5985566,-0.00391775,-0.168053,-0.601158,0,0,0,0.4,0,0,0,9,
5985626,-0.00391775,-0.168053,-0.601158,0,0,0,0.4,0,0,0,9,
5985686,-0.00391775,-0.168053,-0.601158,0,0,0,0.4,0,0,0,9,
5985746,-0.00391775,-0.168053,-0.601158,0,0,0,0.4,0,0,0,9,
5985806,-0.00391775,-0.168053,-0.601158,0,0,0,0.4,0,0,0,9,
5985867,-0.00391775,-0.168053,-0.601158,0,0,0,0.4,0,0,0,9,
5985927,-0.00391775,-0.168053,-0.601158,0,0,0,0.4,0,0,0,9,
5985987,-0.00391775,-0.168053,-0.601158,0,0,0,0.4,0,0,0,9,
5986047,-0.00391775,-0.168053,-0.601158,0,0,0,0.4,0,0,0,9,
5986107,-0.00391775,-0.168053,-0.601158,0,0,0,0.4,0,0,0,9,
5986167,-0.00391775,-0.168053,-0.601158,0,0,0,0.4,0,0,0,9,
5986227,-0.00391775,-0.168053,-0.601158,0,0,0,0.4,0,0,0,9,
5986287,-0.00391775,-0.168053,-0.601158,0,0,0,0.4,0,0,0,9,
5986347,-0.00391775,-0.168053,-0.601158,0,0,0,0.4,0,0,0,9,
5986407,-0.00391775,-0.168053,-0.601158,0,0,0,0.4,0,0,0,9,
5986467,-0.00391775,-0.168053,-0.601158,0,0,0,0.4,0,0,0,9,
5986528,-0.00391775,-0.168053,-0.601158,0,0,0,0.4,0,0,0,9,
5986588,-0.00391775,-0.168053,-0.601158,0,0,0,0.4,0,0,0,9,
5986648,-0.00391775,-0.168053,-0.601158,0,0,0,0.4,0,0,0,9,
5986708,-0.00391775,-0.168053,-0.601158,0,0,0,0.4,0,0,0,9,
5986768,-0.00391775,-0.168053,-0.601158,0,0,0,0.4,0,0,0,9,
5986828,-0.00391775,-0.168053,-0.601158,0,0,0,0.4,0,0,0,9,
5986888,-0.00391775,-0.168053,-0.601158,0,0,0,0.4,0,0,0,9,
5986948,-0.00391775,-0.168053,-0.601158,0,0,0,0.4,0,0,0,9,
5987008,-0.00391775,-0.168053,-0.601158,0,0,0,0.4,0,0,0,9,
5987068,-0.00391775,-0.168053,-0.601158,0,0,0,0.4,0,0,0,9,
5987128,-0.00391775,-0.168053,-0.601158,0,0,0,0.4,0,0,0,9,
5987188,-0.00391775,-0.168053,-0.601158,0,0,0,0.4,0,0,0,9,
5987249,-0.00391775,-0.168053,-0.601158,0,0,0,0.4,0,0,0,9,
5987309,-0.00391775,-0.168053,-0.601158,0,0,0,0.4,0,0,0,9,
5987369,-0.00391775,-0.168053,-0.601158,0,0,0,0.4,0,0,0,9,
5987429,-0.00391775,-0.168053,-0.601158,0,0,0,0.4,0,0,0,9,
5987489,-0.00391775,-0.168053,-0.601158,0,0,0,0.4,0,0,0,9,
5987549,-0.00391775,-0.168053,-0.601158,0,0,0,0.4,0,0,0,9,
5987609,-0.00391775,-0.168053,-0.601158,0,0,0,0.4,0,0,0,9,
5987669,-0.00391775,-0.168053,-0.601158,0,0,0,0.4,0,0,0,9,
5987729,-0.00391775,-0.168053,-0.601158,0,0,0,0.4,0,0,0,9,
5987789,-0.00391775,-0.168053,-0.601158,0,0,0,0.4,0,0,0,9,
5987849,-0.00391775,-0.168053,-0.601158,0,0,0,0.4,0,0,0,9,
5987910,-0.00391775,-0.168053,-0.601158,0,0,0,0.4,0,0,0,9,
5987970,-0.00391775,-0.168053,-0.601158,0,0,0,0.4,0,0,0,9,
5988030,-0.00391775,-0.168053,-0.601158,0,0,0,0.4,0,0,0,9,
5988090,-0.00391775,-0.168053,-0.601158,0,0,0,0.4,0,0,0,9,
5988150,-0.00391775,-0.168053,-0.601158,0,0,0,0.4,0,0,0,9,
5988210,-0.00391775,-0.168053,-0.601158,0,0,0,0.4,0,0,0,9,
5988270,-0.00391775,-0.168053,-0.601158,0,0,0,0.4,0,0,0,9,
5988330,-0.00391775,-0.168053,-0.601158,0,0,0,0.4,0,0,0,9,
5988390,-0.00393178,-0.168029,-0.601144,0,0,0,0.4,0,0,0,9,
5988450,-0.00393178,-0.168029,-0.601144,0,0,0,0.4,0,0,0,9,
5988510,-0.00393178,-0.168029,-0.601144,0,0,0,0.4,0,0,0,9,
5988570,-0.00393178,-0.168029,-0.601144,0,0,0,0.4,0,0,0,9,
5988631,-0.00393178,-0.168029,-0.601144,0,0,0,0.4,0,0,0,9,
5988691,-0.00393178,-0.168029,-0.601144,0,0,0,0.4,0,0,0,9,
5988751,-0.00393178,-0.168029,-0.601144,0,0,0,0.4,0,0,0,9,
5988811,-0.00393178,-0.168029,-0.601144,0,0,0,0.4,0,0,0,9,
5988871,-0.00393178,-0.168029,-0.601144,0,0,0,0.4,0,0,0,9,
5988931,-0.00393178,-0.168029,-0.601144,0,0,0,0.4,0,0,0,9,
5988991,-0.00393178,-0.168029,-0.601144,0,0,0,0.4,0,0,0,9,
5989051,-0.00393178,-0.168029,-0.601144,0,0,0,0.4,0,0,0,9,
5989111,-0.00393178,-0.168029,-0.601144,0,0,0,0.4,0,0,0,9,
5989171,-0.00393178,-0.168029,-0.601144,0,0,0,0.4,0,0,0,9,
5989231,-0.00393178,-0.168029,-0.601144,0,0,0,0.4,0,0,0,9,
5989291,-0.00393178,-0.168029,-0.601144,0,0,0,0.4,0,0,0,9,
5989352,-0.00393178,-0.168029,-0.601144,0,0,0,0.4,0,0,0,9,
5989412,-0.00393178,-0.168029,-0.601144,0,0,0,0.4,0,0,0,9,
5989472,-0.00393178,-0.168029,-0.601144,0,0,0,0.4,0,0,0,9,
5989532,-0.00393178,-0.168029,-0.601144,0,0,0,0.4,0,0,0,9,
5989592,-0.00393178,-0.168029,-0.601144,0,0,0,0.4,0,0,0,9,
5989652,-0.00393178,-0.168029,-0.601144,0,0,0,0.4,0,0,0,9,
5989712,-0.00393178,-0.168029,-0.601144,0,0,0,0.4,0,0,0,9,
5989772,-0.00393178,-0.168029,-0.601144,0,0,0,0.4,0,0,0,9,
5989832,-0.00393178,-0.168029,-0.601144,0,0,0,0.4,0,0,0,9,
5989892,-0.00393178,-0.168029,-0.601144,0,0,0,0.4,0,0,0,9,
5989952,-0.00393178,-0.168029,-0.601144,0,0,0,0.4,0,0,0,9,
5990013,-0.00393178,-0.168029,-0.601144,0,0,0,0.4,0,0,0,9,
5990073,-0.00393178,-0.168029,-0.601144,0,0,0,0.4,0,0,0,9,
5990133,-0.00393178,-0.168029,-0.601144,0,0,0,0.4,0,0,0,9,
5990193,-0.00393178,-0.168029,-0.601144,0,0,0,0.4,0,0,0,9,
5990253,-0.00393178,-0.168029,-0.601144,0,0,0,0.4,0,0,0,9,
5990313,-0.00393178,-0.168029,-0.601144,0,0,0,0.4,0,0,0,9,
5990373,-0.00393178,-0.168029,-0.601144,0,0,0,0.4,0,0,0,9,
5990433,-0.00393178,-0.168029,-0.601144,0,0,0,0.4,0,0,0,9,
5990493,-0.00393178,-0.168029,-0.601144,0,0,0,0.4,0,0,0,9,
5990553,-0.00393178,-0.168029,-0.601144,0,0,0,0.4,0,0,0,9,
5990613,-0.00393178,-0.168029,-0.601144,0,0,0,0.4,0,0,0,9,
5990673,-0.00393178,-0.168029,-0.601144,0,0,0,0.4,0,0,0,9,
5990734,-0.00393178,-0.168029,-0.601144,0,0,0,0.4,0,0,0,9,
5990794,-0.00393178,-0.168029,-0.601144,0,0,0,0.4,0,0,0,9,
5990854,-0.00393178,-0.168029,-0.601144,0,0,0,0.4,0,0,0,9,
5990914,-0.00393178,-0.168029,-0.601144,0,0,0,0.4,0,0,0,9,
5990974,-0.00393178,-0.168029,-0.601144,0,0,0,0.4,0,0,0,9,
5991034,-0.00393178,-0.168029,-0.601144,0,0,0,0.4,0,0,0,9,
5991094,-0.00393178,-0.168029,-0.601144,0,0,0,0.4,0,0,0,9,
5991154,-0.00393178,-0.168029,-0.601144,0,0,0,0.4,0,0,0,9,
5991214,-0.00393178,-0.168029,-0.601144,0,0,0,0.4,0,0,0,9,
5991274,-0.00393178,-0.168029,-0.601144,0,0,0,0.4,0,0,0,9,
5991334,-0.00393178,-0.168029,-0.601144,0,0,0,0.4,0,0,0,9,
5991395,-0.00393178,-0.168029,-0.601144,0,0,0,0.4,0,0,0,9,
5991455,-0.00393178,-0.168029,-0.601144,0,0,0,0.4,0,0,0,9,
5991515,-0.00393178,-0.168029,-0.601144,0,0,0,0.4,0,0,0,9,
5991575,-0.00393178,-0.168029,-0.601144,0,0,0,0.4,0,0,0,9,
5991635,-0.00393178,-0.168029,-0.601144,0,0,0,0.4,0,0,0,9,
5991695,-0.00393178,-0.168029,-0.601144,0,0,0,0.4,0,0,0,9,
5991755,-0.00393178,-0.168029,-0.601144,0,0,0,0.4,0,0,0,9,
5991815,-0.00393178,-0.168029,-0.601144,0,0,0,0.4,0,0,0,9,
5991875,-0.00393178,-0.168029,-0.601144,0,0,0,0.4,0,0,0,9,
5991935,-0.00393178,-0.168029,-0.601144,0,0,0,0.4,0,0,0,9,
5991995,-0.00393178,-0.168029,-0.601144,0,0,0,0.4,0,0,0,9,
5992055,-0.00393178,-0.168029,-0.601144,0,0,0,0.4,0,0,0,9,
5992116,-0.00393178,-0.168029,-0.601144,0,0,0,0.4,0,0,0,9,
5992176,-0.00393178,-0.168029,-0.601144,0,0,0,0.4,0,0,0,9,
5992236,-0.00393178,-0.168029,-0.601144,0,0,0,0.4,0,0,0,9,
5992296,-0.00393178,-0.168029,-0.601144,0,0,0,0.4,0,0,0,9,
5992356,-0.00393178,-0.168029,-0.601144,0,0,0,0.4,0,0,0,9,
5992416,-0.00393178,-0.168029,-0.601144,0,0,0,0.4,0,0,0,9,
5992476,-0.00393178,-0.168029,-0.601144,0,0,0,0.4,0,0,0,9,
5992536,-0.00393178,-0.168029,-0.601144,0,0,0,0.4,0,0,0,9,
5992596,-0.00393178,-0.168029,-0.601144,0,0,0,0.4,0,0,0,9,
5992656,-0.00393178,-0.168029,-0.601144,0,0,0,0.4,0,0,0,9,
5992716,-0.00393178,-0.168029,-0.601144,0,0,0,0.4,0,0,0,9,
5992777,-0.00393178,-0.168029,-0.601144,0,0,0,0.4,0,0,0,9,
5992837,-0.00393178,-0.168029,-0.601144,0,0,0,0.4,0,0,0,9,
5992897,-0.00393178,-0.168029,-0.601144,0,0,0,0.4,0,0,0,9,
5992957,-0.00393178,-0.168029,-0.601144,0,0,0,0.4,0,0,0,9,
5993017,-0.00393178,-0.168029,-0.601144,0,0,0,0.4,0,0,0,9,
5993077,-0.00393178,-0.168029,-0.601144,0,0,0,0.4,0,0,0,9,
5993137,-0.00393178,-0.168029,-0.601144,0,0,0,0.4,0,0,0,9,
5993197,-0.00393178,-0.168029,-0.601144,0,0,0,0.4,0,0,0,9,
5993257,-0.00393178,-0.168029,-0.601144,0,0,0,0.4,0,0,0,9,
5993317,-0.00393178,-0.168029,-0.601144,0,0,0,0.4,0,0,0,9,
5993377,-0.00393178,-0.168029,-0.601144,0,0,0,0.4,0,0,0,9,
5993437,-0.00393178,-0.168029,-0.601144,0,0,0,0.4,0,0,0,9,
5993498,-0.00393178,-0.168029,-0.601144,0,0,0,0.4,0,0,0,9,
5993558,-0.00393178,-0.168029,-0.601144,0,0,0,0.4,0,0,0,9,
5993618,-0.00393178,-0.168029,-0.601144,0,0,0,0.4,0,0,0,9,
5993678,-0.00393178,-0.168029,-0.601144,0,0,0,0.4,0,0,0,9,
5993738,-0.00393178,-0.168029,-0.601144,0,0,0,0.4,0,0,0,9,
5993798,-0.00393178,-0.168029,-0.601144,0,0,0,0.4,0,0,0,9,
5993858,-0.00393178,-0.168029,-0.601144,0,0,0,0.4,0,0,0,9,
5993918,-0.00393178,-0.168029,-0.601144,0,0,0,0.4,0,0,0,9,
5993978,-0.00393178,-0.168029,-0.601144,0,0,0,0.4,0,0,0,9,
5994038,-0.00393178,-0.168029,-0.601144,0,0,0,0.4,0,0,0,9,
5994098,-0.00393178,-0.168029,-0.601144,0,0,0,0.4,0,0,0,9,
5994158,-0.00393178,-0.168029,-0.601144,0,0,0,0.4,0,0,0,9,
5994219,-0.00393178,-0.168029,-0.601144,0,0,0,0.4,0,0,0,9,
5994279,-0.00393178,-0.168029,-0.601144,0,0,0,0.4,0,0,0,9,
5994339,-0.00393178,-0.168029,-0.601144,0,0,0,0.4,0,0,0,9,
5994399,-0.00393178,-0.168029,-0.601144,0,0,0,0.4,0,0,0,9,
5994459,-0.00393178,-0.168029,-0.601144,0,0,0,0.4,0,0,0,9,
5994519,-0.00393178,-0.168029,-0.601144,0,0,0,0.4,0,0,0,9,
5994579,-0.00393178,-0.168029,-0.601144,0,0,0,0.4,0,0,0,9,
5994639,-0.00393178,-0.168029,-0.601144,0,0,0,0.4,0,0,0,9,
5994699,-0.00393178,-0.168029,-0.601144,0,0,0,0.4,0,0,0,9,
5994759,-0.00393178,-0.168029,-0.601144,0,0,0,0.4,0,0,0,9,
5994819,-0.00393178,-0.168029,-0.601144,0,0,0,0.4,0,0,0,9,
5994880,-0.00393178,-0.168029,-0.601144,0,0,0,0.4,0,0,0,9,
5994940,-0.00393178,-0.168029,-0.601144,0,0,0,0.4,0,0,0,9,
5995000,-0.00393178,-0.168029,-0.601144,0,0,0,0.4,0,0,0,9,
5995060,-0.00393178,-0.168029,-0.601144,0,0,0,0.4,0,0,0,9,
5995120,-0.00393178,-0.168029,-0.601144,0,0,0,0.4,0,0,0,9,
5995180,-0.00393178,-0.168029,-0.601144,0,0,0,0.4,0,0,0,9,
5995240,-0.00393178,-0.168029,-0.601144,0,0,0,0.4,0,0,0,9,
5995300,-0.00393178,-0.168029,-0.601144,0,0,0,0.4,0,0,0,9,
5995360,-0.00393178,-0.168029,-0.601144,0,0,0,0.4,0,0,0,9,
5995420,-0.00393178,-0.168029,-0.601144,0,0,0,0.4,0,0,0,9,
5995480,-0.00393178,-0.168029,-0.601144,0,0,0,0.4,0,0,0,9,
5995540,-0.00393178,-0.168029,-0.601144,0,0,0,0.4,0,0,0,9,
5995601,-0.00393178,-0.168029,-0.601144,0,0,0,0.4,0,0,0,9,
5995661,-0.00393178,-0.168029,-0.601144,0,0,0,0.4,0,0,0,9,
5995721,-0.00393178,-0.168029,-0.601144,0,0,0,0.4,0,0,0,9,
5995781,-0.00393178,-0.168029,-0.601144,0,0,0,0.4,0,0,0,9,
5995841,-0.00393178,-0.168029,-0.601144,0,0,0,0.4,0,0,0,9,
5995901,-0.00393178,-0.168029,-0.601144,0,0,0,0.4,0,0,0,9,
5995961,-0.00393178,-0.168029,-0.601144,0,0,0,0.4,0,0,0,9,
5996021,-0.00393178,-0.168029,-0.601144,0,0,0,0.4,0,0,0,9,
5996081,-0.00393178,-0.168029,-0.601144,0,0,0,0.4,0,0,0,9,
5996141,-0.00393178,-0.168029,-0.601144,0,0,0,0.4,0,0,0,9,
5996201,-0.00393178,-0.168029,-0.601144,0,0,0,0.4,0,0,0,9,
5996262,-0.00393178,-0.168029,-0.601144,0,0,0,0.4,0,0,0,9,
5996322,-0.00393178,-0.168029,-0.601144,0,0,0,0.4,0,0,0,9,
5996382,-0.00393178,-0.168029,-0.601144,0,0,0,0.4,0,0,0,9,
5996442,-0.00393178,-0.168029,-0.601144,0,0,0,0.4,0,0,0,9,
5996502,-0.00393178,-0.168029,-0.601144,0,0,0,0.4,0,0,0,9,
5996562,-0.00393178,-0.168029,-0.601144,0,0,0,0.4,0,0,0,9,
5996622,-0.00393178,-0.168029,-0.601144,0,0,0,0.4,0,0,0,9,
5996682,-0.00393178,-0.168029,-0.601144,0,0,0,0.4,0,0,0,9,
5996742,-0.00393178,-0.168029,-0.601144,0,0,0,0.4,0,0,0,9,
5996802,-0.00393178,-0.168029,-0.601144,0,0,0,0.4,0,0,0,9,
5996862,-0.00393178,-0.168029,-0.601144,0,0,0,0.4,0,0,0,9,
5996922,-0.00393178,-0.168029,-0.601144,0,0,0,0.4,0,0,0,9,
5996983,-0.00393178,-0.168029,-0.601144,0,0,0,0.4,0,0,0,9,
5997043,-0.00393178,-0.168029,-0.601144,0,0,0,0.4,0,0,0,9,
5997103,-0.00393178,-0.168029,-0.601144,0,0,0,0.4,0,0,0,9,
5997163,-0.00393178,-0.168029,-0.601144,0,0,0,0.4,0,0,0,9,
5997223,-0.00393178,-0.168029,-0.601144,0,0,0,0.4,0,0,0,9,
5997283,-0.00393178,-0.168029,-0.601144,0,0,0,0.4,0,0,0,9,
5997343,-0.00393178,-0.168029,-0.601144,0,0,0,0.4,0,0,0,9,
5997403,-0.00393178,-0.168029,-0.601144,0,0,0,0.4,0,0,0,9,
5997463,-0.00393178,-0.168029,-0.601144,0,0,0,0.4,0,0,0,9,
5997523,-0.00393178,-0.168029,-0.601144,0,0,0,0.4,0,0,0,9,
5997583,-0.00393178,-0.168029,-0.601144,0,0,0,0.4,0,0,0,9,
5997644,-0.00393178,-0.168029,-0.601144,0,0,0,0.4,0,0,0,9,
5997704,-0.00393178,-0.168029,-0.601144,0,0,0,0.4,0,0,0,9,
5997764,-0.00393178,-0.168029,-0.601144,0,0,0,0.4,0,0,0,9,
5997824,-0.00393178,-0.168029,-0.601144,0,0,0,0.4,0,0,0,9,
5997884,-0.00393178,-0.168029,-0.601144,0,0,0,0.4,0,0,0,9,
5997944,-0.00393178,-0.168029,-0.601144,0,0,0,0.4,0,0,0,9,
5998004,-0.00393178,-0.168029,-0.601144,0,0,0,0.4,0,0,0,9,
5998064,-0.00393178,-0.168029,-0.601144,0,0,0,0.4,0,0,0,9,
5998124,-0.00393178,-0.168029,-0.601144,0,0,0,0.4,0,0,0,9,
5998184,-0.00393178,-0.168029,-0.601144,0,0,0,0.4,0,0,0,9,
5998244,-0.00393178,-0.168029,-0.601144,0,0,0,0.4,0,0,0,9,
5998304,-0.00393178,-0.168029,-0.601144,0,0,0,0.4,0,0,0,9,
5998365,-0.00393178,-0.168029,-0.601144,0,0,0,0.4,0,0,0,9,
