milisec,RacketX,RacketY,RacketZ,forceX,forceX,forceX,ForceRatio,FriendPoint,EnemyPoint,haptics,scene
276614492,0,0,0,1244.48,334.62,-2116.36,8,0,0,0,0,
276614515,-0.740925,-0.44,0.744637,184.701,51.48,-321.601,1.2,0,0,0,0,
276614535,-0.740925,-0.44,0.744637,153.918,42.9,-268.001,1,0,0,0,0,
276614575,-0.740925,-0.44,0.744637,307.835,85.8,-536.002,2,0,0,0,0,
276614616,-0.740925,-0.44,0.744637,307.835,85.8,-536.002,2,0,0,0,0,
276614656,-0.740925,-0.44,0.744637,307.835,85.8,-536.002,2,0,0,0,0,
276614695,-0.740925,-0.44,0.744637,307.835,85.8,-536.002,2,0,0,0,0,
276614752,-0.740925,-0.44,0.744637,430.969,120.12,-750.403,2.8,0,0,0,0,
276614775,-0.740925,-0.44,0.744637,184.701,51.48,-321.601,1.2,0,0,0,0,
276614829,-0.740925,-0.44,0.744637,400.186,111.54,-696.803,2.6,0,0,0,0,
276614855,-0.740925,-0.44,0.744637,215.485,60.06,-375.202,1.4,0,0,0,0,
276614895,-0.740925,-0.44,0.744637,307.835,85.8,-536.002,2,0,0,0,0,
276614936,-0.740925,-0.44,0.744637,307.835,85.8,-536.002,2,0,0,0,0,
276614975,-0.740925,-0.44,0.744637,307.835,85.8,-536.002,2,0,0,0,0,
276615015,-0.740925,-0.44,0.744637,307.835,85.8,-536.002,2,0,0,0,0,
276615055,-0.740925,-0.44,0.744637,307.835,85.8,-536.002,2,0,0,0,0,
276615095,-0.740925,-0.44,0.744637,307.835,85.8,-536.002,2,0,0,0,0,
276615135,-0.740925,-0.44,0.744637,307.835,85.8,-536.002,2,0,0,0,0,
276615175,-0.740925,-0.44,0.744637,307.835,85.8,-536.002,2,0,0,0,0,
276615215,-0.740925,-0.44,0.744637,307.835,85.8,-536.002,2,0,0,0,0,
276615256,-0.740925,-0.44,0.744637,307.835,85.8,-536.002,2,0,0,0,0,
276615295,-0.740925,-0.44,0.744637,307.835,85.8,-536.002,2,0,0,0,0,
276615335,-0.740925,-0.44,0.744637,307.835,85.8,-536.002,2,0,0,0,0,
276615375,-0.740925,-0.44,0.744637,307.835,85.8,-536.002,2,0,0,0,0,
276615415,-0.740925,-0.44,0.744637,307.835,85.8,-536.002,2,0,0,0,0,
276615455,-0.740925,-0.44,0.744637,307.835,85.8,-536.002,2,0,0,0,0,
276615495,-0.740925,-0.44,0.744637,307.835,85.8,-536.002,2,0,0,0,0,
276615536,-0.740925,-0.44,0.744637,307.835,85.8,-536.002,2,0,0,0,0,
276615576,-0.740925,-0.44,0.744637,307.835,85.8,-536.002,2,0,0,0,0,
276615615,-0.740925,-0.44,0.744637,307.835,85.8,-536.002,2,0,0,0,0,
276615655,-0.740925,-0.44,0.744637,307.835,85.8,-536.002,2,0,0,0,0,
276615695,-0.740925,-0.44,0.744637,307.835,85.8,-536.002,2,0,0,0,0,
276615735,-0.740925,-0.44,0.744637,307.835,85.8,-536.002,2,0,0,0,0,
276615775,-0.740925,-0.44,0.744637,307.835,85.8,-536.002,2,0,0,0,0,
276615815,-0.740925,-0.44,0.744637,307.835,85.8,-536.002,2,0,0,0,0,
276615856,-0.740925,-0.44,0.744637,307.835,85.8,-536.002,2,0,0,0,0,
276615896,-0.740925,-0.44,0.744637,307.835,85.8,-536.002,2,0,0,0,0,
276615935,-0.740925,-0.44,0.744637,307.835,85.8,-536.002,2,0,0,0,0,
276615975,-0.740925,-0.44,0.744637,307.835,85.8,-536.002,2,0,0,0,0,
276616015,-0.740925,-0.44,0.744637,307.835,85.8,-536.002,2,0,0,0,0,
276616055,-0.740925,-0.44,0.744637,307.835,85.8,-536.002,2,0,0,0,0,
276616095,-0.740925,-0.44,0.744637,307.835,85.8,-536.002,2,0,0,0,0,
276616135,-0.740925,-0.44,0.744637,307.835,85.8,-536.002,2,0,0,0,8,
276616176,-0.740925,-0.44,0.744637,307.835,85.8,-536.002,2,0,0,0,8,
276616216,-0.740925,-0.44,0.744637,307.835,85.8,-536.002,2,0,0,0,8,
276616255,-0.740925,-0.44,0.744637,307.835,85.8,-536.002,2,0,0,0,8,
276616295,-0.740925,-0.44,0.744637,307.835,85.8,-536.002,2,0,0,0,8,
276616335,-0.740925,-0.44,0.744637,307.835,85.8,-536.002,2,0,0,0,8,
276616375,0.16505,-0.44,0.21945,123.134,85.8,-214.401,2,0,0,0,8,
276616415,0.180025,-0.44,0.247575,0,85.8,0,2,0,0,0,8,
276616455,0.192525,-0.44,0.277538,0,85.8,0,2,0,0,0,8,
276616496,0.195025,-0.44,0.281287,-11.2095,79.6928,-5.00662,2,0,0,0,8,
276616536,0.195025,-0.44,0.281287,-27.5631,73.3784,-12.2127,2,0,0,0,8,
276616575,0.195,-0.44,0.283106,-37.8827,72.44,-16.5491,2,0,0,0,8,
276616615,0.195,-0.44,0.283106,-39.2795,75.247,-16.8633,2,0,0,0,8,
276616655,0.195,-0.44,0.283106,-35.4231,78.5241,-15.1432,2,0,0,0,8,
276616695,0.195,-0.44,0.283106,-26.9076,81.4104,-11.4461,2,0,0,0,8,
276616735,0.195,-0.44,0.283106,-15.2867,83.6467,-6.47089,2,0,0,0,8,
276616775,0.195,-0.44,0.283106,-2.868,85.4133,-1.20959,2,0,0,0,8,
276616816,0.195,-0.44,0.283106,0,85.8,0,2,0,0,0,8,
276616855,0.195,-0.44,0.283106,0,85.8,0,2,0,0,0,8,
276616895,0.194975,-0.44,0.28125,0,85.8,0,2,0,0,0,8,
276616935,0.194975,-0.44,0.28125,0,85.8,0,2,0,0,0,8,
276616975,0.194975,-0.44,0.28125,0,85.8,0,2,0,0,0,8,
276617015,0.194975,-0.44,0.28125,0,85.8,0,2,0,0,0,8,
276617055,0.194975,-0.44,0.28125,0,85.8,0,2,0,0,0,8,
276617095,0.194975,-0.44,0.28125,0,85.8,0,2,0,0,0,8,
276617136,0.194975,-0.44,0.28125,0,85.8,0,2,0,0,0,8,
276617175,0.194975,-0.44,0.28125,0,85.8,0,2,0,0,0,8,
276617215,0.194975,-0.44,0.28125,0,85.8,0,2,0,0,0,8,
276617255,0.194975,-0.44,0.28125,0,85.8,0,2,0,0,0,8,
276617295,0.194975,-0.44,0.28125,0,85.8,0,2,0,0,0,8,
276617335,0.194975,-0.44,0.28125,0,85.8,0,2,0,0,0,8,
276617375,0.194975,-0.44,0.28125,0,85.8,0,2,0,0,0,8,
276617416,0.194975,-0.44,0.28125,0,85.8,0,2,0,0,0,8,
276617456,0.194975,-0.44,0.28125,0,85.8,0,2,0,0,0,8,
276617495,0.194975,-0.44,0.28125,0,85.8,0,2,0,0,0,8,
276617535,0.194975,-0.44,0.28125,0,85.8,0,2,0,0,0,8,
276617575,0.194975,-0.44,0.28125,0,85.8,0,2,0,0,0,8,
276617615,0.194975,-0.44,0.28125,0,85.8,0,2,0,0,0,8,
276617655,0.194975,-0.44,0.28125,0,85.8,0,2,0,0,0,8,
276617695,0.194975,-0.44,0.28125,0,85.8,0,2,0,0,0,8,
276617736,0.1749,-0.44,0.290662,0,85.8,0,2,0,0,0,8,
276617776,0.164975,-0.44,0.29445,0,85.8,0,2,0,0,0,8,
276617815,0.164975,-0.44,0.29445,0,85.8,0,2,0,0,0,8,
276617855,0.164975,-0.44,0.29445,0,85.8,0,2,0,0,0,8,
276617895,0.17005,-0.44,0.277387,0,85.8,0,2,0,0,0,8,
276617935,0.200075,-0.44,0.207975,0,85.8,0,2,0,0,0,8,
276617975,0.23255,-0.44,0.131138,0,85.8,0,2,0,0,0,8,
276618015,0.24,-0.44,0.0899625,0,85.8,0,2,0,0,0,8,
276618056,0.232475,-0.44,0.0618,0,85.8,0,2,0,0,0,8,
276618096,0.21495,-0.44,0.0186563,0,85.8,0,2,0,0,0,8,
276618135,0.189925,-0.44,-0.0489562,0,85.8,0,2,0,0,0,8,
276618175,0.154925,-0.44,-0.150225,0,85.8,0,2,0,0,0,8,
276618215,0.12495,-0.44,-0.275869,0,85.8,0,2,0,0,0,8,
276618255,0.10745,-0.44,-0.392119,0,85.8,0,2,0,0,0,8,
276618295,0.097475,-0.44,-0.493219,0,85.8,0,2,0,0,0,8,
276618335,0.08245,-0.44,-0.5307,-2.22876,80.4619,7.09414,2,0,0,0,8,
276618376,0.06245,-0.44,-0.566325,-18.0717,56.108,31.8696,2,0,0,0,8,
276618416,0.03745,-0.44,-0.600075,-31.8776,48.5705,29.8915,2,0,0,0,8,
276618455,0.012475,-0.44,-0.635737,-15.5127,72.3714,7.3893,2,0,0,0,8,
276618495,-2.50244e-005,-0.44,-0.697631,0.453463,85.5402,-0.145554,2,0,0,0,8,
276618535,-0.0025,-0.44,-0.735131,0,85.8,0,2,0,0,0,8,
276618575,-0.0025,-0.44,-0.735131,0,85.8,0,2,0,0,0,8,
276618615,0.00252495,-0.44,-0.748125,0,85.8,0,2,0,0,0,8,
276618655,0.02005,-0.44,-0.748125,0,85.8,0,2,0,0,0,8,
276618696,0.0375249,-0.44,-0.748125,0,85.8,0,2,0,0,0,8,
276618735,0.05505,-0.44,-0.748125,0,85.8,0,2,0,0,0,8,
276618775,0.075075,-0.44,-0.748069,0,85.8,0,2,0,0,0,8,
276618815,0.0875,-0.44,-0.659981,0,85.8,0,2,0,0,0,8,
276618855,0.0875,-0.44,-0.659981,0,85.8,0,2,0,0,0,8,
276618895,0.0875,-0.44,-0.659981,0,85.8,0,2,0,0,0,8,
276618935,0.0875,-0.44,-0.659981,0,85.8,0,2,0,0,0,8,
276618975,0.0875,-0.44,-0.659981,0,85.8,0,2,0,0,0,8,
276619016,0.0875,-0.44,-0.659981,0,85.8,0,2,0,0,0,8,
276619055,0.0875,-0.44,-0.659981,0,85.8,0,2,0,0,0,8,
276619095,0.0875,-0.44,-0.659981,0,85.8,0,2,0,0,0,8,
276619135,0.0950999,-0.44,-0.680756,0,85.8,0,2,0,0,0,8,
276619175,0.125025,-0.44,-0.748125,0,85.8,0,2,0,0,0,8,
276619215,0.127525,-0.44,-0.748125,0,85.8,0,2,0,0,0,8,
276619255,0.124975,-0.44,-0.748125,0,85.8,0,2,0,0,0,8,
276619296,0.119975,-0.44,-0.748125,0,85.8,0,2,0,0,0,8,
276619336,0.119975,-0.44,-0.748125,0,85.8,0,2,0,0,0,8,
276619375,0.117525,-0.44,-0.748125,0,85.8,0,2,0,0,0,8,
276619415,0.117525,-0.44,-0.748125,0,85.8,0,2,0,0,0,8,
276619455,0.117525,-0.44,-0.748125,0,85.8,0,2,0,0,0,8,
276619495,0.117525,-0.44,-0.748125,0,85.8,0,2,0,0,0,8,
276619535,0.117525,-0.44,-0.748125,0,85.8,0,2,0,0,0,8,
276619575,0.120025,-0.44,-0.748125,0,85.8,0,2,0,0,0,8,
276619616,0.122525,-0.44,-0.748125,0,85.8,0,2,0,0,0,8,
276619656,0.130025,-0.44,-0.748125,0,85.8,0,2,0,0,0,8,
276619695,0.137525,-0.44,-0.748125,0,85.8,0,2,0,0,0,8,
276619735,0.137525,-0.44,-0.748125,0,85.8,0,2,0,0,0,8,
276619775,0.137525,-0.44,-0.748125,0,85.8,0,2,0,0,0,8,
276619815,0.137525,-0.44,-0.748125,0,85.8,0,2,0,0,0,8,
276619855,0.137525,-0.44,-0.748125,0,85.8,0,2,0,0,0,8,
276619895,0.137525,-0.44,-0.748125,0,85.8,0,2,0,0,0,8,
276619936,0.140025,-0.44,-0.748125,0,85.8,0,2,0,0,0,8,
276619976,0.142525,-0.44,-0.748125,0,85.8,0,2,0,0,0,8,
276620015,0.147525,-0.44,-0.748125,0,85.8,0,2,0,0,0,8,
276620055,0.139925,-0.44,-0.740587,0,85.8,0,2,0,0,0,8,
276620095,0.1325,-0.44,-0.736687,0,85.8,0,2,0,0,0,8,
276620135,0.1325,-0.44,-0.736687,0,85.8,0,2,0,0,0,8,
276620175,0.1325,-0.44,-0.736687,0,85.8,0,2,0,0,0,8,
276620215,0.1325,-0.44,-0.736687,0,85.8,0,2,0,0,0,8,
276620256,0.1325,-0.44,-0.736687,0,85.8,0,2,0,0,0,8,
276620296,0.130025,-0.44,-0.731306,0,85.8,0,2,0,0,0,8,
276620335,0.152575,-0.44,-0.735019,0,85.8,0,2,0,0,0,8,
276620375,0.18255,-0.44,-0.746269,0,85.8,0,2,0,0,0,8,
276620415,0.192525,-0.44,-0.748125,0,85.8,0,2,0,0,0,8,
276620455,0.192525,-0.44,-0.748125,0,85.8,0,2,0,0,0,8,
276620495,0.192525,-0.44,-0.748125,0,85.8,0,2,0,0,0,8,
276620535,0.192525,-0.44,-0.748125,0,85.8,0,2,0,0,0,8,
276620576,0.189975,-0.44,-0.748106,0,85.8,0,2,0,0,0,8,
276620615,0.164925,-0.44,-0.744375,0,85.8,0,2,0,0,0,8,
276620655,0.112325,-0.44,-0.740606,0,85.8,0,2,0,0,0,8,
276620695,-0.017925,-0.44,-0.727462,0,85.8,0,2,0,0,0,8,
276620735,-0.247925,-0.44,-0.688069,-6.58075,68.7654,-17.6206,2,0,0,0,8,
276620775,-0.400175,-0.44,-0.675,0,85.8,0,2,0,0,0,8,
276620815,-0.475125,-0.44,-0.675,0,85.8,0,2,0,0,0,8,
276620855,-0.530075,-0.44,-0.675019,0,85.8,0,2,0,0,0,8,
276620896,-0.5626,-0.44,-0.686287,0,85.8,0,2,0,0,0,8,
276620935,-0.62765,-0.44,-0.699375,7.68904,85.8,0,2,0,0,0,8,
276620975,-0.700125,-0.44,-0.699375,111.485,85.8,0,2,0,0,0,8,
276621015,-0.7326,-0.44,-0.699375,249.42,85.8,0,2,0,0,0,8,
276621055,-0.7326,-0.44,-0.699375,289.52,85.8,0,2,0,0,0,8,
276621095,-0.7326,-0.44,-0.699375,289.52,85.8,0,2,0,0,0,8,
276621135,-0.7326,-0.44,-0.699375,289.52,85.8,0,2,0,0,0,8,
276621176,-0.7326,-0.44,-0.699375,289.52,85.8,0,2,0,0,0,8,
276621216,-0.7326,-0.44,-0.699375,289.52,85.8,0,2,0,0,0,8,
276621255,-0.7326,-0.44,-0.699375,289.52,85.8,0,2,0,0,0,8,
276621295,-0.7326,-0.44,-0.699375,289.52,85.8,0,2,0,0,0,8,
276621335,-0.7326,-0.44,-0.699375,289.52,85.8,0,2,0,0,0,8,
276621375,-0.7326,-0.44,-0.699375,289.52,85.8,0,2,0,0,0,8,
276621415,-0.7326,-0.44,-0.699375,289.52,85.8,0,2,0,0,0,8,
276621455,-0.7326,-0.44,-0.699375,289.52,85.8,0,2,0,0,0,8,
276621496,-0.7326,-0.44,-0.699375,289.52,85.8,0,2,0,0,0,8,
276621536,-0.7326,-0.44,-0.699375,289.52,85.8,0,2,0,0,0,8,
276621575,-0.7326,-0.44,-0.699375,289.52,85.8,0,2,0,0,0,8,
276621615,-0.7326,-0.44,-0.699375,289.52,85.8,0,2,0,0,0,8,
276621655,-0.6997,-0.44,-0.641287,295.801,85.8,0,2,0,0,0,8,
276621695,-0.502,-0.44,-0.6525,116.897,85.8,0,2,0,0,0,8,
276621735,-0.259525,-0.44,-0.629925,0,85.8,0,2,0,0,0,8,
276621775,-0.052175,-0.44,-0.598106,3.84586,54.467,-20.5106,2,0,0,0,8,
276621816,0.090225,-0.44,-0.598144,-4.20737,39.6655,10.0909,2,0,0,0,8,
276621856,0.1651,-0.44,-0.605644,-5.25292,75.5707,14.0196,2,0,0,0,8,
276621895,0.2051,-0.44,-0.615056,-1.82346,59.6611,33.5497,2,0,0,0,8,
276621935,0.245075,-0.44,-0.635662,5.12993,75.2701,11.8628,2,0,0,0,8,
276621975,0.2926,-0.44,-0.656287,0,85.8,0,2,0,0,0,8,
276622016,0.350075,-0.44,-0.680681,0.568504,83.1261,3.72001,2,0,0,0,8,
276622055,0.395075,-0.44,-0.703162,4.666,77.5418,10.4894,2,0,0,0,8,
276622095,0.435075,-0.44,-0.723806,0.222715,85.5807,0.242899,2,0,0,0,8,
276622136,0.470075,-0.44,-0.748125,0,85.8,0,2,0,0,0,8,
276622176,0.505075,-0.44,-0.748125,0,85.8,0,2,0,0,0,8,
276622215,0.53005,-0.44,-0.748125,0,85.8,0,2,0,0,0,8,
276622255,0.550025,-0.44,-0.748125,0,85.8,0,2,0,0,0,8,
276622295,0.560025,-0.44,-0.748125,0,85.8,0,2,0,0,0,8,
276622335,0.5675,-0.44,-0.746231,0,85.8,0,2,0,0,0,8,
276622375,0.5675,-0.44,-0.746231,0,85.8,0,2,0,0,0,8,
276622415,0.5675,-0.44,-0.746231,0,85.8,0,2,0,0,0,8,
276622456,0.5675,-0.44,-0.746231,0,85.8,0,2,0,0,0,8,
276622495,0.5675,-0.44,-0.746231,0,85.8,0,2,0,0,0,8,
276622535,0.5675,-0.44,-0.746231,0,85.8,0,2,0,0,0,8,
276622575,0.5675,-0.44,-0.746231,0,85.8,0,2,0,0,0,8,
276622615,0.5675,-0.44,-0.746231,0,85.8,0,2,0,0,0,8,
276622655,0.5675,-0.44,-0.746231,0,85.8,0,2,0,0,0,8,
276622695,0.5675,-0.44,-0.746231,0,85.8,0,2,0,0,0,8,
276622735,0.5675,-0.44,-0.746231,0,85.8,0,2,0,0,0,8,
276622776,0.5675,-0.44,-0.746231,0,85.8,0,2,0,0,0,8,
276622815,0.5675,-0.44,-0.746231,0,85.8,0,2,0,0,0,8,
276622855,0.5675,-0.44,-0.746231,0,85.8,0,2,0,0,0,8,
276622895,0.5675,-0.44,-0.746231,0,85.8,0,2,0,0,0,8,
276622935,0.5675,-0.44,-0.746231,0,85.8,0,2,0,0,0,8,
276622975,0.5675,-0.44,-0.746231,0,85.8,0,2,0,0,0,8,
276623015,0.562425,-0.44,-0.746231,0,85.8,0,2,0,0,0,8,
276623056,0.4696,-0.44,-0.687806,0,85.8,0,2,0,0,0,8,
276623096,0.2219,-0.44,-0.42105,0,85.8,0,2,0,0,0,8,
276623135,-0.0856001,-0.44,0.0121688,0,85.8,0,2,0,0,0,8,
276623175,-0.32535,-0.44,0.446963,0,85.8,0,2,0,0,0,8,
276623215,-0.465175,-0.44,0.716456,0,85.8,-149.704,2,0,0,0,8,
276623255,-0.465175,-0.44,0.716456,0,85.8,-474.004,2,0,0,0,8,
276623295,-0.465175,-0.44,0.716456,0,85.8,-474.004,2,0,0,0,8,
276623335,-0.465175,-0.44,0.716456,0,85.8,-474.004,2,0,0,0,8,
276623376,-0.465175,-0.44,0.716456,0,85.8,-474.004,2,0,0,0,8,
276623416,-0.465175,-0.44,0.716456,0,85.8,-474.004,2,0,0,0,8,
276623455,-0.465175,-0.44,0.716456,0,85.8,-474.004,2,0,0,0,8,
276623495,-0.465175,-0.44,0.716456,0,85.8,-474.004,2,0,0,0,8,
276623535,-0.465175,-0.44,0.716456,0,85.8,-474.004,2,0,0,0,8,
276623575,-0.465175,-0.44,0.716456,0,85.8,-474.004,2,0,0,0,8,
276623615,-0.465175,-0.44,0.716456,0,85.8,-474.004,2,0,0,0,8,
276623655,-0.465175,-0.44,0.716456,0,85.8,-474.004,2,0,0,0,8,
276623696,-0.465175,-0.44,0.716456,0,85.8,-474.004,2,0,0,0,8,
276623736,-0.465175,-0.44,0.716456,0,85.8,-474.004,2,0,0,0,8,
276623775,-0.465175,-0.44,0.716456,0,85.8,-474.004,2,0,0,0,8,
276623815,-0.465175,-0.44,0.716456,0,85.8,-474.004,2,0,0,0,8,
276623855,-0.465175,-0.44,0.716456,0,85.8,-474.004,2,0,0,0,8,
276623895,-0.465175,-0.44,0.716456,0,85.8,-474.004,2,0,0,0,8,
276623935,-0.465175,-0.44,0.716456,0,85.8,-474.004,2,0,0,0,8,
276623975,-0.465175,-0.44,0.716456,0,85.8,-474.004,2,0,0,0,8,
276624016,-0.465175,-0.44,0.716456,0,85.8,-474.004,2,0,0,0,8,
276624056,-0.465175,-0.44,0.716456,0,85.8,-474.004,2,0,0,0,8,
276624095,-0.465175,-0.44,0.716456,0,85.8,-474.004,2,0,0,0,8,
276624136,-0.465175,-0.44,0.716456,0,85.8,-474.004,2,0,0,0,8,
276624177,-0.465175,-0.44,0.716456,0,85.8,-474.004,2,0,0,0,8,
276624233,-0.465175,-0.44,0.716456,0,120.12,-663.605,2.8,0,0,0,8,
276624297,-0.465175,-0.44,0.716456,0,137.28,-758.406,3.2,0,0,0,8,
276624358,-0.465175,-0.44,0.716456,0,128.7,-711.006,3,0,0,0,8,
276624432,-0.465175,-0.44,0.716456,0,163.02,-900.607,3.8,0,0,0,8,
276624505,-0.465175,-0.44,0.716456,0,154.44,-853.207,3.6,0,0,0,8,
276624561,-0.465175,-0.44,0.716456,0,120.12,-663.605,2.8,0,0,0,8,
276624617,-0.465175,-0.44,0.716456,0,120.12,-663.605,2.8,0,0,0,8,
276624670,-0.465175,-0.44,0.716456,0,111.54,-616.205,2.6,0,0,0,8,
276624717,-0.465175,-0.44,0.716456,0,102.96,-568.804,2.4,0,0,0,8,
276624757,-0.465175,-0.44,0.716456,0,85.8,-474.004,2,0,0,0,8,
276624789,-0.465175,-0.44,0.716456,0,68.64,-379.203,1.6,0,0,0,8,
276624817,-0.465175,-0.44,0.716456,0,60.06,-331.803,1.4,0,0,0,8,
276624844,-0.465175,-0.44,0.716456,0,60.06,-331.803,1.4,0,0,0,8,
276624879,-0.465175,-0.44,0.716456,0,77.22,-426.603,1.8,0,0,0,8,
276624925,-0.465175,-0.44,0.716456,0,94.38,-521.404,2.2,0,0,0,8,
276624974,-0.465175,-0.44,0.716456,0,102.96,-568.804,2.4,0,0,0,8,
276625004,-0.465175,-0.44,0.716456,0,68.64,-379.203,1.6,0,0,0,8,
276625041,-0.465175,-0.44,0.716456,0,77.22,-426.603,1.8,0,0,0,8,
276625079,-0.465175,-0.44,0.716456,0,85.8,-474.004,2,0,0,0,8,
276625119,-0.465175,-0.44,0.716456,0,85.8,-474.004,2,0,0,0,8,
276625159,-0.465175,-0.44,0.716456,0,85.8,-474.004,2,0,0,0,8,
276625201,-0.465175,-0.44,0.716456,0,85.8,-474.004,2,0,0,0,8,
276625239,-0.465175,-0.44,0.716456,0,85.8,-474.004,2,0,0,0,8,
276625280,-0.465175,-0.44,0.716456,0,85.8,-474.004,2,0,0,0,8,
276625319,-0.465175,-0.44,0.716456,0,85.8,-474.004,2,0,0,0,8,
276625359,-0.400125,-0.44,0.727387,0,85.8,-491.931,2,0,0,0,8,
276625399,-0.457575,-0.44,0.682425,0,85.8,-465.052,2,0,0,0,8,
276625439,-0.492575,-0.44,0.633675,0,85.8,-365.227,2,0,0,0,8,
276625479,-0.535175,-0.44,0.603712,0,85.8,-268.785,2,0,0,0,8,
276625519,-0.63515,-0.44,0.588713,5.15902,85.8,-213.592,2,0,0,0,8,
276625559,-0.692625,-0.44,0.568069,116.919,85.8,-179.743,2,0,0,0,8,
276625600,-0.7351,-0.44,0.555,232.397,85.8,-137.684,2,0,0,0,8,
276625639,-0.7351,-0.44,0.555,295.02,85.8,-118.8,2,0,0,0,8,
276625679,-0.7351,-0.44,0.555,295.02,85.8,-118.8,2,0,0,0,8,
276625719,-0.7351,-0.44,0.555,295.02,85.8,-118.8,2,0,0,0,8,
276625759,-0.7351,-0.44,0.555,295.02,85.8,-118.8,2,0,0,0,8,
276625799,-0.7351,-0.44,0.555,295.02,85.8,-118.8,2,0,0,0,8,
276625839,-0.7351,-0.44,0.555,295.02,85.8,-118.8,2,0,0,0,8,
276625880,-0.7351,-0.44,0.555,295.02,85.8,-118.8,2,0,0,0,8,
276625920,-0.7351,-0.44,0.555,295.02,85.8,-118.8,2,0,0,0,8,
276625959,-0.7351,-0.44,0.555,295.02,85.8,-118.8,2,0,0,0,8,
276625999,-0.7351,-0.44,0.555,295.02,85.8,-118.8,2,0,0,0,8,
276626039,-0.7351,-0.44,0.555,295.02,85.8,-118.8,2,0,0,0,8,
276626165,0.7351,-0.44,0.555,914.562,265.98,-368.28,6.2,0,0,0,8,
276626185,-0.7351,-0.44,0.555,147.51,42.9,59.4,1,0,0,0,8,
276626209,-0.7351,-0.44,0.555,177.012,51.48,-71.28,1.2,0,0,0,8,
276626248,-0.7351,-0.44,0.555,295.02,85.8,-118.8,2,0,0,0,8,
276626287,-0.7351,-0.44,0.555,295.02,85.8,-118.8,2,0,0,0,8,
276626327,-0.709725,-0.44,0.573769,298.078,85.8,-125.482,2,0,0,0,8,
276626367,-0.51955,-0.44,0.558562,142.236,85.8,-158.763,2,0,0,0,8,
276626407,-0.312125,-0.44,0.438394,0,85.8,-67.6417,2,0,0,0,8,
276626447,-0.15735,-0.44,0.254719,0,85.8,0,2,0,0,0,8,
276626496,-0.130025,-0.44,0.17985,0,102.96,0,2.4,0,0,0,8,
276626528,-0.130025,-0.44,0.17985,0,68.64,0,1.6,0,0,0,8,
276626569,-0.130025,-0.44,0.17985,0,85.8,0,2,0,0,0,8,
276626607,-0.130025,-0.44,0.17985,0,85.8,0,2,0,0,0,8,
276626647,-0.130025,-0.44,0.17985,0,85.8,0,2,0,0,0,8,
276626687,-0.134825,-0.44,0.164981,0,85.8,0,2,0,0,0,8,
276626727,-0.09485,-0.44,0.0916875,0,85.8,0,2,0,0,0,8,
276626767,-0.019875,-0.44,-0.0396937,0,85.8,0,2,0,0,0,8,
276626807,0.03005,-0.44,-0.208425,0,85.8,0,2,0,0,0,8,
276626848,0.04,-0.44,-0.32265,3.04978,78.335,7.36615,2,0,0,0,8,
276626887,0.037475,-0.44,-0.378844,0.0585019,23.5938,44.8402,2,0,0,0,8,
276626927,0.027475,-0.44,-0.410662,-0.808042,24.8289,20.2498,2,0,0,0,8,
276626967,0.025,-0.44,-0.433219,-0.0848407,81.8283,0.457045,2,0,0,0,8,
276627007,0.03755,-0.44,-0.493256,0,85.8,0,2,0,0,0,8,
276627047,0.070075,-0.44,-0.577706,0,85.8,0,2,0,0,0,8,
276627087,0.10005,-0.44,-0.68835,0,85.8,0,2,0,0,0,8,
276627127,0.13005,-0.44,-0.748125,0,85.8,0,2,0,0,0,8,
276627168,0.147525,-0.44,-0.748125,0,85.8,0,2,0,0,0,8,
276627207,0.165025,-0.44,-0.748125,0,85.8,0,2,0,0,0,8,
276627247,0.175025,-0.44,-0.748125,0,85.8,0,2,0,0,0,8,
276627287,0.164975,-0.44,-0.748125,0,85.8,0,2,0,0,0,8,
276627327,0.147475,-0.44,-0.748125,0,85.8,0,2,0,0,0,8,
276627367,0.127475,-0.44,-0.748125,0,85.8,0,2,0,0,0,8,
276627407,0.122475,-0.44,-0.748125,0,85.8,0,2,0,0,0,8,
276627448,0.119975,-0.44,-0.748125,0,85.8,0,2,0,0,0,8,
276627488,0.117475,-0.44,-0.748125,0,85.8,0,2,0,0,0,8,
276627527,0.117475,-0.44,-0.748125,0,85.8,0,2,0,0,0,8,
276627567,0.117475,-0.44,-0.748125,0,85.8,0,2,0,0,0,8,
276627607,0.117475,-0.44,-0.748125,0,85.8,0,2,0,0,0,8,
276627647,0.117475,-0.44,-0.748125,0,85.8,0,2,0,0,0,8,
276627687,0.117475,-0.44,-0.748125,0,85.8,0,2,0,0,0,8,
276627727,0.117475,-0.44,-0.748125,0,85.8,0,2,0,0,0,8,
276627768,0.117475,-0.44,-0.748125,0,85.8,0,2,0,0,0,8,
276627808,0.117475,-0.44,-0.748125,0,85.8,0,2,0,0,0,8,
276627847,0.117475,-0.44,-0.748125,0,85.8,0,2,0,0,0,8,
276627887,0.117475,-0.44,-0.748125,0,85.8,0,2,0,0,0,8,
276627927,0.117475,-0.44,-0.748125,0,85.8,0,2,0,0,0,8,
276627967,0.117475,-0.44,-0.748125,0,85.8,0,2,0,0,0,8,
276628007,0.117475,-0.44,-0.748125,0,85.8,0,2,0,0,0,8,
276628047,0.114975,-0.44,-0.74625,0,85.8,0,2,0,0,0,8,
276628088,0.1125,-0.44,-0.744356,0,85.8,0,2,0,0,0,8,
276628128,0.1125,-0.44,-0.744356,0,85.8,0,2,0,0,0,8,
276628167,0.11,-0.44,-0.740606,0,85.8,0,2,0,0,0,8,
276628207,0.1075,-0.44,-0.736856,0,85.8,0,2,0,0,0,8,
276628247,0.105,-0.44,-0.733106,0,85.8,0,2,0,0,0,8,
276628287,0.104975,-0.44,-0.721856,0,85.8,0,2,0,0,0,8,
276628327,0.1025,-0.44,-0.701194,0,85.8,0,2,0,0,0,8,
276628367,0.1025,-0.44,-0.669281,0,85.8,0,2,0,0,0,8,
276628408,0.1025,-0.44,-0.62235,9.73696,77.4281,-6.08928,2,0,0,0,8,
276628448,0.1025,-0.44,-0.5379,30.1704,58.9974,-4.87291,2,0,0,0,8,
276628487,0.1025,-0.44,-0.427294,6.00601,80.3293,3.2893,2,0,0,0,8,
276628527,0.1025,-0.44,-0.309075,0,85.8,0,2,0,0,0,8,
276628567,0.1025,-0.44,-0.147787,0,85.8,0,2,0,0,0,8,
276628607,0.107575,-0.44,0.0171938,0,85.8,0,2,0,0,0,8,
276628647,0.132525,-0.44,0.165244,0,85.8,0,2,0,0,0,8,
276628687,0.15005,-0.44,0.281438,0,85.8,0,2,0,0,0,8,
276628728,0.1675,-0.44,0.346969,0,85.8,0,2,0,0,0,8,
276628767,0.1725,-0.44,0.378806,0,85.8,0,2,0,0,0,8,
276628807,0.175,-0.44,0.401306,0,85.8,0,2,0,0,0,8,
276628847,0.175,-0.44,0.427556,0,85.8,0,2,0,0,0,8,
276628887,0.1725,-0.44,0.455681,0,85.8,0,2,0,0,0,8,
276628927,0.1675,-0.44,0.478181,0,85.8,0,2,0,0,0,8,
276628967,0.165,-0.44,0.500662,0,85.8,0,2,0,0,0,8,
276629007,0.1625,-0.44,0.511894,0,85.8,-5.47797,2,0,0,0,8,
276629048,0.16,-0.44,0.525038,0,85.8,-34.7118,2,0,0,0,8,
276629087,0.1575,-0.44,0.547556,0,85.8,-64.878,2,0,0,0,8,
276629127,0.155,-0.44,0.571913,0,85.8,-121.407,2,0,0,0,8,
276629167,0.1525,-0.44,0.588769,0,85.8,-168.391,2,0,0,0,8,
276629207,0.152475,-0.44,0.600019,0,85.8,-201.358,2,0,0,0,8,
276629247,0.15,-0.44,0.607519,0,85.8,-221.983,2,0,0,0,8,
276629287,0.15,-0.44,0.618788,0,85.8,-240.541,2,0,0,0,8,
276629328,0.15,-0.44,0.639412,0,85.8,-269.878,2,0,0,0,8,
276629368,0.15,-0.44,0.661913,0,85.8,-324.307,2,0,0,0,8,
276629407,0.15,-0.44,0.678769,0,85.8,-368.857,2,0,0,0,8,
276629447,0.15,-0.44,0.678769,0,85.8,-391.091,2,0,0,0,8,
276629487,0.15,-0.44,0.678769,0,85.8,-391.091,2,0,0,0,8,
276629527,0.15,-0.44,0.678769,0,85.8,-391.091,2,0,0,0,8,
276629567,0.15,-0.44,0.678769,0,85.8,-391.091,2,0,0,0,8,
276629607,0.15,-0.44,0.678769,0,85.8,-391.091,2,0,0,0,8,
276629648,0.15,-0.44,0.678769,0,85.8,-391.091,2,0,0,0,8,
276629688,0.15,-0.44,0.686287,0,85.8,-396.87,2,0,0,0,8,
276629727,0.15,-0.44,0.701287,0,85.8,-414.249,2,0,0,0,8,
276629767,0.1475,-0.44,0.720019,0,85.8,-455.499,2,0,0,0,8,
276629807,0.1475,-0.44,0.721894,0,85.8,-483.491,2,0,0,0,8,
276629847,0.1475,-0.44,0.721894,0,85.8,-485.966,2,0,0,0,8,
276629887,0.1475,-0.44,0.721894,0,85.8,-485.966,2,0,0,0,8,
276629927,0.1475,-0.44,0.731306,0,85.8,-490.512,2,0,0,0,8,
276629968,0.15,-0.44,0.746287,0,85.8,-522.349,2,0,0,0,8,
276630008,0.15,-0.44,0.746287,0,85.8,-539.632,2,0,0,0,8,
276630047,0.15,-0.44,0.746287,0,85.8,-539.632,2,0,0,0,8,
276630087,0.15,-0.44,0.746287,0,85.8,-539.632,2,0,0,0,8,
276630127,0.15,-0.44,0.746287,0,85.8,-539.632,2,0,0,0,8,
276630167,0.15,-0.44,0.746287,0,85.8,-539.632,2,0,0,0,8,
276630207,0.15,-0.44,0.746287,0,85.8,-539.632,2,0,0,0,8,
276630247,0.15,-0.44,0.746287,0,85.8,-539.632,2,0,0,0,8,
276630288,0.15,-0.44,0.746287,0,85.8,-539.632,2,0,0,0,8,
276630328,0.15,-0.44,0.746287,0,85.8,-539.632,2,0,0,0,8,
276630367,0.15,-0.44,0.746287,0,85.8,-539.632,2,0,0,0,8,
276630407,0.15,-0.44,0.746287,0,85.8,-539.632,2,0,0,0,8,
276630447,0.15,-0.44,0.746287,0,85.8,-539.632,2,0,0,0,8,
276630487,0.15,-0.44,0.746287,0,85.8,-539.632,2,0,0,0,8,
276630527,0.15,-0.44,0.746287,0,85.8,-539.632,2,0,0,0,8,
276630567,0.15,-0.44,0.746287,0,85.8,-539.632,2,0,0,0,8,
276630608,0.15,-0.44,0.746287,0,85.8,-539.632,2,0,0,0,8,
276630647,0.095,-0.44,0.747863,0,85.8,-541.604,2,0,0,0,8,
276630687,0.09755,-0.44,0.646744,0,85.8,-463.089,2,0,0,0,8,
276630727,0.1075,-0.44,0.596175,0,85.8,-281.044,2,0,0,0,8,
276630767,0.1125,-0.44,0.562425,0,85.8,-187.106,2,0,0,0,8,
276630807,0.115025,-0.44,0.541838,0,85.8,-115.36,2,0,0,0,8,
276630847,0.117525,-0.44,0.528694,0,85.8,-82.8341,2,0,0,0,8,
276630887,0.1225,-0.44,0.491156,0,85.8,-37.1332,2,0,0,0,8,
276630928,0.1225,-0.44,0.442369,0,85.8,0,2,0,0,0,8,
276630967,0.11995,-0.44,0.356025,0,85.8,0,2,0,0,0,8,
276631007,0.099975,-0.44,0.243544,0,85.8,0,2,0,0,0,8,
276631047,0.102525,-0.44,0.155475,0,85.8,0,2,0,0,0,8,
276631087,0.115025,-0.44,0.084225,0,85.8,0,2,0,0,0,8,
276631127,0.117525,-0.44,0.0299438,0,85.8,0,2,0,0,0,8,
276631167,0.125025,-0.44,-0.0038625,0,85.8,0,2,0,0,0,8,
276631208,0.140025,-0.44,-0.0789562,0,85.8,0,2,0,0,0,8,
276631248,0.167575,-0.44,-0.210375,0,85.8,0,2,0,0,0,8,
276631287,0.184975,-0.44,-0.394106,0,85.8,0,2,0,0,0,8,
276631327,0.15995,-0.44,-0.570281,0,85.8,0,2,0,0,0,8,
276631367,0.155,-0.44,-0.697687,0,85.8,0,2,0,0,0,8,
276631407,0.154975,-0.44,-0.748125,0,85.8,0,2,0,0,0,8,
276631447,0.147475,-0.44,-0.748125,0,85.8,0,2,0,0,0,8,
276631487,0.1425,-0.44,-0.748106,0,85.8,0,2,0,0,0,8,
276631528,0.14,-0.44,-0.697181,0,85.8,0,2,0,0,0,8,
276631568,0.14005,-0.44,-0.46245,0,85.8,0,2,0,0,0,8,
276631607,0.1475,-0.44,-0.102319,0,85.8,0,2,0,0,0,8,
276631647,0.10995,-0.44,0.244294,0,85.8,0,2,0,0,0,8,
276631687,0.105,-0.44,0.476588,0,85.8,0,2,0,0,0,8,
276631727,0.105,-0.44,0.611381,0,85.8,-72.0926,2,0,0,0,8,
276631767,0.105,-0.44,0.624469,0,85.8,-260.114,2,0,0,0,8,
276631807,0.105,-0.44,0.624469,0,85.8,-271.631,2,0,0,0,8,
276631848,0.105,-0.44,0.633769,0,85.8,-275.723,2,0,0,0,8,
276631888,0.105,-0.44,0.635644,0,85.8,-294.154,2,0,0,0,8,
276631927,0.105,-0.44,0.637537,0,85.8,-296.216,2,0,0,0,8,
276631967,0.1075,-0.44,0.660075,0,85.8,-313.615,2,0,0,0,8,
276632007,0.107525,-0.44,0.69945,0,85.8,-376.406,2,0,0,0,8,
276632047,0.110025,-0.44,0.733256,0,85.8,-468.031,2,0,0,0,8,
276632087,0.110025,-0.44,0.733256,0,85.8,-510.964,2,0,0,0,8,
276632127,0.110025,-0.44,0.733256,0,85.8,-510.964,2,0,0,0,8,
276632168,0.110025,-0.44,0.733256,0,85.8,-510.964,2,0,0,0,8,
276632208,0.110025,-0.44,0.733256,0,85.8,-510.964,2,0,0,0,8,
276632247,0.110025,-0.44,0.733256,0,85.8,-510.964,2,0,0,0,8,
276632287,0.110025,-0.44,0.733256,0,85.8,-510.964,2,0,0,0,8,
276632327,0.110025,-0.44,0.733256,0,85.8,-510.964,2,0,0,0,8,
276632367,0.110025,-0.44,0.733256,0,85.8,-510.964,2,0,0,0,8,
276632407,0.110025,-0.44,0.733256,0,85.8,-510.964,2,0,0,0,8,
276632447,0.110025,-0.44,0.733256,0,85.8,-510.964,2,0,0,0,8,
276632488,0.110025,-0.44,0.733256,0,85.8,-510.964,2,0,0,0,8,
276632527,0.110025,-0.44,0.733256,0,85.8,-510.964,2,0,0,0,8,
276632567,0.110025,-0.44,0.733256,0,85.8,-510.964,2,0,0,0,8,
276632607,0.110025,-0.44,0.733256,0,85.8,-510.964,2,0,0,0,8,
276632647,0.110025,-0.44,0.733256,0,85.8,-510.964,2,0,0,0,8,
276632687,0.110025,-0.44,0.733256,0,85.8,-510.964,2,0,0,0,8,
276632727,0.110025,-0.44,0.733256,0,85.8,-510.964,2,0,0,0,8,
276632767,0.110025,-0.44,0.733256,0,85.8,-510.964,2,0,0,0,8,
276632808,0.110025,-0.44,0.733256,0,85.8,-510.964,2,0,0,0,8,
276632847,0.110025,-0.44,0.733256,0,85.8,-510.964,2,0,0,0,8,
276632887,0.110025,-0.44,0.733256,0,85.8,-510.964,2,0,0,0,8,
276632927,0.110025,-0.44,0.733256,0,85.8,-510.964,2,0,0,0,8,
276632967,0.110025,-0.44,0.733256,0,85.8,-510.964,2,0,0,0,8,
276633007,0.110025,-0.44,0.733256,0,85.8,-510.964,2,0,0,0,8,
276633047,0.110025,-0.44,0.733256,0,85.8,-510.964,2,0,0,0,8,
276633088,0.110025,-0.44,0.733256,0,85.8,-510.964,2,0,0,0,8,
276633128,0.12,-0.44,0.655988,0,85.8,-469.965,2,0,0,0,8,
276633167,0.127525,-0.44,0.5304,0,85.8,-245.706,2,0,0,0,8,
276633207,0.142525,-0.44,0.419813,0,85.8,-28.809,2,0,0,0,8,
276633247,0.1475,-0.44,0.33735,0,85.8,0,2,0,0,0,8,
276633287,0.1475,-0.44,0.279319,0,85.8,0,2,0,0,0,8,
276633327,0.1475,-0.44,0.256856,0,85.8,0,2,0,0,0,8,
276633367,0.1475,-0.44,0.254981,0,85.8,0,2,0,0,0,8,
276633408,0.1475,-0.44,0.254981,0,85.8,0,2,0,0,0,8,
276633448,0.1475,-0.44,0.254981,0,85.8,0,2,0,0,0,8,
276633487,0.1475,-0.44,0.253181,0,85.8,0,2,0,0,0,8,
276633527,0.150025,-0.44,0.286988,0,85.8,0,2,0,0,0,8,
276633567,0.16,-0.44,0.358294,0,85.8,0,2,0,0,0,8,
276633607,0.16,-0.44,0.436988,0,85.8,0,2,0,0,0,8,
276633647,0.16,-0.44,0.485719,0,85.8,0,2,0,0,0,8,
276633687,0.160025,-0.44,0.517537,0,85.8,-8.78623,2,0,0,0,8,
276633728,0.165,-0.44,0.534394,0,85.8,-44.653,2,0,0,0,8,
276633768,0.165025,-0.44,0.547519,0,85.8,-84.612,2,0,0,0,8,
276633807,0.1675,-0.44,0.560644,0,85.8,-106.899,2,0,0,0,8,
276633847,0.1675,-0.44,0.575644,0,85.8,-141.974,2,0,0,0,8,
276633887,0.1675,-0.44,0.592537,0,85.8,-174.558,2,0,0,0,8,
276633927,0.1675,-0.44,0.618825,0,85.8,-218.757,2,0,0,0,8,
276633967,0.1625,-0.44,0.645037,0,85.8,-281.473,2,0,0,0,8,
276634007,0.1625,-0.44,0.648787,0,85.8,-321.832,2,0,0,0,8,
276634048,0.162475,-0.44,0.6525,0,85.8,-326.766,2,0,0,0,8,
276634088,0.162475,-0.44,0.6525,0,85.8,-333.3,2,0,0,0,8,
276634127,0.16,-0.44,0.650606,0,85.8,-333.292,2,0,0,0,8,
276634167,0.155,-0.44,0.622444,0,85.8,-312.98,2,0,0,0,8,
276634207,0.152475,-0.44,0.592425,0,85.8,-247.343,2,0,0,0,8,
276634247,0.144975,-0.44,0.553012,0,85.8,-173.044,2,0,0,0,8,
276634287,0.14,-0.44,0.511837,0,85.8,-80.619,2,0,0,0,8,
276634327,0.14,-0.44,0.506231,0,85.8,-17.2672,2,0,0,0,8,
276634368,0.14,-0.44,0.506231,0,85.8,-11.5087,2,0,0,0,8,
276634407,0.14,-0.44,0.506231,0,85.8,-11.5087,2,0,0,0,8,
276634447,0.14,-0.44,0.511894,0,85.8,-13.2165,2,0,0,0,8,
276634487,0.14,-0.44,0.526913,0,85.8,-33.0742,2,0,0,0,8,
276634527,0.14,-0.44,0.553181,0,85.8,-73.5405,2,0,0,0,8,
276634567,0.14,-0.44,0.575662,0,85.8,-132.524,2,0,0,0,8,
276634607,0.14,-0.44,0.575662,0,85.8,-164.257,2,0,0,0,8,
276634647,0.14,-0.44,0.575662,0,85.8,-164.257,2,0,0,0,8,
276634688,0.14,-0.44,0.575662,0,85.8,-164.257,2,0,0,0,8,
276634727,0.14,-0.44,0.575662,0,85.8,-164.257,2,0,0,0,8,
276634767,0.14,-0.44,0.575662,0,85.8,-164.257,2,0,0,0,8,
276634807,0.14,-0.44,0.575662,0,85.8,-164.257,2,0,0,0,8,
276634847,0.14,-0.44,0.575662,0,85.8,-164.257,2,0,0,0,8,
276634887,0.14,-0.44,0.579394,0,85.8,-165.899,2,0,0,0,8,
276634927,0.14,-0.44,0.579394,0,85.8,-172.466,2,0,0,0,8,
276634967,0.135,-0.44,0.577481,0,85.8,-173.667,2,0,0,0,8,
276635008,0.13,-0.44,0.560588,0,85.8,-156.259,2,0,0,0,8,
276635047,0.1275,-0.44,0.534319,0,85.8,-113.718,2,0,0,0,8,
276635087,0.1275,-0.44,0.515606,0,85.8,-58.8843,2,0,0,0,8,
276635127,0.1275,-0.44,0.508106,0,85.8,-30.8715,2,0,0,0,8,
276635167,0.1275,-0.44,0.496819,0,85.8,-9.61531,2,0,0,0,8,
276635207,0.1275,-0.44,0.464944,0,85.8,0,2,0,0,0,8,
276635247,0.1325,-0.44,0.436819,0,85.8,0,2,0,0,0,8,
276635288,0.135,-0.44,0.419981,0,85.8,0,2,0,0,0,8,
276635328,0.135,-0.44,0.419981,0,85.8,0,2,0,0,0,8,
276635367,0.135,-0.44,0.418106,0,85.8,0,2,0,0,0,8,
276635407,0.135,-0.44,0.397406,0,85.8,0,2,0,0,0,8,
276635447,0.135025,-0.44,0.344906,0,85.8,0,2,0,0,0,8,
276635487,0.145,-0.44,0.296175,0,85.8,0,2,0,0,0,8,
276635527,0.145,-0.44,0.269962,0,85.8,0,2,0,0,0,8,
276635567,0.145,-0.44,0.269962,0,85.8,0,2,0,0,0,8,
276635608,0.145,-0.44,0.266269,0,85.8,0,2,0,0,0,8,
276635648,0.145,-0.44,0.279431,0,85.8,0,2,0,0,0,8,
276635687,0.145,-0.44,0.3132,0,85.8,0,2,0,0,0,8,
276635727,0.145,-0.44,0.352556,0,85.8,0,2,0,0,0,8,
276635767,0.1425,-0.44,0.373163,0,85.8,0,2,0,0,0,8,
276635807,0.1425,-0.44,0.388162,0,85.8,0,2,0,0,0,8,
276635847,0.14,-0.44,0.395644,0,85.8,0,2,0,0,0,8,
276635887,0.14,-0.44,0.405019,0,85.8,0,2,0,0,0,8,
276635928,0.14,-0.44,0.416269,0,85.8,0,2,0,0,0,8,
276635968,0.14,-0.44,0.416269,0,85.8,0,2,0,0,0,8,
276636007,0.14,-0.44,0.416269,0,85.8,0,2,0,0,0,8,
276636047,0.14,-0.44,0.420019,0,85.8,0,2,0,0,0,8,
276636087,0.14,-0.44,0.421912,0,85.8,0,2,0,0,0,8,
276636127,0.14,-0.44,0.421912,0,85.8,0,2,0,0,0,8,
276636167,0.14,-0.44,0.425644,0,85.8,0,2,0,0,0,8,
276636207,0.14,-0.44,0.425644,0,85.8,0,2,0,0,0,8,
276636248,0.14,-0.44,0.425644,0,85.8,0,2,0,0,0,8,
276636287,0.14,-0.44,0.425644,0,85.8,0,2,0,0,0,8,
276636327,0.14,-0.44,0.425644,0,85.8,0,2,0,0,0,8,
276636367,0.14,-0.44,0.425644,0,85.8,0,2,0,0,0,8,
276636407,0.14,-0.44,0.425644,0,85.8,0,2,0,0,0,8,
276636447,0.14,-0.44,0.425644,0,85.8,0,2,0,0,0,8,
276636487,0.14,-0.44,0.425644,0,85.8,0,2,0,0,0,8,
276636527,0.14,-0.44,0.425644,0,85.8,0,2,0,0,0,8,
276636568,0.14,-0.44,0.425644,0,85.8,0,2,0,0,0,8,
276636607,0.14,-0.44,0.425644,0,85.8,0,2,0,0,0,8,
276636647,0.14,-0.44,0.427519,0,85.8,0,2,0,0,0,8,
276636687,0.14,-0.44,0.429394,0,85.8,0,2,0,0,0,8,
276636727,0.14,-0.44,0.435019,0,85.8,0,2,0,0,0,8,
276636767,0.14,-0.44,0.435019,0,85.8,0,2,0,0,0,8,
276636807,0.14,-0.44,0.436894,0,85.8,0,2,0,0,0,8,
276636847,0.14,-0.44,0.442537,0,85.8,0,2,0,0,0,8,
276636888,0.14,-0.44,0.453769,0,85.8,0,2,0,0,0,8,
276636927,0.14,-0.44,0.457519,0,85.8,0,2,0,0,0,8,
276636967,0.14,-0.44,0.459394,0,85.8,0,2,0,0,0,8,
276637007,0.14,-0.44,0.463144,0,85.8,0,2,0,0,0,8,
276637047,0.14,-0.44,0.468769,0,85.8,0,2,0,0,0,8,
276637087,0.14,-0.44,0.476269,0,85.8,0,2,0,0,0,8,
276637127,0.14,-0.44,0.480019,0,85.8,0,2,0,0,0,8,
276637168,0.14,-0.44,0.481894,0,85.8,0,2,0,0,0,8,
276637208,0.14,-0.44,0.485644,0,85.8,0,2,0,0,0,8,
276637247,0.14,-0.44,0.491287,0,85.8,0,2,0,0,0,8,
276637287,0.14,-0.44,0.498769,0,85.8,0,2,0,0,0,8,
276637327,0.14,-0.44,0.500644,0,85.8,0,2,0,0,0,8,
276637367,0.14,-0.44,0.502519,0,85.8,-0.668254,2,0,0,0,8,
276637407,0.14,-0.44,0.504394,0,85.8,-4.99126,2,0,0,0,8,
276637447,0.14,-0.44,0.510019,0,85.8,-10.7662,2,0,0,0,8,
276637488,0.14,-0.44,0.513769,0,85.8,-23.5537,2,0,0,0,8,
276637528,0.1425,-0.44,0.517519,0,85.8,-30.1537,2,0,0,0,8,
276637567,0.1425,-0.44,0.526894,0,85.8,-39.6577,2,0,0,0,8,
276637607,0.1425,-0.44,0.536269,0,85.8,-63.5745,2,0,0,0,8,
276637647,0.1425,-0.44,0.541894,0,85.8,-82.1287,2,0,0,0,8,
276637687,0.1425,-0.44,0.549394,0,85.8,-94.1077,2,0,0,0,8,
276637727,0.1425,-0.44,0.556894,0,85.8,-111.416,2,0,0,0,8,
276637767,0.1425,-0.44,0.560644,0,85.8,-126.679,2,0,0,0,8,
276637808,0.1425,-0.44,0.566269,0,85.8,-135.754,2,0,0,0,8,
276637848,0.1425,-0.44,0.577519,0,85.8,-151.849,2,0,0,0,8,
276637887,0.1425,-0.44,0.585019,0,85.8,-174.533,2,0,0,0,8,
276637927,0.1425,-0.44,0.592519,0,85.8,-189.379,2,0,0,0,8,
276637967,0.1425,-0.44,0.596269,0,85.8,-204.229,2,0,0,0,8,
276638007,0.1425,-0.44,0.598144,0,85.8,-210.416,2,0,0,0,8,
276638047,0.1425,-0.44,0.601894,0,85.8,-215.779,2,0,0,0,8,
276638087,0.1425,-0.44,0.609394,0,85.8,-226.504,2,0,0,0,8,
276638128,0.14,-0.44,0.620644,0,85.8,-247.558,2,0,0,0,8,
276638168,0.14,-0.44,0.631912,0,85.8,-273.12,2,0,0,0,8,
276638207,0.14,-0.44,0.637519,0,85.8,-293.762,2,0,0,0,8,
276638247,0.14,-0.44,0.646894,0,85.8,-306.949,2,0,0,0,8,
276638287,0.14,-0.44,0.658144,0,85.8,-327.166,2,0,0,0,8,
276638327,0.14,-0.44,0.671287,0,85.8,-354.816,2,0,0,0,8,
276638367,0.14,-0.44,0.684394,0,85.8,-384.524,2,0,0,0,8,
276638407,0.1375,-0.44,0.690019,0,85.8,-406.354,2,0,0,0,8,
276638448,0.1375,-0.44,0.699394,0,85.8,-422.858,2,0,0,0,8,
276638487,0.1375,-0.44,0.705019,0,85.8,-441.429,2,0,0,0,8,
276638527,0.1375,-0.44,0.712519,0,85.8,-454.624,2,0,0,0,8,
276638567,0.1375,-0.44,0.712519,0,85.8,-465.341,2,0,0,0,8,
276638607,0.1375,-0.44,0.714394,0,85.8,-466.991,2,0,0,0,8,
276638647,0.1375,-0.44,0.721894,0,85.8,-473.191,2,0,0,0,8,
276638687,0.1375,-0.44,0.731287,0,85.8,-492.574,2,0,0,0,8,
276638727,0.1375,-0.44,0.740644,0,85.8,-514.866,2,0,0,0,8,
276638768,0.1375,-0.44,0.740644,0,85.8,-527.216,2,0,0,0,8,
276638807,0.1375,-0.44,0.740644,0,85.8,-527.216,2,0,0,0,8,
276638847,0.1375,-0.44,0.740644,0,85.8,-527.216,2,0,0,0,8,
276638887,0.1375,-0.44,0.740644,0,85.8,-527.216,2,0,0,0,8,
276638927,0.1375,-0.44,0.742519,0,85.8,-528.866,2,0,0,0,8,
276638967,0.1375,-0.44,0.742519,0,85.8,-531.341,2,0,0,0,8,
276639007,0.1375,-0.44,0.742519,0,85.8,-531.341,2,0,0,0,8,
276639048,0.1375,-0.44,0.742519,0,85.8,-531.341,2,0,0,0,8,
276639088,0.1375,-0.44,0.742519,0,85.8,-531.341,2,0,0,0,8,
276639127,0.1375,-0.44,0.742519,0,85.8,-531.341,2,0,0,0,8,
276639167,0.1375,-0.44,0.742519,0,85.8,-531.341,2,0,0,0,8,
276639207,0.1375,-0.44,0.742519,0,85.8,-531.341,2,0,0,0,8,
276639247,0.1375,-0.44,0.742519,0,85.8,-531.341,2,0,0,0,8,
276639287,0.1375,-0.44,0.742519,0,85.8,-531.341,2,0,0,0,8,
276639327,0.1375,-0.44,0.742519,0,85.8,-531.341,2,0,0,0,8,
276639368,0.1375,-0.44,0.742519,0,85.8,-531.341,2,0,0,0,8,
276639408,0.1375,-0.44,0.742519,0,85.8,-531.341,2,0,0,0,8,
276639447,0.1375,-0.44,0.742519,0,85.8,-531.341,2,0,0,0,8,
276639487,0.1375,-0.44,0.742519,0,85.8,-531.341,2,0,0,0,8,
276639527,0.1375,-0.44,0.742519,0,85.8,-531.341,2,0,0,0,8,
276639567,0.1375,-0.44,0.742519,0,85.8,-531.341,2,0,0,0,8,
276639607,0.1375,-0.44,0.742519,0,85.8,-531.341,2,0,0,0,8,
276639647,0.1375,-0.44,0.742519,0,85.8,-531.341,2,0,0,0,8,
276639688,0.1375,-0.44,0.742519,0,85.8,-531.341,2,0,0,0,8,
276639728,0.1375,-0.44,0.742519,0,85.8,-531.341,2,0,0,0,8,
276639767,0.1375,-0.44,0.731175,0,85.8,-530.442,2,0,0,0,8,
276639807,0.13495,-0.44,0.669187,0,85.8,-469.12,2,0,0,0,8,
276639847,0.125,-0.44,0.552844,0,85.8,-293.106,2,0,0,0,8,
276639887,0.125025,-0.44,0.42165,0,85.8,-55.9597,2,0,0,0,8,
276639927,0.140025,-0.44,0.3186,0,85.8,0,2,0,0,0,8,
276639967,0.1475,-0.44,0.2568,0,85.8,0,2,0,0,0,8,
276640008,0.1475,-0.44,0.224944,0,85.8,0,2,0,0,0,8,
276640048,0.1475,-0.44,0.200569,0,85.8,0,2,0,0,0,8,
276640087,0.1475,-0.44,0.1743,0,85.8,0,2,0,0,0,8,
276640127,0.1475,-0.44,0.138675,0,85.8,0,2,0,0,0,8,
276640167,0.1475,-0.44,0.103069,0,85.8,0,2,0,0,0,8,
276640207,0.145,-0.44,0.0786937,0,85.8,0,2,0,0,0,8,
276640247,0.1425,-0.44,0.0468188,0,85.8,0,2,0,0,0,8,
276640287,0.137475,-0.44,0.0168188,0,85.8,0,2,0,0,0,8,
276640328,0.132475,-0.44,-0.015075,0,85.8,0,2,0,0,0,8,
276640367,0.124975,-0.44,-0.0619875,0,85.8,0,2,0,0,0,8,
276640407,0.112475,-0.44,-0.125756,0,85.8,0,2,0,0,0,8,
276640447,0.105,-0.44,-0.198919,0,85.8,0,2,0,0,0,8,
276640487,0.105,-0.44,-0.2814,0,85.8,0,2,0,0,0,8,
276640527,0.110025,-0.44,-0.337575,0,85.8,0,2,0,0,0,8,
276640567,0.1125,-0.44,-0.371306,0,85.8,0,2,0,0,0,8,
276640607,0.109975,-0.44,-0.388162,0,85.8,0,2,0,0,0,8,
276640648,0.1075,-0.44,-0.391894,0,85.8,0,2,0,0,0,8,
276640687,0.1075,-0.44,-0.391894,0,85.8,0,2,0,0,0,8,
276640727,0.1075,-0.44,-0.391894,0,85.8,0,2,0,0,0,8,
276640767,0.1075,-0.44,-0.389962,0,85.8,0,2,0,0,0,8,
276640807,0.1075,-0.44,-0.339225,0,85.8,0,2,0,0,0,8,
276640847,0.104975,-0.44,-0.266137,0,85.8,0,2,0,0,0,8,
276640887,0.092475,-0.44,-0.213619,0,85.8,0,2,0,0,0,8,
276640928,0.0825,-0.44,-0.134831,0,85.8,0,2,0,0,0,8,
276640968,0.079975,-0.44,-0.0580125,0,85.8,0,2,0,0,0,8,
276641007,0.072475,-0.44,-0.0055125,0,85.8,0,2,0,0,0,8,
276641047,0.0675249,-0.44,0.0563813,0,85.8,0,2,0,0,0,8,
276641087,0.075,-0.44,0.120112,0,85.8,0,2,0,0,0,8,
276641127,0.075,-0.44,0.183919,0,85.8,0,2,0,0,0,8,
276641167,0.080025,-0.44,0.262688,0,85.8,0,2,0,0,0,8,
276641207,0.095025,-0.44,0.347025,0,85.8,0,2,0,0,0,8,
276641248,0.105025,-0.44,0.39945,0,85.8,0,2,0,0,0,8,
276641288,0.110025,-0.44,0.425663,0,85.8,0,2,0,0,0,8,
276641327,0.1125,-0.44,0.429356,0,85.8,0,2,0,0,0,8,
276641367,0.087375,-0.44,0.399225,0,85.8,0,2,0,0,0,8,
276641407,0.012325,-0.44,0.322369,0,85.8,0,2,0,0,0,8,
276641447,-0.06765,-0.44,0.262406,0,85.8,0,2,0,0,0,8,
276641487,-0.132625,-0.44,0.213656,0,85.8,0,2,0,0,0,8,
276641527,-0.20265,-0.44,0.163031,0,85.8,0,2,0,0,0,8,
276641568,-0.28515,-0.44,0.112387,0,85.8,0,2,0,0,0,8,
276641608,-0.3601,-0.44,0.0617813,0,85.8,0,2,0,0,0,8,
276641647,-0.420125,-0.44,0.0149063,0,85.8,0,2,0,0,0,8,
276641687,-0.477625,-0.44,-0.0244875,0,85.8,0,2,0,0,0,8,
276641727,-0.54015,-0.44,-0.0600562,0,85.8,0,2,0,0,0,8,
276641767,-0.6076,-0.44,-0.076875,0,85.8,0,2,0,0,0,8,
276641807,-0.6551,-0.44,-0.0787312,48.6531,85.8,0,2,0,0,0,8,
276641847,-0.695075,-0.44,-0.0656062,146.509,85.8,0,2,0,0,0,8,
276641888,-0.72755,-0.44,-0.0524625,222.954,85.8,0,2,0,0,0,8,
276641928,-0.732675,-0.44,-0.048675,282.92,85.8,0,2,0,0,0,8,
276641967,-0.732675,-0.44,-0.048675,289.685,85.8,0,2,0,0,0,8,
276642007,-0.732675,-0.44,-0.048675,289.685,85.8,0,2,0,0,0,8,
276642047,-0.732675,-0.44,-0.048675,289.685,85.8,0,2,0,0,0,8,
276642087,-0.732675,-0.44,-0.048675,289.685,85.8,0,2,0,0,0,8,
276642127,-0.732675,-0.44,-0.048675,289.685,85.8,0,2,0,0,0,8,
276642167,-0.732675,-0.44,-0.048675,289.685,85.8,0,2,0,0,0,8,
276642208,-0.732675,-0.44,-0.048675,289.685,85.8,0,2,0,0,0,8,
276642247,-0.732675,-0.44,-0.048675,289.685,85.8,0,2,0,0,0,8,
276642287,-0.732675,-0.44,-0.048675,289.685,85.8,0,2,0,0,0,8,
276642327,-0.732675,-0.44,-0.048675,289.685,85.8,0,2,0,0,0,8,
276642367,-0.732675,-0.44,-0.048675,289.685,85.8,0,2,0,0,0,8,
276642407,-0.732675,-0.44,-0.048675,289.685,85.8,0,2,0,0,0,8,
276642447,-0.73495,-0.44,0.013125,305.888,85.8,0,2,0,0,0,8,
276642487,-0.719975,-0.44,0.013125,282.612,85.8,0,2,0,0,0,8,
276642528,-0.714975,-0.44,0.013125,258.995,85.8,0,2,0,0,0,8,
276642567,-0.707475,-0.44,0.013125,246.345,85.8,0,2,0,0,0,8,
276642607,-0.694975,-0.44,0.013125,225.99,85.8,0,2,0,0,0,8,
276642647,-0.682475,-0.44,0.01125,198.49,85.8,0,2,0,0,0,8,
276642687,-0.664975,-0.44,0.009375,166.012,85.8,0,2,0,0,0,8,
276642727,-0.64745,-0.44,0.005625,129.712,85.8,0,2,0,0,0,8,
276642767,-0.6124,-0.44,-0.00189371,81.2241,85.8,0,2,0,0,0,8,
276642808,-0.54735,-0.44,-0.0112687,10.582,85.8,0,2,0,0,0,8,
276642848,-0.4598,-0.44,-0.0206437,0,85.8,0,2,0,0,0,8,
276642887,-0.3473,-0.44,-0.0300187,0,85.8,0,2,0,0,0,8,
276642927,-0.237275,-0.44,-0.04125,0,85.8,0,2,0,0,0,8,
276642967,-0.124775,-0.44,-0.045,0,85.8,0,2,0,0,0,8,
276643007,-0.0198,-0.44,-0.046875,0,85.8,0,2,0,0,0,8,
276643047,0.072625,-0.44,-0.0543937,0,85.8,0,2,0,0,0,8,
276643087,0.14765,-0.44,-0.0694125,0,85.8,0,2,0,0,0,8,
276643128,0.220125,-0.44,-0.0862875,0,85.8,0,2,0,0,0,8,
276643168,0.280125,-0.44,-0.0993937,0,85.8,0,2,0,0,0,8,
276643207,0.342625,-0.44,-0.110662,0,85.8,0,2,0,0,0,8,
276643247,0.40765,-0.44,-0.131306,0,85.8,0,2,0,0,0,8,
276643287,0.48015,-0.44,-0.163162,0,85.8,0,2,0,0,0,8,
276643327,0.54515,-0.44,-0.18,0,85.8,0,2,0,0,0,8,
276643367,0.6051,-0.44,-0.185625,0,85.8,0,2,0,0,0,8,
276643407,0.6576,-0.44,-0.18375,-46.475,85.8,0,2,0,0,0,8,
276643448,0.70755,-0.44,-0.176231,-160.864,85.8,0,2,0,0,0,8,
276643488,0.73255,-0.44,-0.168731,-249.832,85.8,0,2,0,0,0,8,
276643527,0.7376,-0.44,-0.166837,-294.965,85.8,0,2,0,0,0,8,
276643567,0.7376,-0.44,-0.166837,-300.52,85.8,0,2,0,0,0,8,
276643607,0.7376,-0.44,-0.166837,-300.52,85.8,0,2,0,0,0,8,
276643647,0.7376,-0.44,-0.166837,-300.52,85.8,0,2,0,0,0,8,
276643687,0.7376,-0.44,-0.166837,-300.52,85.8,0,2,0,0,0,8,
276643727,0.7376,-0.44,-0.166837,-300.52,85.8,0,2,0,0,0,8,
276643768,0.7376,-0.44,-0.166837,-300.52,85.8,0,2,0,0,0,8,
276643808,0.7376,-0.44,-0.166837,-300.52,85.8,0,2,0,0,0,8,
276643847,0.7376,-0.44,-0.166837,-300.52,85.8,0,2,0,0,0,8,
276643887,0.667225,-0.44,-0.106875,-281.336,85.8,0,2,0,0,0,8,
276643927,0.574925,-0.44,-0.099375,-81.3286,85.8,0,2,0,0,0,8,
276643967,0.534925,-0.44,-0.099375,0,85.8,0,2,0,0,0,8,
276644007,0.489925,-0.44,-0.10125,0,85.8,0,2,0,0,0,8,
276644047,0.474975,-0.44,-0.10125,0,85.8,0,2,0,0,0,8,
276644088,0.472475,-0.44,-0.10125,0,85.8,0,2,0,0,0,8,
276644127,0.467475,-0.44,-0.10125,0,85.8,0,2,0,0,0,8,
276644167,0.467475,-0.44,-0.10125,0,85.8,0,2,0,0,0,8,
276644207,0.465,-0.44,-0.101269,0,85.8,0,2,0,0,0,8,
276644247,0.480075,-0.44,-0.105,0,85.8,0,2,0,0,0,8,
276644287,0.52265,-0.44,-0.103125,0,85.8,0,2,0,0,0,8,
276644327,0.570075,-0.44,-0.0975,0,85.8,0,2,0,0,0,8,
276644367,0.587525,-0.44,-0.0956062,0,85.8,0,2,0,0,0,8,
276644408,0.590025,-0.44,-0.09375,0,85.8,0,2,0,0,0,8,
276644447,0.590025,-0.44,-0.09375,0,85.8,0,2,0,0,0,8,
276644487,0.590025,-0.44,-0.09375,0,85.8,0,2,0,0,0,8,
276644527,0.590025,-0.44,-0.09375,0,85.8,0,2,0,0,0,8,
276644567,0.590025,-0.44,-0.09375,0,85.8,0,2,0,0,0,8,
276644607,0.590025,-0.44,-0.09375,0,85.8,0,2,0,0,0,8,
276644647,0.590025,-0.44,-0.09375,0,85.8,0,2,0,0,0,8,
276644688,0.590025,-0.44,-0.09375,0,85.8,0,2,0,0,0,8,
276644728,0.590025,-0.44,-0.09375,0,85.8,0,2,0,0,0,8,
276644767,0.590025,-0.44,-0.09375,0,85.8,0,2,0,0,0,8,
276644807,0.582475,-0.44,-0.09375,0,85.8,0,2,0,0,0,8,
276644847,0.579975,-0.44,-0.09375,0,85.8,0,2,0,0,0,8,
276644887,0.579975,-0.44,-0.09375,0,85.8,0,2,0,0,0,8,
276644927,0.579975,-0.44,-0.09375,0,85.8,0,2,0,0,0,8,
276644967,0.579975,-0.44,-0.09375,0,85.8,0,2,0,0,0,8,
276645008,0.579975,-0.44,-0.09375,0,85.8,0,2,0,0,0,8,
276645048,0.579975,-0.44,-0.09375,0,85.8,0,2,0,0,0,8,
276645087,0.569975,-0.44,-0.09375,0,85.8,0,2,0,0,0,8,
276645127,0.549925,-0.44,-0.0975,0,85.8,0,2,0,0,0,8,
276645167,0.509925,-0.44,-0.108787,0,85.8,0,2,0,0,0,8,
276645207,0.46995,-0.44,-0.129394,0,85.8,0,2,0,0,0,8,
276645247,0.437425,-0.44,-0.144412,0,85.8,0,2,0,0,0,8,
276645287,0.37985,-0.44,-0.163162,0,85.8,0,2,0,0,0,8,
276645328,0.2722,-0.44,-0.187575,0,85.8,0,2,0,0,0,8,
276645368,0.089625,-0.44,-0.204356,0,85.8,0,2,0,0,0,8,
276645407,-0.067725,-0.44,-0.176212,0,85.8,0,2,0,0,0,8,
276645447,-0.1201,-0.44,-0.164981,0,85.8,0,2,0,0,0,8,
276645487,-0.1201,-0.44,-0.164981,0,85.8,0,2,0,0,0,8,
276645527,-0.1201,-0.44,-0.164981,0,85.8,0,2,0,0,0,8,
276645567,-0.1201,-0.44,-0.164981,0,85.8,0,2,0,0,0,8,
276645607,-0.1201,-0.44,-0.164981,0,85.8,0,2,0,0,0,8,
276645648,-0.1201,-0.44,-0.164981,0,85.8,0,2,0,0,0,8,
276645688,-0.132425,-0.44,-0.163087,0,85.8,0,2,0,0,0,8,
276645727,-0.09495,-0.44,-0.166912,0,85.8,0,2,0,0,0,8,
276645767,-0.090025,-0.44,-0.1725,0,85.8,0,2,0,0,0,8,
276645807,-0.1227,-0.44,-0.170625,0,85.8,0,2,0,0,0,8,
276645847,-0.232825,-0.44,-0.17625,0,85.8,0,2,0,0,0,8,
276645887,-0.377725,-0.44,-0.163069,0,85.8,0,2,0,0,0,8,
276645927,-0.4651,-0.44,-0.13875,0,85.8,0,2,0,0,0,8,
276645968,-0.50505,-0.44,-0.138769,0,85.8,0,2,0,0,0,8,
276646007,-0.520025,-0.44,-0.144375,0,85.8,0,2,0,0,0,8,
276646047,-0.53255,-0.44,-0.14625,0,85.8,0,2,0,0,0,8,
276646087,-0.55755,-0.44,-0.14625,0,85.8,0,2,0,0,0,8,
276646127,-0.580075,-0.44,-0.148144,0,85.8,0,2,0,0,0,8,
276646167,-0.615075,-0.44,-0.151875,2.89301,85.8,0,2,0,0,0,8,
276646207,-0.64755,-0.44,-0.155625,55.176,85.8,0,2,0,0,0,8,
276646247,-0.66255,-0.44,-0.159375,117.832,85.8,0,2,0,0,0,8,
276646288,-0.66255,-0.44,-0.159375,135.41,85.8,0,2,0,0,0,8,
276646327,-0.66255,-0.44,-0.159375,135.41,85.8,0,2,0,0,0,8,
276646367,-0.667475,-0.44,-0.16125,137.588,85.8,0,2,0,0,0,8,
276646407,-0.63485,-0.44,-0.157481,128.546,85.8,0,2,0,0,0,8,
276646447,-0.557275,-0.44,-0.148106,38.0381,85.8,0,2,0,0,0,8,
276646487,-0.414675,-0.44,-0.133106,0,85.8,0,2,0,0,0,8,
276646527,-0.2623,-0.44,-0.112462,0,85.8,0,2,0,0,0,8,
276646568,-0.1949,-0.44,-0.108787,0,85.8,0,2,0,0,0,8,
276646608,-0.15245,-0.44,-0.121894,0,85.8,0,2,0,0,0,8,
276646647,-0.139975,-0.44,-0.127519,0,85.8,0,2,0,0,0,8,
276646687,-0.124975,-0.44,-0.133144,0,85.8,0,2,0,0,0,8,
276646727,-0.1125,-0.44,-0.150075,0,85.8,0,2,0,0,0,8,
276646767,-0.0974751,-0.44,-0.200794,0,85.8,0,2,0,0,0,8,
276646807,-0.0849751,-0.44,-0.27765,0,85.8,0,2,0,0,0,8,
276646847,-0.08,-0.44,-0.360187,0,85.8,0,2,0,0,0,8,
276646888,-0.0799751,-0.44,-0.4539,0,85.8,0,2,0,0,0,8,
276646928,-0.0699751,-0.44,-0.5289,0,85.8,0,2,0,0,0,8,
276646967,-0.0599751,-0.44,-0.6039,0,85.8,0,2,0,0,0,8,
276647007,-0.0524751,-0.44,-0.677006,0,85.8,0,2,0,0,0,8,
276647047,-0.05,-0.44,-0.744412,0,85.8,0,2,0,0,0,8,
276647087,-0.0449751,-0.44,-0.748125,0,85.8,0,2,0,0,0,8,
276647127,-0.0449751,-0.44,-0.748125,0,85.8,0,2,0,0,0,8,
276647167,-0.0449751,-0.44,-0.748125,0,85.8,0,2,0,0,0,8,
276647208,-0.0449751,-0.44,-0.748125,0,85.8,0,2,0,0,0,8,
276647248,-0.0449751,-0.44,-0.748125,0,85.8,0,2,0,0,0,8,
276647287,-0.0449751,-0.44,-0.748125,0,85.8,0,2,0,0,0,8,
276647327,-0.042525,-0.44,-0.748125,0,85.8,0,2,0,0,0,8,
276647367,-0.042525,-0.44,-0.748125,0,85.8,0,2,0,0,0,8,
276647407,-0.042525,-0.44,-0.748125,0,85.8,0,2,0,0,0,8,
276647447,-0.042525,-0.44,-0.748125,0,85.8,0,2,0,0,0,8,
276647487,-0.042525,-0.44,-0.748125,0,85.8,0,2,0,0,0,8,
276647528,-0.047525,-0.44,-0.740569,0,85.8,0,2,0,0,0,8,
276647568,-0.0525,-0.44,-0.702994,0,85.8,0,2,0,0,0,8,
276647607,-0.0525,-0.44,-0.639244,0,85.8,0,2,0,0,0,8,
276647647,-0.0525,-0.44,-0.571725,0,85.8,0,2,0,0,0,8,
276647687,-0.0399751,-0.44,-0.491119,0,85.8,0,2,0,0,0,8,
276647727,-0.0324751,-0.44,-0.448069,0,85.8,0,2,0,0,0,8,
276647767,-0.0224751,-0.44,-0.4218,0,85.8,0,2,0,0,0,8,
276647807,-0.00997505,-0.44,-0.378637,0,85.8,0,2,0,0,0,8,
276647848,-0.0025,-0.44,-0.339319,0,85.8,0,2,0,0,0,8,
276647887,0.0025,-0.44,-0.314962,0,85.8,0,2,0,0,0,8,
276647927,0.0075,-0.44,-0.284925,0,85.8,0,2,0,0,0,8,
276647967,0.0125249,-0.44,-0.243675,0,85.8,0,2,0,0,0,8,
276648007,0.0175,-0.44,-0.211819,0,85.8,0,2,0,0,0,8,
276648047,0.0225,-0.44,-0.183712,0,85.8,0,2,0,0,0,8,
276648087,0.0250249,-0.44,-0.163087,0,85.8,0,2,0,0,0,8,
276648127,0.0275,-0.44,-0.148106,0,85.8,0,2,0,0,0,8,
276648168,0.03,-0.44,-0.131231,0,85.8,0,2,0,0,0,8,
276648207,0.03,-0.44,-0.114337,0,85.8,0,2,0,0,0,8,
276648247,0.029975,-0.44,-0.101212,0,85.8,0,2,0,0,0,8,
276648287,0.0275,-0.44,-0.0880875,0,85.8,0,2,0,0,0,8,
276648327,0.0225,-0.44,-0.0711938,0,85.8,0,2,0,0,0,8,
276648367,0.019975,-0.44,-0.0468375,0,85.8,0,2,0,0,0,8,
276648407,0.017475,-0.44,-0.0280875,0,85.8,0,2,0,0,0,8,
276648447,0.0125,-0.44,-0.00746246,0,85.8,0,2,0,0,0,8,
276648488,0.0075,-0.44,0.01695,0,85.8,0,2,0,0,0,8,
276648527,0.0025,-0.44,0.04695,0,85.8,0,2,0,0,0,8,
276648567,-0.0025,-0.44,0.0787875,0,85.8,0,2,0,0,0,8,
276648607,-0.0025,-0.44,0.0918938,0,85.8,0,2,0,0,0,8,
276648647,-0.0025,-0.44,0.101288,0,85.8,0,2,0,0,0,8,
276648687,-0.00502502,-0.44,0.120038,0,85.8,0,2,0,0,0,8,
276648727,-0.01,-0.44,0.138806,0,85.8,0,2,0,0,0,8,
276648768,-0.015,-0.44,0.170681,0,85.8,0,2,0,0,0,8,
276648808,-0.017525,-0.44,0.198788,0,85.8,0,2,0,0,0,8,
276648847,-0.025,-0.44,0.2307,0,85.8,0,2,0,0,0,8,
276648887,-0.03,-0.44,0.260681,0,85.8,0,2,0,0,0,8,
276648927,-0.032525,-0.44,0.2907,0,85.8,0,2,0,0,0,8,
276648967,-0.040025,-0.44,0.3282,0,85.8,0,2,0,0,0,8,
276649007,-0.0425,-0.44,0.363806,0,85.8,0,2,0,0,0,8,
276649047,-0.0425,-0.44,0.397575,0,85.8,0,2,0,0,0,8,
276649088,-0.0425,-0.44,0.427556,0,85.8,0,2,0,0,0,8,
276649128,-0.0425,-0.44,0.451931,0,85.8,0,2,0,0,0,8,
276649167,-0.0375,-0.44,0.470663,0,85.8,0,2,0,0,0,8,
276649207,-0.0324751,-0.44,0.485662,0,85.8,0,2,0,0,0,8,
276649247,-0.01745,-0.44,0.513844,0,85.8,-2.343,2,0,0,0,8,
276649287,2.49481e-005,-0.44,0.56445,0,85.8,-62.139,2,0,0,0,8,
276649327,0.01755,-0.44,0.609469,0,85.8,-170.181,2,0,0,0,8,
276649367,0.0350249,-0.44,0.652575,0,85.8,-270.006,2,0,0,0,8,
276649408,0.0475,-0.44,0.682537,0,85.8,-355.728,2,0,0,0,8,
276649448,0.0475249,-0.44,0.686287,0,85.8,-403.507,2,0,0,0,8,
276649487,0.0575,-0.44,0.676763,0,85.8,-408.363,2,0,0,0,8,
276649527,0.04745,-0.44,0.5847,0,85.8,-332.021,2,0,0,0,8,
276649567,0.019975,-0.44,0.425306,0,85.8,-103.81,2,0,0,0,8,
276649607,0.0175249,-0.44,0.288506,0,85.8,0,2,0,0,0,8,
276649647,0.0325249,-0.44,0.192975,0,85.8,0,2,0,0,0,8,
276649687,0.035,-0.44,0.121725,0,85.8,0,2,0,0,0,8,
276649728,0.035,-0.44,0.05235,0,85.8,0,2,0,0,0,8,
276649768,0.04,-0.44,-0.0339562,0,85.8,0,2,0,0,0,8,
276649807,0.0400249,-0.44,-0.137081,0,85.8,0,2,0,0,0,8,
276649847,0.0475,-0.44,-0.240206,0,85.8,0,2,0,0,0,8,
276649887,0.04495,-0.44,-0.34335,0,85.8,0,2,0,0,0,8,
276649927,0.024975,-0.44,-0.467119,0,85.8,0,2,0,0,0,8,
276649967,0.0225249,-0.44,-0.592725,0,85.8,0,2,0,0,0,8,
276650007,0.0375249,-0.44,-0.692062,0,85.8,0,2,0,0,0,8,
276650048,0.045025,-0.44,-0.748125,0,85.8,0,2,0,0,0,8,
276650087,0.047475,-0.44,-0.748125,0,85.8,0,2,0,0,0,8,
276650127,0.047475,-0.44,-0.748125,0,85.8,0,2,0,0,0,8,
276650167,0.047475,-0.44,-0.748125,0,85.8,0,2,0,0,0,8,
276650207,0.04,-0.44,-0.744337,0,85.8,0,2,0,0,0,8,
276650247,0.032475,-0.44,-0.7218,0,85.8,0,2,0,0,0,8,
276650287,0.01245,-0.44,-0.671081,0,85.8,0,2,0,0,0,8,
276650327,-0.020075,-0.44,-0.57915,0,85.8,0,2,0,0,0,8,
276650368,-0.0500501,-0.44,-0.455362,0,85.8,0,2,0,0,0,8,
276650407,-0.0851251,-0.44,-0.316575,0,85.8,0,2,0,0,0,8,
276650447,-0.1401,-0.44,-0.153394,0,85.8,0,2,0,0,0,8,
276650487,-0.187575,-0.44,-0.00161247,0,85.8,0,2,0,0,0,8,
276650527,-0.227575,-0.44,0.10515,0,85.8,0,2,0,0,0,8,
276650567,-0.250025,-0.44,0.150019,0,85.8,0,2,0,0,0,8,
276650607,-0.250025,-0.44,0.150019,0,85.8,0,2,0,0,0,8,
276650648,-0.257525,-0.44,0.151875,0,85.8,0,2,0,0,0,8,
276650688,-0.262525,-0.44,0.151875,0,85.8,0,2,0,0,0,8,
276650727,-0.262525,-0.44,0.151875,0,85.8,0,2,0,0,0,8,
276650767,-0.262525,-0.44,0.151875,0,85.8,0,2,0,0,0,8,
276650807,-0.262525,-0.44,0.151875,0,85.8,0,2,0,0,0,8,
276650847,-0.262525,-0.44,0.151875,0,85.8,0,2,0,0,0,8,
276650887,-0.262525,-0.44,0.151875,0,85.8,0,2,0,0,0,8,
276650927,-0.262525,-0.44,0.151875,0,85.8,0,2,0,0,0,8,
276650968,-0.262525,-0.44,0.151875,0,85.8,0,2,0,0,0,8,
