milisec,RacketX,RacketY,RacketZ,forceX,forceX,forceX,ForceRatio,FriendPoint,EnemyPoint,haptics,scene
278380951,0,0,0,7108.67,3793.68,-7847.42,7.4,0,0,0,0,
278380982,-1.49695,-0.88,1.48271,1576.87,843.04,-1727.81,1.6,0,0,0,0,
278380994,-1.49695,-0.88,1.48271,591.327,316.14,-647.93,0.6,0,0,0,0,
278381033,-1.49695,-0.88,1.48271,1971.09,1053.8,-2159.77,2,0,0,0,0,
278381073,-1.49695,-0.88,1.48271,1971.09,1053.8,-2159.77,2,0,0,0,0,
278381114,-1.49695,-0.88,1.48271,1971.09,1053.8,-2159.77,2,0,0,0,0,
278381153,-1.49695,-0.88,1.48271,1971.09,1053.8,-2159.77,2,0,0,0,0,
278381215,-1.49695,-0.88,1.48271,2956.64,1580.7,-3239.65,3,0,0,0,0,
278381233,-1.49695,-0.88,1.48271,985.545,526.9,-1079.88,1,0,0,0,0,
278381283,1.49695,-0.88,1.48271,2365.31,1264.56,-2591.72,2.4,0,0,0,0,
278381313,-1.49695,-0.88,1.48271,1576.87,843.04,-1727.81,1.6,0,0,0,0,
278381354,-1.49695,-0.88,1.48271,1971.09,1053.8,-2159.77,2,0,0,0,0,
278381394,-1.49695,-0.88,1.48271,1971.09,1053.8,-2159.77,2,0,0,0,0,
278381434,-1.49695,-0.88,1.48271,1971.09,1053.8,-2159.77,2,0,0,0,0,
278381473,-1.49695,-0.88,1.48271,1971.09,1053.8,-2159.77,2,0,0,0,0,
278381513,-1.49695,-0.88,1.48271,1971.09,1053.8,-2159.77,2,0,0,0,0,
278381553,-1.49695,-0.88,1.48271,1971.09,1053.8,-2159.77,2,0,0,0,0,
278381593,-1.49695,-0.88,1.48271,1971.09,1053.8,-2159.77,2,0,0,0,0,
278381633,-1.49695,-0.88,1.48271,1971.09,1053.8,-2159.77,2,0,0,0,0,
278381673,-1.49695,-0.88,1.48271,1971.09,1053.8,-2159.77,2,0,0,0,0,
278381714,-1.49695,-0.88,1.48271,1971.09,1053.8,-2159.77,2,0,0,0,0,
278381753,-1.49695,-0.88,1.48271,1971.09,1053.8,-2159.77,2,0,0,0,0,
278381793,-1.49695,-0.88,1.48271,1971.09,1053.8,-2159.77,2,0,0,0,0,
278381833,-1.49695,-0.88,1.48271,1971.09,1053.8,-2159.77,2,0,0,0,0,
278381873,-1.49695,-0.88,1.48271,1971.09,1053.8,-2159.77,2,0,0,0,0,
278381913,-1.49695,-0.88,1.48271,1971.09,1053.8,-2159.77,2,0,0,0,0,
278381953,-1.49695,-0.88,1.48271,1971.09,1053.8,-2159.77,2,0,0,0,0,
278381993,-1.49695,-0.88,1.48271,1971.09,1053.8,-2159.77,2,0,0,0,0,
278382034,-1.49695,-0.88,1.48271,1971.09,1053.8,-2159.77,2,0,0,0,0,
278382073,-1.49695,-0.88,1.48271,1971.09,1053.8,-2159.77,2,0,0,0,0,
278382113,-1.49695,-0.88,1.48271,1971.09,1053.8,-2159.77,2,0,0,0,0,
278382153,-1.49695,-0.88,1.48271,1971.09,1053.8,-2159.77,2,0,0,0,0,
278382193,-1.49695,-0.88,1.48271,1971.09,1053.8,-2159.77,2,0,0,0,0,
278382233,-1.49695,-0.88,1.48271,1971.09,1053.8,-2159.77,2,0,0,0,0,
278382273,-1.49695,-0.88,1.48271,1971.09,1053.8,-2159.77,2,0,0,0,0,
278382313,-1.49695,-0.88,1.48271,1971.09,1053.8,-2159.77,2,0,0,0,0,
278382354,-1.49695,-0.88,1.48271,1971.09,1053.8,-2159.77,2,0,0,0,0,
278382393,-1.49695,-0.88,1.48271,1971.09,1053.8,-2159.77,2,0,0,0,0,
278382433,-1.49695,-0.88,1.48271,1971.09,1053.8,-2159.77,2,0,0,0,0,
278382473,-1.49695,-0.88,1.48271,1971.09,1053.8,-2159.77,2,0,0,0,0,
278382513,-1.49695,-0.88,1.48271,1971.09,1053.8,-2159.77,2,0,0,0,0,
278382553,-1.49695,-0.88,1.48271,1971.09,1053.8,-2159.77,2,0,0,0,0,
278382593,-1.49695,-0.88,1.48271,1971.09,1053.8,-2159.77,2,0,0,0,0,
278382633,-1.49695,-0.88,1.48271,1971.09,1053.8,-2159.77,2,0,0,0,0,
278382674,-1.49695,-0.88,1.48271,1971.09,1053.8,-2159.77,2,0,0,0,0,
278382713,-1.49695,-0.88,1.48271,1971.09,1053.8,-2159.77,2,0,0,0,0,
278382753,-1.49695,-0.88,1.48271,1971.09,1053.8,-2159.77,2,0,0,0,0,
278382793,-1.49695,-0.88,1.48271,1971.09,1053.8,-2159.77,2,0,0,0,0,
278382833,-1.49695,-0.88,1.48271,1971.09,1053.8,-2159.77,2,0,0,0,0,
278382873,-1.49695,-0.88,1.48271,1971.09,1053.8,-2159.77,2,0,0,0,0,
278382913,-1.49695,-0.88,1.48271,1971.09,1053.8,-2159.77,2,0,0,0,0,
278382953,-1.49695,-0.88,1.48271,1971.09,1053.8,-2159.77,2,0,0,0,0,
278382994,-1.49695,-0.88,1.48271,1971.09,1053.8,-2159.77,2,0,0,0,0,
278383033,-1.49695,-0.88,1.48271,1971.09,1053.8,-2159.77,2,0,0,0,0,
278383073,-1.49695,-0.88,1.48271,1971.09,1053.8,-2159.77,2,0,0,0,0,
278383113,-1.49695,-0.88,1.48271,1971.09,1053.8,-2159.77,2,0,0,0,0,
278383153,-1.49695,-0.88,1.48271,1971.09,1053.8,-2159.77,2,0,0,0,0,
278383193,-1.49695,-0.88,1.48271,1971.09,1053.8,-2159.77,2,0,0,0,0,
278383233,-1.49695,-0.88,1.48271,1971.09,1053.8,-2159.77,2,0,0,0,0,
278383274,-1.49695,-0.88,1.48271,1971.09,1053.8,-2159.77,2,0,0,0,0,
278383314,-1.49695,-0.88,1.48271,1971.09,1053.8,-2159.77,2,0,0,0,0,
278383353,-1.49695,-0.88,1.48271,1971.09,1053.8,-2159.77,2,0,0,0,0,
278383393,-1.49695,-0.88,1.48271,1971.09,1053.8,-2159.77,2,0,0,0,0,
278383433,-1.49695,-0.88,1.48271,1971.09,1053.8,-2159.77,2,0,0,0,0,
278383473,-1.49695,-0.88,1.48271,1971.09,1053.8,-2159.77,2,0,0,0,0,
278383513,-1.49695,-0.88,1.48271,1971.09,1053.8,-2159.77,2,0,0,0,0,
278383553,-1.49695,-0.88,1.48271,1971.09,1053.8,-2159.77,2,0,0,0,0,
278383594,-1.49695,-0.88,1.48271,1971.09,1053.8,-2159.77,2,0,0,0,0,
278383634,-1.49695,-0.88,1.48271,1971.09,1053.8,-2159.77,2,0,0,0,0,
278383673,-1.49695,-0.88,1.48271,1971.09,1053.8,-2159.77,2,0,0,0,0,
278383713,-1.49695,-0.88,1.48271,1971.09,1053.8,-2159.77,2,0,0,0,0,
278383753,-1.49695,-0.88,1.48271,1971.09,1053.8,-2159.77,2,0,0,0,0,
278383793,-1.49695,-0.88,1.48271,1971.09,1053.8,-2159.77,2,0,0,0,0,
278383833,-1.49695,-0.88,1.48271,1971.09,1053.8,-2159.77,2,0,0,0,0,
278383873,-1.49695,-0.88,1.48271,1971.09,1053.8,-2159.77,2,0,0,0,0,
278383914,-1.49695,-0.88,1.48271,1971.09,1053.8,-2159.77,2,0,0,0,0,
278383953,-1.49695,-0.88,1.48271,1971.09,1053.8,-2159.77,2,0,0,0,0,
278383993,-1.49695,-0.88,1.48271,1971.09,1053.8,-2159.77,2,0,0,0,0,
278384033,-1.49695,-0.88,1.48271,1971.09,1053.8,-2159.77,2,0,0,0,0,
278384073,-1.49695,-0.88,1.48271,1971.09,1053.8,-2159.77,2,0,0,0,0,
278384113,-1.49695,-0.88,1.48271,1971.09,1053.8,-2159.77,2,0,0,0,0,
278384153,-1.49695,-0.88,1.48271,1971.09,1053.8,-2159.77,2,0,0,0,0,
278384193,-1.49695,-0.88,1.48271,1971.09,1053.8,-2159.77,2,0,0,0,0,
278384234,-1.49695,-0.88,1.48271,1971.09,1053.8,-2159.77,2,0,0,0,0,
278384273,-1.49695,-0.88,1.48271,1971.09,1053.8,-2159.77,2,0,0,0,0,
278384313,-1.49695,-0.88,1.48271,1971.09,1053.8,-2159.77,2,0,0,0,0,
278384353,-1.49695,-0.88,1.48271,1971.09,1053.8,-2159.77,2,0,0,0,0,
278384393,-1.49695,-0.88,1.48271,1971.09,1053.8,-2159.77,2,0,0,0,0,
278384433,-1.49695,-0.88,1.48271,1971.09,1053.8,-2159.77,2,0,0,0,0,
278384473,-1.49695,-0.88,1.48271,1971.09,1053.8,-2159.77,2,0,0,0,0,
278384513,-1.49695,-0.88,1.48271,1971.09,1053.8,-2159.77,2,0,0,0,0,
278384554,-1.49695,-0.88,1.48271,1971.09,1053.8,-2159.77,2,0,0,0,0,
278384593,-1.49695,-0.88,1.48271,1971.09,1053.8,-2159.77,2,0,0,0,0,
278384633,-1.49695,-0.88,1.48271,1971.09,1053.8,-2159.77,2,0,0,0,0,
278384673,-1.49695,-0.88,1.48271,1971.09,1053.8,-2159.77,2,0,0,0,0,
278384713,-1.49695,-0.88,1.48271,1971.09,1053.8,-2159.77,2,0,0,0,0,
278384753,-1.49695,-0.88,1.48271,1971.09,1053.8,-2159.77,2,0,0,0,0,
278384793,-1.49695,-0.88,1.48271,1971.09,1053.8,-2159.77,2,0,0,0,0,
278384833,-1.49695,-0.88,1.48271,1971.09,1053.8,-2159.77,2,0,0,0,9,
278384874,-1.49695,-0.88,1.48271,1971.09,1053.8,-2159.77,2,0,0,0,9,
278384913,-1.49695,-0.88,1.48271,1971.09,1053.8,-2159.77,2,0,0,0,9,
278384953,-1.49695,-0.88,1.48271,1971.09,1053.8,-2159.77,2,0,0,0,9,
278384993,-1.49695,-0.88,1.48271,1971.09,1053.8,-2159.77,2,0,0,0,9,
278385033,-1.49695,-0.88,1.48271,1971.09,1053.8,-2159.77,2,0,0,0,9,
278385073,-1.49695,-0.88,1.48271,1971.09,1053.8,-2159.77,2,0,0,0,9,
278385113,-1.49695,-0.88,1.48271,1971.09,1053.8,-2159.77,2,0,0,0,9,
278385154,-1.49695,-0.88,1.48271,1971.09,1053.8,-2159.77,2,0,0,0,9,
278385194,-1.49695,-0.88,1.48271,1971.09,1053.8,-2159.77,2,0,0,0,9,
278385233,-1.49695,-0.88,1.48271,1971.09,1053.8,-2159.77,2,0,0,0,9,
278385273,-1.49695,-0.88,1.48271,1971.09,1053.8,-2159.77,2,0,0,0,9,
278385313,-1.49695,-0.88,1.48271,1971.09,1053.8,-2159.77,2,0,0,0,9,
278385353,-1.49695,-0.88,1.48271,1971.09,1053.8,-2159.77,2,0,0,0,9,
278385393,-1.49695,-0.88,1.48271,1971.09,1053.8,-2159.77,2,0,0,0,9,
278385433,-1.49695,-0.88,1.48271,1971.09,1053.8,-2159.77,2,0,0,0,9,
278385474,-1.49695,-0.88,1.48271,1971.09,1053.8,-2159.77,2,0,0,0,9,
278385514,-1.49695,-0.88,1.48271,1971.09,1053.8,-2159.77,2,0,0,0,9,
278385553,-1.49695,-0.88,1.48271,1971.09,1053.8,-2159.77,2,0,0,0,9,
278385593,-1.49695,-0.88,1.48271,1971.09,1053.8,-2159.77,2,0,0,0,9,
278385633,-1.49695,-0.88,1.48271,1971.09,1053.8,-2159.77,2,0,0,0,9,
278385673,-1.49695,-0.88,1.48271,1971.09,1053.8,-2159.77,2,0,0,0,9,
278385713,-1.49695,-0.88,1.48271,1971.09,1053.8,-2159.77,2,0,0,0,9,
278385753,-1.49695,-0.88,1.48271,1971.09,1053.8,-2159.77,2,0,0,0,9,
278385794,-1.49695,-0.88,1.48271,1971.09,1053.8,-2159.77,2,0,0,0,9,
278385833,-1.49695,-0.88,1.48271,1971.09,1053.8,-2159.77,2,0,0,0,9,
278385873,-1.49695,-0.88,1.48271,1971.09,1053.8,-2159.77,2,0,0,0,9,
278385913,-1.49695,-0.88,1.48271,1971.09,1053.8,-2159.77,2,0,0,0,9,
278385953,-1.49695,-0.88,1.48271,1971.09,1053.8,-2159.77,2,0,0,0,9,
278385993,-1.49695,-0.88,1.48271,1971.09,1053.8,-2159.77,2,0,0,0,9,
278386033,-1.49695,-0.88,1.48271,1971.09,1053.8,-2159.77,2,0,0,0,9,
278386073,-1.49695,-0.88,1.48271,1971.09,1053.8,-2159.77,2,0,0,0,9,
278386114,-1.49695,-0.88,1.48271,1971.09,1053.8,-2159.77,2,0,0,0,9,
278386153,-1.49695,-0.88,1.48271,1971.09,1053.8,-2159.77,2,0,0,0,9,
278386193,-1.49695,-0.88,1.48271,1971.09,1053.8,-2159.77,2,0,0,0,9,
278386233,-1.49695,-0.88,1.48271,1971.09,1053.8,-2159.77,2,0,0,0,9,
278386273,-1.49695,-0.88,1.48271,1971.09,1053.8,-2159.77,2,0,0,0,9,
278386313,-1.49695,-0.88,1.48271,1971.09,1053.8,-2159.77,2,0,0,0,9,
278386353,-1.49695,-0.88,1.48271,1971.09,1053.8,-2159.77,2,0,0,0,9,
278386393,-1.49695,-0.88,1.48271,1971.09,1053.8,-2159.77,2,0,0,0,9,
278386434,-1.49695,-0.88,1.48271,1971.09,1053.8,-2159.77,2,0,0,0,9,
278386473,-1.49695,-0.88,1.48271,1971.09,1053.8,-2159.77,2,0,0,0,9,
278386513,-1.49695,-0.88,1.48271,1971.09,1053.8,-2159.77,2,0,0,0,9,
278386553,-1.49695,-0.88,1.48271,1971.09,1053.8,-2159.77,2,0,0,0,9,
278386593,-1.49695,-0.88,1.48271,1971.09,1053.8,-2159.77,2,0,0,0,9,
278386633,-1.49695,-0.88,1.48271,1971.09,1053.8,-2159.77,2,0,0,0,9,
278386673,-1.49695,-0.88,1.48271,1971.09,1053.8,-2159.77,2,0,0,0,9,
278386713,-1.49695,-0.88,1.48271,1971.09,1053.8,-2159.77,2,0,0,0,9,
278386754,-1.49695,-0.88,1.48271,1971.09,1053.8,-2159.77,2,0,0,0,9,
278386793,-1.49695,-0.88,1.48271,1971.09,1053.8,-2159.77,2,0,0,0,9,
278386833,-1.49695,-0.88,1.48271,1971.09,1053.8,-2159.77,2,0,0,0,9,
278386873,-1.49695,-0.88,1.48271,1971.09,1053.8,-2159.77,2,0,0,0,9,
278386913,-1.49695,-0.88,1.48271,1971.09,1053.8,-2159.77,2,0,0,0,9,
278386953,-1.49695,-0.88,1.48271,1971.09,1053.8,-2159.77,2,0,0,0,9,
278386993,-1.49695,-0.88,1.48271,1971.09,1053.8,-2159.77,2,0,0,0,9,
278387034,-1.49695,-0.88,1.48271,1971.09,1053.8,-2159.77,2,0,0,0,9,
278387074,-1.49695,-0.88,1.48271,1971.09,1053.8,-2159.77,2,0,0,0,9,
278387113,-1.49695,-0.88,1.48271,1971.09,1053.8,-2159.77,2,0,0,0,9,
278387153,-1.49695,-0.88,1.48271,1971.09,1053.8,-2159.77,2,0,0,0,9,
278387193,-1.49695,-0.88,1.48271,1971.09,1053.8,-2159.77,2,0,0,0,9,
278387233,-1.49695,-0.88,1.48271,1971.09,1053.8,-2159.77,2,0,0,0,9,
278387273,-1.49695,-0.88,1.48271,1971.09,1053.8,-2159.77,2,0,0,0,9,
278387313,-1.49695,-0.88,1.48271,1971.09,1053.8,-2159.77,2,0,0,0,9,
278387354,-1.49695,-0.88,1.48271,1971.09,1053.8,-2159.77,2,0,0,0,9,
278387394,-1.49695,-0.88,1.48271,1971.09,1053.8,-2159.77,2,0,0,0,9,
278387433,-1.49695,-0.88,1.48271,1971.09,1053.8,-2159.77,2,0,0,0,9,
278387473,-1.49695,-0.88,1.48271,1971.09,1053.8,-2159.77,2,0,0,0,9,
278387513,-1.49695,-0.88,1.48271,1971.09,1053.8,-2159.77,2,0,0,0,9,
278387553,-1.49695,-0.88,1.48271,1971.09,1053.8,-2159.77,2,0,0,0,9,
278387593,-1.49695,-0.88,1.48271,1971.09,1053.8,-2159.77,2,0,0,0,9,
278387633,-1.49695,-0.88,1.48271,1971.09,1053.8,-2159.77,2,0,0,0,9,
278387674,-1.49695,-0.88,1.48271,1971.09,1053.8,-2159.77,2,0,0,0,9,
278387713,-1.49695,-0.88,1.48271,1971.09,1053.8,-2159.77,2,0,0,0,9,
278387753,-1.49695,-0.88,1.48271,1971.09,1053.8,-2159.77,2,0,0,0,9,
278387793,-1.49695,-0.88,1.48271,1971.09,1053.8,-2159.77,2,0,0,0,9,
278387833,-1.49695,-0.88,1.48271,1971.09,1053.8,-2159.77,2,0,0,0,9,
278387873,-1.49695,-0.88,1.48271,1971.09,1053.8,-2159.77,2,0,0,0,9,
278387913,-1.49695,-0.88,1.48271,1971.09,1053.8,-2159.77,2,0,0,0,9,
278387953,-1.49695,-0.88,1.48271,1971.09,1053.8,-2159.77,2,0,0,0,9,
278387994,-1.49695,-0.88,1.48271,1971.09,1053.8,-2159.77,2,0,0,0,9,
278388033,-1.49695,-0.88,1.48271,1971.09,1053.8,-2159.77,2,0,0,0,9,
278388073,-1.49695,-0.88,1.48271,1971.09,1053.8,-2159.77,2,0,0,0,9,
278388113,-1.49695,-0.88,1.48271,1971.09,1053.8,-2159.77,2,0,0,0,9,
278388153,-1.49695,-0.88,1.48271,1971.09,1053.8,-2159.77,2,0,0,0,9,
278388193,-1.49695,-0.88,1.48271,1971.09,1053.8,-2159.77,2,0,0,0,9,
278388233,-1.49695,-0.88,1.48271,1971.09,1053.8,-2159.77,2,0,0,0,9,
278388273,-1.49695,-0.88,1.48271,1971.09,1053.8,-2159.77,2,0,0,0,9,
278388314,-1.19485,-0.88,-0.228787,1904.63,1053.8,-1943.79,2,0,0,0,9,
278388353,-1.1397,-0.88,-0.142125,1248.23,1053.8,0,2,0,0,0,9,
278388393,-0.98975,-0.88,0.105825,1035.55,1053.8,0,2,0,0,0,9,
278388433,-0.8599,-0.88,0.521962,699.061,1053.8,-4.61174,2,0,0,0,9,
278388473,-0.835,-0.88,0.810375,529.012,1053.8,-389.771,2,0,0,0,9,
278388513,-0.85,-0.88,0.949013,533.566,1053.8,-857.761,2,0,0,0,9,
278388553,-0.7949,-0.88,1.0689,506.836,1053.8,-1120.85,2,0,0,0,9,
278388593,-0.75,-0.88,1.11754,366.124,1053.8,-1319.38,2,0,0,0,9,
278388634,-0.75,-0.88,1.11754,327.8,1053.8,-1356.38,2,0,0,0,9,
278388673,-0.7348,-0.88,1.07201,322.19,1053.8,-1342.82,2,0,0,0,9,
278388713,-0.5845,-0.88,0.798413,161.304,1053.8,-945.104,2,0,0,0,9,
278388753,-0.32945,-0.88,0.686137,0,1053.8,-509.404,2,0,0,0,9,
278388793,-0.08455,-0.88,0.629775,0,1053.8,-348.703,2,0,0,0,9,
278388833,0.08515,-0.88,0.54735,0,1053.8,-184.454,2,0,0,0,9,
278388873,0.16505,-0.88,0.479925,0,1053.8,-33.462,2,0,0,0,9,
278388914,0.16995,-0.88,0.45375,0,1053.8,0,2,0,0,0,9,
278388954,0.1199,-0.88,0.457538,0,1053.8,0,2,0,0,0,9,
278388993,0.1,-0.88,0.468787,0,1053.8,0,2,0,0,0,9,
278389033,0.10505,-0.88,0.4725,0,1053.8,0,2,0,0,0,9,
278389073,0.10505,-0.88,0.4725,0,1053.8,0,2,0,0,0,9,
278389113,0.11,-0.88,0.464925,0,1053.8,0,2,0,0,0,9,
278389153,0.09995,-0.88,0.423675,0,1053.8,0,2,0,0,0,9,
278389193,0.085,-0.88,0.386175,0,1053.8,0,2,0,0,0,9,
278389234,0.07995,-0.88,0.352463,0,1053.8,0,2,0,0,0,9,
278389274,0.075,-0.88,0.348713,0,1053.8,0,2,0,0,0,9,
278389313,0.075,-0.88,0.348713,0,1053.8,0,2,0,0,0,9,
278389353,0.0749499,-0.88,0.345,0,1053.8,0,2,0,0,0,9,
278389393,0.07,-0.88,0.345038,0,1053.8,0,2,0,0,0,9,
278389433,0.07,-0.88,0.345038,0,1053.8,0,2,0,0,0,9,
278389473,0.05495,-0.88,0.34875,0,1053.8,0,2,0,0,0,9,
278389513,0.04995,-0.88,0.34875,0,1053.8,0,2,0,0,0,9,
278389554,0.04995,-0.88,0.34875,0,1053.8,0,2,0,0,0,9,
278389593,0.04995,-0.88,0.34875,0,1053.8,0,2,0,0,0,9,
278389633,0.04995,-0.88,0.34875,0,1053.8,0,2,0,0,0,9,
278389673,0.04995,-0.88,0.34875,0,1053.8,0,2,0,0,0,9,
278389713,0.04995,-0.88,0.34875,0,1053.8,0,2,0,0,0,9,
278389753,0.04995,-0.88,0.34875,0,1053.8,0,2,0,0,0,9,
278389793,0.04995,-0.88,0.34875,0,1053.8,0,2,0,0,0,9,
278389833,0.04995,-0.88,0.34875,0,1053.8,0,2,0,0,0,9,
278389874,0.04995,-0.88,0.34875,0,1053.8,0,2,0,0,0,9,
278389913,0.04995,-0.88,0.34875,0,1053.8,0,2,0,0,0,9,
278389953,0.04995,-0.88,0.34875,0,1053.8,0,2,0,0,0,9,
278389993,0.04995,-0.88,0.34875,0,1053.8,0,2,0,0,0,9,
278390033,0.04995,-0.88,0.34875,0,1053.8,0,2,0,0,0,9,
278390073,0.04995,-0.88,0.34875,0,1053.8,0,2,0,0,0,9,
278390113,0.04995,-0.88,0.34875,0,1053.8,0,2,0,0,0,9,
278390153,0.04995,-0.88,0.34875,0,1053.8,0,2,0,0,0,9,
278390194,0.04995,-0.88,0.34875,0,1053.8,0,2,0,0,0,9,
278390233,0.04995,-0.88,0.34875,0,1053.8,0,2,0,0,0,9,
278390273,0.04995,-0.88,0.34875,0,1053.8,0,2,0,0,0,9,
278390313,0.04995,-0.88,0.34875,0,1053.8,0,2,0,0,0,9,
278390353,0.04995,-0.88,0.34875,0,1053.8,0,2,0,0,0,9,
278390393,0.04995,-0.88,0.34875,0,1053.8,0,2,0,0,0,9,
278390433,0.04995,-0.88,0.34875,0,1053.8,0,2,0,0,0,9,
278390473,0.04995,-0.88,0.34875,0,1053.8,0,2,0,0,0,9,
278390514,0.04995,-0.88,0.34875,0,1053.8,0,2,0,0,0,9,
278390553,0.04995,-0.88,0.34875,0,1053.8,0,2,0,0,0,9,
278390593,0.04995,-0.88,0.34875,0,1053.8,0,2,0,0,0,9,
278390633,0.04995,-0.88,0.34875,0,1053.8,0,2,0,0,0,9,
278390673,0.04995,-0.88,0.34875,0,1053.8,0,2,0,0,0,9,
278390713,0.04995,-0.88,0.34875,0,1053.8,0,2,0,0,0,9,
278390753,0.04995,-0.88,0.34875,0,1053.8,0,2,0,0,0,9,
278390794,0.04995,-0.88,0.34875,0,1053.8,0,2,0,0,0,9,
278390834,0.04995,-0.88,0.34875,0,1053.8,0,2,0,0,0,9,
278390873,0.04995,-0.88,0.34875,0,1053.8,0,2,0,0,0,9,
278390913,0.04995,-0.88,0.34875,0,1053.8,0,2,0,0,0,9,
278390953,0.04995,-0.88,0.34875,0,1053.8,0,2,0,0,0,9,
278390993,0.04995,-0.88,0.34875,0,1053.8,0,2,0,0,0,0,
278391033,0.04995,-0.88,0.34875,0,1053.8,0,2,0,0,0,0,
278391073,0.04995,-0.88,0.34875,0,1053.8,0,2,0,0,0,0,
278391114,0.04995,-0.88,0.34875,0,1053.8,0,2,0,0,0,0,
278391154,0.04995,-0.88,0.34875,0,1053.8,0,2,0,0,0,0,
278391193,0.04995,-0.88,0.34875,0,1053.8,0,2,0,0,0,0,
278391233,0.04995,-0.88,0.34875,0,1053.8,0,2,0,0,0,0,
278391273,0.04995,-0.88,0.34875,0,1053.8,0,2,0,0,0,0,
278391313,0.04995,-0.88,0.34875,0,1053.8,0,2,0,0,0,9,
278391353,0.04995,-0.88,0.34875,0,1053.8,0,2,0,0,0,9,
278391393,0.04995,-0.88,0.34875,0,1053.8,0,2,0,0,0,9,
278391434,0.04995,-0.88,0.34875,0,1053.8,0,2,0,0,0,9,
278391473,0.04995,-0.88,0.34875,0,1053.8,0,2,0,0,0,9,
278391513,0.04995,-0.88,0.34875,0,1053.8,0,2,0,0,0,9,
278391553,0.04995,-0.88,0.34875,0,1053.8,0,2,0,0,0,9,
278391593,0.04995,-0.88,0.34875,0,1053.8,0,2,0,0,0,9,
278391633,0.04995,-0.88,0.34875,0,1053.8,0,2,0,0,0,9,
278391673,0.04995,-0.88,0.34875,0,1053.8,0,2,0,0,0,9,
278391713,0.04995,-0.88,0.34875,0,1053.8,0,2,0,0,0,9,
278391754,0.04995,-0.88,0.34875,0,1053.8,0,2,0,0,0,9,
278391793,0.04995,-0.88,0.34875,0,1053.8,0,2,0,0,0,9,
278391833,0.04995,-0.88,0.34875,0,1053.8,0,2,0,0,0,9,
278391873,0.04995,-0.88,0.34875,0,1053.8,0,2,0,0,0,9,
278391913,0.04995,-0.88,0.34875,0,1053.8,0,2,0,0,0,9,
278391953,0.04995,-0.88,0.34875,0,1053.8,0,2,0,0,0,9,
278391993,0.04995,-0.88,0.34875,0,1053.8,0,2,0,0,0,9,
278392033,0.04995,-0.88,0.34875,0,1053.8,0,2,0,0,0,0,
278392074,0.04995,-0.88,0.34875,0,1053.8,0,2,0,0,0,0,
278392113,0.04995,-0.88,0.34875,0,1053.8,0,2,0,0,0,0,
278392153,0.04995,-0.88,0.34875,0,1053.8,0,2,0,0,0,0,
278392193,0.04995,-0.88,0.34875,0,1053.8,0,2,0,0,0,9,
278392233,0.04995,-0.88,0.34875,0,1053.8,0,2,0,0,0,9,
278392273,0.04995,-0.88,0.34875,0,1053.8,0,2,0,0,0,9,
278392313,0.04995,-0.88,0.34875,0,1053.8,0,2,0,0,0,9,
278392353,0.04995,-0.88,0.34875,0,1053.8,0,2,0,0,0,9,
278392394,0.04995,-0.88,0.34875,0,1053.8,0,2,0,0,0,9,
278392433,0.04995,-0.88,0.34875,0,1053.8,0,2,0,0,0,9,
278392473,0.04995,-0.88,0.34875,0,1053.8,0,2,0,0,0,9,
278392513,0.04995,-0.88,0.34875,0,1053.8,0,2,0,0,0,9,
278392553,0.04995,-0.88,0.34875,0,1053.8,0,2,0,0,0,9,
278392593,0.04995,-0.88,0.34875,0,1053.8,0,2,0,0,0,0,
278392633,0.04995,-0.88,0.34875,0,1053.8,0,2,0,0,0,0,
278392674,0.04995,-0.88,0.34875,0,1053.8,0,2,0,0,0,0,
278392714,0.04995,-0.88,0.34875,0,1053.8,0,2,0,0,0,0,
278392753,0.04995,-0.88,0.34875,0,1053.8,0,2,0,0,0,0,
278392794,0.04995,-0.88,0.34875,0,1053.8,0,2,0,0,0,9,
278392833,0.04995,-0.88,0.34875,0,1053.8,0,2,0,0,0,9,
278392873,0.04995,-0.88,0.34875,0,1053.8,0,2,0,0,0,9,
278392913,0.04995,-0.88,0.34875,0,1053.8,0,2,0,0,0,9,
278392953,0.04995,-0.88,0.34875,0,1053.8,0,2,0,0,0,9,
278392994,0.04995,-0.88,0.34875,0,1053.8,0,2,0,0,0,9,
278393034,0.04995,-0.88,0.34875,0,1053.8,0,2,0,0,0,9,
278393073,0.04995,-0.88,0.34875,0,1053.8,0,2,0,0,0,9,
278393113,0.04995,-0.88,0.34875,0,1053.8,0,2,0,0,0,9,
278393153,0.04995,-0.88,0.34875,0,1053.8,0,2,0,0,0,9,
278393193,0.04995,-0.88,0.34875,0,1053.8,0,2,0,0,0,9,
278393233,0.04995,-0.88,0.34875,0,1053.8,0,2,0,0,0,0,
278393273,0.04995,-0.88,0.34875,0,1053.8,0,2,0,0,0,0,
278393314,0.04995,-0.88,0.34875,0,1053.8,0,2,0,0,0,0,
278393353,0.04995,-0.88,0.34875,0,1053.8,0,2,0,0,0,0,
278393393,0.04995,-0.88,0.34875,0,1053.8,0,2,0,0,0,0,
278393433,0.04995,-0.88,0.34875,0,1053.8,0,2,0,0,0,9,
278393473,0.04995,-0.88,0.34875,0,1053.8,0,2,0,0,0,9,
278393513,0.04995,-0.88,0.34875,0,1053.8,0,2,0,0,0,9,
278393553,0.04995,-0.88,0.34875,0,1053.8,0,2,0,0,0,9,
278393593,0.04995,-0.88,0.34875,0,1053.8,0,2,0,0,0,9,
278393634,0.04995,-0.88,0.34875,0,1053.8,0,2,0,0,0,9,
278393673,0.04995,-0.88,0.34875,0,1053.8,0,2,0,0,0,9,
278393713,0.04995,-0.88,0.34875,0,1053.8,0,2,0,0,0,9,
278393753,0.04995,-0.88,0.34875,0,1053.8,0,2,0,0,0,9,
278393793,0.04995,-0.88,0.34875,0,1053.8,0,2,0,0,0,9,
278393833,0.04995,-0.88,0.34875,0,1053.8,0,2,0,0,0,9,
278393873,0.04995,-0.88,0.34875,0,1053.8,0,2,0,0,0,0,
278393913,0.04995,-0.88,0.34875,0,1053.8,0,2,0,0,0,0,
278393954,0.04995,-0.88,0.34875,0,1053.8,0,2,0,0,0,0,
278393993,0.04995,-0.88,0.34875,0,1053.8,0,2,0,0,0,0,
278394033,0.04995,-0.88,0.34875,0,1053.8,0,2,0,0,0,0,
278394073,0.04995,-0.88,0.34875,0,1053.8,0,2,0,0,0,9,
278394113,0.04995,-0.88,0.34875,0,1053.8,0,2,0,0,0,9,
278394153,0.04995,-0.88,0.34875,0,1053.8,0,2,0,0,0,9,
278394193,0.04995,-0.88,0.34875,0,1053.8,0,2,0,0,0,9,
278394233,0.04995,-0.88,0.34875,0,1053.8,0,2,0,0,0,9,
278394274,0.04995,-0.88,0.34875,0,1053.8,0,2,0,0,0,9,
278394313,0.04995,-0.88,0.34875,0,1053.8,0,2,0,0,0,9,
278394353,0.04995,-0.88,0.34875,0,1053.8,0,2,0,0,0,9,
278394393,0.04995,-0.88,0.34875,0,1053.8,0,2,0,0,0,9,
278394433,0.04995,-0.88,0.34875,0,1053.8,0,2,0,0,0,0,
278394473,0.04995,-0.88,0.34875,0,1053.8,0,2,0,0,0,0,
278394513,0.04995,-0.88,0.34875,0,1053.8,0,2,0,0,0,0,
278394553,0.04995,-0.88,0.34875,0,1053.8,0,2,0,0,0,0,
278394594,0.04995,-0.88,0.34875,0,1053.8,0,2,0,0,0,0,
278394633,0.04995,-0.88,0.34875,0,1053.8,0,2,0,0,0,0,
278394673,0.04995,-0.88,0.34875,0,1053.8,0,2,0,0,0,0,
278394713,0.04995,-0.88,0.34875,0,1053.8,0,2,0,0,0,0,
278394753,0.04995,-0.88,0.34875,0,1053.8,0,2,0,0,0,9,
278394793,0.04995,-0.88,0.34875,0,1053.8,0,2,0,0,0,9,
278394833,0.04995,-0.88,0.34875,0,1053.8,0,2,0,0,0,9,
278394874,0.04995,-0.88,0.34875,0,1053.8,0,2,0,0,0,9,
278394914,0.04995,-0.88,0.34875,0,1053.8,0,2,0,0,0,9,
278394953,0.04995,-0.88,0.34875,0,1053.8,0,2,0,0,0,9,
278394993,0.04995,-0.88,0.34875,0,1053.8,0,2,0,0,0,9,
278395033,0.04995,-0.88,0.34875,0,1053.8,0,2,0,0,0,9,
278395073,0.04995,-0.88,0.34875,0,1053.8,0,2,0,0,0,9,
278395113,0.04995,-0.88,0.34875,0,1053.8,0,2,0,0,0,9,
278395153,0.04995,-0.88,0.34875,0,1053.8,0,2,0,0,0,9,
278395194,0.04995,-0.88,0.34875,0,1053.8,0,2,0,0,0,0,
278395233,0.04995,-0.88,0.34875,0,1053.8,0,2,0,0,0,0,
278395273,0.04995,-0.88,0.34875,0,1053.8,0,2,0,0,0,0,
278395313,0.04995,-0.88,0.34875,0,1053.8,0,2,0,0,0,0,
278395353,0.04995,-0.88,0.34875,0,1053.8,0,2,0,0,0,0,
278395393,0.04995,-0.88,0.34875,0,1053.8,0,2,0,0,0,0,
278395433,0.04995,-0.88,0.34875,0,1053.8,0,2,0,0,0,9,
278395473,0.04995,-0.88,0.34875,0,1053.8,0,2,0,0,0,9,
278395514,0.04995,-0.88,0.34875,0,1053.8,0,2,0,0,0,9,
278395553,0.04995,-0.88,0.34875,0,1053.8,0,2,0,0,0,9,
278395593,0.04995,-0.88,0.34875,0,1053.8,0,2,0,0,0,9,
278395633,0.04995,-0.88,0.34875,0,1053.8,0,2,0,0,0,9,
278395673,0.04995,-0.88,0.34875,0,1053.8,0,2,0,0,0,9,
278395713,0.04995,-0.88,0.34875,0,1053.8,0,2,0,0,0,9,
278395753,0.04995,-0.88,0.34875,0,1053.8,0,2,0,0,0,9,
278395793,0.04995,-0.88,0.34875,0,1053.8,0,2,0,0,0,9,
278395834,0.04995,-0.88,0.34875,0,1053.8,0,2,0,0,0,0,
278395873,0.04995,-0.88,0.34875,0,1053.8,0,2,0,0,0,0,
278395913,0.04995,-0.88,0.34875,0,1053.8,0,2,0,0,0,0,
278395953,0.04995,-0.88,0.34875,0,1053.8,0,2,0,0,0,0,
278395993,0.04995,-0.88,0.34875,0,1053.8,0,2,0,0,0,0,
278396033,0.04995,-0.88,0.34875,0,1053.8,0,2,0,0,0,9,
278396073,0.04995,-0.88,0.34875,0,1053.8,0,2,0,0,0,9,
278396113,0.04995,-0.88,0.34875,0,1053.8,0,2,0,0,0,9,
278396154,0.04995,-0.88,0.34875,0,1053.8,0,2,0,0,0,9,
278396193,0.04995,-0.88,0.34875,0,1053.8,0,2,0,0,0,9,
278396233,0.04995,-0.88,0.34875,0,1053.8,0,2,0,0,0,9,
278396273,0.04995,-0.88,0.34875,0,1053.8,0,2,0,0,0,9,
278396313,0.04995,-0.88,0.34875,0,1053.8,0,2,0,0,0,9,
278396353,0.04995,-0.88,0.34875,0,1053.8,0,2,0,0,0,9,
278396393,0.04995,-0.88,0.34875,0,1053.8,0,2,0,0,0,9,
278396433,0.04995,-0.88,0.34875,0,1053.8,0,2,0,0,0,9,
278396474,0.04995,-0.88,0.34875,0,1053.8,0,2,0,0,0,0,
278396513,0.04995,-0.88,0.34875,0,1053.8,0,2,0,0,0,0,
278396553,0.04995,-0.88,0.34875,0,1053.8,0,2,0,0,0,0,
278396593,0.04995,-0.88,0.34875,0,1053.8,0,2,0,0,0,0,
278396633,0.04995,-0.88,0.34875,0,1053.8,0,2,0,0,0,0,
278396673,0.04995,-0.88,0.34875,0,1053.8,0,2,0,0,0,0,
278396713,0.04995,-0.88,0.34875,0,1053.8,0,2,0,0,0,0,
278396754,0.04995,-0.88,0.34875,0,1053.8,0,2,0,0,0,0,
278396794,0.04995,-0.88,0.34875,0,1053.8,0,2,0,0,0,9,
278396833,0.04995,-0.88,0.34875,0,1053.8,0,2,0,0,0,9,
278396873,0.04995,-0.88,0.34875,0,1053.8,0,2,0,0,0,9,
278396913,0.04995,-0.88,0.34875,0,1053.8,0,2,0,0,0,9,
278396953,0.04995,-0.88,0.34875,0,1053.8,0,2,0,0,0,9,
278396993,0.04995,-0.88,0.34875,0,1053.8,0,2,0,0,0,9,
278397033,0.04995,-0.88,0.34875,0,1053.8,0,2,0,0,0,9,
278397074,0.04995,-0.88,0.34875,0,1053.8,0,2,0,0,0,9,
278397114,0.04995,-0.88,0.34875,0,1053.8,0,2,0,0,0,9,
278397153,0.04995,-0.88,0.34875,0,1053.8,0,2,0,0,0,9,
278397193,0.04995,-0.88,0.34875,0,1053.8,0,2,0,0,0,9,
278397233,0.04995,-0.88,0.34875,0,1053.8,0,2,0,0,0,9,
278397273,0.04995,-0.88,0.34875,0,1053.8,0,2,0,0,0,9,
278397313,0.04995,-0.88,0.34875,0,1053.8,0,2,0,0,0,9,
278397353,0.04995,-0.88,0.34875,0,1053.8,0,2,0,0,0,9,
278397394,0.04995,-0.88,0.34875,0,1053.8,0,2,0,0,0,9,
278397433,0.04995,-0.88,0.34875,0,1053.8,0,2,0,0,0,9,
278397473,0.04995,-0.88,0.34875,0,1053.8,0,2,0,0,0,9,
278397513,0.04995,-0.88,0.34875,0,1053.8,0,2,0,0,0,9,
278397553,0.04995,-0.88,0.34875,0,1053.8,0,2,0,0,0,9,
278397593,0.04995,-0.88,0.34875,0,1053.8,0,2,0,0,0,9,
278397633,0.04995,-0.88,0.34875,0,1053.8,0,2,0,0,0,9,
278397673,0.04995,-0.88,0.34875,0,1053.8,0,2,0,0,0,9,
278397714,0.04995,-0.88,0.34875,0,1053.8,0,2,0,0,0,9,
278397753,0.04995,-0.88,0.34875,0,1053.8,0,2,0,0,0,9,
278397793,0.04995,-0.88,0.34875,0,1053.8,0,2,0,0,0,9,
278397833,0.04995,-0.88,0.34875,0,1053.8,0,2,0,0,0,9,
278397873,0.04995,-0.88,0.34875,0,1053.8,0,2,0,0,0,9,
278397913,0.04995,-0.88,0.34875,0,1053.8,0,2,0,0,0,9,
278397953,0.04995,-0.88,0.34875,0,1053.8,0,2,0,0,0,9,
278397993,0.04995,-0.88,0.34875,0,1053.8,0,2,0,0,0,0,
278398034,0.04995,-0.88,0.34875,0,1053.8,0,2,0,0,0,0,
278398073,0.04995,-0.88,0.34875,0,1053.8,0,2,0,0,0,0,
278398113,0.04995,-0.88,0.34875,0,1053.8,0,2,0,0,0,0,
278398153,0.04995,-0.88,0.34875,0,1053.8,0,2,0,0,0,0,
278398193,0.04995,-0.88,0.34875,0,1053.8,0,2,0,0,0,0,
278398233,0.04995,-0.88,0.34875,0,1053.8,0,2,0,0,0,0,
278398273,0.04995,-0.88,0.34875,0,1053.8,0,2,0,0,0,0,
278398313,0.04995,-0.88,0.34875,0,1053.8,0,2,0,0,0,9,
278398354,0.04995,-0.88,0.34875,0,1053.8,0,2,0,0,0,9,
278398393,0.04995,-0.88,0.34875,0,1053.8,0,2,0,0,0,9,
278398433,0.04995,-0.88,0.34875,0,1053.8,0,2,0,0,0,9,
278398473,0.04995,-0.88,0.34875,0,1053.8,0,2,0,0,0,9,
278398513,0.04995,-0.88,0.34875,0,1053.8,0,2,0,0,0,9,
278398553,0.04995,-0.88,0.34875,0,1053.8,0,2,0,0,0,9,
278398593,0.04995,-0.88,0.34875,0,1053.8,0,2,0,0,0,9,
278398634,0.04995,-0.88,0.34875,0,1053.8,0,2,0,0,0,9,
278398674,0.04995,-0.88,0.34875,0,1053.8,0,2,0,0,0,9,
278398713,0.04995,-0.88,0.34875,0,1053.8,0,2,0,0,0,9,
278398753,0.04995,-0.88,0.34875,0,1053.8,0,2,0,0,0,9,
278398793,0.04995,-0.88,0.34875,0,1053.8,0,2,0,0,0,9,
278398833,0.04995,-0.88,0.34875,0,1053.8,0,2,0,0,0,9,
278398873,0.04995,-0.88,0.34875,0,1053.8,0,2,0,0,0,9,
278398913,0.04995,-0.88,0.34875,0,1053.8,0,2,0,0,0,9,
278398954,0.04995,-0.88,0.34875,0,1053.8,0,2,0,0,0,9,
278398994,0.04995,-0.88,0.34875,0,1053.8,0,2,0,0,0,9,
278399033,0.04995,-0.88,0.34875,0,1053.8,0,2,0,0,0,9,
278399073,0.04995,-0.88,0.34875,0,1053.8,0,2,0,0,0,9,
278399113,0.04995,-0.88,0.34875,0,1053.8,0,2,0,0,0,9,
278399153,0.04995,-0.88,0.34875,0,1053.8,0,2,0,0,0,9,
278399193,0.04995,-0.88,0.34875,0,1053.8,0,2,0,0,0,9,
278399233,0.04995,-0.88,0.34875,0,1053.8,0,2,0,0,0,9,
278399274,0.04995,-0.88,0.34875,0,1053.8,0,2,0,0,0,9,
278399313,0.04995,-0.88,0.34875,0,1053.8,0,2,0,0,0,9,
278399353,0.04995,-0.88,0.34875,0,1053.8,0,2,0,0,0,9,
278399393,0.04995,-0.88,0.34875,0,1053.8,0,2,0,0,0,0,
278399433,0.04995,-0.88,0.34875,0,1053.8,0,2,0,0,0,0,
278399473,0.04995,-0.88,0.34875,0,1053.8,0,2,0,0,0,0,
278399513,0.04995,-0.88,0.34875,0,1053.8,0,2,0,0,0,0,
278399553,0.04995,-0.88,0.34875,0,1053.8,0,2,0,0,0,0,
278399594,0.04995,-0.88,0.34875,0,1053.8,0,2,0,0,0,0,
278399633,0.04995,-0.88,0.34875,0,1053.8,0,2,0,0,0,9,
278399673,0.04995,-0.88,0.34875,0,1053.8,0,2,0,0,0,9,
278399713,0.04995,-0.88,0.34875,0,1053.8,0,2,0,0,0,9,
278399753,0.04995,-0.88,0.34875,0,1053.8,0,2,0,0,0,9,
278399793,0.04995,-0.88,0.34875,0,1053.8,0,2,0,0,0,9,
278399833,0.04995,-0.88,0.34875,0,1053.8,0,2,0,0,0,9,
278399873,0.04995,-0.88,0.34875,0,1053.8,0,2,0,0,0,9,
278399914,0.04995,-0.88,0.34875,0,1053.8,0,2,0,0,0,9,
278399953,0.04995,-0.88,0.34875,0,1053.8,0,2,0,0,0,9,
278399993,0.04995,-0.88,0.34875,0,1053.8,0,2,0,0,0,9,
278400033,0.04995,-0.88,0.34875,0,1053.8,0,2,0,0,0,9,
278400073,0.04995,-0.88,0.34875,0,1053.8,0,2,0,0,0,9,
278400113,0.04995,-0.88,0.34875,0,1053.8,0,2,0,0,0,9,
278400153,0.04995,-0.88,0.34875,0,1053.8,0,2,0,0,0,9,
278400193,0.04995,-0.88,0.34875,0,1053.8,0,2,0,0,0,9,
278400234,0.04995,-0.88,0.34875,0,1053.8,0,2,0,0,0,9,
278400273,0.04995,-0.88,0.34875,0,1053.8,0,2,0,0,0,9,
278400313,0.04995,-0.88,0.34875,0,1053.8,0,2,0,0,0,9,
278400353,0.04995,-0.88,0.34875,0,1053.8,0,2,0,0,0,9,
278400393,0.04995,-0.88,0.34875,0,1053.8,0,2,0,0,0,9,
278400433,0.04995,-0.88,0.34875,0,1053.8,0,2,0,0,0,9,
278400473,0.04995,-0.88,0.34875,0,1053.8,0,2,0,0,0,9,
278400514,0.04995,-0.88,0.34875,0,1053.8,0,2,0,0,0,9,
278400554,0.04995,-0.88,0.34875,0,1053.8,0,2,0,0,0,9,
278400593,0.04995,-0.88,0.34875,0,1053.8,0,2,0,0,0,9,
278400633,0.04995,-0.88,0.34875,0,1053.8,0,2,0,0,0,9,
278400673,0.04995,-0.88,0.34875,0,1053.8,0,2,0,0,0,9,
278400713,0.04995,-0.88,0.34875,0,1053.8,0,2,0,0,0,9,
278400753,0.04995,-0.88,0.34875,0,1053.8,0,2,0,0,0,0,
278400793,0.04995,-0.88,0.34875,0,1053.8,0,2,0,0,0,0,
278400834,0.04995,-0.88,0.34875,0,1053.8,0,2,0,0,0,0,
278400874,0.04995,-0.88,0.34875,0,1053.8,0,2,0,0,0,0,
278400913,0.04995,-0.88,0.34875,0,1053.8,0,2,0,0,0,0,
278400953,0.04995,-0.88,0.34875,0,1053.8,0,2,0,0,0,0,
278400993,0.04995,-0.88,0.34875,0,1053.8,0,2,0,0,0,0,
278401033,0.04995,-0.88,0.34875,0,1053.8,0,2,0,0,0,0,
278401073,0.04995,-0.88,0.34875,0,1053.8,0,2,0,0,0,0,
278401113,0.04995,-0.88,0.34875,0,1053.8,0,2,0,0,0,0,
278401154,0.04995,-0.88,0.34875,0,1053.8,0,2,0,0,0,0,
278401193,0.04995,-0.88,0.34875,0,1053.8,0,2,0,0,0,0,
278401233,0.04995,-0.88,0.34875,0,1053.8,0,2,0,0,0,0,
278401273,0.04995,-0.88,0.34875,0,1053.8,0,2,0,0,0,0,
278401313,0.04995,-0.88,0.34875,0,1053.8,0,2,0,0,0,0,
278401353,0.04995,-0.88,0.34875,0,1053.8,0,2,0,0,0,9,
278401393,0.04995,-0.88,0.34875,0,1053.8,0,2,0,0,0,9,
278401433,0.04995,-0.88,0.34875,0,1053.8,0,2,0,0,0,9,
278401474,0.04995,-0.88,0.34875,0,1053.8,0,2,0,0,0,9,
278401513,0.04995,-0.88,0.34875,0,1053.8,0,2,0,0,0,9,
278401553,0.04995,-0.88,0.34875,0,1053.8,0,2,0,0,0,9,
278401593,0.04995,-0.88,0.34875,0,1053.8,0,2,0,0,0,9,
278401633,0.04995,-0.88,0.34875,0,1053.8,0,2,0,0,0,9,
278401673,0.04995,-0.88,0.34875,0,1053.8,0,2,0,0,0,9,
278401713,0.04995,-0.88,0.34875,0,1053.8,0,2,0,0,0,9,
278401753,0.04995,-0.88,0.34875,0,1053.8,0,2,0,0,0,9,
278401794,0.04995,-0.88,0.34875,0,1053.8,0,2,0,0,0,9,
278401833,0.04995,-0.88,0.34875,0,1053.8,0,2,0,0,0,9,
278401873,0.04995,-0.88,0.34875,0,1053.8,0,2,0,0,0,9,
278401913,0.04995,-0.88,0.34875,0,1053.8,0,2,0,0,0,9,
278401953,0.04995,-0.88,0.34875,0,1053.8,0,2,0,0,0,9,
278401993,0.04995,-0.88,0.34875,0,1053.8,0,2,0,0,0,9,
278402033,0.04995,-0.88,0.34875,0,1053.8,0,2,0,0,0,9,
278402073,0.04995,-0.88,0.34875,0,1053.8,0,2,0,0,0,9,
278402114,0.04995,-0.88,0.34875,0,1053.8,0,2,0,0,0,9,
278402153,0.04995,-0.88,0.34875,0,1053.8,0,2,0,0,0,9,
278402193,0.04995,-0.88,0.34875,0,1053.8,0,2,0,0,0,9,
278402233,0.04995,-0.88,0.34875,0,1053.8,0,2,0,0,0,9,
278402273,0.04995,-0.88,0.34875,0,1053.8,0,2,0,0,0,9,
278402313,0.04995,-0.88,0.34875,0,1053.8,0,2,0,0,0,9,
278402353,0.04995,-0.88,0.34875,0,1053.8,0,2,0,0,0,9,
278402394,0.04995,-0.88,0.34875,0,1053.8,0,2,0,0,0,9,
278402434,0.04995,-0.88,0.34875,0,1053.8,0,2,0,0,0,9,
278402473,0.04995,-0.88,0.34875,0,1053.8,0,2,0,0,0,9,
278402513,0.04995,-0.88,0.34875,0,1053.8,0,2,0,0,0,9,
278402553,0.04995,-0.88,0.34875,0,1053.8,0,2,0,0,0,0,
278402593,0.04995,-0.88,0.34875,0,1053.8,0,2,0,0,0,0,
278402633,0.04995,-0.88,0.34875,0,1053.8,0,2,0,0,0,0,
278402673,0.04995,-0.88,0.34875,0,1053.8,0,2,0,0,0,0,
278402714,0.04995,-0.88,0.34875,0,1053.8,0,2,0,0,0,0,
278402754,0.04995,-0.88,0.34875,0,1053.8,0,2,0,0,0,0,
278402793,0.04995,-0.88,0.34875,0,1053.8,0,2,0,0,0,0,
278402833,0.04995,-0.88,0.34875,0,1053.8,0,2,0,0,0,0,
278402873,0.04995,-0.88,0.34875,0,1053.8,0,2,0,0,0,0,
278402913,0.04995,-0.88,0.34875,0,1053.8,0,2,0,0,0,0,
278402953,0.04995,-0.88,0.34875,0,1053.8,0,2,0,0,0,0,
278402993,0.04995,-0.88,0.34875,0,1053.8,0,2,0,0,0,0,
278403034,0.04995,-0.88,0.34875,0,1053.8,0,2,0,0,0,0,
278403073,0.04995,-0.88,0.34875,0,1053.8,0,2,0,0,0,9,
278403113,0.04995,-0.88,0.34875,0,1053.8,0,2,0,0,0,9,
278403153,0.04995,-0.88,0.34875,0,1053.8,0,2,0,0,0,9,
278403193,0.04995,-0.88,0.34875,0,1053.8,0,2,0,0,0,9,
278403233,0.04995,-0.88,0.34875,0,1053.8,0,2,0,0,0,9,
278403273,0.04995,-0.88,0.34875,0,1053.8,0,2,0,0,0,9,
278403313,0.04995,-0.88,0.34875,0,1053.8,0,2,0,0,0,9,
278403354,0.04995,-0.88,0.34875,0,1053.8,0,2,0,0,0,9,
278403393,0.04995,-0.88,0.34875,0,1053.8,0,2,0,0,0,9,
278403433,0.04995,-0.88,0.34875,0,1053.8,0,2,0,0,0,9,
278403473,0.04995,-0.88,0.34875,0,1053.8,0,2,0,0,0,9,
278403513,0.04995,-0.88,0.34875,0,1053.8,0,2,0,0,0,9,
278403553,0.04995,-0.88,0.34875,0,1053.8,0,2,0,0,0,9,
278403593,0.04995,-0.88,0.34875,0,1053.8,0,2,0,0,0,9,
278403633,0.04995,-0.88,0.34875,0,1053.8,0,2,0,0,0,9,
278403674,0.04995,-0.88,0.34875,0,1053.8,0,2,0,0,0,9,
278403713,0.04995,-0.88,0.34875,0,1053.8,0,2,0,0,0,9,
278403753,0.04995,-0.88,0.34875,0,1053.8,0,2,0,0,0,9,
278403793,0.04995,-0.88,0.34875,0,1053.8,0,2,0,0,0,9,
278403833,0.04995,-0.88,0.34875,0,1053.8,0,2,0,0,0,9,
278403873,0.04995,-0.88,0.34875,0,1053.8,0,2,0,0,0,9,
278403913,0.04995,-0.88,0.34875,0,1053.8,0,2,0,0,0,9,
278403953,0.04995,-0.88,0.34875,0,1053.8,0,2,0,0,0,9,
278403994,0.04995,-0.88,0.34875,0,1053.8,0,2,0,0,0,9,
278404033,0.04995,-0.88,0.34875,0,1053.8,0,2,0,0,0,9,
278404073,0.04995,-0.88,0.34875,0,1053.8,0,2,0,0,0,9,
278404113,0.04995,-0.88,0.34875,0,1053.8,0,2,0,0,0,9,
278404153,0.04995,-0.88,0.34875,0,1053.8,0,2,0,0,0,0,
278404193,0.04995,-0.88,0.34875,0,1053.8,0,2,0,0,0,0,
278404233,0.04995,-0.88,0.34875,0,1053.8,0,2,0,0,0,0,
278404274,0.04995,-0.88,0.34875,0,1053.8,0,2,0,0,0,0,
278404314,0.04995,-0.88,0.34875,0,1053.8,0,2,0,0,0,0,
278404353,0.04995,-0.88,0.34875,0,1053.8,0,2,0,0,0,0,
278404393,0.04995,-0.88,0.34875,0,1053.8,0,2,0,0,0,0,
278404433,0.04995,-0.88,0.34875,0,1053.8,0,2,0,0,0,0,
278404473,0.04995,-0.88,0.34875,0,1053.8,0,2,0,0,0,0,
278404513,0.04995,-0.88,0.34875,0,1053.8,0,2,0,0,0,0,
278404553,0.04995,-0.88,0.34875,0,1053.8,0,2,0,0,0,9,
278404594,0.04995,-0.88,0.34875,0,1053.8,0,2,0,0,0,9,
278404634,0.04995,-0.88,0.34875,0,1053.8,0,2,0,0,0,9,
278404673,0.04995,-0.88,0.34875,0,1053.8,0,2,0,0,0,9,
278404713,0.04995,-0.88,0.34875,0,1053.8,0,2,0,0,0,9,
278404753,0.04995,-0.88,0.34875,0,1053.8,0,2,0,0,0,9,
278404793,0.04995,-0.88,0.34875,0,1053.8,0,2,0,0,0,9,
278404833,0.04995,-0.88,0.34875,0,1053.8,0,2,0,0,0,9,
278404873,0.04995,-0.88,0.34875,0,1053.8,0,2,0,0,0,9,
278404914,0.04995,-0.88,0.34875,0,1053.8,0,2,0,0,0,9,
278404953,0.04995,-0.88,0.34875,0,1053.8,0,2,0,0,0,9,
278404993,0.04995,-0.88,0.34875,0,1053.8,0,2,0,0,0,9,
278405033,0.04995,-0.88,0.34875,0,1053.8,0,2,0,0,0,9,
278405073,0.04995,-0.88,0.34875,0,1053.8,0,2,0,0,0,0,
278405113,0.04995,-0.88,0.34875,0,1053.8,0,2,0,0,0,0,
278405153,0.04995,-0.88,0.34875,0,1053.8,0,2,0,0,0,0,
278405193,0.04995,-0.88,0.34875,0,1053.8,0,2,0,0,0,0,
278405234,0.04995,-0.88,0.34875,0,1053.8,0,2,0,0,0,9,
278405273,0.04995,-0.88,0.34875,0,1053.8,0,2,0,0,0,9,
278405313,0.04995,-0.88,0.34875,0,1053.8,0,2,0,0,0,9,
278405353,0.04995,-0.88,0.34875,0,1053.8,0,2,0,0,0,9,
278405393,0.04995,-0.88,0.34875,0,1053.8,0,2,0,0,0,9,
278405433,0.04995,-0.88,0.34875,0,1053.8,0,2,0,0,0,9,
278405473,0.04995,-0.88,0.34875,0,1053.8,0,2,0,0,0,9,
278405513,0.04995,-0.88,0.34875,0,1053.8,0,2,0,0,0,9,
278405554,0.04995,-0.88,0.34875,0,1053.8,0,2,0,0,0,9,
278405593,0.04995,-0.88,0.34875,0,1053.8,0,2,0,0,0,9,
278405633,0.04995,-0.88,0.34875,0,1053.8,0,2,0,0,0,9,
278405673,0.04995,-0.88,0.34875,0,1053.8,0,2,0,0,0,0,
278405713,0.04995,-0.88,0.34875,0,1053.8,0,2,0,0,0,0,
278405753,0.04995,-0.88,0.34875,0,1053.8,0,2,0,0,0,0,
278405793,0.04995,-0.88,0.34875,0,1053.8,0,2,0,0,0,0,
278405833,0.04995,-0.88,0.34875,0,1053.8,0,2,0,0,0,0,
278405874,0.04995,-0.88,0.34875,0,1053.8,0,2,0,0,0,0,
278405913,0.04995,-0.88,0.34875,0,1053.8,0,2,0,0,0,0,
278405953,0.04995,-0.88,0.34875,0,1053.8,0,2,0,0,0,0,
278405993,0.04995,-0.88,0.34875,0,1053.8,0,2,0,0,0,0,
278406033,0.04995,-0.88,0.34875,0,1053.8,0,2,0,0,0,0,
278406073,0.04995,-0.88,0.34875,0,1053.8,0,2,0,0,0,0,
278406113,0.04995,-0.88,0.34875,0,1053.8,0,2,0,0,0,0,
278406153,0.04995,-0.88,0.34875,0,1053.8,0,2,0,0,0,9,
278406194,0.04995,-0.88,0.34875,0,1053.8,0,2,0,0,0,9,
278406233,0.04995,-0.88,0.34875,0,1053.8,0,2,0,0,0,9,
278406273,0.04995,-0.88,0.34875,0,1053.8,0,2,0,0,0,9,
278406313,0.04995,-0.88,0.34875,0,1053.8,0,2,0,0,0,9,
278406353,0.04995,-0.88,0.34875,0,1053.8,0,2,0,0,0,9,
278406393,0.04995,-0.88,0.34875,0,1053.8,0,2,0,0,0,9,
278406433,0.04995,-0.88,0.34875,0,1053.8,0,2,0,0,0,9,
278406474,0.04995,-0.88,0.34875,0,1053.8,0,2,0,0,0,9,
278406514,0.04995,-0.88,0.34875,0,1053.8,0,2,0,0,0,9,
278406553,0.04995,-0.88,0.34875,0,1053.8,0,2,0,0,0,9,
278406593,0.04995,-0.88,0.34875,0,1053.8,0,2,0,0,0,9,
278406633,0.04995,-0.88,0.34875,0,1053.8,0,2,0,0,0,9,
278406673,0.04995,-0.88,0.34875,0,1053.8,0,2,0,0,0,9,
278406713,0.04995,-0.88,0.34875,0,1053.8,0,2,0,0,0,9,
278406753,0.04995,-0.88,0.34875,0,1053.8,0,2,0,0,0,9,
278406794,0.04995,-0.88,0.34875,0,1053.8,0,2,0,0,0,9,
278406833,0.04995,-0.88,0.34875,0,1053.8,0,2,0,0,0,9,
278406873,0.04995,-0.88,0.34875,0,1053.8,0,2,0,0,0,9,
