milisec,RacketX,RacketY,RacketZ,forceX,forceX,forceX,ForceRatio,FriendPoint,EnemyPoint,haptics,scene
282404815,0,0,0,7483.17,4004.44,-8299.82,7.8,0,0,0,0,
282404843,-1.4918,-0.88,1.48691,1371.83,737.66,-1518.31,1.4,0,0,0,0,
282404857,-1.4918,-0.88,1.48691,783.904,421.52,-867.603,0.8,0,0,0,0,
282404897,-1.4918,-0.88,1.48691,1959.76,1053.8,-2169.01,2,0,0,0,0,
282404938,-1.4918,-0.88,1.48691,1959.76,1053.8,-2169.01,2,0,0,0,0,
282404978,-1.4918,-0.88,1.48691,1959.76,1053.8,-2169.01,2,0,0,0,0,
282405017,-1.4918,-0.88,1.48691,1959.76,1053.8,-2169.01,2,0,0,0,0,
282405066,-1.4918,-0.88,1.48691,2351.71,1264.56,-2602.81,2.4,0,0,0,0,
282405097,-1.4918,-0.88,1.48691,1567.81,843.04,-1735.21,1.6,0,0,0,0,
282405142,-1.4918,-0.88,1.48691,2155.74,1159.18,-2385.91,2.2,0,0,0,0,
282405177,-1.4918,-0.88,1.48691,1763.78,948.42,-1952.11,1.8,0,0,0,0,
282405217,-1.4918,-0.88,1.48691,1959.76,1053.8,-2169.01,2,0,0,0,0,
282405258,-1.4918,-0.88,1.48691,1959.76,1053.8,-2169.01,2,0,0,0,0,
282405297,-1.4918,-0.88,1.48691,1959.76,1053.8,-2169.01,2,0,0,0,0,
282405337,-1.4918,-0.88,1.48691,1959.76,1053.8,-2169.01,2,0,0,0,0,
282405377,-1.4918,-0.88,1.48691,1959.76,1053.8,-2169.01,2,0,0,0,0,
282405417,-1.4918,-0.88,1.48691,1959.76,1053.8,-2169.01,2,0,0,0,0,
282405457,-1.4918,-0.88,1.48691,1959.76,1053.8,-2169.01,2,0,0,0,0,
282405497,-1.4918,-0.88,1.48691,1959.76,1053.8,-2169.01,2,0,0,0,0,
282405537,-1.4918,-0.88,1.48691,1959.76,1053.8,-2169.01,2,0,0,0,0,
282405578,-1.4918,-0.88,1.48691,1959.76,1053.8,-2169.01,2,0,0,0,0,
282405617,-1.4918,-0.88,1.48691,1959.76,1053.8,-2169.01,2,0,0,0,0,
282405657,-1.4918,-0.88,1.48691,1959.76,1053.8,-2169.01,2,0,0,0,0,
282405697,-1.4918,-0.88,1.48691,1959.76,1053.8,-2169.01,2,0,0,0,0,
282405737,-1.4918,-0.88,1.48691,1959.76,1053.8,-2169.01,2,0,0,0,0,
282405777,-1.4918,-0.88,1.48691,1959.76,1053.8,-2169.01,2,0,0,0,0,
282405817,-1.4918,-0.88,1.48691,1959.76,1053.8,-2169.01,2,0,0,0,0,
282405857,-1.4918,-0.88,1.48691,1959.76,1053.8,-2169.01,2,0,0,0,0,
282405898,-1.4918,-0.88,1.48691,1959.76,1053.8,-2169.01,2,0,0,0,0,
282405937,-1.4918,-0.88,1.48691,1959.76,1053.8,-2169.01,2,0,0,0,0,
282405977,-0.67995,-0.88,0.191288,709.511,1053.8,-650.702,2,0,0,0,0,
282406017,-0.675,-0.88,0.195038,169.334,1053.8,0,2,0,0,0,0,
282406057,-0.675,-0.88,0.195038,162.8,1053.8,0,2,0,0,0,0,
282406097,-0.675,-0.88,0.195038,162.8,1053.8,0,2,0,0,0,0,
282406137,-0.675,-0.88,0.195038,162.8,1053.8,0,2,0,0,0,0,
282406177,-0.675,-0.88,0.195038,162.8,1053.8,0,2,0,0,0,0,
282406218,-0.675,-0.88,0.195038,162.8,1053.8,0,2,0,0,0,0,
282406257,-0.675,-0.88,0.195038,162.8,1053.8,0,2,0,0,0,0,
282406297,-0.675,-0.88,0.195038,162.8,1053.8,0,2,0,0,0,0,
282406337,-0.675,-0.88,0.195038,162.8,1053.8,0,2,0,0,0,0,
282406377,-0.675,-0.88,0.195038,162.8,1053.8,0,2,0,0,0,0,
282406417,-0.675,-0.88,0.195038,162.8,1053.8,0,2,0,0,0,0,
282406457,-0.675,-0.88,0.195038,162.8,1053.8,0,2,0,0,0,0,
282406498,-0.675,-0.88,0.195038,162.8,1053.8,0,2,0,0,0,0,
282406538,-0.675,-0.88,0.195038,162.8,1053.8,0,2,0,0,0,0,
282406577,-0.675,-0.88,0.195038,162.8,1053.8,0,2,0,0,0,0,
282406617,-0.675,-0.88,0.195038,162.8,1053.8,0,2,0,0,0,0,
282406657,-0.675,-0.88,0.195038,162.8,1053.8,0,2,0,0,0,0,
282406697,-0.675,-0.88,0.195038,162.8,1053.8,0,2,0,0,0,0,
282406737,-0.675,-0.88,0.195038,162.8,1053.8,0,2,0,0,0,0,
282406777,-0.675,-0.88,0.195038,162.8,1053.8,0,2,0,0,0,0,
282406818,-0.675,-0.88,0.195038,162.8,1053.8,0,2,0,0,0,0,
282406858,-0.675,-0.88,0.195038,162.8,1053.8,0,2,0,0,0,0,
282406906,-0.675,-0.88,0.195038,195.36,1264.56,0,2.4,0,0,0,0,
282406937,-0.675,-0.88,0.195038,130.24,843.04,0,1.6,0,0,0,0,
282406977,-0.675,-0.88,0.195038,162.8,1053.8,0,2,0,0,0,0,
282407017,-0.675,-0.88,0.195038,162.8,1053.8,0,2,0,0,0,0,
282407057,-0.675,-0.88,0.195038,162.8,1053.8,0,2,0,0,0,0,
282407097,-0.675,-0.88,0.195038,162.8,1053.8,0,2,0,0,0,0,
282407138,-0.675,-0.88,0.195038,162.8,1053.8,0,2,0,0,0,0,
282407177,-0.675,-0.88,0.195038,162.8,1053.8,0,2,0,0,0,0,
282407217,-0.675,-0.88,0.195038,162.8,1053.8,0,2,0,0,0,0,
282407257,-0.675,-0.88,0.195038,162.8,1053.8,0,2,0,0,0,0,
282407297,-0.675,-0.88,0.195038,162.8,1053.8,0,2,0,0,0,0,
282407337,-0.675,-0.88,0.195038,162.8,1053.8,0,2,0,0,0,0,
282407377,-0.675,-0.88,0.195038,162.8,1053.8,0,2,0,0,0,0,
282407417,-0.675,-0.88,0.195038,162.8,1053.8,0,2,0,0,0,0,
282407458,-0.675,-0.88,0.195038,162.8,1053.8,0,2,0,0,0,0,
282407497,-0.675,-0.88,0.195038,162.8,1053.8,0,2,0,0,0,0,
282407537,-0.675,-0.88,0.195038,162.8,1053.8,0,2,0,0,0,0,
282407577,-0.675,-0.88,0.195038,162.8,1053.8,0,2,0,0,0,0,
282407617,-0.675,-0.88,0.195038,162.8,1053.8,0,2,0,0,0,0,
282407657,-0.675,-0.88,0.195038,162.8,1053.8,0,2,0,0,0,0,
282407697,-0.675,-0.88,0.195038,162.8,1053.8,0,2,0,0,0,0,
282407737,-0.675,-0.88,0.195038,162.8,1053.8,0,2,0,0,0,0,
282407778,-0.675,-0.88,0.195038,162.8,1053.8,0,2,0,0,0,0,
282407817,-0.675,-0.88,0.195038,162.8,1053.8,0,2,0,0,0,0,
282407857,-0.675,-0.88,0.195038,162.8,1053.8,0,2,0,0,0,0,
282407897,-0.675,-0.88,0.195038,162.8,1053.8,0,2,0,0,0,0,
282407937,-0.675,-0.88,0.195038,162.8,1053.8,0,2,0,0,0,0,
282407977,-0.675,-0.88,0.195038,162.8,1053.8,0,2,0,0,0,0,
282408017,-0.675,-0.88,0.195038,162.8,1053.8,0,2,0,0,0,9,
282408057,-0.675,-0.88,0.195038,162.8,1053.8,0,2,0,0,0,9,
282408098,-0.675,-0.88,0.195038,162.8,1053.8,0,2,0,0,0,9,
282408137,-0.675,-0.88,0.195038,162.8,1053.8,0,2,0,0,0,9,
282408177,-0.675,-0.88,0.195038,162.8,1053.8,0,2,0,0,0,9,
282408217,-0.675,-0.88,0.195038,162.8,1053.8,0,2,0,0,0,9,
282408257,-0.675,-0.88,0.195038,162.8,1053.8,0,2,0,0,0,9,
282408297,-0.675,-0.88,0.195038,162.8,1053.8,0,2,0,0,0,9,
282408337,-0.675,-0.88,0.195038,162.8,1053.8,0,2,0,0,0,9,
282408378,-0.675,-0.88,0.195038,162.8,1053.8,0,2,0,0,0,9,
282408418,-0.675,-0.88,0.195038,162.8,1053.8,0,2,0,0,0,9,
282408457,-0.675,-0.88,0.195038,162.8,1053.8,0,2,0,0,0,9,
282408497,-0.675,-0.88,0.195038,162.8,1053.8,0,2,0,0,0,9,
282408537,-0.675,-0.88,0.195038,162.8,1053.8,0,2,0,0,0,9,
282408577,-0.675,-0.88,0.195038,162.8,1053.8,0,2,0,0,0,9,
282408617,-0.675,-0.88,0.195038,162.8,1053.8,0,2,0,0,0,9,
282408657,-0.675,-0.88,0.195038,162.8,1053.8,0,2,0,0,0,9,
282408698,-0.675,-0.88,0.195038,162.8,1053.8,0,2,0,0,0,9,
282408738,-0.675,-0.88,0.195038,162.8,1053.8,0,2,0,0,0,9,
282408777,-0.675,-0.88,0.195038,162.8,1053.8,0,2,0,0,0,9,
282408817,-0.675,-0.88,0.195038,162.8,1053.8,0,2,0,0,0,9,
282408857,-0.675,-0.88,0.195038,162.8,1053.8,0,2,0,0,0,9,
282408897,-0.675,-0.88,0.195038,162.8,1053.8,0,2,0,0,0,9,
282408937,-0.675,-0.88,0.195038,162.8,1053.8,0,2,0,0,0,9,
282408977,-0.675,-0.88,0.195038,162.8,1053.8,0,2,0,0,0,9,
282409018,-0.675,-0.88,0.195038,162.8,1053.8,0,2,0,0,0,9,
282409057,-0.675,-0.88,0.195038,162.8,1053.8,0,2,0,0,0,9,
282409097,-0.675,-0.88,0.195038,162.8,1053.8,0,2,0,0,0,9,
282409137,-0.675,-0.88,0.195038,162.8,1053.8,0,2,0,0,0,9,
282409177,-0.675,-0.88,0.195038,162.8,1053.8,0,2,0,0,0,9,
282409217,-0.675,-0.88,0.195038,162.8,1053.8,0,2,0,0,0,9,
282409257,-0.675,-0.88,0.195038,162.8,1053.8,0,2,0,0,0,9,
282409297,-0.675,-0.88,0.195038,162.8,1053.8,0,2,0,0,0,9,
282409338,-0.675,-0.88,0.195038,162.8,1053.8,0,2,0,0,0,9,
282409377,-0.675,-0.88,0.195038,162.8,1053.8,0,2,0,0,0,9,
282409417,-0.675,-0.88,0.195038,162.8,1053.8,0,2,0,0,0,9,
282409457,-0.675,-0.88,0.195038,162.8,1053.8,0,2,0,0,0,9,
282409497,-0.675,-0.88,0.195038,162.8,1053.8,0,2,0,0,0,9,
282409537,-0.675,-0.88,0.195038,162.8,1053.8,0,2,0,0,0,9,
282409577,-0.675,-0.88,0.195038,162.8,1053.8,0,2,0,0,0,9,
282409617,-0.675,-0.88,0.195038,162.8,1053.8,0,2,0,0,0,9,
282409658,-0.675,-0.88,0.195038,162.8,1053.8,0,2,0,0,0,9,
282409697,-0.675,-0.88,0.195038,162.8,1053.8,0,2,0,0,0,9,
282409737,-0.675,-0.88,0.195038,162.8,1053.8,0,2,0,0,0,9,
282409777,-0.675,-0.88,0.195038,162.8,1053.8,0,2,0,0,0,8,
282409817,-0.675,-0.88,0.195038,162.8,1053.8,0,2,0,0,0,8,
282409857,-0.675,-0.88,0.195038,162.8,1053.8,0,2,0,0,0,8,
282409897,-0.675,-0.88,0.195038,162.8,1053.8,0,2,0,0,0,8,
282409937,-0.675,-0.88,0.195038,162.8,1053.8,0,2,0,0,0,8,
282409978,-0.675,-0.88,0.195038,162.8,1053.8,0,2,0,0,0,8,
282410017,-0.675,-0.88,0.195038,162.8,1053.8,0,2,0,0,0,8,
282410057,-0.675,-0.88,0.195038,162.8,1053.8,0,2,0,0,0,8,
282410097,-0.675,-0.88,0.195038,162.8,1053.8,0,2,0,0,0,8,
282410137,-0.675,-0.88,0.195038,162.8,1053.8,0,2,0,0,0,8,
282410177,-0.675,-0.88,0.195038,162.8,1053.8,0,2,0,0,0,8,
282410217,-0.675,-0.88,0.195038,162.8,1053.8,0,2,0,0,0,9,
282410258,-0.675,-0.88,0.195038,162.8,1053.8,0,2,0,0,0,9,
282410298,-0.675,-0.88,0.195038,162.8,1053.8,0,2,0,0,0,9,
282410337,-0.675,-0.88,0.195038,162.8,1053.8,0,2,0,0,0,9,
282410377,-0.675,-0.88,0.195038,162.8,1053.8,0,2,0,0,0,9,
282410417,-0.675,-0.88,0.195038,162.8,1053.8,0,2,0,0,0,9,
282410457,-0.675,-0.88,0.195038,162.8,1053.8,0,2,0,0,0,9,
282410497,-0.675,-0.88,0.195038,162.8,1053.8,0,2,0,0,0,9,
282410537,-0.675,-0.88,0.195038,162.8,1053.8,0,2,0,0,0,9,
282410578,-0.675,-0.88,0.195038,162.8,1053.8,0,2,0,0,0,9,
282410618,-0.675,-0.88,0.195038,162.8,1053.8,0,2,0,0,0,9,
282410657,-0.675,-0.88,0.195038,162.8,1053.8,0,2,0,0,0,9,
282410697,-0.675,-0.88,0.195038,162.8,1053.8,0,2,0,0,0,9,
282410737,-0.675,-0.88,0.195038,162.8,1053.8,0,2,0,0,0,9,
282410777,-0.675,-0.88,0.195038,162.8,1053.8,0,2,0,0,0,9,
282410817,-0.675,-0.88,0.195038,162.8,1053.8,0,2,0,0,0,9,
282410857,-0.675,-0.88,0.195038,162.8,1053.8,0,2,0,0,0,9,
282410898,-0.675,-0.88,0.195038,162.8,1053.8,0,2,0,0,0,9,
282410938,-0.675,-0.88,0.195038,162.8,1053.8,0,2,0,0,0,9,
282410977,-0.675,-0.88,0.195038,162.8,1053.8,0,2,0,0,0,9,
282411017,-0.675,-0.88,0.195038,162.8,1053.8,0,2,0,0,0,9,
282411057,-0.675,-0.88,0.195038,162.8,1053.8,0,2,0,0,0,9,
282411097,-0.675,-0.88,0.195038,162.8,1053.8,0,2,0,0,0,9,
282411137,-0.675,-0.88,0.195038,162.8,1053.8,0,2,0,0,0,9,
282411177,-0.675,-0.88,0.195038,162.8,1053.8,0,2,0,0,0,9,
282411218,-0.675,-0.88,0.195038,162.8,1053.8,0,2,0,0,0,9,
282411257,-0.675,-0.88,0.195038,162.8,1053.8,0,2,0,0,0,9,
282411297,-0.675,-0.88,0.195038,162.8,1053.8,0,2,0,0,0,9,
282411337,-0.675,-0.88,0.195038,162.8,1053.8,0,2,0,0,0,9,
282411377,-0.675,-0.88,0.195038,162.8,1053.8,0,2,0,0,0,9,
282411417,-0.675,-0.88,0.195038,162.8,1053.8,0,2,0,0,0,9,
282411457,-0.675,-0.88,0.195038,162.8,1053.8,0,2,0,0,0,9,
282411497,-0.675,-0.88,0.195038,162.8,1053.8,0,2,0,0,0,9,
282411538,-0.675,-0.88,0.195038,162.8,1053.8,0,2,0,0,0,9,
282411577,-0.675,-0.88,0.195038,162.8,1053.8,0,2,0,0,0,9,
282411617,-0.675,-0.88,0.195038,162.8,1053.8,0,2,0,0,0,9,
282411657,-0.675,-0.88,0.195038,162.8,1053.8,0,2,0,0,0,9,
282411697,-0.675,-0.88,0.195038,162.8,1053.8,0,2,0,0,0,9,
282411737,-0.675,-0.88,0.195038,162.8,1053.8,0,2,0,0,0,9,
282411777,-0.675,-0.88,0.195038,162.8,1053.8,0,2,0,0,0,9,
282411817,-0.675,-0.88,0.195038,162.8,1053.8,0,2,0,0,0,9,
282411858,-0.675,-0.88,0.195038,162.8,1053.8,0,2,0,0,0,9,
282411897,-0.675,-0.88,0.195038,162.8,1053.8,0,2,0,0,0,9,
282411937,-0.675,-0.88,0.195038,162.8,1053.8,0,2,0,0,0,9,
282411977,-0.675,-0.88,0.195038,162.8,1053.8,0,2,0,0,0,9,
282412017,-0.675,-0.88,0.195038,162.8,1053.8,0,2,0,0,0,9,
282412057,-0.675,-0.88,0.195038,162.8,1053.8,0,2,0,0,0,9,
282412097,-0.675,-0.88,0.195038,162.8,1053.8,0,2,0,0,0,9,
282412138,-0.675,-0.88,0.195038,162.8,1053.8,0,2,0,0,0,9,
282412178,-0.675,-0.88,0.195038,162.8,1053.8,0,2,0,0,0,9,
282412217,-0.675,-0.88,0.195038,162.8,1053.8,0,2,0,0,0,9,
282412257,-0.675,-0.88,0.195038,162.8,1053.8,0,2,0,0,0,9,
282412297,-0.675,-0.88,0.195038,162.8,1053.8,0,2,0,0,0,9,
282412337,-0.675,-0.88,0.195038,162.8,1053.8,0,2,0,0,0,9,
282412377,-0.675,-0.88,0.195038,162.8,1053.8,0,2,0,0,0,9,
282412417,-0.675,-0.88,0.195038,162.8,1053.8,0,2,0,0,0,9,
282412458,-0.675,-0.88,0.195038,162.8,1053.8,0,2,0,0,0,9,
282412498,-0.675,-0.88,0.195038,162.8,1053.8,0,2,0,0,0,9,
282412537,-0.675,-0.88,0.195038,162.8,1053.8,0,2,0,0,0,9,
282412577,-0.675,-0.88,0.195038,162.8,1053.8,0,2,0,0,0,9,
282412617,-0.675,-0.88,0.195038,162.8,1053.8,0,2,0,0,0,9,
282412657,-0.675,-0.88,0.195038,162.8,1053.8,0,2,0,0,0,9,
282412697,-0.675,-0.88,0.195038,162.8,1053.8,0,2,0,0,0,9,
282412737,-0.675,-0.88,0.195038,162.8,1053.8,0,2,0,0,0,9,
282412778,-0.675,-0.88,0.195038,162.8,1053.8,0,2,0,0,0,9,
282412818,-0.675,-0.88,0.195038,162.8,1053.8,0,2,0,0,0,9,
282412857,-0.675,-0.88,0.195038,162.8,1053.8,0,2,0,0,0,9,
282412897,-0.675,-0.88,0.195038,162.8,1053.8,0,2,0,0,0,9,
282412937,-0.675,-0.88,0.195038,162.8,1053.8,0,2,0,0,0,9,
282412977,-0.675,-0.88,0.195038,162.8,1053.8,0,2,0,0,0,9,
282413017,-0.675,-0.88,0.195038,162.8,1053.8,0,2,0,0,0,9,
282413057,-0.675,-0.88,0.195038,162.8,1053.8,0,2,0,0,0,9,
282413098,-0.675,-0.88,0.195038,162.8,1053.8,0,2,0,0,0,9,
282413137,-0.675,-0.88,0.195038,162.8,1053.8,0,2,0,0,0,9,
282413177,-0.675,-0.88,0.195038,162.8,1053.8,0,2,0,0,0,9,
282413217,-0.675,-0.88,0.195038,162.8,1053.8,0,2,0,0,0,9,
282413257,-0.675,-0.88,0.195038,162.8,1053.8,0,2,0,0,0,9,
282413297,-0.675,-0.88,0.195038,162.8,1053.8,0,2,0,0,0,9,
282413337,-0.675,-0.88,0.195038,162.8,1053.8,0,2,0,0,0,9,
282413377,-0.675,-0.88,0.195038,162.8,1053.8,0,2,0,0,0,9,
282413418,-0.675,-0.88,0.195038,162.8,1053.8,0,2,0,0,0,9,
282413457,-0.675,-0.88,0.195038,162.8,1053.8,0,2,0,0,0,9,
282413497,-0.675,-0.88,0.195038,162.8,1053.8,0,2,0,0,0,9,
282413537,-0.675,-0.88,0.195038,162.8,1053.8,0,2,0,0,0,9,
282413577,-0.675,-0.88,0.195038,162.8,1053.8,0,2,0,0,0,9,
282413617,-0.675,-0.88,0.195038,162.8,1053.8,0,2,0,0,0,9,
282413657,-0.675,-0.88,0.195038,162.8,1053.8,0,2,0,0,0,9,
282413697,-0.675,-0.88,0.195038,162.8,1053.8,0,2,0,0,0,9,
282413738,-0.675,-0.88,0.195038,162.8,1053.8,0,2,0,0,0,9,
282413777,-0.675,-0.88,0.195038,162.8,1053.8,0,2,0,0,0,9,
282413817,-0.675,-0.88,0.195038,162.8,1053.8,0,2,0,0,0,9,
282413857,-0.675,-0.88,0.195038,162.8,1053.8,0,2,0,0,0,9,
282413897,-0.675,-0.88,0.195038,162.8,1053.8,0,2,0,0,0,9,
282413937,-0.675,-0.88,0.195038,162.8,1053.8,0,2,0,0,0,9,
282413977,-0.675,-0.88,0.195038,162.8,1053.8,0,2,0,0,0,9,
282414018,-0.675,-0.88,0.195038,162.8,1053.8,0,2,0,0,0,9,
282414058,-0.675,-0.88,0.195038,162.8,1053.8,0,2,0,0,0,9,
282414097,-0.675,-0.88,0.195038,162.8,1053.8,0,2,0,0,0,9,
282414137,-0.675,-0.88,0.195038,162.8,1053.8,0,2,0,0,0,9,
282414177,-0.675,-0.88,0.195038,162.8,1053.8,0,2,0,0,0,9,
282414217,-0.675,-0.88,0.195038,162.8,1053.8,0,2,0,0,0,9,
282414257,-0.675,-0.88,0.195038,162.8,1053.8,0,2,0,0,0,9,
282414297,-0.675,-0.88,0.195038,162.8,1053.8,0,2,0,0,0,9,
282414338,-0.675,-0.88,0.195038,162.8,1053.8,0,2,0,0,0,9,
282414378,-0.675,-0.88,0.195038,162.8,1053.8,0,2,0,0,0,9,
282414417,-0.675,-0.88,0.195038,162.8,1053.8,0,2,0,0,0,9,
282414457,-0.675,-0.88,0.195038,162.8,1053.8,0,2,0,0,0,9,
282414497,-0.675,-0.88,0.195038,162.8,1053.8,0,2,0,0,0,9,
282414537,-0.675,-0.88,0.195038,162.8,1053.8,0,2,0,0,0,9,
282414577,-0.675,-0.88,0.195038,162.8,1053.8,0,2,0,0,0,9,
282414617,-0.675,-0.88,0.195038,162.8,1053.8,0,2,0,0,0,9,
282414658,-0.675,-0.88,0.195038,162.8,1053.8,0,2,0,0,0,9,
282414698,-0.675,-0.88,0.195038,162.8,1053.8,0,2,0,0,0,9,
282414737,-0.675,-0.88,0.195038,162.8,1053.8,0,2,0,0,0,9,
282414777,-0.675,-0.88,0.195038,162.8,1053.8,0,2,0,0,0,9,
282414817,-0.675,-0.88,0.195038,162.8,1053.8,0,2,0,0,0,9,
282414857,-0.675,-0.88,0.195038,162.8,1053.8,0,2,0,0,0,9,
282414897,-0.675,-0.88,0.195038,162.8,1053.8,0,2,0,0,0,9,
282414937,-0.675,-0.88,0.195038,162.8,1053.8,0,2,0,0,0,9,
282414978,-0.675,-0.88,0.195038,162.8,1053.8,0,2,0,0,0,9,
282415017,-0.675,-0.88,0.195038,162.8,1053.8,0,2,0,0,0,9,
282415057,-0.675,-0.88,0.195038,162.8,1053.8,0,2,0,0,0,9,
282415097,-0.675,-0.88,0.195038,162.8,1053.8,0,2,0,0,0,9,
282415137,-0.675,-0.88,0.195038,162.8,1053.8,0,2,0,0,0,9,
282415177,-0.675,-0.88,0.195038,162.8,1053.8,0,2,0,0,0,9,
282415217,-0.675,-0.88,0.195038,162.8,1053.8,0,2,0,0,0,9,
282415257,-0.675,-0.88,0.195038,162.8,1053.8,0,2,0,0,0,9,
282415298,-0.675,-0.88,0.195038,162.8,1053.8,0,2,0,0,0,9,
282415337,-0.675,-0.88,0.195038,162.8,1053.8,0,2,0,0,0,9,
282415377,-0.675,-0.88,0.195038,162.8,1053.8,0,2,0,0,0,9,
282415417,-0.675,-0.88,0.195038,162.8,1053.8,0,2,0,0,0,9,
282415457,-0.675,-0.88,0.195038,162.8,1053.8,0,2,0,0,0,9,
282415497,-0.675,-0.88,0.195038,162.8,1053.8,0,2,0,0,0,9,
282415537,-0.675,-0.88,0.195038,162.8,1053.8,0,2,0,0,0,9,
282415577,-0.675,-0.88,0.195038,162.8,1053.8,0,2,0,0,0,9,
282415618,-0.675,-0.88,0.195038,162.8,1053.8,0,2,0,0,0,9,
282415657,-0.675,-0.88,0.195038,162.8,1053.8,0,2,0,0,0,9,
282415697,-0.675,-0.88,0.195038,162.8,1053.8,0,2,0,0,0,9,
282415737,-0.675,-0.88,0.195038,162.8,1053.8,0,2,0,0,0,9,
282415777,-0.675,-0.88,0.195038,162.8,1053.8,0,2,0,0,0,9,
282415817,-0.675,-0.88,0.195038,162.8,1053.8,0,2,0,0,0,9,
282415857,-0.675,-0.88,0.195038,162.8,1053.8,0,2,0,0,0,9,
282415897,-0.675,-0.88,0.195038,162.8,1053.8,0,2,0,0,0,9,
282415938,-0.675,-0.88,0.195038,162.8,1053.8,0,2,0,0,0,9,
282415977,-0.675,-0.88,0.195038,162.8,1053.8,0,2,0,0,0,9,
282416017,-0.675,-0.88,0.195038,162.8,1053.8,0,2,0,0,0,9,
282416057,-0.675,-0.88,0.195038,162.8,1053.8,0,2,0,0,0,9,
282416097,-0.675,-0.88,0.195038,162.8,1053.8,0,2,0,0,0,9,
282416137,-0.675,-0.88,0.195038,162.8,1053.8,0,2,0,0,0,9,
282416177,-0.675,-0.88,0.195038,162.8,1053.8,0,2,0,0,0,9,
282416218,-0.675,-0.88,0.195038,162.8,1053.8,0,2,0,0,0,9,
282416258,-0.675,-0.88,0.195038,162.8,1053.8,0,2,0,0,0,9,
282416297,-0.675,-0.88,0.195038,162.8,1053.8,0,2,0,0,0,9,
282416337,-0.675,-0.88,0.195038,162.8,1053.8,0,2,0,0,0,9,
282416377,-0.675,-0.88,0.195038,162.8,1053.8,0,2,0,0,0,9,
282416417,-0.675,-0.88,0.195038,162.8,1053.8,0,2,0,0,0,9,
282416457,-0.675,-0.88,0.195038,162.8,1053.8,0,2,0,0,0,9,
282416497,-0.675,-0.88,0.195038,162.8,1053.8,0,2,0,0,0,9,
282416538,-0.675,-0.88,0.195038,162.8,1053.8,0,2,0,0,0,9,
282416578,-0.675,-0.88,0.195038,162.8,1053.8,0,2,0,0,0,9,
282416617,-0.675,-0.88,0.195038,162.8,1053.8,0,2,0,0,0,9,
282416657,-0.675,-0.88,0.195038,162.8,1053.8,0,2,0,0,0,9,
282416697,-0.675,-0.88,0.195038,162.8,1053.8,0,2,0,0,0,9,
282416737,-0.675,-0.88,0.195038,162.8,1053.8,0,2,0,0,0,9,
282416777,-0.675,-0.88,0.195038,162.8,1053.8,0,2,0,0,0,9,
282416817,-0.675,-0.88,0.195038,162.8,1053.8,0,2,0,0,0,9,
282416858,-0.675,-0.88,0.195038,162.8,1053.8,0,2,0,0,0,9,
282416897,-0.675,-0.88,0.195038,162.8,1053.8,0,2,0,0,0,9,
282416937,-0.675,-0.88,0.195038,162.8,1053.8,0,2,0,0,0,9,
282416977,-0.675,-0.88,0.195038,162.8,1053.8,0,2,0,0,0,9,
282417017,-0.675,-0.88,0.195038,162.8,1053.8,0,2,0,0,0,9,
282417057,-0.675,-0.88,0.195038,162.8,1053.8,0,2,0,0,0,9,
282417097,-0.675,-0.88,0.195038,162.8,1053.8,0,2,0,0,0,9,
282417137,-0.675,-0.88,0.195038,162.8,1053.8,0,2,0,0,0,9,
282417178,-0.675,-0.88,0.195038,162.8,1053.8,0,2,0,0,0,9,
282417217,-0.675,-0.88,0.195038,162.8,1053.8,0,2,0,0,0,9,
282417257,-0.675,-0.88,0.195038,162.8,1053.8,0,2,0,0,0,9,
282417297,-0.675,-0.88,0.195038,162.8,1053.8,0,2,0,0,0,9,
282417337,-0.675,-0.88,0.195038,162.8,1053.8,0,2,0,0,0,9,
282417377,-0.675,-0.88,0.195038,162.8,1053.8,0,2,0,0,0,9,
282417417,-0.675,-0.88,0.195038,162.8,1053.8,0,2,0,0,0,9,
282417457,-0.675,-0.88,0.195038,162.8,1053.8,0,2,0,0,0,9,
282417498,-0.675,-0.88,0.195038,162.8,1053.8,0,2,0,0,0,9,
282417537,-0.675,-0.88,0.195038,162.8,1053.8,0,2,0,0,0,9,
282417577,-0.675,-0.88,0.195038,162.8,1053.8,0,2,0,0,0,9,
282417617,-0.675,-0.88,0.195038,162.8,1053.8,0,2,0,0,0,9,
282417657,-0.675,-0.88,0.195038,162.8,1053.8,0,2,0,0,0,9,
282417697,-0.675,-0.88,0.195038,162.8,1053.8,0,2,0,0,0,9,
282417737,-0.675,-0.88,0.195038,162.8,1053.8,0,2,0,0,0,9,
282417777,-0.675,-0.88,0.195038,162.8,1053.8,0,2,0,0,0,9,
282417818,-0.675,-0.88,0.195038,162.8,1053.8,0,2,0,0,0,9,
282417857,-0.675,-0.88,0.195038,162.8,1053.8,0,2,0,0,0,9,
282417897,-0.675,-0.88,0.195038,162.8,1053.8,0,2,0,0,0,9,
282417937,-0.675,-0.88,0.195038,162.8,1053.8,0,2,0,0,0,9,
282417977,-0.675,-0.88,0.195038,162.8,1053.8,0,2,0,0,0,9,
282418017,-0.675,-0.88,0.195038,162.8,1053.8,0,2,0,0,0,9,
282418057,-0.675,-0.88,0.195038,162.8,1053.8,0,2,0,0,0,9,
282418098,-0.675,-0.88,0.195038,162.8,1053.8,0,2,0,0,0,2,
282418138,-0.675,-0.88,0.195038,162.8,1053.8,0,2,0,0,0,2,
282418177,-0.675,-0.88,0.195038,162.8,1053.8,0,2,0,0,0,2,
282418217,-0.675,-0.88,0.195038,162.8,1053.8,0,2,0,0,0,2,
282418257,-0.675,-0.88,0.195038,162.8,1053.8,0,2,0,0,0,2,
282418297,-0.675,-0.88,0.195038,162.8,1053.8,0,2,0,0,0,2,
282418337,-0.675,-0.88,0.195038,162.8,1053.8,0,2,0,0,0,2,
282418377,-0.675,-0.88,0.195038,162.8,1053.8,0,2,0,0,0,2,
282418418,-0.675,-0.88,0.195038,162.8,1053.8,0,2,0,0,0,2,
282418458,-0.675,-0.88,0.195038,162.8,1053.8,0,2,0,0,0,2,
282418497,-0.675,-0.88,0.195038,162.8,1053.8,0,2,0,0,0,2,
282418537,-0.675,-0.88,0.195038,162.8,1053.8,0,2,0,0,0,2,
282418577,-0.675,-0.88,0.195038,162.8,1053.8,0,2,0,0,0,2,
282418617,-0.675,-0.88,0.195038,162.8,1053.8,0,2,0,0,0,2,
282418657,-0.675,-0.88,0.195038,162.8,1053.8,0,2,0,0,0,2,
282418697,-0.675,-0.88,0.195038,162.8,1053.8,0,2,0,0,0,2,
282418738,-0.675,-0.88,0.195038,162.8,1053.8,0,2,0,0,0,2,
282418777,-0.675,-0.88,0.195038,162.8,1053.8,0,2,0,0,0,2,
282418817,-0.675,-0.88,0.195038,162.8,1053.8,0,2,0,0,0,2,
282418857,-0.675,-0.88,0.195038,162.8,1053.8,0,2,0,0,0,2,
282418897,-0.675,-0.88,0.195038,162.8,1053.8,0,2,0,0,0,2,
282418937,-0.675,-0.88,0.195038,162.8,1053.8,0,2,0,0,0,2,
282418977,-0.675,-0.88,0.195038,162.8,1053.8,0,2,0,0,0,2,
282419017,-0.675,-0.88,0.195038,162.8,1053.8,0,2,0,0,0,2,
282419058,-0.675,-0.88,0.195038,162.8,1053.8,0,2,0,0,0,2,
282419097,-0.675,-0.88,0.195038,162.8,1053.8,0,2,0,0,0,2,
282419137,-0.675,-0.88,0.195038,162.8,1053.8,0,2,0,0,0,2,
282419177,-0.675,-0.88,0.195038,162.8,1053.8,0,2,0,0,0,2,
282419217,-0.675,-0.88,0.195038,162.8,1053.8,0,2,0,0,0,2,
282419257,-0.675,-0.88,0.195038,162.8,1053.8,0,2,0,0,0,2,
282419297,-0.675,-0.88,0.195038,162.8,1053.8,0,2,0,0,0,2,
282419337,-0.675,-0.88,0.195038,162.8,1053.8,0,2,0,0,0,3,
282419379,-0.675,-0.88,0.195038,162.8,1053.8,0,2,0,0,0,3,
282419417,-0.675,-0.88,0.195038,162.8,1053.8,0,2,0,0,0,3,
282419457,-0.675,-0.88,0.195038,162.8,1053.8,0,2,0,0,0,3,
282419497,-0.675,-0.88,0.195038,162.8,1053.8,0,2,0,0,0,3,
282419537,-0.675,-0.88,0.195038,162.8,1053.8,0,2,0,0,0,3,
282419577,-0.675,-0.88,0.195038,162.8,1053.8,0,2,0,0,0,3,
282419617,-0.675,-0.88,0.195038,162.8,1053.8,0,2,0,0,0,3,
282419657,-0.675,-0.88,0.195038,162.8,1053.8,0,2,0,0,0,3,
282419698,-0.675,-0.88,0.195038,162.8,1053.8,0,2,0,0,0,3,
282419737,-0.675,-0.88,0.195038,162.8,1053.8,0,2,0,0,0,3,
282419777,-0.675,-0.88,0.195038,162.8,1053.8,0,2,0,0,0,3,
282419817,-0.675,-0.88,0.195038,162.8,1053.8,0,2,0,0,0,3,
282419857,-0.675,-0.88,0.195038,162.8,1053.8,0,2,0,0,0,3,
282419897,-0.675,-0.88,0.195038,162.8,1053.8,0,2,0,0,0,3,
282419937,-0.675,-0.88,0.195038,162.8,1053.8,0,2,0,0,0,3,
282419978,-0.675,-0.88,0.195038,162.8,1053.8,0,2,0,0,0,3,
282420018,-0.675,-0.88,0.195038,162.8,1053.8,0,2,0,0,0,3,
282420057,-0.675,-0.88,0.195038,162.8,1053.8,0,2,0,0,0,3,
282420097,-0.675,-0.88,0.195038,162.8,1053.8,0,2,0,0,0,3,
282420137,-0.675,-0.88,0.195038,162.8,1053.8,0,2,0,0,0,3,
282420177,-0.675,-0.88,0.195038,162.8,1053.8,0,2,0,0,0,3,
282420217,-0.675,-0.88,0.195038,162.8,1053.8,0,2,0,0,0,3,
282420257,-0.675,-0.88,0.195038,162.8,1053.8,0,2,0,0,0,3,
282420298,-0.675,-0.88,0.195038,162.8,1053.8,0,2,0,0,0,3,
282420339,-0.675,-0.88,0.195038,162.8,1053.8,0,2,0,0,0,3,
282420377,-0.675,-0.88,0.195038,162.8,1053.8,0,2,0,0,0,3,
282420417,-0.675,-0.88,0.195038,162.8,1053.8,0,2,0,0,0,3,
282420457,-0.675,-0.88,0.195038,162.8,1053.8,0,2,0,0,0,3,
282420497,-0.675,-0.88,0.195038,162.8,1053.8,0,2,0,0,0,3,
282420537,-0.675,-0.88,0.195038,162.8,1053.8,0,2,0,0,0,3,
282420577,-0.675,-0.88,0.195038,162.8,1053.8,0,2,0,0,0,3,
282420618,-0.675,-0.88,0.195038,162.8,1053.8,0,2,0,0,0,3,
282420657,-0.675,-0.88,0.195038,162.8,1053.8,0,2,0,0,0,3,
282420697,-0.675,-0.88,0.195038,162.8,1053.8,0,2,0,0,0,9,
282420737,-0.675,-0.88,0.195038,162.8,1053.8,0,2,0,0,0,9,
282420777,-0.675,-0.88,0.195038,162.8,1053.8,0,2,0,0,0,9,
282420817,-0.675,-0.88,0.195038,162.8,1053.8,0,2,0,0,0,9,
282420857,-0.675,-0.88,0.195038,162.8,1053.8,0,2,0,0,0,9,
282420897,-0.675,-0.88,0.195038,162.8,1053.8,0,2,0,0,0,9,
282420938,-0.675,-0.88,0.195038,162.8,1053.8,0,2,0,0,0,9,
282420977,-0.675,-0.88,0.195038,162.8,1053.8,0,2,0,0,0,9,
282421017,-0.675,-0.88,0.195038,162.8,1053.8,0,2,0,0,0,9,
282421057,-0.675,-0.88,0.195038,162.8,1053.8,0,2,0,0,0,9,
282421097,-0.675,-0.88,0.195038,162.8,1053.8,0,2,0,0,0,9,
282421137,-0.675,-0.88,0.195038,162.8,1053.8,0,2,0,0,0,9,
282421177,-0.675,-0.88,0.195038,162.8,1053.8,0,2,0,0,0,9,
282421217,-0.675,-0.88,0.195038,162.8,1053.8,0,2,0,0,0,9,
282421258,-0.675,-0.88,0.195038,162.8,1053.8,0,2,0,0,0,9,
282421297,-0.675,-0.88,0.195038,162.8,1053.8,0,2,0,0,0,9,
282421337,-0.675,-0.88,0.195038,162.8,1053.8,0,2,0,0,0,9,
282421377,-0.675,-0.88,0.195038,162.8,1053.8,0,2,0,0,0,9,
282421417,-0.675,-0.88,0.195038,162.8,1053.8,0,2,0,0,0,9,
282421457,-0.675,-0.88,0.195038,162.8,1053.8,0,2,0,0,0,9,
282421497,-0.675,-0.88,0.195038,162.8,1053.8,0,2,0,0,0,9,
282421537,-0.675,-0.88,0.195038,162.8,1053.8,0,2,0,0,0,9,
282421578,-0.675,-0.88,0.195038,162.8,1053.8,0,2,0,0,0,9,
282421617,-0.675,-0.88,0.195038,162.8,1053.8,0,2,0,0,0,9,
282421657,-0.675,-0.88,0.195038,162.8,1053.8,0,2,0,0,0,9,
282421697,-0.675,-0.88,0.195038,162.8,1053.8,0,2,0,0,0,9,
282421737,-0.675,-0.88,0.195038,162.8,1053.8,0,2,0,0,0,9,
282421777,-0.675,-0.88,0.195038,162.8,1053.8,0,2,0,0,0,9,
282421817,-0.675,-0.88,0.195038,162.8,1053.8,0,2,0,0,0,9,
282421858,-0.675,-0.88,0.195038,162.8,1053.8,0,2,0,0,0,9,
282421898,-0.675,-0.88,0.195038,162.8,1053.8,0,2,0,0,0,9,
282421937,-0.675,-0.88,0.195038,162.8,1053.8,0,2,0,0,0,9,
282421977,-0.675,-0.88,0.195038,162.8,1053.8,0,2,0,0,0,9,
282422017,-0.675,-0.88,0.195038,162.8,1053.8,0,2,0,0,0,9,
282422057,-0.675,-0.88,0.195038,162.8,1053.8,0,2,0,0,0,9,
282422097,-0.675,-0.88,0.195038,162.8,1053.8,0,2,0,0,0,9,
282422137,-0.675,-0.88,0.195038,162.8,1053.8,0,2,0,0,0,9,
282422178,-0.675,-0.88,0.195038,162.8,1053.8,0,2,0,0,0,9,
282422218,-0.675,-0.88,0.195038,162.8,1053.8,0,2,0,0,0,9,
282422257,-0.675,-0.88,0.195038,162.8,1053.8,0,2,0,0,0,9,
282422297,-0.675,-0.88,0.195038,162.8,1053.8,0,2,0,0,0,9,
282422337,-0.675,-0.88,0.195038,162.8,1053.8,0,2,0,0,0,9,
282422377,-0.675,-0.88,0.195038,162.8,1053.8,0,2,0,0,0,9,
282422417,-0.675,-0.88,0.195038,162.8,1053.8,0,2,0,0,0,9,
282422457,-0.675,-0.88,0.195038,162.8,1053.8,0,2,0,0,0,9,
282422498,-0.675,-0.88,0.195038,162.8,1053.8,0,2,0,0,0,9,
282422538,-0.675,-0.88,0.195038,162.8,1053.8,0,2,0,0,0,9,
282422577,-0.675,-0.88,0.195038,162.8,1053.8,0,2,0,0,0,9,
282422617,-0.675,-0.88,0.195038,162.8,1053.8,0,2,0,0,0,9,
282422657,-0.675,-0.88,0.195038,162.8,1053.8,0,2,0,0,0,9,
282422697,-0.675,-0.88,0.195038,162.8,1053.8,0,2,0,0,0,9,
282422737,-0.675,-0.88,0.195038,162.8,1053.8,0,2,0,0,0,9,
282422777,-0.675,-0.88,0.195038,162.8,1053.8,0,2,0,0,0,9,
282422818,-0.675,-0.88,0.195038,162.8,1053.8,0,2,0,0,0,9,
282422857,-0.675,-0.88,0.195038,162.8,1053.8,0,2,0,0,0,9,
282422897,-0.675,-0.88,0.195038,162.8,1053.8,0,2,0,0,0,9,
282422937,-0.675,-0.88,0.195038,162.8,1053.8,0,2,0,0,0,9,
282422977,-0.675,-0.88,0.195038,162.8,1053.8,0,2,0,0,0,9,
282423017,-0.675,-0.88,0.195038,162.8,1053.8,0,2,0,0,0,9,
282423057,-0.675,-0.88,0.195038,162.8,1053.8,0,2,0,0,0,9,
282423097,-0.675,-0.88,0.195038,162.8,1053.8,0,2,0,0,0,9,
282423138,-0.675,-0.88,0.195038,162.8,1053.8,0,2,0,0,0,9,
282423177,-0.675,-0.88,0.195038,162.8,1053.8,0,2,0,0,0,9,
282423217,-0.675,-0.88,0.195038,162.8,1053.8,0,2,0,0,0,9,
282423257,-0.675,-0.88,0.195038,162.8,1053.8,0,2,0,0,0,9,
282423297,-0.675,-0.88,0.195038,162.8,1053.8,0,2,0,0,0,9,
282423337,-0.675,-0.88,0.195038,162.8,1053.8,0,2,0,0,0,9,
282423377,-0.675,-0.88,0.195038,162.8,1053.8,0,2,0,0,0,9,
282423417,-0.675,-0.88,0.195038,162.8,1053.8,0,2,0,0,0,9,
282423458,-0.675,-0.88,0.195038,162.8,1053.8,0,2,0,0,0,9,
282423497,-0.675,-0.88,0.195038,162.8,1053.8,0,2,0,0,0,9,
282423537,-0.675,-0.88,0.195038,162.8,1053.8,0,2,0,0,0,9,
282423577,-0.675,-0.88,0.195038,162.8,1053.8,0,2,0,0,0,9,
282423617,-0.675,-0.88,0.195038,162.8,1053.8,0,2,0,0,0,9,
282423657,-0.675,-0.88,0.195038,162.8,1053.8,0,2,0,0,0,9,
282423697,-0.675,-0.88,0.195038,162.8,1053.8,0,2,0,0,0,9,
282423738,-0.675,-0.88,0.195038,162.8,1053.8,0,2,0,0,0,9,
282423778,-0.675,-0.88,0.195038,162.8,1053.8,0,2,0,0,0,9,
282423817,-0.675,-0.88,0.195038,162.8,1053.8,0,2,0,0,0,9,
282423857,-0.675,-0.88,0.195038,162.8,1053.8,0,2,0,0,0,9,
282423897,-0.675,-0.88,0.195038,162.8,1053.8,0,2,0,0,0,9,
282423937,-0.675,-0.88,0.195038,162.8,1053.8,0,2,0,0,0,9,
282423977,-0.675,-0.88,0.195038,162.8,1053.8,0,2,0,0,0,9,
282424017,-0.675,-0.88,0.195038,162.8,1053.8,0,2,0,0,0,9,
282424058,-0.675,-0.88,0.195038,162.8,1053.8,0,2,0,0,0,9,
282424098,-0.675,-0.88,0.195038,162.8,1053.8,0,2,0,0,0,9,
282424137,-0.675,-0.88,0.195038,162.8,1053.8,0,2,0,0,0,9,
282424177,-0.675,-0.88,0.195038,162.8,1053.8,0,2,0,0,0,9,
282424217,-0.675,-0.88,0.195038,162.8,1053.8,0,2,0,0,0,9,
282424257,-0.675,-0.88,0.195038,162.8,1053.8,0,2,0,0,0,9,
282424297,-0.675,-0.88,0.195038,162.8,1053.8,0,2,0,0,0,9,
282424337,-0.675,-0.88,0.195038,162.8,1053.8,0,2,0,0,0,9,
282424378,-0.675,-0.88,0.195038,162.8,1053.8,0,2,0,0,0,9,
282424418,-0.675,-0.88,0.195038,162.8,1053.8,0,2,0,0,0,9,
282424457,-0.675,-0.88,0.195038,162.8,1053.8,0,2,0,0,0,9,
282424497,-0.675,-0.88,0.195038,162.8,1053.8,0,2,0,0,0,9,
282424537,-0.675,-0.88,0.195038,162.8,1053.8,0,2,0,0,0,9,
282424577,-0.675,-0.88,0.195038,162.8,1053.8,0,2,0,0,0,9,
282424617,-0.675,-0.88,0.195038,162.8,1053.8,0,2,0,0,0,9,
282424657,-0.675,-0.88,0.195038,162.8,1053.8,0,2,0,0,0,9,
282424698,-0.675,-0.88,0.195038,162.8,1053.8,0,2,0,0,0,9,
282424737,-0.675,-0.88,0.195038,162.8,1053.8,0,2,0,0,0,9,
282424777,-0.675,-0.88,0.195038,162.8,1053.8,0,2,0,0,0,9,
282424817,-0.675,-0.88,0.195038,162.8,1053.8,0,2,0,0,0,9,
282424857,-0.675,-0.88,0.195038,162.8,1053.8,0,2,0,0,0,9,
282424897,-0.675,-0.88,0.195038,162.8,1053.8,0,2,0,0,0,9,
282424937,-0.675,-0.88,0.195038,162.8,1053.8,0,2,0,0,0,9,
282424977,-0.675,-0.88,0.195038,162.8,1053.8,0,2,0,0,0,9,
282425018,-0.675,-0.88,0.195038,162.8,1053.8,0,2,0,0,0,9,
282425057,-0.675,-0.88,0.195038,162.8,1053.8,0,2,0,0,0,9,
282425097,-0.675,-0.88,0.195038,162.8,1053.8,0,2,0,0,0,9,
282425137,-0.675,-0.88,0.195038,162.8,1053.8,0,2,0,0,0,9,
282425177,-0.675,-0.88,0.195038,162.8,1053.8,0,2,0,0,0,9,
282425217,-0.675,-0.88,0.195038,162.8,1053.8,0,2,0,0,0,9,
282425257,-0.675,-0.88,0.195038,162.8,1053.8,0,2,0,0,0,9,
282425297,-0.675,-0.88,0.195038,162.8,1053.8,0,2,0,0,0,9,
