milisec,RacketX,RacketY,RacketZ,forceX,forceX,forceX,ForceRatio,FriendPoint,EnemyPoint,haptics,scene
278513471,0,0,0,7072.77,3793.68,-7814.61,7.4,0,0,0,0,
278513497,-1.48735,-0.88,1.47394,1364.98,737.66,-1498.32,1.4,0,0,0,0,
278513513,-1.48735,-0.88,1.47394,779.988,421.52,-856.185,0.8,0,0,0,0,
278513553,-1.48735,-0.88,1.47394,1949.97,1053.8,-2140.46,2,0,0,0,0,
278513594,-1.48735,-0.88,1.47394,1949.97,1053.8,-2140.46,2,0,0,0,0,
278513634,-1.48735,-0.88,1.47394,1949.97,1053.8,-2140.46,2,0,0,0,0,
278513673,-1.48735,-0.88,1.47394,1949.97,1053.8,-2140.46,2,0,0,0,0,
278513725,-1.48735,-0.88,1.47394,2534.96,1369.94,-2782.6,2.6,0,0,0,0,
278513753,-1.48735,-0.88,1.47394,1364.98,737.66,-1498.32,1.4,0,0,0,0,
278513795,-1.48735,-0.88,1.47394,1949.97,1053.8,-2140.46,2,0,0,0,0,
278513833,-1.48735,-0.88,1.47394,1949.97,1053.8,-2140.46,2,0,0,0,0,
278513874,-1.48735,-0.88,1.47394,1949.97,1053.8,-2140.46,2,0,0,0,0,
278513914,-1.48735,-0.88,1.47394,1949.97,1053.8,-2140.46,2,0,0,0,0,
278513954,-1.48735,-0.88,1.47394,1949.97,1053.8,-2140.46,2,0,0,0,0,
278513993,-1.48735,-0.88,1.47394,1949.97,1053.8,-2140.46,2,0,0,0,0,
278514033,-1.48735,-0.88,1.47394,1949.97,1053.8,-2140.46,2,0,0,0,0,
278514073,-1.48735,-0.88,1.47394,1949.97,1053.8,-2140.46,2,0,0,0,0,
278514113,-1.48735,-0.88,1.47394,1949.97,1053.8,-2140.46,2,0,0,0,0,
278514153,-1.48735,-0.88,1.47394,1949.97,1053.8,-2140.46,2,0,0,0,0,
278514194,-1.48735,-0.88,1.47394,1949.97,1053.8,-2140.46,2,0,0,0,0,
278514234,-1.48735,-0.88,1.47394,1949.97,1053.8,-2140.46,2,0,0,0,0,
278514273,-1.48735,-0.88,1.47394,1949.97,1053.8,-2140.46,2,0,0,0,0,
278514313,-1.48735,-0.88,1.47394,1949.97,1053.8,-2140.46,2,0,0,0,0,
278514353,-1.48735,-0.88,1.47394,1949.97,1053.8,-2140.46,2,0,0,0,0,
278514393,-1.48735,-0.88,1.47394,1949.97,1053.8,-2140.46,2,0,0,0,0,
278514433,-1.48735,-0.88,1.47394,1949.97,1053.8,-2140.46,2,0,0,0,0,
278514473,-1.48735,-0.88,1.47394,1949.97,1053.8,-2140.46,2,0,0,0,0,
278514514,-1.48735,-0.88,1.47394,1949.97,1053.8,-2140.46,2,0,0,0,0,
278514554,-1.48735,-0.88,1.47394,1949.97,1053.8,-2140.46,2,0,0,0,0,
278514593,-1.48735,-0.88,1.47394,1949.97,1053.8,-2140.46,2,0,0,0,0,
278514633,-1.48735,-0.88,1.47394,1949.97,1053.8,-2140.46,2,0,0,0,0,
278514673,-1.48735,-0.88,1.47394,1949.97,1053.8,-2140.46,2,0,0,0,0,
278514713,-1.48735,-0.88,1.47394,1949.97,1053.8,-2140.46,2,0,0,0,0,
278514753,-1.48735,-0.88,1.47394,1949.97,1053.8,-2140.46,2,0,0,0,0,
278514793,-1.48735,-0.88,1.47394,1949.97,1053.8,-2140.46,2,0,0,0,0,
278514834,-1.48735,-0.88,1.47394,1949.97,1053.8,-2140.46,2,0,0,0,0,
278514874,-1.48735,-0.88,1.47394,1949.97,1053.8,-2140.46,2,0,0,0,0,
278514913,-1.48735,-0.88,1.47394,1949.97,1053.8,-2140.46,2,0,0,0,0,
278514953,-1.48735,-0.88,1.47394,1949.97,1053.8,-2140.46,2,0,0,0,0,
278514993,-1.48735,-0.88,1.47394,1949.97,1053.8,-2140.46,2,0,0,0,0,
278515033,-1.48735,-0.88,1.47394,1949.97,1053.8,-2140.46,2,0,0,0,0,
278515073,-1.48735,-0.88,1.47394,1949.97,1053.8,-2140.46,2,0,0,0,0,
278515113,-1.48735,-0.88,1.47394,1949.97,1053.8,-2140.46,2,0,0,0,0,
278515154,-1.48735,-0.88,1.47394,1949.97,1053.8,-2140.46,2,0,0,0,0,
278515194,-1.48735,-0.88,1.47394,1949.97,1053.8,-2140.46,2,0,0,0,0,
278515233,-1.48735,-0.88,1.47394,1949.97,1053.8,-2140.46,2,0,0,0,0,
278515273,-1.48735,-0.88,1.47394,1949.97,1053.8,-2140.46,2,0,0,0,0,
278515313,-1.48735,-0.88,1.47394,1949.97,1053.8,-2140.46,2,0,0,0,0,
278515353,-1.48735,-0.88,1.47394,1949.97,1053.8,-2140.46,2,0,0,0,0,
278515393,-1.48735,-0.88,1.47394,1949.97,1053.8,-2140.46,2,0,0,0,0,
278515433,-1.48735,-0.88,1.47394,1949.97,1053.8,-2140.46,2,0,0,0,0,
278515474,-1.48735,-0.88,1.47394,1949.97,1053.8,-2140.46,2,0,0,0,0,
278515514,-1.48735,-0.88,1.47394,1949.97,1053.8,-2140.46,2,0,0,0,0,
278515553,-1.48735,-0.88,1.47394,1949.97,1053.8,-2140.46,2,0,0,0,0,
278515593,-1.48735,-0.88,1.47394,1949.97,1053.8,-2140.46,2,0,0,0,0,
278515633,-1.48735,-0.88,1.47394,1949.97,1053.8,-2140.46,2,0,0,0,0,
278515673,-1.48735,-0.88,1.47394,1949.97,1053.8,-2140.46,2,0,0,0,0,
278515713,-1.48735,-0.88,1.47394,1949.97,1053.8,-2140.46,2,0,0,0,0,
278515754,-1.48735,-0.88,1.47394,1949.97,1053.8,-2140.46,2,0,0,0,0,
278515794,-1.48735,-0.88,1.47394,1949.97,1053.8,-2140.46,2,0,0,0,0,
278515834,-1.48735,-0.88,1.47394,1949.97,1053.8,-2140.46,2,0,0,0,0,
278515873,-1.48735,-0.88,1.47394,1949.97,1053.8,-2140.46,2,0,0,0,0,
278515913,-1.48735,-0.88,1.47394,1949.97,1053.8,-2140.46,2,0,0,0,0,
278515953,-1.48735,-0.88,1.47394,1949.97,1053.8,-2140.46,2,0,0,0,0,
278515993,-1.48735,-0.88,1.47394,1949.97,1053.8,-2140.46,2,0,0,0,0,
278516033,-1.48735,-0.88,1.47394,1949.97,1053.8,-2140.46,2,0,0,0,0,
278516074,-1.48735,-0.88,1.47394,1949.97,1053.8,-2140.46,2,0,0,0,0,
278516114,-1.48735,-0.88,1.47394,1949.97,1053.8,-2140.46,2,0,0,0,0,
278516154,-1.48735,-0.88,1.47394,1949.97,1053.8,-2140.46,2,0,0,0,0,
278516193,-1.48735,-0.88,1.47394,1949.97,1053.8,-2140.46,2,0,0,0,0,
278516233,-1.48735,-0.88,1.47394,1949.97,1053.8,-2140.46,2,0,0,0,0,
278516273,-1.48735,-0.88,1.47394,1949.97,1053.8,-2140.46,2,0,0,0,0,
278516313,-1.48735,-0.88,1.47394,1949.97,1053.8,-2140.46,2,0,0,0,0,
278516353,-1.48735,-0.88,1.47394,1949.97,1053.8,-2140.46,2,0,0,0,0,
278516394,-1.48735,-0.88,1.47394,1949.97,1053.8,-2140.46,2,0,0,0,9,
278516434,-1.48735,-0.88,1.47394,1949.97,1053.8,-2140.46,2,0,0,0,9,
278516473,-1.48735,-0.88,1.47394,1949.97,1053.8,-2140.46,2,0,0,0,9,
278516513,-1.48735,-0.88,1.47394,1949.97,1053.8,-2140.46,2,0,0,0,9,
278516553,-1.48735,-0.88,1.47394,1949.97,1053.8,-2140.46,2,0,0,0,9,
278516593,-1.48735,-0.88,1.47394,1949.97,1053.8,-2140.46,2,0,0,0,9,
278516633,-1.48735,-0.88,1.47394,1949.97,1053.8,-2140.46,2,0,0,0,9,
278516673,-1.48735,-0.88,1.47394,1949.97,1053.8,-2140.46,2,0,0,0,9,
278516714,-1.48735,-0.88,1.47394,1949.97,1053.8,-2140.46,2,0,0,0,9,
278516754,-1.48735,-0.88,1.47394,1949.97,1053.8,-2140.46,2,0,0,0,9,
278516793,-1.48735,-0.88,1.47394,1949.97,1053.8,-2140.46,2,0,0,0,9,
278516833,-1.48735,-0.88,1.47394,1949.97,1053.8,-2140.46,2,0,0,0,9,
278516873,-1.48735,-0.88,1.47394,1949.97,1053.8,-2140.46,2,0,0,0,9,
278516913,-1.48735,-0.88,1.47394,1949.97,1053.8,-2140.46,2,0,0,0,9,
278516953,-1.48735,-0.88,1.47394,1949.97,1053.8,-2140.46,2,0,0,0,9,
278516993,-1.48735,-0.88,1.47394,1949.97,1053.8,-2140.46,2,0,0,0,9,
278517034,-1.48735,-0.88,1.47394,1949.97,1053.8,-2140.46,2,0,0,0,9,
278517074,-1.48735,-0.88,1.47394,1949.97,1053.8,-2140.46,2,0,0,0,9,
278517113,-1.48735,-0.88,1.47394,1949.97,1053.8,-2140.46,2,0,0,0,9,
278517153,-1.48735,-0.88,1.47394,1949.97,1053.8,-2140.46,2,0,0,0,9,
278517193,-1.48735,-0.88,1.47394,1949.97,1053.8,-2140.46,2,0,0,0,9,
278517233,-1.48735,-0.88,1.47394,1949.97,1053.8,-2140.46,2,0,0,0,9,
278517273,-1.48735,-0.88,1.47394,1949.97,1053.8,-2140.46,2,0,0,0,9,
278517313,-1.48735,-0.88,1.47394,1949.97,1053.8,-2140.46,2,0,0,0,9,
278517354,-0.26025,-0.88,-0.993187,389.994,1053.8,-428.092,2,0,0,0,9,
278517394,-0.39025,-0.88,-0.723375,0,1053.8,0,2,0,0,0,9,
278517433,-0.4901,-0.88,-0.5886,0,1053.8,0,2,0,0,0,9,
278517473,-0.50505,-0.88,-0.554887,0,1053.8,0,2,0,0,0,9,
278517513,-0.52505,-0.88,-0.494925,0,1053.8,0,2,0,0,0,9,
278517553,-0.52505,-0.88,-0.494925,0,1053.8,0,2,0,0,0,9,
278517593,-0.52505,-0.88,-0.494925,0,1053.8,0,2,0,0,0,9,
278517634,-0.53005,-0.88,-0.476175,0,1053.8,0,2,0,0,0,9,
278517674,-0.55,-0.88,-0.389737,0,1053.8,0,2,0,0,0,9,
278517714,-0.58505,-0.88,-0.303638,0,1053.8,0,2,0,0,0,9,
278517753,-0.605,-0.88,-0.243638,3.52004,1053.8,0,2,0,0,0,9,
278517793,-0.61005,-0.88,-0.168525,11.0221,1053.8,0,2,0,0,0,9,
278517833,-0.63,-0.88,-0.07485,36.3882,1053.8,0,2,0,0,0,9,
278517873,-0.6551,-0.88,0.00765003,79.2991,1053.8,0,2,0,0,0,9,
278517913,-0.69005,-0.88,0.0939,151.965,1053.8,0,2,0,0,0,9,
278517954,-0.7251,-0.88,0.19515,222.354,1053.8,0,2,0,0,0,9,
278517994,-0.76505,-0.88,0.288938,305.976,1053.8,0,2,0,0,0,9,
278518034,-0.80005,-0.88,0.379013,389.554,1053.8,0,2,0,0,0,9,
278518073,-0.83505,-0.88,0.491513,466.554,1053.8,0,2,0,0,0,9,
278518113,-0.85505,-0.88,0.6039,531.388,1053.8,-78.5482,2,0,0,0,9,
278518153,-0.865,-0.88,0.671325,570.955,1053.8,-292.339,2,0,0,0,9,
278518193,-0.865,-0.88,0.682575,580.8,1053.8,-391.207,2,0,0,0,9,
278518233,-0.865,-0.88,0.682575,580.8,1053.8,-399.465,2,0,0,0,9,
278518274,-0.865,-0.88,0.682575,580.8,1053.8,-399.465,2,0,0,0,9,
278518314,-0.84995,-0.88,0.69,574.112,1053.8,-412.533,2,0,0,0,9,
278518353,-0.82995,-0.88,0.68625,530.09,1053.8,-415.783,2,0,0,0,9,
278518393,-0.7999,-0.88,0.67875,488.246,1053.8,-404.217,2,0,0,0,9,
278518433,-0.7449,-0.88,0.6675,393.558,1053.8,-382.759,2,0,0,0,9,
278518473,-0.67985,-0.88,0.6525,265.925,1053.8,-356.342,2,0,0,0,9,
278518513,-0.59485,-0.88,0.63375,101.937,1053.8,-320.034,2,0,0,0,9,
278518553,-0.5349,-0.88,0.622463,0,1053.8,-283.75,2,0,0,0,9,
278518594,-0.4999,-0.88,0.614962,0,1053.8,-259.017,2,0,0,0,9,
278518634,-0.4398,-0.88,0.588637,0,1053.8,-232.534,2,0,0,0,9,
278518673,-0.3398,-0.88,0.509775,0,1053.8,-134.953,2,0,0,0,9,
278518713,-0.24475,-0.88,0.37095,0,1053.8,-5.79152,2,0,0,0,9,
278518753,-0.14985,-0.88,0.22845,0,1053.8,0,2,0,0,0,9,
278518793,-0.0849001,-0.88,0.093525,0,1053.8,0,2,0,0,0,9,
278518833,-0.085,-0.88,0.0899626,0,1053.8,0,2,0,0,0,9,
278518873,-0.0849501,-0.88,0.09375,0,1053.8,0,2,0,0,0,9,
278518914,-0.0699501,-0.88,0.0862875,0,1053.8,0,2,0,0,0,9,
278518954,-0.0599501,-0.88,0.09375,0,1053.8,0,2,0,0,0,9,
278518993,-0.045,-0.88,0.0937875,0,1053.8,0,2,0,0,0,9,
278519033,-0.0449501,-0.87912,0.0975,0,1053.22,0,2,0,0,0,9,
278519073,-0.0449501,-0.87912,0.0975,0,1051.86,0,2,0,0,0,9,
278519113,-0.0449501,-0.87912,0.0975,0,1051.86,0,2,0,0,0,9,
278519153,-0.0449501,-0.79112,0.0975,0,1051.86,0,2,0,0,0,9,
278519193,-0.04,-0.79112,0.0975,0,858.264,0,2,0,0,0,9,
278519234,-0.0249501,-0.70312,0.105,0,819.544,0,2,0,0,0,9,
278519274,-0.0249501,-0.70312,0.105,0,664.664,0,2,0,0,0,9,
278519313,-0.0249501,-0.70312,0.105,0,664.664,0,2,0,0,0,9,
278519353,-0.02,-0.61512,0.105,0,529.144,0,2,0,0,0,9,
278519393,-0.02,-0.61512,0.105,0,471.064,0,2,0,0,0,9,
278519433,-0.0149501,-0.61512,0.105,0,471.064,0,2,0,0,0,9,
278519473,0.0050499,-0.52712,0.105,0,432.344,0,2,0,0,0,9,
278519513,0.01,-0.52712,0.105038,0,277.464,0,2,0,0,0,9,
278519554,0.01,-0.52712,0.105038,0,277.464,0,2,0,0,0,9,
278519594,0.01,-0.43912,0.10875,0,161.304,0,2,0,0,0,9,
278519633,0.01,-0.43912,0.10875,0,83.864,0,2,0,0,0,9,
278519673,0.0250999,-0.43912,0.116325,0,83.864,0,2,0,0,0,9,
278519713,0.0851,-0.35112,0.172612,0,58.7048,0,2,0,0,0,9,
278519753,0.13505,-0.35112,0.240112,0,0,0,2,0,0,0,9,
278519793,0.14,-0.35112,0.251288,0,0,0,2,0,0,0,9,
278519834,0.14,-0.26312,0.251288,0,0,0,2,0,0,0,9,
278519874,0.14,-0.26312,0.255,0,0,0,2,0,0,0,9,
278519914,0.14,-0.26312,0.255,0,0,0,2,0,0,0,9,
278519953,0.14,-0.26312,0.255,0,0,0,2,0,0,0,9,
278519993,0.14,-0.26312,0.255,0,0,0,2,0,0,0,9,
278520033,0.14,-0.26312,0.255,0,0,0,2,0,0,0,9,
278520073,0.1299,-0.26312,0.258788,0,0,0,2,0,0,0,9,
278520113,0.08995,-0.26312,0.273788,0,0,0,2,0,0,0,9,
278520154,0.05995,-0.26312,0.292575,0,0,0,2,0,0,0,9,
278520194,0.045,-0.26312,0.311288,0,0,0,2,0,0,0,9,
278520233,0.045,-0.26312,0.311288,0,0,0,2,0,0,0,9,
278520273,0.045,-0.26312,0.311288,0,0,0,2,0,0,0,9,
278520313,0.045,-0.26312,0.311288,0,0,0,2,0,0,0,9,
278520353,0.045,-0.26312,0.311288,0,0,0,2,0,0,0,9,
278520393,0.0450499,-0.26312,0.315,0,0,0,2,0,0,0,9,
278520433,0.0500499,-0.26312,0.315,0,0,0,2,0,0,0,9,
278520474,0.0550499,-0.17512,0.315,0,0,0,2,0,0,0,9,
278520514,0.0550499,-0.17512,0.315,0,0,0,2,0,0,0,9,
278520553,0.0550499,-0.17512,0.315,0,0,0,2,0,0,0,9,
278520593,0.06,-0.08712,0.315,0,0,0,2,0,0,0,9,
278520633,0.06,-0.08712,0.315,0,0,0,2,0,0,0,9,
278520673,0.0650499,-0.08712,0.311213,0,0,0,2,0,0,0,9,
278520713,0.0800499,-0.08712,0.296213,0,0,0,2,0,0,0,9,
278520753,0.1,-0.08712,0.277463,0,0,0,2,0,0,0,9,
278520794,0.115,-0.08712,0.254963,0,0,0,2,0,0,0,9,
278520834,0.12505,-0.08712,0.236213,0,0,0,2,0,0,0,9,
278520873,0.13505,-0.08712,0.217463,0,0,0,2,0,0,0,9,
278520913,0.14505,-0.08712,0.202463,0,0,0,2,0,0,0,9,
278520953,0.14505,-0.08712,0.202463,0,0,0,2,0,0,0,9,
278520993,0.14505,-0.08712,0.202463,0,0,0,2,0,0,0,9,
278521033,0.155,-0.08712,0.194963,0,0,0,2,0,0,0,9,
278521073,0.16005,-0.08712,0.1725,0,0,0,2,0,0,0,9,
278521114,0.18,-0.08712,0.157425,0,0,0,2,0,0,0,9,
278521154,0.2001,0.00087998,0.135,0,0,0,2,0,0,0,9,
278521193,0.21,0.00087998,0.134963,0,0,0,2,0,0,0,9,
278521233,0.21,0.00087998,0.131213,0,0,0,2,0,0,0,9,
278521273,0.21,0.08888,0.1275,0,0,0,2,0,0,0,9,
278521313,0.21,0.08888,0.1275,0,0,0,2,0,0,0,9,
278521353,0.21,0.08888,0.1275,0,0,0,2,0,0,0,9,
278521393,0.21,0.08888,0.123713,0,0,0,2,0,0,0,9,
278521434,0.21005,0.08888,0.116213,0,0,0,2,0,0,0,9,
278521474,0.21005,0.08888,0.116213,0,0,0,2,0,0,0,9,
278521513,0.21005,0.08888,0.116213,0,0,0,2,0,0,0,9,
278521553,0.21005,0.08888,0.116213,0,0,0,2,0,0,0,9,
278521593,0.21005,0.08888,0.116213,0,0,0,2,0,0,0,9,
278521633,0.21005,0.08888,0.116213,0,0,0,2,0,0,0,9,
278521673,0.21005,0.08888,0.116213,0,0,0,2,0,0,0,9,
278521714,0.21005,0.08888,0.116213,0,0,0,2,0,0,0,9,
278521754,0.21495,0.08888,0.108713,0,0,0,2,0,0,0,9,
278521794,0.2049,0.08888,0.093675,0,0,0,2,0,0,0,9,
278521833,0.185,0.08888,0.056175,0,0,0,2,0,0,0,9,
278521873,0.18,0.08888,0.0262126,0,0,0,2,0,0,0,9,
278521913,0.18,0.08888,0.0224626,0,0,0,2,0,0,0,9,
278521953,0.17495,0.08888,-7.49588e-005,0,0,0,2,0,0,0,9,
278521993,0.15995,0.08888,-0.0563999,0,0,0,2,0,0,0,9,
278522034,0.14995,0.08888,-0.116325,0,0,0,2,0,0,0,9,
278522074,0.145,0.08888,-0.157612,0,0,0,2,0,0,0,9,
278522113,0.15,0.08888,-0.206325,0,0,0,2,0,0,0,9,
278522153,0.155,0.08888,-0.228787,0,0,0,2,0,0,0,9,
278522193,0.155,0.17512,-0.228787,0,0,0,2,0,0,0,9,
278522233,0.155,0.17512,-0.228787,0,0,0,2,0,0,0,9,
278522273,0.155,0.17512,-0.228787,0,0,0,2,0,0,0,9,
278522313,0.155,0.08712,-0.2325,0,0,0,2,0,0,0,9,
278522354,0.155,0.08712,-0.2325,0,0,0,2,0,0,0,9,
278522394,0.155,0.08712,-0.2325,0,0,0,2,0,0,0,9,
278522433,0.155,0.08712,-0.2325,0,0,0,2,0,0,0,9,
278522473,0.155,0.08712,-0.2325,0,0,0,2,0,0,0,9,
278522513,0.16,0.08712,-0.232537,0,0,0,2,0,0,0,9,
278522553,0.16505,0.08712,-0.236287,0,0,0,2,0,0,0,9,
278522593,0.18005,0.08712,-0.24375,0,0,0,2,0,0,0,9,
278522633,0.185,-0.00088002,-0.243787,0,0,0,2,0,0,0,9,
278522674,0.185,-0.00088002,-0.243787,0,0,0,2,0,0,0,9,
278522714,0.185,-0.08888,-0.2475,0,0,0,2,0,0,0,9,
278522753,0.185,-0.08888,-0.2475,0,0,0,2,0,0,0,9,
278522793,0.185,-0.08888,-0.2475,0,0,0,2,0,0,0,9,
278522833,0.185,-0.08888,-0.2475,0,0,0,2,0,0,0,9,
278522873,0.185,-0.08888,-0.2475,0,0,0,2,0,0,0,9,
278522913,0.185,-0.17688,-0.2475,0,0,0,2,0,0,0,9,
278522953,0.185,-0.26488,-0.2475,0,0,0,2,0,0,0,9,
278522994,0.185,-0.26488,-0.2475,0,0,0,2,0,0,0,9,
278523034,0.185,-0.26488,-0.2475,0,0,0,2,0,0,0,9,
278523073,0.185,-0.26488,-0.2475,0,0,0,2,0,0,0,9,
278523113,0.185,-0.26488,-0.2475,0,0,0,2,0,0,0,9,
278523153,0.185,-0.26488,-0.2475,0,0,0,2,0,0,0,9,
278523193,0.20505,-0.26488,-0.23625,0,0,0,2,0,0,0,9,
278523233,0.21005,-0.35112,-0.236212,0,0,0,2,0,0,0,9,
278523273,0.23005,-0.35112,-0.232462,0,0,0,2,0,0,0,9,
278523314,0.23005,-0.35112,-0.232462,0,0,0,2,0,0,0,9,
278523354,0.235,-0.26312,-0.22875,0,0,0,2,0,0,0,9,
278523393,0.23495,-0.26312,-0.22875,0,0,0,2,0,0,0,9,
278523433,0.23495,-0.26312,-0.22875,0,0,0,2,0,0,0,9,
278523473,0.23495,-0.26312,-0.22875,0,0,0,2,0,0,0,9,
278523513,0.23495,-0.26312,-0.22875,0,0,0,2,0,0,0,9,
278523553,0.23495,-0.26312,-0.22875,0,0,0,2,0,0,0,9,
278523594,0.23495,-0.17512,-0.22875,0,0,0,2,0,0,0,9,
278523634,0.23495,-0.17512,-0.22875,0,0,0,2,0,0,0,9,
278523674,0.23495,-0.17512,-0.22875,0,0,0,2,0,0,0,9,
278523713,0.23495,-0.17512,-0.22875,0,0,0,2,0,0,0,9,
278523753,0.23,-0.08712,-0.228787,0,0,0,2,0,0,0,9,
278523793,0.23,-0.08712,-0.232537,0,0,0,2,0,0,0,9,
278523833,0.22995,-0.08712,-0.236287,0,0,0,2,0,0,0,9,
278523873,0.22,-0.08712,-0.251287,0,0,0,2,0,0,0,9,
278523914,0.21,-0.08712,-0.273825,0,0,0,2,0,0,0,9,
278523954,0.2,-0.08712,-0.318862,0,0,0,2,0,0,0,9,
278523993,0.185,-0.08712,-0.3939,0,0,0,2,0,0,0,9,
278524033,0.16995,-0.08712,-0.491437,0.773767,3.24994,0.847038,2,0,0,0,9,
278524073,0.13995,-0.08712,-0.596512,2.29011,13.3753,-0.587011,2,0,0,0,9,
278524113,0.0997499,-0.08712,-0.708788,0,0,0,2,0,0,0,9,
278524153,0.0498999,-0.08712,-0.798937,0,0,0,2,0,0,0,9,
278524193,0.0048999,-0.08712,-0.873862,0,0,0,2,0,0,0,9,
278524234,-0.04015,-0.08712,-0.933862,0,0,0,2,0,0,0,9,
278524274,-0.12015,-0.08712,-1.00886,0,0,0,2,0,0,0,9,
278524313,-0.19515,-0.08712,-1.10647,0,0,0,2,0,0,0,9,
278524353,-0.2551,-0.08712,-1.22269,0,0,0,2,0,0,0,9,
278524393,-0.29005,-0.08712,-1.31261,0,0,0,2,0,0,0,9,
278524433,-0.315,-0.08712,-1.36507,0,0,0,2,0,0,0,9,
278524473,-0.32505,-0.08712,-1.39504,0,0,0,2,0,0,0,9,
278524513,-0.3551,-0.08712,-1.42507,0,0,0,2,0,0,0,9,
278524554,-0.38005,-0.08712,-1.44754,0,0,0,2,0,0,0,9,
278524594,-0.38005,-0.08712,-1.44754,0,0,0,2,0,0,0,9,
278524633,-0.4051,-0.08712,-1.45125,0,0,0,2,0,0,0,9,
278524673,-0.4701,-0.08712,-1.4475,0,0,0,2,0,0,0,9,
278524713,-0.50005,-0.08712,-1.4475,0,0,0,2,0,0,0,9,
278524753,-0.53005,-0.08712,-1.44375,0,0,0,2,0,0,0,9,
278524793,-0.56505,-0.08712,-1.44,0,0,0,2,0,0,0,9,
278524833,-0.6001,-0.08712,-1.44004,0,0,0,2,0,0,0,9,
278524874,-0.6401,-0.08712,-1.44754,37.9721,0,0,2,0,0,0,9,
278524914,-0.68505,-0.08712,-1.45875,127.798,0,0,2,0,0,0,9,
278524953,-0.73005,-0.08712,-1.47375,220.198,0,0,2,0,0,0,9,
278524993,-0.75005,-0.08712,-1.48125,304.81,0,0,2,0,0,0,9,
278525033,-0.76005,-0.08712,-1.48504,334.488,0,0,2,0,0,0,9,
278525073,-0.78005,-0.08712,-1.49625,363.11,0,0,2,0,0,0,9,
278525113,-0.79005,-0.08712,-1.49625,402.71,0,0,2,0,0,0,9,
278525153,-0.79505,-0.08712,-1.49625,418.11,0,0,2,0,0,0,9,
278525194,-0.8201,-0.08712,-1.49625,448.91,0,0,2,0,0,0,9,
278525234,-0.86505,-0.08712,-1.49625,519.398,0,0,2,0,0,0,9,
278525273,-0.92015,-0.08712,-1.49625,620.642,0,0,2,0,0,0,9,
278525313,-0.9851,-0.08712,-1.49621,755.997,0,0,2,0,0,0,9,
278525353,-1.01,-0.08712,-1.48496,871.321,0,0,2,0,0,0,9,
278525393,-1.015,-0.08712,-1.46996,902.022,0,0,2,0,0,0,9,
278525433,-1.02,-0.08712,-1.46246,915.233,0,0,2,0,0,0,9,
278525474,-1.02,-0.08712,-1.44746,921.8,0,0,2,0,0,0,9,
278525514,-1.02,-0.08712,-1.42492,921.8,0,0,2,0,0,0,9,
278525554,-1.005,-0.08712,-1.38742,912.934,0,0,2,0,0,0,9,
278525593,-0.99495,-0.08712,-1.34617,879.967,0,0,2,0,0,0,9,
278525633,-0.9699,-0.08712,-1.2936,845.79,0,0,2,0,0,0,9,
278525673,-0.92485,-0.08712,-1.22239,772.002,0,0,2,0,0,0,9,
278525713,-0.8699,-0.08712,-1.16614,663.047,0,0,2,0,0,0,9,
278525753,-0.80985,-0.08712,-1.11739,547.536,0,0,2,0,0,0,9,
278525794,-0.7248,-0.08712,-1.05356,384.626,0,0,2,0,0,0,9,
278525834,-0.6298,-0.08712,-0.9786,184.382,0,0,2,0,0,0,9,
278525874,-0.5549,-0.08712,-0.9036,16.5661,0,0,2,0,0,0,9,
278525913,-0.4899,-0.08712,-0.828637,0,0,0,2,0,0,0,9,
278525953,-0.44495,-0.08712,-0.76485,0,0,0,2,0,0,0,9,
278525993,-0.43,-0.08712,-0.648525,0,0,0,2,0,0,0,9,
278526033,-0.40995,-0.08712,-0.55485,0,0,0,2,0,0,0,9,
278526073,-0.38995,-0.08712,-0.483563,0,0,0,2,0,0,0,9,
278526114,-0.37495,-0.08712,-0.374737,0,0,0,2,0,0,0,9,
278526154,-0.34495,-0.08712,-0.273562,0,0,0,2,0,0,0,9,
278526193,-0.31495,-0.08712,-0.191062,0,0,0,2,0,0,0,9,
278526233,-0.29495,-0.08712,-0.123637,0,0,0,2,0,0,0,9,
278526273,-0.27,-0.08712,-0.0786749,0,0,0,2,0,0,0,9,
278526313,-0.25495,-0.08712,-0.0524625,0,0,0,2,0,0,0,9,
278526353,-0.23495,-0.08712,-0.0337125,0,0,0,2,0,0,0,9,
278526393,-0.21995,-0.08712,-0.01875,0,0,0,2,0,0,0,9,
278526434,-0.2,-0.08712,-0.00746246,0,0,0,2,0,0,0,9,
278526474,-0.18495,-0.08712,0.00375,0,0,0,2,0,0,0,9,
278526513,-0.16,-0.08712,0.0112875,0,0,0,2,0,0,0,9,
278526553,-0.14495,-0.08712,0.01875,0,0,0,2,0,0,0,9,
278526593,-0.12995,-0.08712,0.01875,0,0,0,2,0,0,0,9,
278526633,-0.10995,-0.08712,0.01875,0,0,0,2,0,0,0,9,
278526673,-0.09,-0.08712,0.0149626,0,0,0,2,0,0,0,9,
278526713,-0.08,-0.08712,0.00746258,0,0,0,2,0,0,0,9,
278526754,-0.08,-0.08712,0.00746258,0,0,0,2,0,0,0,9,
278526794,-0.08,-0.08712,0.00746258,0,0,0,2,0,0,0,9,
278526833,-0.08,-0.08712,0.00746258,0,0,0,2,0,0,0,9,
278526873,-0.08,-0.08712,0.00746258,0,0,0,2,0,0,0,9,
278526913,-0.08,-0.08712,0.00746258,0,0,0,2,0,0,0,9,
278526953,-0.08,-0.08712,0.00746258,0,0,0,2,0,0,0,9,
278526993,-0.08,-0.08712,0.00746258,0,0,0,2,0,0,0,9,
278527033,-0.08,-0.08712,0.00746258,0,0,0,2,0,0,0,9,
278527074,-0.08,-0.08712,0.00746258,0,0,0,2,0,0,0,9,
278527114,-0.08,-0.08712,0.00746258,0,0,0,2,0,0,0,9,
278527153,-0.08,-0.08712,0.00746258,0,0,0,2,0,0,0,9,
278527193,-0.08,-0.08712,0.00746258,0,0,0,2,0,0,0,9,
278527233,-0.08,-0.08712,0.00746258,0,0,0,2,0,0,0,9,
278527273,-0.08,-0.08712,0.00746258,0,0,0,2,0,0,0,9,
278527313,-0.08,-0.08712,0.00746258,0,0,0,2,0,0,0,9,
278527354,-0.06515,-0.08712,-3.74222e-005,0,0,0,2,0,0,0,9,
278527394,-0.09,-0.08712,-0.056325,0,0,0,2,0,0,0,9,
278527434,-0.085,-0.08712,-0.0750374,0,0,0,2,0,0,0,9,
278527473,-0.065,-0.08712,-0.0937874,0,0,0,2,0,0,0,9,
278527513,-0.06,-0.08712,-0.120037,0,0,0,2,0,0,0,9,
278527553,-0.06,-0.08712,-0.135037,0,0,0,2,0,0,0,9,
278527593,-0.06,-0.08712,-0.135037,0,0,0,2,0,0,0,9,
278527633,-0.06,-0.08712,-0.135037,0,0,0,2,0,0,0,9,
278527674,-0.06,-0.08712,-0.135037,0,0,0,2,0,0,0,9,
278527714,-0.0599501,-0.08712,-0.13875,0,0,0,2,0,0,0,9,
278527753,-0.0599501,-0.08712,-0.13875,0,0,0,2,0,0,0,9,
278527793,-0.0599501,-0.08712,-0.13875,0,0,0,2,0,0,0,9,
278527833,-0.055,-0.08712,-0.138787,0,0,0,2,0,0,0,9,
278527873,-0.055,-0.08712,-0.142537,0,0,0,2,0,0,0,9,
278527913,-0.06,-0.08712,-0.146287,0,0,0,2,0,0,0,9,
278527953,-0.06,-0.08712,-0.146287,0,0,0,2,0,0,0,9,
278527994,-0.06,-0.08712,-0.146287,0,0,0,2,0,0,0,9,
278528034,-0.06,-0.08712,-0.146287,0,0,0,2,0,0,0,9,
278528073,-0.06,-0.08712,-0.146287,0,0,0,2,0,0,0,9,
278528113,-0.06,-0.08712,-0.146287,0,0,0,2,0,0,0,9,
278528153,-0.06,-0.08712,-0.146287,0,0,0,2,0,0,0,9,
278528193,-0.06,-0.08712,-0.146287,0,0,0,2,0,0,0,9,
278528233,-0.06,-0.08712,-0.146287,0,0,0,2,0,0,0,9,
278528273,-0.06,-0.08712,-0.146287,0,0,0,2,0,0,0,9,
278528314,-0.06,-0.08712,-0.146287,0,0,0,2,0,0,0,9,
278528354,-0.06,-0.08712,-0.146287,0,0,0,2,0,0,0,9,
278528393,-0.06,-0.08712,-0.146287,0,0,0,2,0,0,0,9,
278528433,-0.06,-0.08712,-0.146287,0,0,0,2,0,0,0,9,
278528473,-0.06,-0.08712,-0.146287,0,0,0,2,0,0,0,9,
278528513,-0.06,-0.08712,-0.146287,0,0,0,2,0,0,0,9,
278528553,-0.06,-0.08712,-0.146287,0,0,0,2,0,0,0,9,
278528593,-0.06,-0.08712,-0.146287,0,0,0,2,0,0,0,9,
278528634,-0.06,-0.08712,-0.146287,0,0,0,2,0,0,0,9,
278528674,-0.06,-0.08712,-0.146287,0,0,0,2,0,0,0,9,
278528713,-0.06,-0.08712,-0.146287,0,0,0,2,0,0,0,9,
278528753,-0.06,-0.08712,-0.146287,0,0,0,2,0,0,0,9,
278528793,-0.06,-0.08712,-0.146287,0,0,0,2,0,0,0,9,
278528833,-0.0599501,-0.08712,-0.15,0,0,0,2,0,0,0,9,
278528873,-0.0599501,-0.08712,-0.15,0,0,0,2,0,0,0,9,
278528913,-0.0599501,-0.08712,-0.15,0,0,0,2,0,0,0,9,
278528954,-0.0599501,-0.08712,-0.15,0,0,0,2,0,0,0,9,
278528994,-0.0599501,-0.08712,-0.15,0,0,0,2,0,0,0,9,
278529033,-0.0599501,-0.08712,-0.15,0,0,0,2,0,0,0,9,
278529073,-0.0599501,-0.08712,-0.15,0,0,0,2,0,0,0,9,
278529113,-0.0549501,-0.08712,-0.15375,0,0,0,2,0,0,0,9,
278529153,-0.0499501,-0.08712,-0.15375,0,0,0,2,0,0,0,9,
278529193,-0.0399501,-0.08712,-0.157537,0,0,0,2,0,0,0,9,
278529234,-0.0299501,-0.08712,-0.161287,0,0,0,2,0,0,0,9,
278529274,-0.015,-0.08712,-0.168787,0,0,0,2,0,0,0,9,
278529314,0.0050499,-0.08712,-0.183787,0,0,0,2,0,0,0,9,
278529353,0.0250499,-0.08712,-0.195,0,0,0,2,0,0,0,9,
278529393,0.0400499,-0.08712,-0.2025,0,0,0,2,0,0,0,9,
278529433,0.0400499,-0.08712,-0.2025,0,0,0,2,0,0,0,9,
278529473,0.0450499,-0.08712,-0.2025,0,0,0,2,0,0,0,9,
278529513,0.0500499,-0.08712,-0.2025,0,0,0,2,0,0,0,9,
278529554,0.0550499,-0.08712,-0.202537,0,0,0,2,0,0,0,9,
278529594,0.0550499,-0.08712,-0.202537,0,0,0,2,0,0,0,9,
278529634,0.0550499,-0.08712,-0.202537,0,0,0,2,0,0,0,9,
278529673,0.0550499,-0.08712,-0.202537,0,0,0,2,0,0,0,9,
278529713,0.0550499,-0.08712,-0.202537,0,0,0,2,0,0,0,9,
278529753,0.0550499,-0.08712,-0.202537,0,0,0,2,0,0,0,9,
278529793,0.0550499,-0.08712,-0.202537,0,0,0,2,0,0,0,9,
278529833,0.0550499,-0.08712,-0.202537,0,0,0,2,0,0,0,9,
278529874,0.0550499,-0.08712,-0.202537,0,0,0,2,0,0,0,9,
278529914,0.0550499,-0.08712,-0.202537,0,0,0,2,0,0,0,9,
278529953,0.0550499,-0.08712,-0.202537,0,0,0,2,0,0,0,9,
278529993,0.0600499,-0.08712,-0.20625,0,0,0,2,0,0,0,9,
278530033,0.0700499,-0.08712,-0.20625,0,0,0,2,0,0,0,9,
278530073,0.0700499,-0.08712,-0.20625,0,0,0,2,0,0,0,9,
278530113,0.0700499,-0.08712,-0.20625,0,0,0,2,0,0,0,9,
278530153,0.0700499,-0.08712,-0.20625,0,0,0,2,0,0,0,9,
278530194,0.0700499,-0.08712,-0.20625,0,0,0,2,0,0,0,9,
278530234,0.0700499,-0.08712,-0.20625,0,0,0,2,0,0,0,9,
278530273,0.0700499,-0.08712,-0.20625,0,0,0,2,0,0,0,9,
278530313,0.0700499,-0.08712,-0.20625,0,0,0,2,0,0,0,9,
278530353,0.0700499,-0.08712,-0.20625,0,0,0,2,0,0,0,9,
278530393,0.0700499,-0.08712,-0.20625,0,0,0,2,0,0,0,9,
278530433,0.0700499,-0.08712,-0.20625,0,0,0,2,0,0,0,9,
278530473,0.06995,-0.08712,-0.210037,0,0,0,2,0,0,0,9,
278530514,0.055,-0.08712,-0.217537,0,0,0,2,0,0,0,9,
278530554,0.055,-0.08712,-0.221287,0,0,0,2,0,0,0,9,
278530593,0.055,-0.08712,-0.221287,0,0,0,2,0,0,0,9,
278530633,0.055,-0.08712,-0.221287,0,0,0,2,0,0,0,9,
278530673,0.055,-0.08712,-0.221287,0,0,0,2,0,0,0,9,
278530713,0.055,-0.08712,-0.221287,0,0,0,2,0,0,0,9,
278530753,0.055,-0.08712,-0.221287,0,0,0,2,0,0,0,9,
278530793,0.055,-0.08712,-0.221287,0,0,0,2,0,0,0,9,
278530834,0.055,-0.08712,-0.221287,0,0,0,2,0,0,0,9,
278530874,0.055,-0.08712,-0.221287,0,0,0,2,0,0,0,9,
278530913,0.055,-0.08712,-0.221287,0,0,0,2,0,0,0,9,
278530953,0.055,-0.08712,-0.221287,0,0,0,2,0,0,0,9,
278530993,0.055,-0.08712,-0.221287,0,0,0,2,0,0,0,9,
278531033,0.055,-0.08712,-0.221287,0,0,0,2,0,0,0,9,
278531073,0.055,-0.08712,-0.221287,0,0,0,2,0,0,0,9,
278531113,0.055,-0.08712,-0.221287,0,0,0,2,0,0,0,9,
278531154,0.055,-0.08712,-0.221287,0,0,0,2,0,0,0,9,
278531194,0.055,-0.08712,-0.221287,0,0,0,2,0,0,0,9,
278531233,0.055,-0.08712,-0.221287,0,0,0,2,0,0,0,9,
278531273,0.055,-0.08712,-0.221287,0,0,0,2,0,0,0,9,
278531313,0.055,-0.08712,-0.221287,0,0,0,2,0,0,0,9,
278531353,0.055,-0.08712,-0.221287,0,0,0,2,0,0,0,9,
278531393,0.055,-0.08712,-0.221287,0,0,0,2,0,0,0,9,
278531434,0.055,-0.08712,-0.221287,0,0,0,2,0,0,0,9,
278531474,0.055,-0.08712,-0.221287,0,0,0,2,0,0,0,9,
278531514,0.055,-0.08712,-0.221287,0,0,0,2,0,0,0,9,
278531553,0.055,-0.08712,-0.221287,0,0,0,2,0,0,0,9,
278531593,0.055,-0.08712,-0.221287,0,0,0,2,0,0,0,9,
278531633,0.055,-0.08712,-0.221287,0,0,0,2,0,0,0,9,
278531673,0.055,-0.08712,-0.221287,0,0,0,2,0,0,0,9,
278531713,0.055,-0.08712,-0.221287,0,0,0,2,0,0,0,9,
278531754,0.055,-0.08712,-0.221287,0,0,0,2,0,0,0,9,
278531794,0.055,-0.08712,-0.221287,0,0,0,2,0,0,0,9,
278531833,0.055,-0.08712,-0.221287,0,0,0,2,0,0,0,9,
278531873,0.055,-0.08712,-0.221287,0,0,0,2,0,0,0,9,
278531913,0.055,-0.08712,-0.221287,0,0,0,2,0,0,0,9,
278531953,0.055,-0.08712,-0.221287,0,0,0,2,0,0,0,9,
278531993,0.055,-0.08712,-0.221287,0,0,0,2,0,0,0,9,
278532033,0.055,-0.08712,-0.221287,0,0,0,2,0,0,0,9,
278532074,0.055,-0.08712,-0.221287,0,0,0,2,0,0,0,9,
278532114,0.055,-0.08712,-0.221287,0,0,0,2,0,0,0,9,
278532153,0.055,-0.08712,-0.221287,0,0,0,2,0,0,0,9,
278532193,0.055,-0.08712,-0.221287,0,0,0,2,0,0,0,9,
278532233,0.055,-0.08712,-0.221287,0,0,0,2,0,0,0,9,
278532273,0.055,-0.08712,-0.221287,0,0,0,2,0,0,0,9,
278532313,0.055,-0.08712,-0.221287,0,0,0,2,0,0,0,9,
278532353,0.055,-0.08712,-0.221287,0,0,0,2,0,0,0,9,
278532394,0.055,-0.08712,-0.221287,0,0,0,2,0,0,0,9,
278532434,0.055,-0.08712,-0.221287,0,0,0,2,0,0,0,9,
278532473,0.055,-0.08712,-0.221287,0,0,0,2,0,0,0,9,
278532513,0.055,-0.08712,-0.221287,0,0,0,2,0,0,0,9,
278532553,0.055,-0.08712,-0.221287,0,0,0,2,0,0,0,9,
278532593,0.055,-0.08712,-0.221287,0,0,0,2,0,0,0,9,
278532633,0.055,-0.08712,-0.221287,0,0,0,2,0,0,0,9,
278532673,0.055,-0.08712,-0.221287,0,0,0,2,0,0,0,9,
278532714,0.055,-0.08712,-0.221287,0,0,0,2,0,0,0,9,
278532754,0.055,-0.08712,-0.221287,0,0,0,2,0,0,0,9,
278532793,0.055,-0.08712,-0.221287,0,0,0,2,0,0,0,9,
278532833,0.055,-0.08712,-0.221287,0,0,0,2,0,0,0,9,
278532873,0.055,-0.08712,-0.221287,0,0,0,2,0,0,0,9,
278532913,0.055,-0.08712,-0.221287,0,0,0,2,0,0,0,9,
278532953,0.055,-0.08712,-0.221287,0,0,0,2,0,0,0,9,
278532993,0.055,-0.08712,-0.221287,0,0,0,2,0,0,0,9,
278533034,0.055,-0.08712,-0.221287,0,0,0,2,0,0,0,9,
278533074,0.055,-0.08712,-0.221287,0,0,0,2,0,0,0,9,
278533113,0.055,-0.08712,-0.221287,0,0,0,2,0,0,0,9,
278533153,0.055,-0.08712,-0.221287,0,0,0,2,0,0,0,9,
278533193,0.055,-0.08712,-0.221287,0,0,0,2,0,0,0,9,
278533233,0.055,-0.08712,-0.221287,0,0,0,2,0,0,0,9,
278533273,0.055,-0.08712,-0.221287,0,0,0,2,0,0,0,9,
278533314,0.055,-0.08712,-0.221287,0,0,0,2,0,0,0,9,
278533354,0.055,-0.08712,-0.221287,0,0,0,2,0,0,0,9,
278533394,0.055,-0.08712,-0.221287,0,0,0,2,0,0,0,9,
278533433,0.055,-0.08712,-0.221287,0,0,0,2,0,0,0,9,
278533473,0.055,-0.08712,-0.221287,0,0,0,2,0,0,0,9,
278533513,0.055,-0.08712,-0.221287,0,0,0,2,0,0,0,9,
278533553,0.055,-0.08712,-0.221287,0,0,0,2,0,0,0,9,
278533593,0.055,-0.08712,-0.221287,0,0,0,2,0,0,0,9,
278533634,0.055,-0.08712,-0.221287,0,0,0,2,0,0,0,9,
278533674,0.055,-0.08712,-0.221287,0,0,0,2,0,0,0,9,
278533713,0.055,-0.08712,-0.221287,0,0,0,2,0,0,0,9,
278533753,0.055,-0.08712,-0.221287,0,0,0,2,0,0,0,9,
278533793,0.055,-0.08712,-0.221287,0,0,0,2,0,0,0,9,
278533833,0.055,-0.08712,-0.221287,0,0,0,2,0,0,0,9,
278533873,0.055,-0.08712,-0.221287,0,0,0,2,0,0,0,9,
278533913,0.055,-0.08712,-0.221287,0,0,0,2,0,0,0,9,
278533954,0.055,-0.08712,-0.221287,0,0,0,2,0,0,0,9,
278533994,0.055,-0.08712,-0.221287,0,0,0,2,0,0,0,9,
278534033,0.055,-0.08712,-0.221287,0,0,0,2,0,0,0,9,
278534073,0.055,-0.08712,-0.221287,0,0,0,2,0,0,0,9,
278534113,0.055,-0.08712,-0.221287,0,0,0,2,0,0,0,9,
278534153,0.055,-0.08712,-0.221287,0,0,0,2,0,0,0,9,
278534193,0.055,-0.08712,-0.221287,0,0,0,2,0,0,0,9,
278534233,0.055,-0.08712,-0.221287,0,0,0,2,0,0,0,9,
278534274,0.055,-0.08712,-0.221287,0,0,0,2,0,0,0,9,
278534314,0.055,-0.08712,-0.221287,0,0,0,2,0,0,0,9,
278534353,0.055,-0.08712,-0.221287,0,0,0,2,0,0,0,9,
278534393,0.055,-0.08712,-0.221287,0,0,0,2,0,0,0,9,
278534433,0.055,-0.08712,-0.221287,0,0,0,2,0,0,0,9,
278534473,0.055,-0.08712,-0.221287,0,0,0,2,0,0,0,9,
278534513,0.055,-0.08712,-0.221287,0,0,0,2,0,0,0,9,
278534553,0.055,-0.08712,-0.221287,0,0,0,2,0,0,0,9,
278534594,0.055,-0.08712,-0.221287,0,0,0,2,0,0,0,9,
278534634,0.055,-0.08712,-0.221287,0,0,0,2,0,0,0,9,
278534673,0.055,-0.08712,-0.221287,0,0,0,2,0,0,0,9,
278534713,0.055,-0.08712,-0.221287,0,0,0,2,0,0,0,9,
278534753,0.055,-0.08712,-0.221287,0,0,0,2,0,0,0,9,
278534793,0.055,-0.08712,-0.221287,0,0,0,2,0,0,0,9,
278534833,0.055,-0.08712,-0.221287,0,0,0,2,0,0,0,9,
278534873,0.055,-0.08712,-0.221287,0,0,0,2,0,0,0,9,
278534914,0.055,-0.08712,-0.221287,0,0,0,2,0,0,0,9,
278534954,0.055,-0.08712,-0.221287,0,0,0,2,0,0,0,9,
278534993,0.055,-0.08712,-0.221287,0,0,0,2,0,0,0,9,
278535033,0.055,-0.08712,-0.221287,0,0,0,2,0,0,0,9,
278535073,0.055,-0.08712,-0.221287,0,0,0,2,0,0,0,9,
278535113,0.055,-0.08712,-0.221287,0,0,0,2,0,0,0,9,
278535153,0.055,-0.08712,-0.221287,0,0,0,2,0,0,0,9,
278535194,0.055,-0.08712,-0.221287,0,0,0,2,0,0,0,9,
278535234,0.055,-0.08712,-0.221287,0,0,0,2,0,0,0,9,
278535274,0.055,-0.08712,-0.221287,0,0,0,2,0,0,0,9,
278535313,0.055,-0.08712,-0.221287,0,0,0,2,0,0,0,9,
278535353,0.055,-0.08712,-0.221287,0,0,0,2,0,0,0,9,
278535393,0.055,-0.08712,-0.221287,0,0,0,2,0,0,0,9,
278535433,0.055,-0.08712,-0.221287,0,0,0,2,0,0,0,9,
278535473,0.055,-0.08712,-0.221287,0,0,0,2,0,0,0,9,
278535514,0.055,-0.08712,-0.221287,0,0,0,2,0,0,0,9,
278535554,0.055,-0.08712,-0.221287,0,0,0,2,0,0,0,9,
278535593,0.055,-0.08712,-0.221287,0,0,0,2,0,0,0,9,
278535633,0.055,-0.08712,-0.221287,0,0,0,2,0,0,0,9,
278535673,0.055,-0.08712,-0.221287,0,0,0,2,0,0,0,9,
278535713,0.055,-0.08712,-0.221287,0,0,0,2,0,0,0,9,
278535753,0.055,-0.08712,-0.221287,0,0,0,2,0,0,0,9,
278535793,0.055,-0.08712,-0.221287,0,0,0,2,0,0,0,9,
278535834,0.055,-0.08712,-0.221287,0,0,0,2,0,0,0,9,
278535874,0.055,-0.08712,-0.221287,0,0,0,2,0,0,0,9,
278535913,0.055,-0.08712,-0.221287,0,0,0,2,0,0,0,9,
278535953,0.055,-0.08712,-0.221287,0,0,0,2,0,0,0,9,
278535993,0.055,-0.08712,-0.221287,0,0,0,2,0,0,0,9,
278536033,0.055,-0.08712,-0.221287,0,0,0,2,0,0,0,9,
278536073,0.055,-0.08712,-0.221287,0,0,0,2,0,0,0,9,
278536113,0.055,-0.08712,-0.221287,0,0,0,2,0,0,0,9,
278536154,0.055,-0.08712,-0.221287,0,0,0,2,0,0,0,9,
278536194,0.055,-0.08712,-0.221287,0,0,0,2,0,0,0,9,
278536233,0.055,-0.08712,-0.221287,0,0,0,2,0,0,0,9,
278536273,0.055,-0.08712,-0.221287,0,0,0,2,0,0,0,9,
278536313,0.055,-0.08712,-0.221287,0,0,0,2,0,0,0,9,
278536353,0.055,-0.08712,-0.221287,0,0,0,2,0,0,0,9,
278536393,0.055,-0.08712,-0.221287,0,0,0,2,0,0,0,9,
278536433,0.055,-0.08712,-0.221287,0,0,0,2,0,0,0,9,
278536474,0.055,-0.08712,-0.221287,0,0,0,2,0,0,0,9,
278536514,0.055,-0.08712,-0.221287,0,0,0,2,0,0,0,9,
278536553,0.055,-0.08712,-0.221287,0,0,0,2,0,0,0,9,
278536593,0.055,-0.08712,-0.221287,0,0,0,2,0,0,0,9,
278536633,0.055,-0.08712,-0.221287,0,0,0,2,0,0,0,9,
278536673,0.055,-0.08712,-0.221287,0,0,0,2,0,0,0,9,
278536713,0.055,-0.08712,-0.221287,0,0,0,2,0,0,0,9,
278536753,0.055,-0.08712,-0.221287,0,0,0,2,0,0,0,9,
278536794,0.055,-0.08712,-0.221287,0,0,0,2,0,0,0,9,
278536834,0.055,-0.08712,-0.221287,0,0,0,2,0,0,0,9,
278536873,0.055,-0.08712,-0.221287,0,0,0,2,0,0,0,9,
278536913,0.055,-0.08712,-0.221287,0,0,0,2,0,0,0,9,
278536953,0.055,-0.08712,-0.221287,0,0,0,2,0,0,0,9,
278536993,0.055,-0.08712,-0.221287,0,0,0,2,0,0,0,9,
278537033,0.055,-0.08712,-0.221287,0,0,0,2,0,0,0,9,
278537074,0.055,-0.08712,-0.221287,0,0,0,2,0,0,0,9,
278537114,0.055,-0.08712,-0.221287,0,0,0,2,0,0,0,9,
278537154,0.055,-0.08712,-0.221287,0,0,0,2,0,0,0,9,
278537193,0.055,-0.08712,-0.221287,0,0,0,2,0,0,0,9,
278537233,0.055,-0.08712,-0.221287,0,0,0,2,0,0,0,9,
278537273,0.055,-0.08712,-0.221287,0,0,0,2,0,0,0,9,
278537313,0.055,-0.08712,-0.221287,0,0,0,2,0,0,0,9,
278537353,0.055,-0.08712,-0.221287,0,0,0,2,0,0,0,9,
278537394,0.055,-0.08712,-0.221287,0,0,0,2,0,0,0,9,
278537434,0.055,-0.08712,-0.221287,0,0,0,2,0,0,0,9,
278537473,0.055,-0.08712,-0.221287,0,0,0,2,0,0,0,9,
278537513,0.055,-0.08712,-0.221287,0,0,0,2,0,0,0,9,
278537553,0.055,-0.08712,-0.221287,0,0,0,2,0,0,0,9,
278537593,0.055,-0.08712,-0.221287,0,0,0,2,0,0,0,9,
278537633,0.055,-0.08712,-0.221287,0,0,0,2,0,0,0,9,
278537673,0.055,-0.08712,-0.221287,0,0,0,2,0,0,0,9,
278537714,0.055,-0.08712,-0.221287,0,0,0,2,0,0,0,9,
278537754,0.055,-0.08712,-0.221287,0,0,0,2,0,0,0,9,
278537793,0.055,-0.08712,-0.221287,0,0,0,2,0,0,0,9,
278537833,0.055,-0.08712,-0.221287,0,0,0,2,0,0,0,9,
278537873,0.055,-0.08712,-0.221287,0,0,0,2,0,0,0,9,
278537913,0.055,-0.08712,-0.221287,0,0,0,2,0,0,0,9,
278537953,0.055,-0.08712,-0.221287,0,0,0,2,0,0,0,9,
278537993,0.055,-0.08712,-0.221287,0,0,0,2,0,0,0,9,
278538034,0.055,-0.08712,-0.221287,0,0,0,2,0,0,0,9,
278538074,0.055,-0.08712,-0.221287,0,0,0,2,0,0,0,9,
278538113,0.055,-0.08712,-0.221287,0,0,0,2,0,0,0,9,
278538153,0.055,-0.08712,-0.221287,0,0,0,2,0,0,0,9,
278538193,0.055,-0.08712,-0.221287,0,0,0,2,0,0,0,9,
278538233,0.055,-0.08712,-0.221287,0,0,0,2,0,0,0,9,
278538273,0.055,-0.08712,-0.221287,0,0,0,2,0,0,0,9,
278538313,0.055,-0.08712,-0.221287,0,0,0,2,0,0,0,9,
278538354,0.055,-0.08712,-0.221287,0,0,0,2,0,0,0,9,
278538394,0.055,-0.08712,-0.221287,0,0,0,2,0,0,0,9,
278538433,0.055,-0.08712,-0.221287,0,0,0,2,0,0,0,9,
278538473,0.055,-0.08712,-0.221287,0,0,0,2,0,0,0,9,
278538513,0.055,-0.08712,-0.221287,0,0,0,2,0,0,0,9,
278538553,0.055,-0.08712,-0.221287,0,0,0,2,0,0,0,9,
278538593,0.055,-0.08712,-0.221287,0,0,0,2,0,0,0,9,
278538633,0.055,-0.08712,-0.221287,0,0,0,2,0,0,0,9,
278538674,0.055,-0.08712,-0.221287,0,0,0,2,0,0,0,9,
278538714,0.055,-0.08712,-0.221287,0,0,0,2,0,0,0,9,
278538753,0.055,-0.08712,-0.221287,0,0,0,2,0,0,0,9,
278538793,0.055,-0.08712,-0.221287,0,0,0,2,0,0,0,9,
278538833,0.055,-0.08712,-0.221287,0,0,0,2,0,0,0,9,
278538873,0.055,-0.08712,-0.221287,0,0,0,2,0,0,0,9,
278538913,0.055,-0.08712,-0.221287,0,0,0,2,0,0,0,9,
278538954,0.055,-0.08712,-0.221287,0,0,0,2,0,0,0,9,
278538994,0.055,-0.08712,-0.221287,0,0,0,2,0,0,0,9,
278539034,0.055,-0.08712,-0.221287,0,0,0,2,0,0,0,9,
278539073,0.055,-0.08712,-0.221287,0,0,0,2,0,0,0,9,
278539113,0.055,-0.08712,-0.221287,0,0,0,2,0,0,0,9,
278539153,0.055,-0.08712,-0.221287,0,0,0,2,0,0,0,9,
278539193,0.055,-0.08712,-0.221287,0,0,0,2,0,0,0,9,
278539233,0.055,-0.08712,-0.221287,0,0,0,2,0,0,0,9,
278539274,0.055,-0.08712,-0.221287,0,0,0,2,0,0,0,9,
278539314,0.055,-0.08712,-0.221287,0,0,0,2,0,0,0,9,
278539353,0.055,-0.08712,-0.221287,0,0,0,2,0,0,0,9,
278539393,0.055,-0.08712,-0.221287,0,0,0,2,0,0,0,9,
278539433,0.055,-0.08712,-0.221287,0,0,0,2,0,0,0,9,
278539473,0.055,-0.08712,-0.221287,0,0,0,2,0,0,0,9,
278539513,0.055,-0.08712,-0.221287,0,0,0,2,0,0,0,9,
278539553,0.055,-0.08712,-0.221287,0,0,0,2,0,0,0,9,
278539594,0.055,-0.08712,-0.221287,0,0,0,2,0,0,0,9,
278539634,0.055,-0.08712,-0.221287,0,0,0,2,0,0,0,9,
278539673,0.055,-0.08712,-0.221287,0,0,0,2,0,0,0,9,
278539713,0.055,-0.08712,-0.221287,0,0,0,2,0,0,0,9,
278539753,0.055,-0.08712,-0.221287,0,0,0,2,0,0,0,9,
278539793,0.055,-0.08712,-0.221287,0,0,0,2,0,0,0,9,
278539833,0.055,-0.08712,-0.221287,0,0,0,2,0,0,0,9,
278539873,0.055,-0.08712,-0.221287,0,0,0,2,0,0,0,9,
278539914,0.055,-0.08712,-0.221287,0,0,0,2,0,0,0,9,
278539954,0.055,-0.08712,-0.221287,0,0,0,2,0,0,0,9,
278539993,0.055,-0.08712,-0.221287,0,0,0,2,0,0,0,9,
278540033,0.055,-0.08712,-0.221287,0,0,0,2,0,0,0,9,
278540073,0.055,-0.08712,-0.221287,0,0,0,2,0,0,0,9,
278540113,0.055,-0.08712,-0.221287,0,0,0,2,0,0,0,9,
278540153,0.055,-0.08712,-0.221287,0,0,0,2,0,0,0,9,
278540193,0.055,-0.08712,-0.221287,0,0,0,2,0,0,0,9,
278540234,0.055,-0.08712,-0.221287,0,0,0,2,0,0,0,9,
278540274,0.055,-0.08712,-0.221287,0,0,0,2,0,0,0,9,
278540313,0.055,-0.08712,-0.221287,0,0,0,2,0,0,0,9,
278540353,0.055,-0.08712,-0.221287,0,0,0,2,0,0,0,9,
278540393,0.055,-0.08712,-0.221287,0,0,0,2,0,0,0,9,
278540433,0.055,-0.08712,-0.221287,0,0,0,2,0,0,0,9,
278540473,0.055,-0.08712,-0.221287,0,0,0,2,0,0,0,9,
278540513,0.055,-0.08712,-0.221287,0,0,0,2,0,0,0,9,
278540554,0.055,-0.08712,-0.221287,0,0,0,2,0,0,0,9,
278540594,0.055,-0.08712,-0.221287,0,0,0,2,0,0,0,9,
278540633,0.055,-0.08712,-0.221287,0,0,0,2,0,0,0,9,
278540673,0.055,-0.08712,-0.221287,0,0,0,2,0,0,0,9,
278540713,0.055,-0.08712,-0.221287,0,0,0,2,0,0,0,9,
278540753,0.055,-0.08712,-0.221287,0,0,0,2,0,0,0,9,
278540793,0.055,-0.08712,-0.221287,0,0,0,2,0,0,0,9,
278540834,0.055,-0.08712,-0.221287,0,0,0,2,0,0,0,9,
278540874,0.055,-0.08712,-0.221287,0,0,0,2,0,0,0,9,
278540914,0.055,-0.08712,-0.221287,0,0,0,2,0,0,0,9,
278540953,0.055,-0.08712,-0.221287,0,0,0,2,0,0,0,9,
278540993,0.055,-0.08712,-0.221287,0,0,0,2,0,0,0,9,
278541033,0.055,-0.08712,-0.221287,0,0,0,2,0,0,0,9,
278541073,0.055,-0.08712,-0.221287,0,0,0,2,0,0,0,9,
278541113,0.055,-0.08712,-0.221287,0,0,0,2,0,0,0,9,
278541154,0.055,-0.08712,-0.221287,0,0,0,2,0,0,0,9,
278541194,0.055,-0.08712,-0.221287,0,0,0,2,0,0,0,9,
278541234,0.055,-0.08712,-0.221287,0,0,0,2,0,0,0,9,
278541273,0.055,-0.08712,-0.221287,0,0,0,2,0,0,0,9,
278541313,0.055,-0.08712,-0.221287,0,0,0,2,0,0,0,9,
278541353,0.055,-0.08712,-0.221287,0,0,0,2,0,0,0,9,
278541393,0.055,-0.08712,-0.221287,0,0,0,2,0,0,0,9,
278541433,0.055,-0.08712,-0.221287,0,0,0,2,0,0,0,9,
278541474,0.055,-0.08712,-0.221287,0,0,0,2,0,0,0,9,
278541514,0.055,-0.08712,-0.221287,0,0,0,2,0,0,0,9,
278541553,0.055,-0.08712,-0.221287,0,0,0,2,0,0,0,9,
278541593,0.055,-0.08712,-0.221287,0,0,0,2,0,0,0,9,
278541633,0.055,-0.08712,-0.221287,0,0,0,2,0,0,0,9,
278541673,0.055,-0.08712,-0.221287,0,0,0,2,0,0,0,9,
278541713,0.055,-0.08712,-0.221287,0,0,0,2,0,0,0,9,
278541753,0.055,-0.08712,-0.221287,0,0,0,2,0,0,0,9,
278541794,0.055,-0.08712,-0.221287,0,0,0,2,0,0,0,9,
278541834,0.055,-0.08712,-0.221287,0,0,0,2,0,0,0,9,
278541873,0.055,-0.08712,-0.221287,0,0,0,2,0,0,0,9,
278541913,0.055,-0.08712,-0.221287,0,0,0,2,0,0,0,9,
278541953,0.055,-0.08712,-0.221287,0,0,0,2,0,0,0,9,
278541993,0.055,-0.08712,-0.221287,0,0,0,2,0,0,0,9,
278542033,0.055,-0.08712,-0.221287,0,0,0,2,0,0,0,9,
278542073,0.055,-0.08712,-0.221287,0,0,0,2,0,0,0,9,
278542114,0.055,-0.08712,-0.221287,0,0,0,2,0,0,0,9,
278542154,0.055,-0.08712,-0.221287,0,0,0,2,0,0,0,9,
278542193,0.055,-0.08712,-0.221287,0,0,0,2,0,0,0,9,
278542233,0.055,-0.08712,-0.221287,0,0,0,2,0,0,0,9,
278542273,0.055,-0.08712,-0.221287,0,0,0,2,0,0,0,9,
278542313,0.055,-0.08712,-0.221287,0,0,0,2,0,0,0,9,
278542353,0.055,-0.08712,-0.221287,0,0,0,2,0,0,0,9,
278542393,0.055,-0.08712,-0.221287,0,0,0,2,0,0,0,9,
278542434,0.055,-0.08712,-0.221287,0,0,0,2,0,0,0,9,
278542474,0.055,-0.08712,-0.221287,0,0,0,2,0,0,0,9,
278542513,0.055,-0.08712,-0.221287,0,0,0,2,0,0,0,9,
278542553,0.055,-0.08712,-0.221287,0,0,0,2,0,0,0,9,
278542593,0.055,-0.08712,-0.221287,0,0,0,2,0,0,0,9,
278542633,0.055,-0.08712,-0.221287,0,0,0,2,0,0,0,9,
278542673,0.055,-0.08712,-0.221287,0,0,0,2,0,0,0,9,
278542714,0.055,-0.08712,-0.221287,0,0,0,2,0,0,0,9,
278542754,0.055,-0.08712,-0.221287,0,0,0,2,0,0,0,9,
278542794,0.055,-0.08712,-0.221287,0,0,0,2,0,0,0,9,
278542833,0.055,-0.08712,-0.221287,0,0,0,2,0,0,0,9,
278542873,0.055,-0.08712,-0.221287,0,0,0,2,0,0,0,9,
278542913,0.055,-0.08712,-0.221287,0,0,0,2,0,0,0,9,
278542953,0.055,-0.08712,-0.221287,0,0,0,2,0,0,0,9,
278542993,0.055,-0.08712,-0.221287,0,0,0,2,0,0,0,9,
278543034,0.055,-0.08712,-0.221287,0,0,0,2,0,0,0,9,
278543074,0.055,-0.08712,-0.221287,0,0,0,2,0,0,0,9,
278543114,0.055,-0.08712,-0.221287,0,0,0,2,0,0,0,9,
278543153,0.055,-0.08712,-0.221287,0,0,0,2,0,0,0,9,
278543193,0.055,-0.08712,-0.221287,0,0,0,2,0,0,0,9,
278543233,0.055,-0.08712,-0.221287,0,0,0,2,0,0,0,9,
278543273,0.055,-0.08712,-0.221287,0,0,0,2,0,0,0,9,
278543313,0.055,-0.08712,-0.221287,0,0,0,2,0,0,0,9,
278543354,0.055,-0.08712,-0.221287,0,0,0,2,0,0,0,9,
278543394,0.055,-0.08712,-0.221287,0,0,0,2,0,0,0,9,
278543433,0.055,-0.08712,-0.221287,0,0,0,2,0,0,0,9,
278543473,0.055,-0.08712,-0.221287,0,0,0,2,0,0,0,9,
278543513,0.055,-0.08712,-0.221287,0,0,0,2,0,0,0,9,
278543553,0.055,-0.08712,-0.221287,0,0,0,2,0,0,0,9,
278543593,0.055,-0.08712,-0.221287,0,0,0,2,0,0,0,9,
278543633,0.055,-0.08712,-0.221287,0,0,0,2,0,0,0,9,
278543674,0.055,-0.08712,-0.221287,0,0,0,2,0,0,0,9,
278543714,0.055,-0.08712,-0.221287,0,0,0,2,0,0,0,9,
278543753,0.055,-0.08712,-0.221287,0,0,0,2,0,0,0,9,
278543793,0.055,-0.08712,-0.221287,0,0,0,2,0,0,0,9,
278543833,0.055,-0.08712,-0.221287,0,0,0,2,0,0,0,9,
278543873,0.055,-0.08712,-0.221287,0,0,0,2,0,0,0,9,
278543913,0.055,-0.08712,-0.221287,0,0,0,2,0,0,0,9,
278543953,0.055,-0.08712,-0.221287,0,0,0,2,0,0,0,9,
278543994,0.055,-0.08712,-0.221287,0,0,0,2,0,0,0,9,
278544034,0.055,-0.08712,-0.221287,0,0,0,2,0,0,0,9,
278544073,0.055,-0.08712,-0.221287,0,0,0,2,0,0,0,9,
278544113,0.055,-0.08712,-0.221287,0,0,0,2,0,0,0,9,
278544153,0.055,-0.08712,-0.221287,0,0,0,2,0,0,0,9,
278544193,0.055,-0.08712,-0.221287,0,0,0,2,0,0,0,9,
278544233,0.055,-0.08712,-0.221287,0,0,0,2,0,0,0,9,
278544273,0.055,-0.08712,-0.221287,0,0,0,2,0,0,0,9,
278544314,0.055,-0.08712,-0.221287,0,0,0,2,0,0,0,9,
278544354,0.055,-0.08712,-0.221287,0,0,0,2,0,0,0,9,
278544393,0.055,-0.08712,-0.221287,0,0,0,2,0,0,0,9,
278544433,0.055,-0.08712,-0.221287,0,0,0,2,0,0,0,9,
278544473,0.055,-0.08712,-0.221287,0,0,0,2,0,0,0,9,
278544513,0.055,-0.08712,-0.221287,0,0,0,2,0,0,0,9,
278544553,0.055,-0.08712,-0.221287,0,0,0,2,0,0,0,9,
278544593,0.055,-0.08712,-0.221287,0,0,0,2,0,0,0,9,
278544634,0.055,-0.08712,-0.221287,0,0,0,2,0,0,0,9,
278544674,0.055,-0.08712,-0.221287,0,0,0,2,0,0,0,9,
278544713,0.055,-0.08712,-0.221287,0,0,0,2,0,0,0,9,
278544753,0.055,-0.08712,-0.221287,0,0,0,2,0,0,0,9,
278544793,0.055,-0.08712,-0.221287,0,0,0,2,0,0,0,9,
278544833,0.055,-0.08712,-0.221287,0,0,0,2,0,0,0,9,
278544873,0.055,-0.08712,-0.221287,0,0,0,2,0,0,0,9,
278544914,0.055,-0.08712,-0.221287,0,0,0,2,0,0,0,9,
278544954,0.055,-0.08712,-0.221287,0,0,0,2,0,0,0,9,
278544994,0.055,-0.08712,-0.221287,0,0,0,2,0,0,0,9,
278545033,0.055,-0.08712,-0.221287,0,0,0,2,0,0,0,9,
278545073,0.055,-0.08712,-0.221287,0,0,0,2,0,0,0,9,
278545113,0.055,-0.08712,-0.221287,0,0,0,2,0,0,0,9,
278545153,0.055,-0.08712,-0.221287,0,0,0,2,0,0,0,9,
278545193,0.055,-0.08712,-0.221287,0,0,0,2,0,0,0,9,
278545234,0.055,-0.08712,-0.221287,0,0,0,2,0,0,0,9,
278545274,0.055,-0.08712,-0.221287,0,0,0,2,0,0,0,9,
278545313,0.055,-0.08712,-0.221287,0,0,0,2,0,0,0,9,
278545353,0.055,-0.08712,-0.221287,0,0,0,2,0,0,0,9,
278545393,0.055,-0.08712,-0.221287,0,0,0,2,0,0,0,9,
278545433,0.055,-0.08712,-0.221287,0,0,0,2,0,0,0,9,
278545473,0.055,-0.08712,-0.221287,0,0,0,2,0,0,0,9,
278545513,0.055,-0.08712,-0.221287,0,0,0,2,0,0,0,9,
278545554,0.055,-0.08712,-0.221287,0,0,0,2,0,0,0,9,
278545594,0.055,-0.08712,-0.221287,0,0,0,2,0,0,0,9,
278545633,0.055,-0.08712,-0.221287,0,0,0,2,0,0,0,9,
278545673,0.055,-0.08712,-0.221287,0,0,0,2,0,0,0,9,
278545713,0.055,-0.08712,-0.221287,0,0,0,2,0,0,0,9,
278545753,0.055,-0.08712,-0.221287,0,0,0,2,0,0,0,9,
278545793,0.055,-0.08712,-0.221287,0,0,0,2,0,0,0,9,
278545833,0.055,-0.08712,-0.221287,0,0,0,2,0,0,0,9,
278545874,0.055,-0.08712,-0.221287,0,0,0,2,0,0,0,9,
278545914,0.055,-0.08712,-0.221287,0,0,0,2,0,0,0,9,
278545953,0.055,-0.08712,-0.221287,0,0,0,2,0,0,0,9,
278545993,0.055,-0.08712,-0.221287,0,0,0,2,0,0,0,9,
278546033,0.055,-0.08712,-0.221287,0,0,0,2,0,0,0,9,
278546073,0.055,-0.08712,-0.221287,0,0,0,2,0,0,0,9,
278546113,0.055,-0.08712,-0.221287,0,0,0,2,0,0,0,9,
278546153,0.055,-0.08712,-0.221287,0,0,0,2,0,0,0,9,
278546194,0.055,-0.08712,-0.221287,0,0,0,2,0,0,0,9,
278546234,0.055,-0.08712,-0.221287,0,0,0,2,0,0,0,9,
278546273,0.055,-0.08712,-0.221287,0,0,0,2,0,0,0,9,
278546313,0.055,-0.08712,-0.221287,0,0,0,2,0,0,0,9,
278546353,0.055,-0.08712,-0.221287,0,0,0,2,0,0,0,9,
278546393,0.055,-0.08712,-0.221287,0,0,0,2,0,0,0,9,
278546433,0.055,-0.08712,-0.221287,0,0,0,2,0,0,0,9,
278546473,0.055,-0.08712,-0.221287,0,0,0,2,0,0,0,9,
278546514,0.055,-0.08712,-0.221287,0,0,0,2,0,0,0,9,
278546554,0.055,-0.08712,-0.221287,0,0,0,2,0,0,0,9,
278546593,0.055,-0.08712,-0.221287,0,0,0,2,0,0,0,9,
278546633,0.055,-0.08712,-0.221287,0,0,0,2,0,0,0,9,
278546673,0.055,-0.08712,-0.221287,0,0,0,2,0,0,0,9,
278546713,0.055,-0.08712,-0.221287,0,0,0,2,0,0,0,9,
278546753,0.055,-0.08712,-0.221287,0,0,0,2,0,0,0,9,
278546794,0.055,-0.08712,-0.221287,0,0,0,2,0,0,0,9,
278546834,0.055,-0.08712,-0.221287,0,0,0,2,0,0,0,9,
278546874,0.055,-0.08712,-0.221287,0,0,0,2,0,0,0,9,
278546913,0.055,-0.08712,-0.221287,0,0,0,2,0,0,0,9,
278546953,0.055,-0.08712,-0.221287,0,0,0,2,0,0,0,9,
278546993,0.055,-0.08712,-0.221287,0,0,0,2,0,0,0,9,
278547033,0.055,-0.08712,-0.221287,0,0,0,2,0,0,0,9,
278547073,0.055,-0.08712,-0.221287,0,0,0,2,0,0,0,9,
278547114,0.055,-0.08712,-0.221287,0,0,0,2,0,0,0,9,
278547154,0.055,-0.08712,-0.221287,0,0,0,2,0,0,0,9,
278547193,0.055,-0.08712,-0.221287,0,0,0,2,0,0,0,9,
278547233,0.055,-0.08712,-0.221287,0,0,0,2,0,0,0,9,
278547273,0.055,-0.08712,-0.221287,0,0,0,2,0,0,0,9,
278547313,0.055,-0.08712,-0.221287,0,0,0,2,0,0,0,9,
278547353,0.055,-0.08712,-0.221287,0,0,0,2,0,0,0,9,
278547393,0.055,-0.08712,-0.221287,0,0,0,2,0,0,0,9,
278547434,0.055,-0.08712,-0.221287,0,0,0,2,0,0,0,9,
278547474,0.055,-0.08712,-0.221287,0,0,0,2,0,0,0,9,
278547513,0.055,-0.08712,-0.221287,0,0,0,2,0,0,0,9,
278547553,0.055,-0.08712,-0.221287,0,0,0,2,0,0,0,9,
278547593,0.055,-0.08712,-0.221287,0,0,0,2,0,0,0,9,
278547633,0.055,-0.08712,-0.221287,0,0,0,2,0,0,0,9,
278547673,0.055,-0.08712,-0.221287,0,0,0,2,0,0,0,9,
278547713,0.055,-0.08712,-0.221287,0,0,0,2,0,0,0,9,
278547754,0.055,-0.08712,-0.221287,0,0,0,2,0,0,0,9,
278547794,0.055,-0.08712,-0.221287,0,0,0,2,0,0,0,9,
278547833,0.055,-0.08712,-0.221287,0,0,0,2,0,0,0,9,
278547873,0.055,-0.08712,-0.221287,0,0,0,2,0,0,0,9,
278547913,0.055,-0.08712,-0.221287,0,0,0,2,0,0,0,9,
278547953,0.055,-0.08712,-0.221287,0,0,0,2,0,0,0,9,
278547993,0.055,-0.08712,-0.221287,0,0,0,2,0,0,0,9,
278548033,0.055,-0.08712,-0.221287,0,0,0,2,0,0,0,9,
278548074,0.055,-0.08712,-0.221287,0,0,0,2,0,0,0,9,
278548114,0.055,-0.08712,-0.221287,0,0,0,2,0,0,0,9,
278548153,0.055,-0.08712,-0.221287,0,0,0,2,0,0,0,9,
278548193,0.055,-0.08712,-0.221287,0,0,0,2,0,0,0,9,
278548233,0.055,-0.08712,-0.221287,0,0,0,2,0,0,0,9,
278548273,0.055,-0.08712,-0.221287,0,0,0,2,0,0,0,9,
278548313,0.055,-0.08712,-0.221287,0,0,0,2,0,0,0,9,
278548353,0.055,-0.08712,-0.221287,0,0,0,2,0,0,0,9,
278548394,0.055,-0.08712,-0.221287,0,0,0,2,0,0,0,9,
278548434,0.055,-0.08712,-0.221287,0,0,0,2,0,0,0,9,
278548473,0.055,-0.08712,-0.221287,0,0,0,2,0,0,0,9,
278548513,0.055,-0.08712,-0.221287,0,0,0,2,0,0,0,9,
278548553,0.055,-0.08712,-0.221287,0,0,0,2,0,0,0,9,
278548593,0.055,-0.08712,-0.221287,0,0,0,2,0,0,0,9,
278548633,0.055,-0.08712,-0.221287,0,0,0,2,0,0,0,9,
278548674,0.055,-0.08712,-0.221287,0,0,0,2,0,0,0,9,
278548714,0.055,-0.08712,-0.221287,0,0,0,2,0,0,0,9,
278548754,0.055,-0.08712,-0.221287,0,0,0,2,0,0,0,9,
278548793,0.055,-0.08712,-0.221287,0,0,0,2,0,0,0,9,
278548833,0.055,-0.08712,-0.221287,0,0,0,2,0,0,0,9,
278548873,0.055,-0.08712,-0.221287,0,0,0,2,0,0,0,9,
278548913,0.055,-0.08712,-0.221287,0,0,0,2,0,0,0,9,
278548953,0.055,-0.08712,-0.221287,0,0,0,2,0,0,0,9,
278548994,0.055,-0.08712,-0.221287,0,0,0,2,0,0,0,9,
278549034,0.055,-0.08712,-0.221287,0,0,0,2,0,0,0,9,
278549073,0.055,-0.08712,-0.221287,0,0,0,2,0,0,0,9,
278549113,0.055,-0.08712,-0.221287,0,0,0,2,0,0,0,9,
278549153,0.055,-0.08712,-0.221287,0,0,0,2,0,0,0,9,
278549193,0.055,-0.08712,-0.221287,0,0,0,2,0,0,0,9,
278549233,0.055,-0.08712,-0.221287,0,0,0,2,0,0,0,9,
278549273,0.055,-0.08712,-0.221287,0,0,0,2,0,0,0,9,
278549314,0.055,-0.08712,-0.221287,0,0,0,2,0,0,0,9,
278549354,0.055,-0.08712,-0.221287,0,0,0,2,0,0,0,9,
278549393,0.055,-0.08712,-0.221287,0,0,0,2,0,0,0,9,
278549433,0.055,-0.08712,-0.221287,0,0,0,2,0,0,0,9,
278549473,0.055,-0.08712,-0.221287,0,0,0,2,0,0,0,9,
278549513,0.055,-0.08712,-0.221287,0,0,0,2,0,0,0,9,
278549553,0.055,-0.08712,-0.221287,0,0,0,2,0,0,0,9,
278549593,0.055,-0.08712,-0.221287,0,0,0,2,0,0,0,9,
278549634,0.055,-0.08712,-0.221287,0,0,0,2,0,0,0,9,
278549674,0.055,-0.08712,-0.221287,0,0,0,2,0,0,0,9,
278549713,0.055,-0.08712,-0.221287,0,0,0,2,0,0,0,9,
278549753,0.055,-0.08712,-0.221287,0,0,0,2,0,0,0,9,
278549793,0.055,-0.08712,-0.221287,0,0,0,2,0,0,0,9,
278549833,0.055,-0.08712,-0.221287,0,0,0,2,0,0,0,9,
278549873,0.055,-0.08712,-0.221287,0,0,0,2,0,0,0,9,
278549913,0.055,-0.08712,-0.221287,0,0,0,2,0,0,0,9,
278549954,0.055,-0.08712,-0.221287,0,0,0,2,0,0,0,9,
278549994,0.055,-0.08712,-0.221287,0,0,0,2,0,0,0,9,
278550033,0.055,-0.08712,-0.221287,0,0,0,2,0,0,0,9,
278550073,0.055,-0.08712,-0.221287,0,0,0,2,0,0,0,9,
278550113,0.055,-0.08712,-0.221287,0,0,0,2,0,0,0,9,
278550153,0.055,-0.08712,-0.221287,0,0,0,2,0,0,0,9,
278550193,0.055,-0.08712,-0.221287,0,0,0,2,0,0,0,9,
278550233,0.055,-0.08712,-0.221287,0,0,0,2,0,0,0,9,
278550274,0.055,-0.08712,-0.221287,0,0,0,2,0,0,0,9,
278550314,0.055,-0.08712,-0.221287,0,0,0,2,0,0,0,9,
278550353,0.055,-0.08712,-0.221287,0,0,0,2,0,0,0,9,
278550393,0.055,-0.08712,-0.221287,0,0,0,2,0,0,0,9,
278550433,0.0550499,-0.08712,-0.225,0,0,0,2,0,0,0,9,
278550473,0.0550499,-0.08712,-0.225,0,0,0,2,0,0,0,9,
278550513,0.0550499,-0.08712,-0.225,0,0,0,2,0,0,0,9,
278550554,0.0550499,-0.08712,-0.225,0,0,0,2,0,0,0,9,
278550594,0.0550499,-0.08712,-0.225,0,0,0,2,0,0,0,9,
278550634,0.0550499,-0.08712,-0.225,0,0,0,2,0,0,0,9,
278550673,0.0550499,-0.08712,-0.225,0,0,0,2,0,0,0,9,
278550713,0.0550499,-0.08712,-0.225,0,0,0,2,0,0,0,9,
278550753,0.0550499,-0.08712,-0.225,0,0,0,2,0,0,0,9,
278550793,0.0550499,-0.08712,-0.225,0,0,0,2,0,0,0,9,
278550833,0.0550499,-0.08712,-0.225,0,0,0,2,0,0,0,9,
278550874,0.0550499,-0.08712,-0.225,0,0,0,2,0,0,0,9,
278550914,0.0550499,-0.08712,-0.225,0,0,0,2,0,0,0,9,
278550953,0.0550499,-0.08712,-0.225,0,0,0,2,0,0,0,9,
278550993,0.0550499,-0.08712,-0.225,0,0,0,2,0,0,0,9,
278551033,0.0550499,-0.08712,-0.225,0,0,0,2,0,0,0,9,
278551073,0.0550499,-0.08712,-0.225,0,0,0,2,0,0,0,9,
278551113,0.0550499,-0.08712,-0.225,0,0,0,2,0,0,0,9,
278551153,0.0550499,-0.08712,-0.225,0,0,0,2,0,0,0,9,
278551194,0.0550499,-0.08712,-0.225,0,0,0,2,0,0,0,9,
278551234,0.0550499,-0.08712,-0.225,0,0,0,2,0,0,0,9,
278551273,0.0550499,-0.08712,-0.225,0,0,0,2,0,0,0,9,
278551313,0.0550499,-0.08712,-0.225,0,0,0,2,0,0,0,9,
278551353,0.0550499,-0.08712,-0.225,0,0,0,2,0,0,0,9,
278551393,0.0550499,-0.08712,-0.225,0,0,0,2,0,0,0,9,
278551433,0.0550499,-0.08712,-0.225,0,0,0,2,0,0,0,9,
278551473,0.0550499,-0.08712,-0.225,0,0,0,2,0,0,0,9,
278551514,0.0550499,-0.08712,-0.225,0,0,0,2,0,0,0,9,
278551554,0.0550499,-0.08712,-0.225,0,0,0,2,0,0,0,9,
278551593,0.0550499,-0.08712,-0.225,0,0,0,2,0,0,0,9,
278551633,0.0550499,-0.08712,-0.225,0,0,0,2,0,0,0,9,
278551673,0.0550499,-0.08712,-0.225,0,0,0,2,0,0,0,9,
278551713,0.0550499,-0.08712,-0.225,0,0,0,2,0,0,0,9,
278551753,0.0550499,-0.08712,-0.225,0,0,0,2,0,0,0,9,
278551793,0.0550499,-0.08712,-0.225,0,0,0,2,0,0,0,9,
278551834,0.0550499,-0.08712,-0.225,0,0,0,2,0,0,0,9,
278551874,0.0550499,-0.08712,-0.225,0,0,0,2,0,0,0,9,
278551913,0.0550499,-0.08712,-0.225,0,0,0,2,0,0,0,9,
278551953,0.0550499,-0.08712,-0.225,0,0,0,2,0,0,0,9,
278551993,0.0550499,-0.08712,-0.225,0,0,0,2,0,0,0,9,
278552033,0.0550499,-0.08712,-0.225,0,0,0,2,0,0,0,9,
278552073,0.0550499,-0.08712,-0.225,0,0,0,2,0,0,0,9,
278552113,0.0550499,-0.08712,-0.225,0,0,0,2,0,0,0,9,
278552154,0.0550499,-0.08712,-0.225,0,0,0,2,0,0,0,9,
278552194,0.0550499,-0.08712,-0.225,0,0,0,2,0,0,0,9,
278552233,0.0550499,-0.08712,-0.225,0,0,0,2,0,0,0,9,
278552273,0.0550499,-0.08712,-0.225,0,0,0,2,0,0,0,9,
278552313,0.0550499,-0.08712,-0.225,0,0,0,2,0,0,0,9,
278552353,0.0550499,-0.08712,-0.225,0,0,0,2,0,0,0,9,
278552393,0.0550499,-0.08712,-0.225,0,0,0,2,0,0,0,9,
278552434,0.0550499,-0.08712,-0.225,0,0,0,2,0,0,0,9,
278552474,0.0550499,-0.08712,-0.225,0,0,0,2,0,0,0,9,
278552514,0.0550499,-0.08712,-0.225,0,0,0,2,0,0,0,9,
278552553,0.0550499,-0.08712,-0.225,0,0,0,2,0,0,0,9,
278552593,0.0550499,-0.08712,-0.225,0,0,0,2,0,0,0,9,
278552633,0.0550499,-0.08712,-0.225,0,0,0,2,0,0,0,9,
278552673,0.0550499,-0.08712,-0.225,0,0,0,2,0,0,0,9,
278552713,0.0550499,-0.08712,-0.225,0,0,0,2,0,0,0,9,
278552754,0.0550499,-0.08712,-0.225,0,0,0,2,0,0,0,9,
278552794,0.0550499,-0.08712,-0.225,0,0,0,2,0,0,0,9,
278552833,0.0550499,-0.08712,-0.225,0,0,0,2,0,0,0,9,
278552873,0.0550499,-0.08712,-0.225,0,0,0,2,0,0,0,9,
278552913,0.0550499,-0.08712,-0.225,0,0,0,2,0,0,0,9,
278552953,0.0550499,-0.08712,-0.225,0,0,0,2,0,0,0,9,
278552993,0.0550499,-0.08712,-0.225,0,0,0,2,0,0,0,9,
278553033,0.0550499,-0.08712,-0.225,0,0,0,2,0,0,0,9,
278553074,0.0550499,-0.08712,-0.225,0,0,0,2,0,0,0,9,
278553114,0.0550499,-0.08712,-0.225,0,0,0,2,0,0,0,9,
278553153,0.0550499,-0.08712,-0.225,0,0,0,2,0,0,0,9,
278553193,0.0550499,-0.08712,-0.225,0,0,0,2,0,0,0,9,
278553233,0.0550499,-0.08712,-0.225,0,0,0,2,0,0,0,9,
278553273,0.0550499,-0.08712,-0.225,0,0,0,2,0,0,0,9,
278553313,0.0550499,-0.08712,-0.225,0,0,0,2,0,0,0,9,
278553353,0.0550499,-0.08712,-0.225,0,0,0,2,0,0,0,9,
278553394,0.0550499,-0.08712,-0.225,0,0,0,2,0,0,0,9,
278553434,0.0550499,-0.08712,-0.225,0,0,0,2,0,0,0,9,
278553473,0.0550499,-0.08712,-0.225,0,0,0,2,0,0,0,9,
278553513,0.0550499,-0.08712,-0.225,0,0,0,2,0,0,0,9,
278553553,0.0550499,-0.08712,-0.225,0,0,0,2,0,0,0,9,
278553593,0.0550499,-0.08712,-0.225,0,0,0,2,0,0,0,9,
278553633,0.0550499,-0.08712,-0.225,0,0,0,2,0,0,0,9,
278553673,0.0550499,-0.08712,-0.225,0,0,0,2,0,0,0,9,
278553714,0.0550499,-0.08712,-0.225,0,0,0,2,0,0,0,9,
278553754,0.0550499,-0.08712,-0.225,0,0,0,2,0,0,0,9,
278553793,0.0550499,-0.08712,-0.225,0,0,0,2,0,0,0,9,
278553833,0.0550499,-0.08712,-0.225,0,0,0,2,0,0,0,9,
278553873,0.0550499,-0.08712,-0.225,0,0,0,2,0,0,0,9,
278553913,0.0550499,-0.08712,-0.225,0,0,0,2,0,0,0,9,
278553953,0.0550499,-0.08712,-0.225,0,0,0,2,0,0,0,9,
278553993,0.0550499,-0.08712,-0.225,0,0,0,2,0,0,0,9,
278554034,0.0550499,-0.08712,-0.225,0,0,0,2,0,0,0,9,
278554074,0.0550499,-0.08712,-0.225,0,0,0,2,0,0,0,9,
278554113,0.0550499,-0.08712,-0.225,0,0,0,2,0,0,0,9,
278554153,0.0550499,-0.08712,-0.225,0,0,0,2,0,0,0,9,
278554193,0.0550499,-0.08712,-0.225,0,0,0,2,0,0,0,9,
278554233,0.0550499,-0.08712,-0.225,0,0,0,2,0,0,0,9,
278554273,0.0550499,-0.08712,-0.225,0,0,0,2,0,0,0,9,
278554314,0.0550499,-0.08712,-0.225,0,0,0,2,0,0,0,9,
278554354,0.0550499,-0.08712,-0.225,0,0,0,2,0,0,0,9,
278554394,0.0550499,-0.08712,-0.225,0,0,0,2,0,0,0,9,
278554433,0.0550499,-0.08712,-0.225,0,0,0,2,0,0,0,9,
278554473,0.0550499,-0.08712,-0.225,0,0,0,2,0,0,0,9,
278554513,0.0550499,-0.08712,-0.225,0,0,0,2,0,0,0,9,
278554553,0.0550499,-0.08712,-0.225,0,0,0,2,0,0,0,9,
278554593,0.0550499,-0.08712,-0.225,0,0,0,2,0,0,0,9,
278554634,0.0550499,-0.08712,-0.225,0,0,0,2,0,0,0,9,
278554674,0.0550499,-0.08712,-0.225,0,0,0,2,0,0,0,9,
278554714,0.0550499,-0.08712,-0.225,0,0,0,2,0,0,0,9,
278554753,0.0550499,-0.08712,-0.225,0,0,0,2,0,0,0,9,
278554793,0.0550499,-0.08712,-0.225,0,0,0,2,0,0,0,9,
278554833,0.0550499,-0.08712,-0.225,0,0,0,2,0,0,0,9,
278554873,0.0550499,-0.08712,-0.225,0,0,0,2,0,0,0,9,
278554913,0.0550499,-0.08712,-0.225,0,0,0,2,0,0,0,9,
278554954,0.0550499,-0.08712,-0.225,0,0,0,2,0,0,0,9,
278554994,0.0550499,-0.08712,-0.225,0,0,0,2,0,0,0,9,
278555033,0.0550499,-0.08712,-0.225,0,0,0,2,0,0,0,9,
278555073,0.0550499,-0.08712,-0.225,0,0,0,2,0,0,0,9,
278555113,0.0550499,-0.08712,-0.225,0,0,0,2,0,0,0,9,
278555153,0.0550499,-0.08712,-0.225,0,0,0,2,0,0,0,9,
278555193,0.0550499,-0.08712,-0.225,0,0,0,2,0,0,0,9,
278555233,0.0550499,-0.08712,-0.225,0,0,0,2,0,0,0,9,
278555274,0.06,-0.08712,-0.225037,0,0,0,2,0,0,0,9,
278555314,0.05,-0.08712,-0.266512,0,0,0,2,0,0,0,9,
278555353,0.0600999,-0.08712,-0.4017,0,0,0,2,0,0,0,9,
278555393,0.11015,-0.08712,-0.589087,0,0,0,2,0,0,0,9,
278555433,0.1751,-0.08712,-0.723862,0,0,0,2,0,0,0,9,
278555473,0.19,-0.08712,-0.746288,0,0,0,2,0,0,0,9,
278555513,0.19,-0.08712,-0.742425,0,0,0,2,0,0,0,9,
278555553,0.14475,-0.08712,-0.648375,0,0,0,2,0,0,0,9,
278555594,0.0398999,-0.08712,-0.385687,0,0,0,2,0,0,0,9,
278555634,-0.0152,-0.08712,-0.123337,0,0,0,2,0,0,0,9,
278555673,-0.12025,-0.08712,0.0265125,0,0,0,2,0,0,0,9,
278555713,-0.20505,-0.08712,0.120038,0,0,0,2,0,0,0,9,
278555753,-0.23505,-0.08712,0.142538,0,0,0,2,0,0,0,9,
278555793,-0.2901,-0.08712,0.172575,0,0,0,2,0,0,0,9,
278555833,-0.3451,-0.08712,0.22515,0,0,0,2,0,0,0,9,
278555873,-0.4001,-0.08712,0.30765,0,0,0,2,0,0,0,9,
278555914,-0.44995,-0.08712,0.344925,0,0,0,2,0,0,0,9,
278555954,-0.44495,-0.08712,0.337538,0,0,0,2,0,0,0,9,
278555993,-0.44495,-0.08712,0.337538,0,0,0,2,0,0,0,9,
278556033,-0.44495,-0.08712,0.337538,0,0,0,2,0,0,0,9,
278556073,-0.44495,-0.08712,0.337538,0,0,0,2,0,0,0,9,
278556113,-0.44495,-0.08712,0.337538,0,0,0,2,0,0,0,9,
278556153,-0.44495,-0.08712,0.337538,0,0,0,2,0,0,0,9,
278556193,-0.42995,-0.08712,0.352275,0,0,0,2,0,0,0,9,
278556234,-0.3951,-0.08712,0.563175,0,0,0,2,0,0,0,9,
278556274,-0.41995,-0.08712,0.893138,0,0,-430.452,2,0,0,0,9,
278556313,-0.3748,-0.08712,1.20431,0,0,-1130.79,2,0,0,0,9,
278556353,-0.30985,-0.08712,1.41049,0,0,-1765.81,2,0,0,0,9,
278556393,-0.30985,-0.08712,1.41049,0,0,-2000.87,2,0,0,0,9,
278556433,-0.30985,-0.08712,1.41049,0,0,-2000.87,2,0,0,0,9,
278556473,-0.30985,-0.08712,1.41049,0,0,-2000.87,2,0,0,0,9,
278556514,-0.30985,-0.08712,1.41049,0,0,-2000.87,2,0,0,0,9,
278556554,-0.30985,-0.08712,1.41049,0,0,-2000.87,2,0,0,0,9,
278556594,-0.30985,-0.08712,1.41049,0,0,-2000.87,2,0,0,0,9,
278556633,-0.30985,-0.08712,1.41049,0,0,-2000.87,2,0,0,0,9,
278556673,-0.30985,-0.08712,1.41049,0,0,-2000.87,2,0,0,0,9,
278556713,-0.30985,-0.08712,1.41049,0,0,-2000.87,2,0,0,0,9,
278556753,-0.30985,-0.08712,1.41049,0,0,-2000.87,2,0,0,0,9,
278556793,-0.30985,-0.08712,1.41049,0,0,-2000.87,2,0,0,0,9,
278556834,-0.30985,-0.08712,1.41049,0,0,-2000.87,2,0,0,0,9,
278556874,-0.30985,-0.08712,1.41049,0,0,-2000.87,2,0,0,0,9,
278556913,-0.30985,-0.08712,1.41049,0,0,-2000.87,2,0,0,0,9,
278556953,0.39,-0.08712,1.43963,0,0,-2051.51,2,0,0,0,9,
278556993,0.4,-0.08712,1.2483,0,0,-1909.86,2,0,0,0,9,
278557033,0.405,-0.08712,0.9969,0,0,-1442.65,2,0,0,0,9,
278557073,0.405,-0.08712,0.678113,0,0,-833.489,2,0,0,0,9,
278557113,0.4,-0.08712,0.363113,0,0,-147.972,2,0,0,0,9,
278557154,0.395,-0.08712,0.08955,-2.1248,42.2967,7.03914,2,0,0,0,9,
278557194,0.395,-0.08712,-0.090225,-0.663805,13.1374,-8.39061,2,0,0,0,9,
278557233,0.3648,-0.08712,-0.142425,0,0,0,2,0,0,0,9,
278557273,0.28,-0.08712,-0.0824625,0,0,0,2,0,0,0,9,
278557313,0.28,-0.08712,-0.0824625,0,0,0,2,0,0,0,9,
278557353,0.28,-0.08712,-0.0824625,0,0,0,2,0,0,0,9,
278557393,0.28,-0.08712,-0.0824625,0,0,0,2,0,0,0,9,
278557433,0.28,-0.08712,-0.0824625,0,0,0,2,0,0,0,9,
278557474,0.27995,-0.08712,-0.0787874,0,0,0,2,0,0,0,9,
278557514,0.27485,-0.08712,-0.112575,0,0,0,2,0,0,0,9,
278557553,0.16485,-0.08712,-0.165112,0,0,0,2,0,0,0,9,
278557593,0.135,-0.08712,-0.251437,0,0,0,2,0,0,0,9,
278557633,0.1049,-0.08712,-0.356437,0,0,0,2,0,0,0,9,
278557673,0.09,-0.08712,-0.468937,0,0,0,2,0,0,0,9,
278557713,0.10505,-0.08712,-0.56265,0,0,0,2,0,0,0,9,
278557753,0.115,-0.08712,-0.63015,0,0,0,2,0,0,0,9,
278557794,0.12505,-0.08712,-0.71265,0,0,0,2,0,0,0,9,
278557834,0.13505,-0.08712,-0.776362,-0.640866,4.47527,1.64068,2,0,0,0,9,
278557873,0.16005,-0.08712,-0.828787,-1.77799,25.021,1.0237,2,0,0,0,9,
278557913,0.18505,-0.08712,-0.8475,0.771994,7.41885,-1.98242,2,0,0,0,9,
278557953,0.18505,-0.08712,-0.8475,0,0,0,2,0,0,0,9,
278557993,0.20005,-0.08712,-0.847462,0,0,0,2,0,0,0,9,
278558033,0.23005,-0.08712,-0.8136,0,0,0,2,0,0,0,9,
278558073,0.23995,-0.08712,-0.7236,0,0,0,2,0,0,0,9,
278558114,0.18985,-0.08712,-0.626137,0,0,0,2,0,0,0,9,
278558154,0.1299,-0.08712,-0.547387,0,0,0,2,0,0,0,9,
278558193,0.10495,-0.08712,-0.525,0,0,0,2,0,0,0,9,
278558233,0.10505,-0.08712,-0.604162,0,0,0,2,0,0,0,9,
278558273,0.16515,-0.08712,-0.8142,-0.465064,3.98128,1.36934,2,0,0,0,9,
278558313,0.24515,-0.08712,-1.03166,0.709767,9.51586,-0.865669,2,0,0,0,9,
278558353,0.3151,-0.08712,-1.21155,0,0,0,2,0,0,0,9,
278558394,0.34,-0.08712,-1.31636,0,0,0,2,0,0,0,9,
278558434,0.34,-0.08712,-1.33504,0,0,0,2,0,0,0,9,
278558474,0.3299,-0.08712,-1.3236,0,0,0,2,0,0,0,9,
278558513,0.26485,-0.08712,-1.21845,0,0,0,2,0,0,0,9,
278558553,0.1798,-0.08712,-1.0458,0,0,0,2,0,0,0,9,
278558593,0.0547499,-0.08712,-0.813225,0,0,0,2,0,0,0,9,
278558633,-0.0752,-0.08712,-0.565875,0,0,0,2,0,0,0,9,
278558673,-0.16515,-0.08712,-0.431063,0,0,0,2,0,0,0,9,
278558714,-0.2351,-0.08712,-0.378675,0,0,0,2,0,0,0,9,
278558754,-0.29515,-0.08712,-0.36,0,0,0,2,0,0,0,9,
278558793,-0.3452,-0.08712,-0.35625,0,0,0,2,0,0,0,9,
278558833,-0.4954,-0.08712,-0.337425,0,0,0,2,0,0,0,9,
278558873,-0.7004,-0.08712,-0.284887,30.294,0,0,2,0,0,0,9,
278558913,-0.8903,-0.08712,-0.243712,385.836,0,0,2,0,0,0,9,
278558953,-1.06025,-0.08712,-0.221175,786.148,0,0,2,0,0,0,9,
278558993,-1.2052,-0.08712,-0.19875,1140.24,0,0,2,0,0,0,9,
278559034,-1.33025,-0.08712,-0.191212,1434.95,0,0,2,0,0,0,9,
278559074,-1.4502,-0.08712,-0.17625,1709.93,0,0,2,0,0,0,9,
278559113,-1.4702,-0.08712,-0.176212,1903.44,0,0,2,0,0,0,9,
278559153,-1.4702,-0.08712,-0.176212,1912.24,0,0,2,0,0,0,9,
278559193,-1.4702,-0.08712,-0.176212,1912.24,0,0,2,0,0,0,9,
278559233,-1.4702,-0.08712,-0.176212,1912.24,0,0,2,0,0,0,9,
278559273,-1.45945,-0.08712,0.120112,1920.82,0,0,2,0,0,0,9,
278559313,-1.1443,-0.08712,0.18765,1633.21,0,0,2,0,0,0,9,
278559354,-0.79435,-0.08712,0.255075,882.86,0,0,2,0,0,0,9,
278559394,-0.48445,-0.08712,0.28125,170.94,0,0,2,0,0,0,9,
278559433,-0.23455,-0.08712,0.262463,0,0,0,2,0,0,0,9,
278559473,-0.0597501,-0.08712,0.224925,0,0,0,2,0,0,0,9,
278559513,0.0451999,-0.08712,0.183713,0,0,0,2,0,0,0,9,
278559553,0.1201,-0.08712,0.16125,0,0,0,2,0,0,0,9,
278559593,0.16015,-0.08712,0.16125,0,0,0,2,0,0,0,9,
278559633,0.24515,-0.08712,0.165038,0,0,0,2,0,0,0,9,
278559674,0.34015,-0.08712,0.183788,-5.38978,6.23161,1.73318,2,0,0,0,9,
278559714,0.4152,-0.08712,0.206288,-19.7779,63.3195,27.1313,2,0,0,0,9,
278559753,0.48005,-0.08712,0.217538,12.7988,40.4166,23.8524,2,0,0,0,9,
278559793,0.49,-0.08712,0.225038,1.66542,2.33521,1.54457,2,0,0,0,9,
278559833,0.49,-0.08712,0.225038,0,0,0,2,0,0,0,9,
278559873,0.48995,-0.08712,0.236288,0,0,0,2,0,0,0,9,
278559913,0.47495,-0.08712,0.258825,0,0,0,2,0,0,0,9,
278559953,0.4349,-0.08712,0.315112,0,0,0,2,0,0,0,9,
278559994,0.3799,-0.08712,0.386438,0,0,0,2,0,0,0,9,
278560034,0.29485,-0.08712,0.480188,0,0,0,2,0,0,0,9,
278560073,0.2349,-0.08712,0.547612,0,0,-28.9823,2,0,0,0,9,
278560113,0.1899,-0.08712,0.596362,0,0,-144.598,2,0,0,0,9,
278560153,0.1399,-0.08712,0.633788,0,0,-246.848,2,0,0,0,9,
278560193,0.10995,-0.08712,0.64875,0,0,-304.491,2,0,0,0,9,
278560233,0.09,-0.08712,0.663788,0,0,-335.008,2,0,0,0,9,
278560274,0.0749499,-0.08712,0.682575,0,0,-376.283,2,0,0,0,9,
278560314,0.05,-0.08712,0.708788,0,0,-425.815,2,0,0,0,9,
278560354,0.045,-0.08712,0.712538,0,0,-463.716,2,0,0,0,9,
278560393,0.0700999,-0.08712,0.708637,0,0,-467.783,2,0,0,0,9,
278560433,0.1301,-0.08712,0.656137,0,0,-416.386,2,0,0,0,9,
278560473,0.18005,-0.08712,0.57735,0,0,-284.287,2,0,0,0,9,
278560513,0.2,-0.08712,0.479775,0,0,-90.3375,2,0,0,0,9,
278560553,0.17985,-0.08712,0.397425,0,0,0,2,0,0,0,9,
278560594,0.17985,-0.08712,0.397425,0,0,0,2,0,0,0,9,
278560634,0.17985,-0.08712,0.397425,0,0,0,2,0,0,0,9,
278560673,0.17985,-0.08712,0.397425,0,0,0,2,0,0,0,9,
278560713,0.17985,-0.08712,0.397425,0,0,0,2,0,0,0,9,
278560753,0.17985,-0.08712,0.397425,0,0,0,2,0,0,0,9,
278560793,0.2001,-0.08712,0.36735,0,0,0,2,0,0,0,9,
278560833,0.2501,-0.08712,0.307425,0,0,0,2,0,0,0,9,
278560873,0.2851,-0.08712,0.251137,0,0,0,2,0,0,0,9,
278560914,0.33,-0.08712,0.228825,0,0,0,2,0,0,0,9,
278560954,0.3149,-0.08712,0.285188,0,0,0,2,0,0,0,9,
278560993,0.26495,-0.08712,0.36015,0,0,0,2,0,0,0,9,
278561033,0.22995,-0.08712,0.499013,0,0,0,2,0,0,0,9,
278561073,0.1899,-0.08712,0.630225,0,0,-108.314,2,0,0,0,9,
278561113,0.1499,-0.08712,0.7314,0,0,-374.995,2,0,0,0,9,
278561153,0.11995,-0.08712,0.810075,0,0,-574.538,2,0,0,0,9,
278561193,0.10495,-0.08712,0.862612,0,0,-719.631,2,0,0,0,9,
278561234,0.07995,-0.08712,0.930112,0,0,-853.347,2,0,0,0,9,
278561274,0.07,-0.08712,0.986287,0,0,-995.197,2,0,0,0,9,
278561313,0.07,-0.08712,0.986287,0,0,-1067.63,2,0,0,0,9,
278561353,0.07,-0.08712,0.986287,0,0,-1067.63,2,0,0,0,9,
278561393,0.07,-0.08712,0.986287,0,0,-1067.63,2,0,0,0,9,
278561433,0.07,-0.08712,0.986287,0,0,-1067.63,2,0,0,0,9,
278561473,0.07,-0.08712,0.986287,0,0,-1067.63,2,0,0,0,9,
278561513,0.0800999,-0.08712,0.963637,0,0,-1061.69,2,0,0,0,9,
278561554,0.12505,-0.08712,0.866063,0,0,-949.971,2,0,0,0,9,
278561594,0.15005,-0.08712,0.73845,0,0,-697.389,2,0,0,0,9,
278561633,0.1751,-0.08712,0.58095,0,0,-385.407,2,0,0,0,9,
278561673,0.21505,-0.08712,0.4197,0,0,-70.8592,2,0,0,0,9,
278561713,0.24005,-0.08712,0.303563,0,0,0,2,0,0,0,9,
278561753,0.245,-0.08712,0.22485,0,0,0,2,0,0,0,9,
278561793,0.245,-0.08712,0.172463,0,0,0,2,0,0,0,9,
278561833,0.245,-0.08712,0.164963,0,0,0,2,0,0,0,9,
278561874,0.23995,-0.08712,0.112275,0,0,0,2,0,0,0,9,
278561914,0.225,-0.08712,-0.0228375,0,0,0,2,0,0,0,9,
278561953,0.2451,-0.08712,-0.202912,0,0,0,2,0,0,0,9,
278561993,0.28505,-0.08712,-0.4392,0,0,0,2,0,0,0,9,
278562033,0.32005,-0.08712,-0.645187,0,0,0,2,0,0,0,9,
278562073,0.35,-0.08712,-0.697538,0,0,0,2,0,0,0,9,
278562113,0.35,-0.08712,-0.697538,0,0,0,2,0,0,0,9,
278562154,0.35,-0.08712,-0.701212,0,0,0,2,0,0,0,9,
278562194,0.35,-0.08712,-0.693712,0,0,0,2,0,0,0,9,
278562234,0.35,-0.08712,-0.693712,0,0,0,2,0,0,0,9,
278562273,0.35,-0.08712,-0.682462,0,0,0,2,0,0,0,9,
278562313,0.34995,-0.08712,-0.656175,0,0,0,2,0,0,0,9,
278562353,0.34,-0.08712,-0.622425,0,0,0,2,0,0,0,9,
278562393,0.33,-0.08712,-0.57735,0,0,0,2,0,0,0,9,
278562433,0.33,-0.08712,-0.5061,0,0,0,2,0,0,0,9,
278562474,0.32495,-0.08712,-0.434887,0,0,0,2,0,0,0,9,
278562514,0.315,-0.08712,-0.408675,0,0,0,2,0,0,0,9,
278562553,0.315,-0.08712,-0.408675,0,0,0,2,0,0,0,9,
278562593,0.2949,-0.08712,-0.3975,0,0,0,2,0,0,0,9,
278562633,0.25485,-0.08712,-0.401287,0,0,0,2,0,0,0,9,
278562673,0.25485,-0.08712,-0.401287,0,0,0,2,0,0,0,9,
278562713,0.25485,-0.08712,-0.401287,0,0,0,2,0,0,0,9,
278562753,0.25485,-0.08712,-0.401287,0,0,0,2,0,0,0,9,
278562794,0.25485,-0.08712,-0.401287,0,0,0,2,0,0,0,9,
278562834,0.24005,-0.08712,-0.405,0,0,0,2,0,0,0,9,
278562873,0.24005,-0.08712,-0.405,0,0,0,2,0,0,0,9,
