milisec,RacketX,RacketY,RacketZ,forceX,forceX,forceX,ForceRatio,FriendPoint,EnemyPoint,haptics,scene
229973463,0,0,0,0,0,0,0,0,0,0,0,
229973513,0,0,0,0,0,0,0,0,0,0,0,
229973573,0,0,0,0,0,0,0,0,0,0,0,
229973634,0,0,0,0,0,0,0,0,0,0,0,
229973714,0,0,0,0,0,0,0,0,0,0,0,
229973754,0,0,0,0,0,0,0,0,0,0,0,
229973814,0,0,0,0,0,0,0,0,0,0,0,
229973874,0,0,0,0,0,0,0,0,0,0,0,
229973934,0,0,0,0,0,0,0,0,0,0,0,
229973994,0,0,0,0,0,0,0,0,0,0,0,
229974054,0,0,0,0,0,0,0,0,0,0,0,
229974114,0,0,0,0,0,0,0,0,0,0,0,
229974174,0,0,0,0,0,0,0,0,0,0,0,
229974234,0,0,0,0,0,0,0,0,0,0,0,
229974295,0,0,0,0,0,0,0,0,0,0,0,
229974355,0,0,0,0,0,0,0,0,0,0,0,
229974415,0,0,0,0,0,0,0,0,0,0,0,
229974475,0,0,0,0,0,0,0,0,0,0,0,
229974535,0,0,0,0,0,0,0,0,0,0,0,
229974595,0,0,0,0,0,0,0,0,0,0,0,
229974655,0,0,0,0,0,0,0,0,0,0,0,
229974715,0,0,0,0,0,0,0,0,0,0,0,
229974775,0,0,0,0,0,0,0,0,0,0,0,
229974835,0,0,0,0,0,0,0,0,0,0,0,
229974895,0,0,0,0,0,0,0,0,0,0,0,
229974955,0,0,0,0,0,0,0,0,0,0,0,
229975016,0,0,0,0,0,0,0,0,0,0,0,
229975076,0,0,0,0,0,0,0,0,0,0,0,
229975136,0,0,0,0,0,0,0,0,0,0,0,
229975196,0,0,0,0,0,0,0,0,0,0,0,
229975256,0,0,0,0,0,0,0,0,0,0,0,
229975316,0,0,0,0,0,0,0,0,0,0,0,
229975376,0,0,0,0,0,0,0,0,0,0,0,
229975436,0,0,0,0,0,0,0,0,0,0,0,
229975496,0,0,0,0,0,0,0,0,0,0,0,
229975556,0,0,0,0,0,0,0,0,0,0,0,
229975616,0,0,0,0,0,0,0,0,0,0,0,
229975677,0,0,0,0,0,0,0,0,0,0,0,
229975737,0,0,0,0,0,0,0,0,0,0,0,
229975797,0,0,0,0,0,0,0,0,0,0,0,
229975857,0,0,0,0,0,0,0,0,0,0,0,
229975917,0,0,0,0,0,0,0,0,0,0,0,
229975977,0,0,0,0,0,0,0,0,0,0,0,
229976037,0,0,0,0,0,0,0,0,0,0,0,
229976097,0,0,0,0,0,0,0,0,0,0,0,
229976157,0,0,0,0,0,0,0,0,0,0,0,
229976217,0,0,0,0,0,0,0,0,0,0,0,
229976277,0,0,0,0,0,0,0,0,0,0,0,
229976337,0,0,0,0,0,0,0,0,0,0,0,
229976398,0,0,0,0,0,0,0,0,0,0,0,
229976458,0,0,0,0,0,0,0,0,0,0,0,
229976518,0,0,0,0,0,0,0,0,0,0,0,
229976578,0,0,0,0,0,0,0,0,0,0,0,
229976638,0,0,0,0,0,0,0,0,0,0,0,
229976698,0,0,0,0,0,0,0,0,0,0,0,
229976758,0,0,0,0,0,0,0,0,0,0,0,
229976818,0,0,0,0,0,0,0,0,0,0,0,
229976878,0,0,0,0,0,0,0,0,0,0,0,
229976938,0,0,0,0,0,0,0,0,0,0,0,
229976998,0,0,0,0,0,0,0,0,0,0,0,
229977059,0,0,0,0,0,0,0,0,0,0,0,
229977119,0,0,0,0,0,0,0,0,0,0,0,
229977179,0,0,0,0,0,0,0,0,0,0,0,
229977239,0,0,0,0,0,0,0,0,0,0,0,
229977299,0,0,0,0,0,0,0,0,0,0,0,
229977359,0,0,0,0,0,0,0,0,0,0,0,
229977419,0,0,0,0,0,0,0,0,0,0,0,
229977479,0,0,0,0,0,0,0,0,0,0,0,
229977539,0,0,0,0,0,0,0,0,0,0,0,
229977599,0,0,0,0,0,0,0,0,0,0,0,
229977659,0,0,0,0,0,0,0,0,0,0,0,
229977719,0,0,0,0,0,0,0,0,0,0,0,
229977780,0,0,0,0,0,0,0,0,0,0,0,
229977840,0,0,0,0,0,0,0,0,0,0,0,
229977900,0,0,0,0,0,0,0,0,0,0,0,
229977960,0,0,0,0,0,0,0,0,0,0,0,
229978020,0,0,0,0,0,0,0,0,0,0,0,
229978080,0,0,0,0,0,0,0,0,0,0,0,
229978140,0,0,0,0,0,0,0,0,0,0,0,
229978200,0,0,0,0,0,0,0,0,0,0,0,
229978260,0,0,0,0,0,0,0,0,0,0,0,
229978320,0,0,0,0,0,0,0,0,0,0,0,
229978380,0,0,0,0,0,0,0,0,0,0,0,
229978440,0,0,0,0,0,0,0,0,0,0,0,
229978501,0,0,0,0,0,0,0,0,0,0,0,
229978561,0,0,0,0,0,0,0,0,0,0,0,
229978621,0,0,0,0,0,0,0,0,0,0,0,
229978681,0,0,0,0,0,0,0,0,0,0,0,
229978741,0,0,0,0,0,0,0,0,0,0,0,
229978801,0,0,0,0,0,0,0,0,0,0,0,
229978861,0,0,0,0,0,0,0,0,0,0,0,
229978921,0,0,0,0,0,0,0,0,0,0,0,
229978981,0,0,0,0,0,0,0,0,0,0,0,
229979041,0,0,0,0,0,0,0,0,0,0,0,
229979101,0,0,0,0,0,0,0,0,0,0,0,
229979162,0,0,0,0,0,0,0,0,0,0,0,
229979222,0,0,0,0,0,0,0,0,0,0,0,
229979282,0,0,0,0,0,0,0,0,0,0,0,
229979342,0,0,0,0,0,0,0,0,0,0,0,
229979402,0,0,0,0,0,0,0,0,0,0,0,
229979462,0,0,0,0,0,0,0,0,0,0,0,
229979522,0,0,0,0,0,0,0,0,0,0,0,
229979582,0,0,0,0,0,0,0,0,0,0,0,
229979642,0,0,0,0,0,0,0,0,0,0,0,
229979702,0,0,0,0,0,0,0,0,0,0,0,
229979762,0,0,0,0,0,0,0,0,0,0,0,
229979822,0,0,0,0,0,0,0,0,0,0,0,
229979883,0,0,0,0,0,0,0,0,0,0,0,
229979943,0,0,0,0,0,0,0,0,0,0,0,
229980003,0,0,0,0,0,0,0,0,0,0,0,
229980063,0,0,0,0,0,0,0,0,0,0,0,
229980123,0,0,0,0,0,0,0,0,0,0,0,
229980183,0,0,0,0,0,0,0,0,0,0,0,
229980243,0,0,0,0,0,0,0,0,0,0,0,
229980303,0,0,0,0,0,0,0,0,0,0,0,
229980363,0,0,0,0,0,0,0,0,0,0,0,
229980423,0,0,0,0,0,0,0,0,0,0,0,
229980483,0,0,0,0,0,0,0,0,0,0,0,
229980544,0,0,0,0,0,0,0,0,0,0,0,
229980604,0,0,0,0,0,0,0,0,0,0,0,
229980664,0,0,0,0,0,0,0,0,0,0,0,
229980724,0,0,0,0,0,0,0,0,0,0,0,
229980784,0,0,0,0,0,0,0,0,0,0,0,
229980844,0,0,0,0,0,0,0,0,0,0,0,
229980904,0,0,0,0,0,0,0,0,0,0,0,
229980964,0,0,0,0,0,0,0,0,0,0,0,
229981024,0,0,0,0,0,0,0,0,0,0,0,
229981084,0,0,0,0,0,0,0,0,0,0,0,
229981144,0,0,0,0,0,0,0,0,0,0,0,
229981204,0,0,0,0,0,0,0,0,0,0,0,
229981265,0,0,0,0,0,0,0,0,0,0,0,
229981325,0,0,0,0,0,0,0,0,0,0,0,
229981385,0,0,0,0,0,0,0,0,0,0,0,
229981445,0,0,0,0,0,0,0,0,0,0,0,
229981505,0,0,0,0,0,0,0,0,0,0,0,
229981565,0,0,0,0,0,0,0,0,0,0,0,
229981625,0,0,0,0,0,0,0,0,0,0,0,
229981685,0,0,0,0,0,0,0,0,0,0,0,
229981745,0,0,0,0,0,0,0,0,0,0,0,
229981805,0,0,0,0,0,0,0,0,0,0,0,
229981865,0,0,0,0,0,0,0,0,0,0,0,
229981925,0,0,0,0,0,0,0,0,0,0,0,
229981986,0,0,0,0,0,0,0,0,0,0,0,
229982046,0,0,0,0,0,0,0,0,0,0,0,
229982106,0,0,0,0,0,0,0,0,0,0,0,
229982166,0,0,0,0,0,0,0,0,0,0,0,
229982226,0,0,0,0,0,0,0,0,0,0,0,
229982286,0,0,0,0,0,0,0,0,0,0,0,
229982346,0,0,0,0,0,0,0,0,0,0,0,
229982406,0,0,0,0,0,0,0,0,0,0,0,
229982466,0,0,0,0,0,0,0,0,0,0,0,
229982526,0,0,0,0,0,0,0,0,0,0,0,
229982586,0,0,0,0,0,0,0,0,0,0,0,
229982647,0,0,0,0,0,0,0,0,0,0,0,
229982707,0,0,0,0,0,0,0,0,0,0,0,
229982767,0,0,0,0,0,0,0,0,0,0,0,
229982827,0,0,0,0,0,0,0,0,0,0,0,
229982887,0,0,0,0,0,0,0,0,0,0,0,
229982947,0,0,0,0,0,0,0,0,0,0,0,
229983007,0,0,0,0,0,0,0,0,0,0,0,
229983067,0,0,0,0,0,0,0,0,0,0,0,
229983127,0,0,0,0,0,0,0,0,0,0,0,
229983187,0,0,0,0,0,0,0,0,0,0,0,
229983247,0,0,0,0,0,0,0,0,0,0,0,
229983307,0,0,0,0,0,0,0,0,0,0,0,
229983368,0,0,0,0,0,0,0,0,0,0,0,
229983428,0,0,0,0,0,0,0,0,0,0,0,
229983488,0,0,0,0,0,0,0,0,0,0,0,
229983548,0,0,0,0,0,0,0,0,0,0,0,
229983608,0,0,0,0,0,0,0,0,0,0,0,
229983668,0,0,0,0,0,0,0,0,0,0,0,
229983728,0,0,0,0,0,0,0,0,0,0,0,
229983788,0,0,0,0,0,0,0,0,0,0,0,
229983848,0,0,0,0,0,0,0,0,0,0,0,
229983908,0,0,0,0,0,0,0,0,0,0,0,
229983968,0,0,0,0,0,0,0,0,0,0,0,
229984029,0,0,0,0,0,0,0,0,0,0,0,
229984089,0,0,0,0,0,0,0,0,0,0,0,
229984149,0,0,0,0,0,0,0,0,0,0,0,
229984209,0,0,0,0,0,0,0,0,0,0,0,
229984269,0,0,0,0,0,0,0,0,0,0,0,
229984329,0,0,0,0,0,0,0,0,0,0,0,
229984389,0,0,0,0,0,0,0,0,0,0,0,
229984449,0,0,0,0,0,0,0,0,0,0,0,
229984509,0,0,0,0,0,0,0,0,0,0,0,
229984569,0,0,0,0,0,0,0,0,0,0,0,
229984629,0,0,0,0,0,0,0,0,0,0,0,
229984689,0,0,0,0,0,0,0,0,0,0,0,
229984750,0,0,0,0,0,0,0,0,0,0,0,
229984810,0,0,0,0,0,0,0,0,0,0,0,
229984870,0,0,0,0,0,0,0,0,0,0,0,
229984930,0,0,0,0,0,0,0,0,0,0,0,
229984990,0,0,0,0,0,0,0,0,0,0,0,
229985050,0,0,0,0,0,0,0,0,0,0,0,
229985110,0,0,0,0,0,0,0,0,0,0,0,
229985170,0,0,0,0,0,0,0,0,0,0,0,
229985230,0,0,0,0,0,0,0,0,0,0,0,
229985290,0,0,0,0,0,0,0,0,0,0,0,
229985350,0,0,0,0,0,0,0,0,0,0,0,
229985411,0,0,0,0,0,0,0,0,0,0,0,
229985471,0,0,0,0,0,0,0,0,0,0,0,
229985531,0,0,0,0,0,0,0,0,0,0,0,
229985591,0,0,0,0,0,0,0,0,0,0,0,
229985651,0,0,0,0,0,0,0,0,0,0,0,
229985711,0,0,0,0,0,0,0,0,0,0,0,
229985771,0,0,0,0,0,0,0,0,0,0,0,
229985831,0,0,0,0,0,0,0,0,0,0,0,
229985891,0,0,0,0,0,0,0,0,0,0,0,
229985951,0,0,0,0,0,0,0,0,0,0,0,
229986011,0,0,0,0,0,0,0,0,0,0,0,
229986071,0,0,0,0,0,0,0,0,0,0,0,
229986132,0,0,0,0,0,0,0,0,0,0,0,
229986192,0,0,0,0,0,0,0,0,0,0,0,
229986252,0,0,0,0,0,0,0,0,0,0,0,
229986312,0,0,0,0,0,0,0,0,0,0,0,
229986372,0,0,0,0,0,0,0,0,0,0,0,
229986432,0,0,0,0,0,0,0,0,0,0,0,
229986492,0,0,0,0,0,0,0,0,0,0,0,
229986552,0,0,0,0,0,0,0,0,0,0,0,
229986612,0,0,0,0,0,0,0,0,0,0,0,
229986672,0,0,0,0,0,0,0,0,0,0,0,
229986732,0,0,0,0,0,0,0,0,0,0,0,
229986792,0,0,0,0,0,0,0,0,0,0,0,
229986853,0,0,0,0,0,0,0,0,0,0,0,
229986913,0,0,0,0,0,0,0,0,0,0,0,
229986973,0,0,0,0,0,0,0,0,0,0,0,
229987033,0,0,0,0,0,0,0,0,0,0,0,
229987093,0,0,0,0,0,0,0,0,0,0,0,
229987153,0,0,0,0,0,0,0,0,0,0,0,
229987213,0,0,0,0,0,0,0,0,0,0,0,
229987273,0,0,0,0,0,0,0,0,0,0,0,
229987333,0,0,0,0,0,0,0,0,0,0,0,
229987393,0,0,0,0,0,0,0,0,0,0,0,
229987453,0,0,0,0,0,0,0,0,0,0,0,
229987514,0,0,0,0,0,0,0,0,0,0,0,
229987574,0,0,0,0,0,0,0,0,0,0,0,
229987634,0,0,0,0,0,0,0,0,0,0,0,
229987694,0,0,0,0,0,0,0,0,0,0,0,
229987754,0,0,0,0,0,0,0,0,0,0,0,
229987814,0,0,0,0,0,0,0,0,0,0,0,
