milisec,RacketX,RacketY,RacketZ,forceX,forceX,forceX,ForceRatio,FriendPoint,EnemyPoint,haptics,scene
8969227,-1.5,-0.88,1.5,26789.2,14331.7,-29851.9,27.4,0,0,0,0,
8969350,-1.4709,-0.88,1.4898,5932.72,3266.78,-6743.62,6.2,0,0,0,0,
8969354,-1.4709,-0.88,1.4898,191.378,105.38,-217.536,0.2,0,0,0,0,
8969451,-1.4709,-0.88,1.4898,4593.07,2529.12,-5220.86,4.8,0,0,0,0,
8969455,-1.4709,-0.88,1.4898,191.378,105.38,-217.536,0.2,0,0,0,0,
8969493,-1.4709,-0.88,1.4898,1913.78,1053.8,-2175.36,2,0,0,0,0,
8969533,-1.4709,-0.88,1.4898,1913.78,1053.8,-2175.36,2,0,0,0,0,
8969581,-1.4709,-0.88,1.4898,2296.54,1264.56,-2610.43,2.4,0,0,0,0,
8969613,-1.4709,-0.88,1.4898,1531.02,843.04,-1740.29,1.6,0,0,0,0,
8969652,-1.4709,-0.88,1.4898,1913.78,1053.8,-2175.36,2,0,0,0,0,
8969692,-1.4709,-0.88,1.4898,1913.78,1053.8,-2175.36,2,0,0,0,0,
8969732,-1.4709,-0.88,1.4898,1913.78,1053.8,-2175.36,2,0,0,0,0,
8969773,-1.4709,-0.88,1.4898,1913.78,1053.8,-2175.36,2,0,0,0,0,
8969813,-1.4709,-0.88,1.4898,1913.78,1053.8,-2175.36,2,0,0,0,0,
8969853,-1.4709,-0.88,1.4898,1913.78,1053.8,-2175.36,2,0,0,0,0,
8969893,-1.4709,-0.88,1.4898,1913.78,1053.8,-2175.36,2,0,0,0,0,
8969933,-1.4709,-0.88,1.4898,1913.78,1053.8,-2175.36,2,0,0,0,0,
8969972,-1.4709,-0.88,1.4898,1913.78,1053.8,-2175.36,2,0,0,0,0,
8970012,-1.4709,-0.88,1.4898,1913.78,1053.8,-2175.36,2,0,0,0,0,
8970052,-1.4709,-0.88,1.4898,1913.78,1053.8,-2175.36,2,0,0,0,0,
8970093,-1.4709,-0.88,1.4898,1913.78,1053.8,-2175.36,2,0,0,0,0,
8970133,-1.4709,-0.88,1.4898,1913.78,1053.8,-2175.36,2,0,0,0,0,
8970173,-1.4709,-0.88,1.4898,1913.78,1053.8,-2175.36,2,0,0,0,0,
8970213,-1.4709,-0.88,1.4898,1913.78,1053.8,-2175.36,2,0,0,0,0,
8970253,-1.4709,-0.88,1.4898,1913.78,1053.8,-2175.36,2,0,0,0,0,
8970292,-1.4709,-0.88,1.4898,1913.78,1053.8,-2175.36,2,0,0,0,0,
8970332,-1.4709,-0.88,1.4898,1913.78,1053.8,-2175.36,2,0,0,0,0,
8970372,-1.4709,-0.88,1.4898,1913.78,1053.8,-2175.36,2,0,0,0,0,
8970413,-1.4709,-0.88,1.4898,1913.78,1053.8,-2175.36,2,0,0,0,0,
8970453,-1.4709,-0.88,1.4898,1913.78,1053.8,-2175.36,2,0,0,0,0,
8970493,-1.4709,-0.88,1.4898,1913.78,1053.8,-2175.36,2,0,0,0,0,
8970533,-1.4709,-0.88,1.4898,1913.78,1053.8,-2175.36,2,0,0,0,0,
8970572,-1.4709,-0.88,1.4898,1913.78,1053.8,-2175.36,2,0,0,0,0,
8970612,-1.4709,-0.88,1.4898,1913.78,1053.8,-2175.36,2,0,0,0,0,
8970652,-1.4709,-0.88,1.4898,1913.78,1053.8,-2175.36,2,0,0,0,0,
8970692,-1.4709,-0.88,1.4898,1913.78,1053.8,-2175.36,2,0,0,0,0,
8970733,-1.4709,-0.88,1.4898,1913.78,1053.8,-2175.36,2,0,0,0,0,
8970773,-1.4709,-0.88,1.4898,1913.78,1053.8,-2175.36,2,0,0,0,0,
8970813,-1.4709,-0.88,1.4898,1913.78,1053.8,-2175.36,2,0,0,0,0,
8970853,-1.4709,-0.88,1.4898,1913.78,1053.8,-2175.36,2,0,0,0,0,
8970892,-1.4709,-0.88,1.4898,1913.78,1053.8,-2175.36,2,0,0,0,0,
8970932,-1.4709,-0.88,1.4898,1913.78,1053.8,-2175.36,2,0,0,0,0,
8970972,-1.4709,-0.88,1.4898,1913.78,1053.8,-2175.36,2,0,0,0,0,
8971013,-1.4709,-0.88,1.4898,1913.78,1053.8,-2175.36,2,0,0,0,0,
8971053,-1.4709,-0.88,1.4898,1913.78,1053.8,-2175.36,2,0,0,0,0,
8971093,-1.4709,-0.88,1.4898,1913.78,1053.8,-2175.36,2,0,0,0,0,
8971133,-1.4709,-0.88,1.4898,1913.78,1053.8,-2175.36,2,0,0,0,0,
8971173,-1.4709,-0.88,1.4898,1913.78,1053.8,-2175.36,2,0,0,0,0,
8971212,-1.4709,-0.88,1.4898,1913.78,1053.8,-2175.36,2,0,0,0,0,
8971252,-1.4709,-0.88,1.4898,1913.78,1053.8,-2175.36,2,0,0,0,0,
8971292,-1.4709,-0.88,1.4898,1913.78,1053.8,-2175.36,2,0,0,0,0,
8971333,-1.4709,-0.88,1.4898,1913.78,1053.8,-2175.36,2,0,0,0,0,
8971383,-1.4709,-0.88,1.4898,2296.54,1264.56,-2610.43,2.4,0,0,0,8,
8971413,-1.4709,-0.88,1.4898,1531.02,843.04,-1740.29,1.6,0,0,0,8,
8971453,-1.4709,-0.88,1.4898,1913.78,1053.8,-2175.36,2,0,0,0,8,
8971493,-1.4709,-0.88,1.4898,1913.78,1053.8,-2175.36,2,0,0,0,8,
8971532,-1.4709,-0.88,1.4898,1913.78,1053.8,-2175.36,2,0,0,0,8,
8971572,-1.4709,-0.88,1.4898,1913.78,1053.8,-2175.36,2,0,0,0,8,
8971612,-1.4709,-0.88,1.4898,1913.78,1053.8,-2175.36,2,0,0,0,8,
8971653,-1.4709,-0.88,1.4898,1913.78,1053.8,-2175.36,2,0,0,0,8,
8971693,-1.4709,-0.88,1.4898,1913.78,1053.8,-2175.36,2,0,0,0,8,
8971733,-1.4709,-0.88,1.4898,1913.78,1053.8,-2175.36,2,0,0,0,8,
8971773,-1.4709,-0.88,1.4898,1913.78,1053.8,-2175.36,2,0,0,0,8,
8971813,-1.4709,-0.88,1.4898,1913.78,1053.8,-2175.36,2,0,0,0,8,
8971852,-1.4709,-0.88,1.4898,1913.78,1053.8,-2175.36,2,0,0,0,8,
8971892,-1.4709,-0.88,1.4898,1913.78,1053.8,-2175.36,2,0,0,0,8,
8971932,-1.4709,-0.88,1.4898,1913.78,1053.8,-2175.36,2,0,0,0,8,
8971973,-1.4709,-0.88,1.4898,1913.78,1053.8,-2175.36,2,0,0,0,8,
8972013,-1.4709,-0.88,1.4898,1913.78,1053.8,-2175.36,2,0,0,0,8,
8972053,-1.4709,-0.88,1.4898,1913.78,1053.8,-2175.36,2,0,0,0,8,
8972093,-1.4709,-0.88,1.4898,1913.78,1053.8,-2175.36,2,0,0,0,8,
8972133,-1.4709,-0.88,1.4898,1913.78,1053.8,-2175.36,2,0,0,0,8,
8972194,-1.4709,-0.88,1.4898,2870.67,1580.7,-3263.04,3,0,0,0,8,
8972213,-1.4709,-0.88,1.4898,956.89,526.9,-1087.68,1,0,0,0,8,
8972252,-1.4709,-0.88,1.4898,1913.78,1053.8,-2175.36,2,0,0,0,8,
8972293,-1.4709,-0.88,1.4898,1913.78,1053.8,-2175.36,2,0,0,0,8,
8972333,-1.4709,-0.88,1.4898,1913.78,1053.8,-2175.36,2,0,0,0,8,
8972373,-1.4709,-0.88,1.4898,1913.78,1053.8,-2175.36,2,0,0,0,8,
8972413,-1.4709,-0.88,1.4898,1913.78,1053.8,-2175.36,2,0,0,0,8,
8972452,-1.4709,-0.88,1.4898,1913.78,1053.8,-2175.36,2,0,0,0,8,
8972492,-1.4709,-0.88,1.4898,1913.78,1053.8,-2175.36,2,0,0,0,8,
8972532,-1.4709,-0.88,1.4898,1913.78,1053.8,-2175.36,2,0,0,0,8,
8972572,-1.4709,-0.88,1.4898,1913.78,1053.8,-2175.36,2,0,0,0,8,
8972614,-1.4709,-0.88,1.4898,1913.78,1053.8,-2175.36,2,0,0,0,8,
8972653,-1.4709,-0.88,1.4898,1913.78,1053.8,-2175.36,2,0,0,0,8,
8972693,-1.4709,-0.88,1.4898,1913.78,1053.8,-2175.36,2,0,0,0,8,
8972733,-1.4709,-0.88,1.4898,1913.78,1053.8,-2175.36,2,0,0,0,8,
8972772,-1.4709,-0.88,1.4898,1913.78,1053.8,-2175.36,2,0,0,0,8,
8972812,-1.4709,-0.88,1.4898,1913.78,1053.8,-2175.36,2,0,0,0,8,
8972852,-1.4709,-0.88,1.4898,1913.78,1053.8,-2175.36,2,0,0,0,8,
8972893,-1.4709,-0.88,1.4898,1913.78,1053.8,-2175.36,2,0,0,0,8,
8972933,-1.4709,-0.88,1.4898,1913.78,1053.8,-2175.36,2,0,0,0,8,
8972973,-1.4709,-0.88,1.4898,1913.78,1053.8,-2175.36,2,0,0,0,8,
8973013,-1.4709,-0.88,1.4898,1913.78,1053.8,-2175.36,2,0,0,0,8,
8973053,-1.4709,-0.88,1.4898,1913.78,1053.8,-2175.36,2,0,0,0,8,
8973092,-1.4709,-0.88,1.4898,1913.78,1053.8,-2175.36,2,0,0,0,8,
8973132,-1.4709,-0.88,1.4898,1913.78,1053.8,-2175.36,2,0,0,0,8,
8973172,-1.4709,-0.88,1.4898,1913.78,1053.8,-2175.36,2,0,0,0,8,
8973213,-1.4709,-0.88,1.4898,1913.78,1053.8,-2175.36,2,0,0,0,8,
8973253,-1.4709,-0.88,1.4898,1913.78,1053.8,-2175.36,2,0,0,0,8,
8973293,-1.4709,-0.88,1.4898,1913.78,1053.8,-2175.36,2,0,0,0,8,
8973333,-1.4709,-0.88,1.4898,1913.78,1053.8,-2175.36,2,0,0,0,8,
8973373,-1.4709,-0.88,1.4898,1913.78,1053.8,-2175.36,2,0,0,0,8,
8973412,-1.4709,-0.88,1.4898,1913.78,1053.8,-2175.36,2,0,0,0,8,
8973453,-1.4709,-0.88,1.4898,1913.78,1053.8,-2175.36,2,0,0,0,8,
8973492,-1.4709,-0.88,1.4898,1913.78,1053.8,-2175.36,2,0,0,0,8,
8973533,-1.4709,-0.88,1.4898,1913.78,1053.8,-2175.36,2,0,0,0,8,
8973573,-1.4709,-0.88,1.4898,1913.78,1053.8,-2175.36,2,0,0,0,8,
8973613,-1.4709,-0.88,1.4898,1913.78,1053.8,-2175.36,2,0,0,0,8,
8973653,-1.4709,-0.88,1.4898,1913.78,1053.8,-2175.36,2,0,0,0,8,
8973693,-1.4709,-0.88,1.4898,1913.78,1053.8,-2175.36,2,0,0,0,8,
8973732,-1.4709,-0.88,1.4898,1913.78,1053.8,-2175.36,2,0,0,0,8,
8973772,-1.4709,-0.88,1.4898,1913.78,1053.8,-2175.36,2,0,0,0,8,
8973812,-1.4709,-0.88,1.4898,1913.78,1053.8,-2175.36,2,0,0,0,8,
8973853,-1.4709,-0.88,1.4898,1913.78,1053.8,-2175.36,2,0,0,0,8,
8973893,-1.4709,-0.88,1.4898,1913.78,1053.8,-2175.36,2,0,0,0,8,
8973934,-1.4709,-0.88,1.4898,1913.78,1053.8,-2175.36,2,0,0,0,8,
8973973,-1.4709,-0.88,1.4898,1913.78,1053.8,-2175.36,2,0,0,0,8,
8974013,-1.4709,-0.88,1.4898,1913.78,1053.8,-2175.36,2,0,0,0,8,
8974052,-1.4709,-0.88,1.4898,1913.78,1053.8,-2175.36,2,0,0,0,8,
8974092,-1.4709,-0.88,1.4898,1913.78,1053.8,-2175.36,2,0,0,0,8,
8974132,-1.4709,-0.88,1.4898,1913.78,1053.8,-2175.36,2,0,0,0,8,
8974173,-1.4709,-0.88,1.4898,1913.78,1053.8,-2175.36,2,0,0,0,8,
8974213,-1.4709,-0.88,1.4898,1913.78,1053.8,-2175.36,2,0,0,0,8,
8974253,-1.4709,-0.88,1.4898,1913.78,1053.8,-2175.36,2,0,0,0,8,
8974293,-1.4709,-0.88,1.4898,1913.78,1053.8,-2175.36,2,0,0,0,8,
8974332,-1.4709,-0.88,1.4898,1913.78,1053.8,-2175.36,2,0,0,0,8,
8974372,-1.4709,-0.88,1.4898,1913.78,1053.8,-2175.36,2,0,0,0,8,
8974413,-1.4709,-0.88,1.4898,1913.78,1053.8,-2175.36,2,0,0,0,8,
8974453,-1.4709,-0.88,1.4898,1913.78,1053.8,-2175.36,2,0,0,0,8,
8974493,-1.4709,-0.88,1.4898,1913.78,1053.8,-2175.36,2,0,0,0,8,
8974533,-1.4709,-0.88,1.4898,1913.78,1053.8,-2175.36,2,0,0,0,8,
8974573,-1.4709,-0.88,1.4898,1913.78,1053.8,-2175.36,2,0,0,0,8,
8974613,-1.4709,-0.88,1.4898,1913.78,1053.8,-2175.36,2,0,0,0,8,
8974652,-1.4709,-0.88,1.4898,1913.78,1053.8,-2175.36,2,0,0,0,8,
8974692,-1.4709,-0.88,1.4898,1913.78,1053.8,-2175.36,2,0,0,0,8,
8974732,-1.4709,-0.88,1.4898,1913.78,1053.8,-2175.36,2,0,0,0,8,
8974773,-1.4709,-0.88,1.4898,1913.78,1053.8,-2175.36,2,0,0,0,8,
8974813,-1.4709,-0.88,1.4898,1913.78,1053.8,-2175.36,2,0,0,0,8,
8974853,-1.4709,-0.88,1.4898,1913.78,1053.8,-2175.36,2,0,0,0,8,
8974894,-1.4709,-0.88,1.4898,1913.78,1053.8,-2175.36,2,0,0,0,8,
8974933,-1.4709,-0.88,1.4898,1913.78,1053.8,-2175.36,2,0,0,0,8,
8974972,-1.4709,-0.88,1.4898,1913.78,1053.8,-2175.36,2,0,0,0,8,
8975012,-1.4709,-0.88,1.4898,1913.78,1053.8,-2175.36,2,0,0,0,8,
8975052,-1.4709,-0.88,1.4898,1913.78,1053.8,-2175.36,2,0,0,0,8,
8975093,-1.4709,-0.88,1.4898,1913.78,1053.8,-2175.36,2,0,0,0,8,
8975133,-1.4709,-0.88,1.4898,1913.78,1053.8,-2175.36,2,0,0,0,8,
8975173,-1.4709,-0.88,1.4898,1913.78,1053.8,-2175.36,2,0,0,0,8,
8975213,-1.4709,-0.88,1.4898,1913.78,1053.8,-2175.36,2,0,0,0,8,
8975253,-1.4709,-0.88,1.4898,1913.78,1053.8,-2175.36,2,0,0,0,8,
8975292,-1.4709,-0.88,1.4898,1913.78,1053.8,-2175.36,2,0,0,0,8,
8975332,-1.4709,-0.88,1.4898,1913.78,1053.8,-2175.36,2,0,0,0,8,
8975372,-1.4709,-0.88,1.4898,1913.78,1053.8,-2175.36,2,0,0,0,8,
8975413,-1.4709,-0.88,1.4898,1913.78,1053.8,-2175.36,2,0,0,0,8,
8975453,-1.4709,-0.88,1.4898,1913.78,1053.8,-2175.36,2,0,0,0,8,
8975493,-1.4709,-0.88,1.4898,1913.78,1053.8,-2175.36,2,0,0,0,8,
8975533,-1.4709,-0.88,1.4898,1913.78,1053.8,-2175.36,2,0,0,0,8,
8975573,-1.4709,-0.88,1.4898,1913.78,1053.8,-2175.36,2,0,0,0,8,
8975612,-1.4709,-0.88,1.4898,1913.78,1053.8,-2175.36,2,0,0,0,8,
8975652,-1.4709,-0.88,1.4898,1913.78,1053.8,-2175.36,2,0,0,0,8,
8975692,-1.4709,-0.88,1.4898,1913.78,1053.8,-2175.36,2,0,0,0,8,
8975733,-1.4709,-0.88,1.4898,1913.78,1053.8,-2175.36,2,0,0,0,8,
8975773,-1.4709,-0.88,1.4898,1913.78,1053.8,-2175.36,2,0,0,0,8,
8975813,-1.4709,-0.88,1.4898,1913.78,1053.8,-2175.36,2,0,0,0,8,
8975854,-1.4709,-0.88,1.4898,1913.78,1053.8,-2175.36,2,0,0,0,8,
8975893,-1.4709,-0.88,1.4898,1913.78,1053.8,-2175.36,2,0,0,0,8,
8975932,-1.4709,-0.88,1.4898,1913.78,1053.8,-2175.36,2,0,0,0,8,
8975972,-1.4709,-0.88,1.4898,1913.78,1053.8,-2175.36,2,0,0,0,8,
8976012,-1.4709,-0.88,1.4898,1913.78,1053.8,-2175.36,2,0,0,0,8,
8976053,-1.4709,-0.88,1.4898,1913.78,1053.8,-2175.36,2,0,0,0,8,
8976093,-1.4709,-0.88,1.4898,1913.78,1053.8,-2175.36,2,0,0,0,8,
8976133,-1.4709,-0.88,1.4898,1913.78,1053.8,-2175.36,2,0,0,0,8,
8976173,-1.4709,-0.88,1.4898,1913.78,1053.8,-2175.36,2,0,0,0,8,
8976212,-1.4709,-0.88,1.4898,1913.78,1053.8,-2175.36,2,0,0,0,8,
8976252,-1.4709,-0.88,1.4898,1913.78,1053.8,-2175.36,2,0,0,0,8,
8976292,-1.4709,-0.88,1.4898,1913.78,1053.8,-2175.36,2,0,0,0,8,
8976333,-1.4709,-0.88,1.4898,1913.78,1053.8,-2175.36,2,0,0,0,8,
8976373,-1.4709,-0.88,1.4898,1913.78,1053.8,-2175.36,2,0,0,0,8,
8976413,-1.4709,-0.88,1.4898,1913.78,1053.8,-2175.36,2,0,0,0,8,
8976453,-1.4709,-0.88,1.4898,1913.78,1053.8,-2175.36,2,0,0,0,8,
8976493,-1.4709,-0.88,1.4898,1913.78,1053.8,-2175.36,2,0,0,0,8,
8976533,-1.4709,-0.88,1.4898,1913.78,1053.8,-2175.36,2,0,0,0,9,
8976572,-1.4709,-0.88,1.4898,1913.78,1053.8,-2175.36,2,0,0,0,9,
8976612,-1.4709,-0.88,1.4898,1913.78,1053.8,-2175.36,2,0,0,0,9,
8976653,-1.4709,-0.88,1.4898,1913.78,1053.8,-2175.36,2,0,0,0,9,
8976693,-1.4709,-0.88,1.4898,1913.78,1053.8,-2175.36,2,0,0,0,9,
8976733,-1.4709,-0.88,1.4898,1913.78,1053.8,-2175.36,2,0,0,0,9,
8976773,-1.4709,-0.88,1.4898,1913.78,1053.8,-2175.36,2,0,0,0,9,
8976814,-1.4709,-0.88,1.4898,1913.78,1053.8,-2175.36,2,0,0,0,9,
8976852,-1.4709,-0.88,1.4898,1913.78,1053.8,-2175.36,2,0,0,0,9,
8976892,-1.4709,-0.88,1.4898,1913.78,1053.8,-2175.36,2,0,0,0,9,
8976932,-1.4709,-0.88,1.4898,1913.78,1053.8,-2175.36,2,0,0,0,9,
8976973,-1.4709,-0.88,1.4898,1913.78,1053.8,-2175.36,2,0,0,0,9,
8977013,-1.4709,-0.88,1.4898,1913.78,1053.8,-2175.36,2,0,0,0,9,
8977053,-1.4709,-0.88,1.4898,1913.78,1053.8,-2175.36,2,0,0,0,9,
8977093,-1.4709,-0.88,1.4898,1913.78,1053.8,-2175.36,2,0,0,0,9,
8977133,-1.4709,-0.88,1.4898,1913.78,1053.8,-2175.36,2,0,0,0,9,
8977172,-1.4709,-0.88,1.4898,1913.78,1053.8,-2175.36,2,0,0,0,9,
8977212,-1.4709,-0.88,1.4898,1913.78,1053.8,-2175.36,2,0,0,0,9,
8977252,-1.4709,-0.88,1.4898,1913.78,1053.8,-2175.36,2,0,0,0,9,
8977293,-1.4709,-0.88,1.4898,1913.78,1053.8,-2175.36,2,0,0,0,9,
8977333,-1.4709,-0.88,1.4898,1913.78,1053.8,-2175.36,2,0,0,0,9,
8977373,-1.4709,-0.88,1.4898,1913.78,1053.8,-2175.36,2,0,0,0,9,
8977413,-1.4709,-0.88,1.4898,1913.78,1053.8,-2175.36,2,0,0,0,9,
8977453,-1.4709,-0.88,1.4898,1913.78,1053.8,-2175.36,2,0,0,0,9,
8977492,-1.4709,-0.88,1.4898,1913.78,1053.8,-2175.36,2,0,0,0,9,
8977532,-1.4709,-0.88,1.4898,1913.78,1053.8,-2175.36,2,0,0,0,9,
8977572,-1.4709,-0.88,1.4898,1913.78,1053.8,-2175.36,2,0,0,0,9,
8977613,-1.4709,-0.88,1.4898,1913.78,1053.8,-2175.36,2,0,0,0,9,
8977653,-1.4709,-0.88,1.4898,1913.78,1053.8,-2175.36,2,0,0,0,9,
8977693,-1.4709,-0.88,1.4898,1913.78,1053.8,-2175.36,2,0,0,0,9,
8977733,-1.4709,-0.88,1.4898,1913.78,1053.8,-2175.36,2,0,0,0,9,
8977773,-1.4709,-0.88,1.4898,1913.78,1053.8,-2175.36,2,0,0,0,9,
8977812,-1.4709,-0.88,1.4898,1913.78,1053.8,-2175.36,2,0,0,0,9,
8977852,-1.4709,-0.88,1.4898,1913.78,1053.8,-2175.36,2,0,0,0,9,
8977892,-1.4709,-0.88,1.4898,1913.78,1053.8,-2175.36,2,0,0,0,9,
8977933,-1.4709,-0.88,1.4898,1913.78,1053.8,-2175.36,2,0,0,0,9,
8977973,-1.4709,-0.88,1.4898,1913.78,1053.8,-2175.36,2,0,0,0,9,
8978013,-1.4709,-0.88,1.4898,1913.78,1053.8,-2175.36,2,0,0,0,9,
8978053,-1.4709,-0.88,1.4898,1913.78,1053.8,-2175.36,2,0,0,0,9,
8978092,-1.4709,-0.88,1.4898,1913.78,1053.8,-2175.36,2,0,0,0,9,
8978132,-1.4709,-0.88,1.4898,1913.78,1053.8,-2175.36,2,0,0,0,9,
8978172,-1.4709,-0.88,1.4898,1913.78,1053.8,-2175.36,2,0,0,0,9,
8978212,-1.4709,-0.88,1.4898,1913.78,1053.8,-2175.36,2,0,0,0,9,
8978253,-1.4709,-0.88,1.4898,1913.78,1053.8,-2175.36,2,0,0,0,9,
8978293,-1.4709,-0.88,1.4898,1913.78,1053.8,-2175.36,2,0,0,0,9,
8978333,-1.4709,-0.88,1.4898,1913.78,1053.8,-2175.36,2,0,0,0,9,
8978373,-1.4709,-0.88,1.4898,1913.78,1053.8,-2175.36,2,0,0,0,9,
8978412,-1.4709,-0.88,1.4898,1913.78,1053.8,-2175.36,2,0,0,0,9,
8978452,-1.4709,-0.88,1.4898,1913.78,1053.8,-2175.36,2,0,0,0,9,
8978492,-1.4709,-0.88,1.4898,1913.78,1053.8,-2175.36,2,0,0,0,9,
8978533,-1.4709,-0.88,1.4898,1913.78,1053.8,-2175.36,2,0,0,0,9,
8978573,-1.4709,-0.88,1.4898,1913.78,1053.8,-2175.36,2,0,0,0,9,
8978613,-1.4709,-0.88,1.4898,1913.78,1053.8,-2175.36,2,0,0,0,9,
8978653,-1.4709,-0.88,1.4898,1913.78,1053.8,-2175.36,2,0,0,0,9,
8978693,-1.4709,-0.88,1.4898,1913.78,1053.8,-2175.36,2,0,0,0,9,
8978732,-1.4709,-0.88,1.4898,1913.78,1053.8,-2175.36,2,0,0,0,9,
8978772,-1.4709,-0.88,1.4898,1913.78,1053.8,-2175.36,2,0,0,0,9,
8978812,-1.4709,-0.88,1.4898,1913.78,1053.8,-2175.36,2,0,0,0,9,
8978853,-1.4709,-0.88,1.4898,1913.78,1053.8,-2175.36,2,0,0,0,9,
8978893,-1.4709,-0.88,1.4898,1913.78,1053.8,-2175.36,2,0,0,0,9,
8978933,-1.4709,-0.88,1.4898,1913.78,1053.8,-2175.36,2,0,0,0,9,
8978973,-1.4709,-0.88,1.4898,1913.78,1053.8,-2175.36,2,0,0,0,9,
8979013,-1.4709,-0.88,1.4898,1913.78,1053.8,-2175.36,2,0,0,0,9,
8979052,-1.4709,-0.88,1.4898,1913.78,1053.8,-2175.36,2,0,0,0,9,
8979092,-1.4709,-0.88,1.4898,1913.78,1053.8,-2175.36,2,0,0,0,9,
8979132,-1.4709,-0.88,1.4898,1913.78,1053.8,-2175.36,2,0,0,0,9,
8979173,-1.4709,-0.88,1.4898,1913.78,1053.8,-2175.36,2,0,0,0,9,
8979213,-1.4709,-0.88,1.4898,1913.78,1053.8,-2175.36,2,0,0,0,9,
8979253,-1.4709,-0.88,1.4898,1913.78,1053.8,-2175.36,2,0,0,0,9,
8979293,-1.4709,-0.88,1.4898,1913.78,1053.8,-2175.36,2,0,0,0,9,
8979333,-1.4709,-0.88,1.4898,1913.78,1053.8,-2175.36,2,0,0,0,9,
8979372,-1.4709,-0.88,1.4898,1913.78,1053.8,-2175.36,2,0,0,0,9,
8979412,-1.4709,-0.88,1.4898,1913.78,1053.8,-2175.36,2,0,0,0,9,
8979452,-1.4709,-0.88,1.4898,1913.78,1053.8,-2175.36,2,0,0,0,9,
8979493,-1.4709,-0.88,1.4898,1913.78,1053.8,-2175.36,2,0,0,0,9,
8979533,-1.4709,-0.88,1.4898,1913.78,1053.8,-2175.36,2,0,0,0,9,
8979581,-1.4709,-0.88,1.4898,2296.54,1264.56,-2610.43,2.4,0,0,0,9,
8979613,-1.4709,-0.88,1.4898,1531.02,843.04,-1740.29,1.6,0,0,0,9,
8979653,-1.4709,-0.88,1.4898,1913.78,1053.8,-2175.36,2,0,0,0,9,
8979692,-1.4709,-0.88,1.4898,1913.78,1053.8,-2175.36,2,0,0,0,9,
8979732,-1.4709,-0.88,1.4898,1913.78,1053.8,-2175.36,2,0,0,0,9,
8979772,-1.4709,-0.88,1.4898,1913.78,1053.8,-2175.36,2,0,0,0,9,
8979813,-1.4709,-0.88,1.4898,1913.78,1053.8,-2175.36,2,0,0,0,9,
8979853,-1.4709,-0.88,1.4898,1913.78,1053.8,-2175.36,2,0,0,0,9,
8979893,-1.4709,-0.88,1.4898,1913.78,1053.8,-2175.36,2,0,0,0,9,
8979933,-1.4709,-0.88,1.4898,1913.78,1053.8,-2175.36,2,0,0,0,9,
8979973,-1.4709,-0.88,1.4898,1913.78,1053.8,-2175.36,2,0,0,0,9,
8980012,-1.4709,-0.88,1.4898,1913.78,1053.8,-2175.36,2,0,0,0,9,
8980052,-1.4709,-0.88,1.4898,1913.78,1053.8,-2175.36,2,0,0,0,9,
8980092,-1.4709,-0.88,1.4898,1913.78,1053.8,-2175.36,2,0,0,0,9,
8980133,-1.4709,-0.88,1.4898,1913.78,1053.8,-2175.36,2,0,0,0,9,
8980173,-1.4709,-0.88,1.4898,1913.78,1053.8,-2175.36,2,0,0,0,9,
8980213,-1.4709,-0.88,1.4898,1913.78,1053.8,-2175.36,2,0,0,0,9,
8980253,-1.4709,-0.88,1.4898,1913.78,1053.8,-2175.36,2,0,0,0,9,
8980292,-1.4709,-0.88,1.4898,1913.78,1053.8,-2175.36,2,0,0,0,9,
8980332,-1.4709,-0.88,1.4898,1913.78,1053.8,-2175.36,2,0,0,0,9,
8980372,-1.4709,-0.88,1.4898,1913.78,1053.8,-2175.36,2,0,0,0,9,
8980412,-1.4709,-0.88,1.4898,1913.78,1053.8,-2175.36,2,0,0,0,9,
8980453,-1.4709,-0.88,1.4898,1913.78,1053.8,-2175.36,2,0,0,0,9,
8980493,-1.4709,-0.88,1.4898,1913.78,1053.8,-2175.36,2,0,0,0,9,
8980533,-1.4709,-0.88,1.4898,1913.78,1053.8,-2175.36,2,0,0,0,9,
8980573,-1.4709,-0.88,1.4898,1913.78,1053.8,-2175.36,2,0,0,0,9,
8980612,-1.4709,-0.88,1.4898,1913.78,1053.8,-2175.36,2,0,0,0,9,
8980652,-1.4709,-0.88,1.4898,1913.78,1053.8,-2175.36,2,0,0,0,9,
8980692,-1.4709,-0.88,1.4898,1913.78,1053.8,-2175.36,2,0,0,0,9,
8980733,-1.4709,-0.88,1.4898,1913.78,1053.8,-2175.36,2,0,0,0,9,
8980773,-1.4709,-0.88,1.4898,1913.78,1053.8,-2175.36,2,0,0,0,9,
8980813,-1.4709,-0.88,1.4898,1913.78,1053.8,-2175.36,2,0,0,0,9,
8980853,-1.4709,-0.88,1.4898,1913.78,1053.8,-2175.36,2,0,0,0,9,
8980893,-1.4709,-0.88,1.4898,1913.78,1053.8,-2175.36,2,0,0,0,9,
8980932,-1.4709,-0.88,1.4898,1913.78,1053.8,-2175.36,2,0,0,0,9,
8980972,-1.4709,-0.88,1.4898,1913.78,1053.8,-2175.36,2,0,0,0,9,
8981012,-1.4709,-0.88,1.4898,1913.78,1053.8,-2175.36,2,0,0,0,9,
8981053,-1.4709,-0.88,1.4898,1913.78,1053.8,-2175.36,2,0,0,0,9,
8981093,-1.4709,-0.88,1.4898,1913.78,1053.8,-2175.36,2,0,0,0,9,
8981133,-1.4709,-0.88,1.4898,1913.78,1053.8,-2175.36,2,0,0,0,9,
8981173,-1.4709,-0.88,1.4898,1913.78,1053.8,-2175.36,2,0,0,0,9,
8981213,-1.4709,-0.88,1.4898,1913.78,1053.8,-2175.36,2,0,0,0,9,
8981252,-1.4709,-0.88,1.4898,1913.78,1053.8,-2175.36,2,0,0,0,9,
8981292,-1.4709,-0.88,1.4898,1913.78,1053.8,-2175.36,2,0,0,0,9,
8981332,-1.4709,-0.88,1.4898,1913.78,1053.8,-2175.36,2,0,0,0,9,
8981373,-1.4709,-0.88,1.4898,1913.78,1053.8,-2175.36,2,0,0,0,9,
8981413,-1.4709,-0.88,1.4898,1913.78,1053.8,-2175.36,2,0,0,0,9,
8981453,-1.4709,-0.88,1.4898,1913.78,1053.8,-2175.36,2,0,0,0,9,
8981493,-1.4709,-0.88,1.4898,1913.78,1053.8,-2175.36,2,0,0,0,9,
8981533,-1.4709,-0.88,1.4898,1913.78,1053.8,-2175.36,2,0,0,0,9,
8981572,-1.4709,-0.88,1.4898,1913.78,1053.8,-2175.36,2,0,0,0,9,
8981612,-1.4709,-0.88,1.4898,1913.78,1053.8,-2175.36,2,0,0,0,9,
8981652,-1.4709,-0.88,1.4898,1913.78,1053.8,-2175.36,2,0,0,0,9,
8981693,-1.4709,-0.88,1.4898,1913.78,1053.8,-2175.36,2,0,0,0,9,
8981733,-1.4709,-0.88,1.4898,1913.78,1053.8,-2175.36,2,0,0,0,9,
8981773,-1.4709,-0.88,1.4898,1913.78,1053.8,-2175.36,2,0,0,0,9,
8981813,-1.4709,-0.88,1.4898,1913.78,1053.8,-2175.36,2,0,0,0,9,
8981853,-1.4709,-0.88,1.4898,1913.78,1053.8,-2175.36,2,0,0,0,9,
8981892,-1.4709,-0.88,1.4898,1913.78,1053.8,-2175.36,2,0,0,0,9,
8981932,-1.4709,-0.88,1.4898,1913.78,1053.8,-2175.36,2,0,0,0,9,
8981972,-1.4709,-0.88,1.4898,1913.78,1053.8,-2175.36,2,0,0,0,9,
8982013,-1.4709,-0.88,1.4898,1913.78,1053.8,-2175.36,2,0,0,0,9,
8982053,-1.4709,-0.88,1.4898,1913.78,1053.8,-2175.36,2,0,0,0,9,
8982093,-1.4709,-0.88,1.4898,1913.78,1053.8,-2175.36,2,0,0,0,9,
8982133,-1.4709,-0.88,1.4898,1913.78,1053.8,-2175.36,2,0,0,0,9,
8982172,-1.4709,-0.88,1.4898,1913.78,1053.8,-2175.36,2,0,0,0,9,
8982212,-1.4709,-0.88,1.4898,1913.78,1053.8,-2175.36,2,0,0,0,9,
8982252,-1.4709,-0.88,1.4898,1913.78,1053.8,-2175.36,2,0,0,0,9,
8982292,-1.4709,-0.88,1.4898,1913.78,1053.8,-2175.36,2,0,0,0,9,
8982333,-1.4709,-0.88,1.4898,1913.78,1053.8,-2175.36,2,0,0,0,9,
8982373,-1.4709,-0.88,1.4898,1913.78,1053.8,-2175.36,2,0,0,0,9,
8982413,-1.4709,-0.88,1.4898,1913.78,1053.8,-2175.36,2,0,0,0,9,
8982453,-1.4709,-0.88,1.4898,1913.78,1053.8,-2175.36,2,0,0,0,9,
8982492,-1.4709,-0.88,1.4898,1913.78,1053.8,-2175.36,2,0,0,0,9,
8982532,-1.4709,-0.88,1.4898,1913.78,1053.8,-2175.36,2,0,0,0,9,
8982572,-1.4709,-0.88,1.4898,1913.78,1053.8,-2175.36,2,0,0,0,9,
8982613,-1.4709,-0.88,1.4898,1913.78,1053.8,-2175.36,2,0,0,0,9,
8982653,-1.4709,-0.88,1.4898,1913.78,1053.8,-2175.36,2,0,0,0,9,
8982693,-1.4709,-0.88,1.4898,1913.78,1053.8,-2175.36,2,0,0,0,9,
8982733,-1.4709,-0.88,1.4898,1913.78,1053.8,-2175.36,2,0,0,0,9,
8982773,-1.4709,-0.88,1.4898,1913.78,1053.8,-2175.36,2,0,0,0,9,
8982812,-1.4709,-0.88,1.4898,1913.78,1053.8,-2175.36,2,0,0,0,9,
8982852,-1.4709,-0.88,1.4898,1913.78,1053.8,-2175.36,2,0,0,0,9,
8982892,-1.4709,-0.88,1.4898,1913.78,1053.8,-2175.36,2,0,0,0,9,
8982933,-1.4709,-0.88,1.4898,1913.78,1053.8,-2175.36,2,0,0,0,9,
8982973,-1.4709,-0.88,1.4898,1913.78,1053.8,-2175.36,2,0,0,0,9,
8983013,-1.4709,-0.88,1.4898,1913.78,1053.8,-2175.36,2,0,0,0,9,
8983053,-1.4709,-0.88,1.4898,1913.78,1053.8,-2175.36,2,0,0,0,9,
8983093,-1.4709,-0.88,1.4898,1913.78,1053.8,-2175.36,2,0,0,0,9,
8983132,-1.4709,-0.88,1.4898,1913.78,1053.8,-2175.36,2,0,0,0,9,
8983172,-1.4709,-0.88,1.4898,1913.78,1053.8,-2175.36,2,0,0,0,9,
8983212,-1.4709,-0.88,1.4898,1913.78,1053.8,-2175.36,2,0,0,0,9,
8983253,-1.4709,-0.88,1.4898,1913.78,1053.8,-2175.36,2,0,0,0,9,
8983293,-1.4709,-0.88,1.4898,1913.78,1053.8,-2175.36,2,0,0,0,9,
8983333,-1.4709,-0.88,1.4898,1913.78,1053.8,-2175.36,2,0,0,0,9,
8983373,-1.4709,-0.88,1.4898,1913.78,1053.8,-2175.36,2,0,0,0,9,
8983413,-1.4709,-0.88,1.4898,1913.78,1053.8,-2175.36,2,0,0,0,9,
8983452,-1.4709,-0.88,1.4898,1913.78,1053.8,-2175.36,2,0,0,0,9,
8983492,-1.4709,-0.88,1.4898,1913.78,1053.8,-2175.36,2,0,0,0,9,
8983532,-1.4709,-0.88,1.4898,1913.78,1053.8,-2175.36,2,0,0,0,9,
8983573,-1.4709,-0.88,1.4898,1913.78,1053.8,-2175.36,2,0,0,0,9,
8983613,-1.4709,-0.88,1.4898,1913.78,1053.8,-2175.36,2,0,0,0,9,
8983653,-1.4709,-0.88,1.4898,1913.78,1053.8,-2175.36,2,0,0,0,9,
8983693,-1.4709,-0.88,1.4898,1913.78,1053.8,-2175.36,2,0,0,0,9,
8983733,-1.4709,-0.88,1.4898,1913.78,1053.8,-2175.36,2,0,0,0,9,
8983772,-1.4709,-0.88,1.4898,1913.78,1053.8,-2175.36,2,0,0,0,9,
8983812,-1.4709,-0.88,1.4898,1913.78,1053.8,-2175.36,2,0,0,0,9,
8983852,-1.4709,-0.88,1.4898,1913.78,1053.8,-2175.36,2,0,0,0,9,
8983893,-1.4709,-0.88,1.4898,1913.78,1053.8,-2175.36,2,0,0,0,9,
8983933,-1.4709,-0.88,1.4898,1913.78,1053.8,-2175.36,2,0,0,0,9,
8983973,-1.4709,-0.88,1.4898,1913.78,1053.8,-2175.36,2,0,0,0,9,
8984013,-1.4709,-0.88,1.4898,1913.78,1053.8,-2175.36,2,0,0,0,9,
8984052,-1.4709,-0.88,1.4898,1913.78,1053.8,-2175.36,2,0,0,0,9,
8984092,-1.4709,-0.88,1.4898,1913.78,1053.8,-2175.36,2,0,0,0,9,
8984132,-1.4709,-0.88,1.4898,1913.78,1053.8,-2175.36,2,0,0,0,9,
8984172,-1.4709,-0.88,1.4898,1913.78,1053.8,-2175.36,2,0,0,0,9,
8984213,-1.4709,-0.88,1.4898,1913.78,1053.8,-2175.36,2,0,0,0,9,
8984253,-1.4709,-0.88,1.4898,1913.78,1053.8,-2175.36,2,0,0,0,9,
8984293,-1.4709,-0.88,1.4898,1913.78,1053.8,-2175.36,2,0,0,0,9,
8984333,-1.4709,-0.88,1.4898,1913.78,1053.8,-2175.36,2,0,0,0,9,
8984372,-1.4709,-0.88,1.4898,1913.78,1053.8,-2175.36,2,0,0,0,9,
8984412,-1.4709,-0.88,1.4898,1913.78,1053.8,-2175.36,2,0,0,0,9,
8984452,-1.4709,-0.88,1.4898,1913.78,1053.8,-2175.36,2,0,0,0,9,
8984493,-1.4709,-0.88,1.4898,1913.78,1053.8,-2175.36,2,0,0,0,9,
8984533,-1.4709,-0.88,1.4898,1913.78,1053.8,-2175.36,2,0,0,0,9,
8984573,-1.4709,-0.88,1.4898,1913.78,1053.8,-2175.36,2,0,0,0,9,
8984613,-1.4709,-0.88,1.4898,1913.78,1053.8,-2175.36,2,0,0,0,9,
8984653,-1.4709,-0.88,1.4898,1913.78,1053.8,-2175.36,2,0,0,0,9,
8984692,-1.4709,-0.88,1.4898,1913.78,1053.8,-2175.36,2,0,0,0,9,
8984732,-1.4709,-0.88,1.4898,1913.78,1053.8,-2175.36,2,0,0,0,9,
8984772,-1.4709,-0.88,1.4898,1913.78,1053.8,-2175.36,2,0,0,0,9,
8984813,-1.4709,-0.88,1.4898,1913.78,1053.8,-2175.36,2,0,0,0,9,
8984853,-1.4709,-0.88,1.4898,1913.78,1053.8,-2175.36,2,0,0,0,9,
8984893,-1.4709,-0.88,1.4898,1913.78,1053.8,-2175.36,2,0,0,0,9,
8984933,-1.4709,-0.88,1.4898,1913.78,1053.8,-2175.36,2,0,0,0,9,
8984973,-1.4709,-0.88,1.4898,1913.78,1053.8,-2175.36,2,0,0,0,9,
8985012,-1.4709,-0.88,1.4898,1913.78,1053.8,-2175.36,2,0,0,0,9,
8985052,-1.4709,-0.88,1.4898,1913.78,1053.8,-2175.36,2,0,0,0,9,
8985092,-1.4709,-0.88,1.4898,1913.78,1053.8,-2175.36,2,0,0,0,9,
8985133,-1.4709,-0.88,1.4898,1913.78,1053.8,-2175.36,2,0,0,0,9,
8985173,-1.4709,-0.88,1.4898,1913.78,1053.8,-2175.36,2,0,0,0,9,
8985213,-1.4709,-0.88,1.4898,1913.78,1053.8,-2175.36,2,0,0,0,9,
8985253,-1.4709,-0.88,1.4898,1913.78,1053.8,-2175.36,2,0,0,0,9,
8985293,-1.4709,-0.88,1.4898,1913.78,1053.8,-2175.36,2,0,0,0,9,
8985332,-1.4709,-0.88,1.4898,1913.78,1053.8,-2175.36,2,0,0,0,9,
8985372,-1.4709,-0.88,1.4898,1913.78,1053.8,-2175.36,2,0,0,0,9,
8985412,-1.4709,-0.88,1.4898,1913.78,1053.8,-2175.36,2,0,0,0,9,
8985453,-1.4709,-0.88,1.4898,1913.78,1053.8,-2175.36,2,0,0,0,9,
8985493,-1.4709,-0.88,1.4898,1913.78,1053.8,-2175.36,2,0,0,0,9,
8985533,-1.4709,-0.88,1.4898,1913.78,1053.8,-2175.36,2,0,0,0,9,
8985573,-1.4709,-0.88,1.4898,1913.78,1053.8,-2175.36,2,0,0,0,9,
8985614,-1.4709,-0.88,1.4898,1913.78,1053.8,-2175.36,2,0,0,0,9,
8985652,-1.4709,-0.88,1.4898,1913.78,1053.8,-2175.36,2,0,0,0,9,
8985692,-1.4709,-0.88,1.4898,1913.78,1053.8,-2175.36,2,0,0,0,9,
8985732,-1.4709,-0.88,1.4898,1913.78,1053.8,-2175.36,2,0,0,0,9,
8985773,-1.4709,-0.88,1.4898,1913.78,1053.8,-2175.36,2,0,0,0,9,
8985813,-1.4709,-0.88,1.4898,1913.78,1053.8,-2175.36,2,0,0,0,9,
8985853,-1.4709,-0.88,1.4898,1913.78,1053.8,-2175.36,2,0,0,0,9,
8985893,-1.4709,-0.88,1.4898,1913.78,1053.8,-2175.36,2,0,0,0,9,
8985932,-1.4709,-0.88,1.4898,1913.78,1053.8,-2175.36,2,0,0,0,9,
8985972,-1.4709,-0.88,1.4898,1913.78,1053.8,-2175.36,2,0,0,0,9,
8986012,-1.4709,-0.88,1.4898,1913.78,1053.8,-2175.36,2,0,0,0,9,
8986052,-1.4709,-0.88,1.4898,1913.78,1053.8,-2175.36,2,0,0,0,9,
8986093,-1.4709,-0.88,1.4898,1913.78,1053.8,-2175.36,2,0,0,0,9,
8986133,-1.4709,-0.88,1.4898,1913.78,1053.8,-2175.36,2,0,0,0,9,
8986173,-1.4709,-0.88,1.4898,1913.78,1053.8,-2175.36,2,0,0,0,9,
8986213,-1.4709,-0.88,1.4898,1913.78,1053.8,-2175.36,2,0,0,0,9,
8986252,-1.4709,-0.88,1.4898,1913.78,1053.8,-2175.36,2,0,0,0,9,
8986292,-1.4709,-0.88,1.4898,1913.78,1053.8,-2175.36,2,0,0,0,9,
8986332,-1.4709,-0.88,1.4898,1913.78,1053.8,-2175.36,2,0,0,0,9,
8986373,-1.4709,-0.88,1.4898,1913.78,1053.8,-2175.36,2,0,0,0,9,
8986413,-1.4709,-0.88,1.4898,1913.78,1053.8,-2175.36,2,0,0,0,9,
8986453,-1.4709,-0.88,1.4898,1913.78,1053.8,-2175.36,2,0,0,0,9,
8986493,-1.4709,-0.88,1.4898,1913.78,1053.8,-2175.36,2,0,0,0,9,
8986533,-1.4709,-0.88,1.4898,1913.78,1053.8,-2175.36,2,0,0,0,9,
8986572,-1.4709,-0.88,1.4898,1913.78,1053.8,-2175.36,2,0,0,0,9,
8986612,-1.4709,-0.88,1.4898,1913.78,1053.8,-2175.36,2,0,0,0,9,
8986652,-1.4709,-0.88,1.4898,1913.78,1053.8,-2175.36,2,0,0,0,9,
8986693,-1.4709,-0.88,1.4898,1913.78,1053.8,-2175.36,2,0,0,0,9,
8986733,-1.4709,-0.88,1.4898,1913.78,1053.8,-2175.36,2,0,0,0,9,
8986773,-1.4709,-0.88,1.4898,1913.78,1053.8,-2175.36,2,0,0,0,9,
8986813,-1.4709,-0.88,1.4898,1913.78,1053.8,-2175.36,2,0,0,0,9,
8986853,-1.4709,-0.88,1.4898,1913.78,1053.8,-2175.36,2,0,0,0,9,
8986892,-1.4709,-0.88,1.4898,1913.78,1053.8,-2175.36,2,0,0,0,9,
8986932,-1.4709,-0.88,1.4898,1913.78,1053.8,-2175.36,2,0,0,0,9,
8986972,-1.4709,-0.88,1.4898,1913.78,1053.8,-2175.36,2,0,0,0,9,
8987013,-1.4709,-0.88,1.4898,1913.78,1053.8,-2175.36,2,0,0,0,9,
8987053,-1.4709,-0.88,1.4898,1913.78,1053.8,-2175.36,2,0,0,0,9,
8987093,-1.4709,-0.88,1.4898,1913.78,1053.8,-2175.36,2,0,0,0,9,
8987133,-1.4709,-0.88,1.4898,1913.78,1053.8,-2175.36,2,0,0,0,9,
8987173,-1.4709,-0.88,1.4898,1913.78,1053.8,-2175.36,2,0,0,0,9,
8987212,-1.4709,-0.88,1.4898,1913.78,1053.8,-2175.36,2,0,0,0,9,
8987252,-1.4709,-0.88,1.4898,1913.78,1053.8,-2175.36,2,0,0,0,0,
8987292,-1.4709,-0.88,1.4898,1913.78,1053.8,-2175.36,2,0,0,0,0,
8987333,-1.4709,-0.88,1.4898,1913.78,1053.8,-2175.36,2,0,0,0,0,
8987373,-1.4709,-0.88,1.4898,1913.78,1053.8,-2175.36,2,0,0,0,0,
8987413,-1.4709,-0.88,1.4898,1913.78,1053.8,-2175.36,2,0,0,0,0,
8987453,-1.4709,-0.88,1.4898,1913.78,1053.8,-2175.36,2,0,0,0,0,
8987493,-1.4709,-0.88,1.4898,1913.78,1053.8,-2175.36,2,0,0,0,0,
8987533,-1.4709,-0.88,1.4898,1913.78,1053.8,-2175.36,2,0,0,0,0,
8987572,-1.4709,-0.88,1.4898,1913.78,1053.8,-2175.36,2,0,0,0,0,
8987612,-1.4709,-0.88,1.4898,1913.78,1053.8,-2175.36,2,0,0,0,0,
8987653,-1.4709,-0.88,1.4898,1913.78,1053.8,-2175.36,2,0,0,0,0,
8987693,-1.4709,-0.88,1.4898,1913.78,1053.8,-2175.36,2,0,0,0,0,
8987733,-1.4709,-0.88,1.4898,1913.78,1053.8,-2175.36,2,0,0,0,0,
8987773,-1.4709,-0.88,1.4898,1913.78,1053.8,-2175.36,2,0,0,0,0,
8987812,-1.4709,-0.88,1.4898,1913.78,1053.8,-2175.36,2,0,0,0,0,
8987852,-1.4709,-0.88,1.4898,1913.78,1053.8,-2175.36,2,0,0,0,0,
8987892,-1.4709,-0.88,1.4898,1913.78,1053.8,-2175.36,2,0,0,0,0,
8987932,-1.4709,-0.88,1.4898,1913.78,1053.8,-2175.36,2,0,0,0,0,
8987973,-1.4709,-0.88,1.4898,1913.78,1053.8,-2175.36,2,0,0,0,0,
8988014,-1.4709,-0.88,1.4898,1913.78,1053.8,-2175.36,2,0,0,0,0,
8988053,-1.4709,-0.88,1.4898,1913.78,1053.8,-2175.36,2,0,0,0,0,
8988093,-1.4709,-0.88,1.4898,1913.78,1053.8,-2175.36,2,0,0,0,0,
8988132,-1.4709,-0.88,1.4898,1913.78,1053.8,-2175.36,2,0,0,0,0,
8988172,-1.4709,-0.88,1.4898,1913.78,1053.8,-2175.36,2,0,0,0,0,
8988212,-1.4709,-0.88,1.4898,1913.78,1053.8,-2175.36,2,0,0,0,0,
8988253,-1.4709,-0.88,1.4898,1913.78,1053.8,-2175.36,2,0,0,0,0,
8988293,-1.4709,-0.88,1.4898,1913.78,1053.8,-2175.36,2,0,0,0,0,
8988333,-1.4709,-0.88,1.4898,1913.78,1053.8,-2175.36,2,0,0,0,0,
8988373,-1.4709,-0.88,1.4898,1913.78,1053.8,-2175.36,2,0,0,0,0,
8988413,-1.4709,-0.88,1.4898,1913.78,1053.8,-2175.36,2,0,0,0,0,
8988452,-1.4709,-0.88,1.4898,1913.78,1053.8,-2175.36,2,0,0,0,0,
8988492,-1.4709,-0.88,1.4898,1913.78,1053.8,-2175.36,2,0,0,0,0,
8988532,-1.4709,-0.88,1.4898,1913.78,1053.8,-2175.36,2,0,0,0,0,
8988575,-1.4709,-0.88,1.4898,1913.78,1053.8,-2175.36,2,0,0,0,8,
8988613,-1.4709,-0.88,1.4898,1913.78,1053.8,-2175.36,2,0,0,0,8,
8988653,-1.4709,-0.88,1.4898,1913.78,1053.8,-2175.36,2,0,0,0,8,
8988693,-1.4709,-0.88,1.4898,1913.78,1053.8,-2175.36,2,0,0,0,8,
8988733,-1.4709,-0.88,1.4898,1913.78,1053.8,-2175.36,2,0,0,0,8,
8988772,-1.4709,-0.88,1.4898,1913.78,1053.8,-2175.36,2,0,0,0,8,
8988812,-1.4709,-0.88,1.4898,1913.78,1053.8,-2175.36,2,0,0,0,8,
8988852,-1.4709,-0.88,1.4898,1913.78,1053.8,-2175.36,2,0,0,0,8,
8988893,-1.4709,-0.88,1.4898,1913.78,1053.8,-2175.36,2,0,0,0,8,
8988933,-1.4709,-0.88,1.4898,1913.78,1053.8,-2175.36,2,0,0,0,8,
8988973,-1.4709,-0.88,1.4898,1913.78,1053.8,-2175.36,2,0,0,0,8,
8989013,-1.4709,-0.88,1.4898,1913.78,1053.8,-2175.36,2,0,0,0,8,
8989053,-1.4709,-0.88,1.4898,1913.78,1053.8,-2175.36,2,0,0,0,8,
8989092,-1.4709,-0.88,1.4898,1913.78,1053.8,-2175.36,2,0,0,0,8,
8989132,-1.4709,-0.88,1.4898,1913.78,1053.8,-2175.36,2,0,0,0,8,
8989172,-1.4709,-0.88,1.4898,1913.78,1053.8,-2175.36,2,0,0,0,8,
8989213,-1.4709,-0.88,1.4898,1913.78,1053.8,-2175.36,2,0,0,0,8,
8989253,-1.4709,-0.88,1.4898,1913.78,1053.8,-2175.36,2,0,0,0,8,
8989293,-1.4709,-0.88,1.4898,1913.78,1053.8,-2175.36,2,0,0,0,8,
8989333,-1.4709,-0.88,1.4898,1913.78,1053.8,-2175.36,2,0,0,0,8,
8989373,-1.4709,-0.88,1.4898,1913.78,1053.8,-2175.36,2,0,0,0,8,
8989412,-1.4709,-0.88,1.4898,1913.78,1053.8,-2175.36,2,0,0,0,8,
8989452,-1.4709,-0.88,1.4898,1913.78,1053.8,-2175.36,2,0,0,0,8,
8989492,-1.4709,-0.88,1.4898,1913.78,1053.8,-2175.36,2,0,0,0,8,
8989533,-1.4709,-0.88,1.4898,1913.78,1053.8,-2175.36,2,0,0,0,8,
8989573,-1.4709,-0.88,1.4898,1913.78,1053.8,-2175.36,2,0,0,0,8,
8989613,-1.4709,-0.88,1.4898,1913.78,1053.8,-2175.36,2,0,0,0,8,
8989653,-1.4709,-0.88,1.4898,1913.78,1053.8,-2175.36,2,0,0,0,8,
8989692,-1.4709,-0.88,1.4898,1913.78,1053.8,-2175.36,2,0,0,0,8,
8989732,-1.4709,-0.88,1.4898,1913.78,1053.8,-2175.36,2,0,0,0,8,
8989772,-1.4709,-0.88,1.4898,1913.78,1053.8,-2175.36,2,0,0,0,8,
8989812,-1.4709,-0.88,1.4898,1913.78,1053.8,-2175.36,2,0,0,0,8,
8989853,-1.4709,-0.88,1.4898,1913.78,1053.8,-2175.36,2,0,0,0,0,
8989893,-1.4709,-0.88,1.4898,1913.78,1053.8,-2175.36,2,0,0,0,0,
8989933,-1.4709,-0.88,1.4898,1913.78,1053.8,-2175.36,2,0,0,0,0,
8989973,-1.4709,-0.88,1.4898,1913.78,1053.8,-2175.36,2,0,0,0,0,
8990012,-1.4709,-0.88,1.4898,1913.78,1053.8,-2175.36,2,0,0,0,0,
8990052,-1.4709,-0.88,1.4898,1913.78,1053.8,-2175.36,2,0,0,0,0,
8990092,-1.4709,-0.88,1.4898,1913.78,1053.8,-2175.36,2,0,0,0,0,
8990133,-1.4709,-0.88,1.4898,1913.78,1053.8,-2175.36,2,0,0,0,0,
8990173,-1.4709,-0.88,1.4898,1913.78,1053.8,-2175.36,2,0,0,0,0,
8990213,-1.4709,-0.88,1.4898,1913.78,1053.8,-2175.36,2,0,0,0,0,
8990253,-1.4709,-0.88,1.4898,1913.78,1053.8,-2175.36,2,0,0,0,0,
8990293,-1.4709,-0.88,1.4898,1913.78,1053.8,-2175.36,2,0,0,0,0,
8990332,-1.4709,-0.88,1.4898,1913.78,1053.8,-2175.36,2,0,0,0,0,
8990374,-1.4709,-0.88,1.4898,1913.78,1053.8,-2175.36,2,0,0,0,8,
8990412,-1.4709,-0.88,1.4898,1913.78,1053.8,-2175.36,2,0,0,0,8,
8990453,-1.4709,-0.88,1.4898,1913.78,1053.8,-2175.36,2,0,0,0,8,
8990493,-1.4709,-0.88,1.4898,1913.78,1053.8,-2175.36,2,0,0,0,8,
8990533,-1.4709,-0.88,1.4898,1913.78,1053.8,-2175.36,2,0,0,0,8,
8990574,-1.4709,-0.88,1.4898,1913.78,1053.8,-2175.36,2,0,0,0,8,
8990614,-1.4709,-0.88,1.4898,1913.78,1053.8,-2175.36,2,0,0,0,8,
8990652,-1.4709,-0.88,1.4898,1913.78,1053.8,-2175.36,2,0,0,0,8,
8990692,-1.4709,-0.88,1.4898,1913.78,1053.8,-2175.36,2,0,0,0,8,
8990732,-1.4709,-0.88,1.4898,1913.78,1053.8,-2175.36,2,0,0,0,8,
8990773,-1.4709,-0.88,1.4898,1913.78,1053.8,-2175.36,2,0,0,0,8,
8990813,-1.4709,-0.88,1.4898,1913.78,1053.8,-2175.36,2,0,0,0,8,
8990853,-1.4709,-0.88,1.4898,1913.78,1053.8,-2175.36,2,0,0,0,8,
8990893,-1.4709,-0.88,1.4898,1913.78,1053.8,-2175.36,2,0,0,0,8,
8990933,-1.4709,-0.88,1.4898,1913.78,1053.8,-2175.36,2,0,0,0,8,
8990972,-1.4709,-0.88,1.4898,1913.78,1053.8,-2175.36,2,0,0,0,8,
8991012,-1.4709,-0.88,1.4898,1913.78,1053.8,-2175.36,2,0,0,0,8,
8991052,-1.4709,-0.88,1.4898,1913.78,1053.8,-2175.36,2,0,0,0,8,
8991093,-1.4709,-0.88,1.4898,1913.78,1053.8,-2175.36,2,0,0,0,8,
8991133,-1.4709,-0.88,1.4898,1913.78,1053.8,-2175.36,2,0,0,0,8,
8991173,-1.4709,-0.88,1.4898,1913.78,1053.8,-2175.36,2,0,0,0,8,
8991213,-1.4709,-0.88,1.4898,1913.78,1053.8,-2175.36,2,0,0,0,8,
8991253,-1.4709,-0.88,1.4898,1913.78,1053.8,-2175.36,2,0,0,0,0,
8991292,-1.4709,-0.88,1.4898,1913.78,1053.8,-2175.36,2,0,0,0,0,
8991332,-1.4709,-0.88,1.4898,1913.78,1053.8,-2175.36,2,0,0,0,0,
8991372,-1.4709,-0.88,1.4898,1913.78,1053.8,-2175.36,2,0,0,0,0,
8991413,-1.4709,-0.88,1.4898,1913.78,1053.8,-2175.36,2,0,0,0,0,
8991453,-1.4709,-0.88,1.4898,1913.78,1053.8,-2175.36,2,0,0,0,0,
8991493,-1.4709,-0.88,1.4898,1913.78,1053.8,-2175.36,2,0,0,0,0,
8991533,-1.4709,-0.88,1.4898,1913.78,1053.8,-2175.36,2,0,0,0,0,
8991573,-1.4709,-0.88,1.4898,1913.78,1053.8,-2175.36,2,0,0,0,0,
8991612,-1.4709,-0.88,1.4898,1913.78,1053.8,-2175.36,2,0,0,0,0,
8991652,-1.4709,-0.88,1.4898,1913.78,1053.8,-2175.36,2,0,0,0,0,
8991692,-1.4709,-0.88,1.4898,1913.78,1053.8,-2175.36,2,0,0,0,0,
8991733,-1.4709,-0.88,1.4898,1913.78,1053.8,-2175.36,2,0,0,0,9,
8991773,-1.4709,-0.88,1.4898,1913.78,1053.8,-2175.36,2,0,0,0,9,
8991813,-1.4709,-0.88,1.4898,1913.78,1053.8,-2175.36,2,0,0,0,9,
8991853,-1.4709,-0.88,1.4898,1913.78,1053.8,-2175.36,2,0,0,0,9,
8991892,-1.4709,-0.88,1.4898,1913.78,1053.8,-2175.36,2,0,0,0,9,
8991932,-1.4709,-0.88,1.4898,1913.78,1053.8,-2175.36,2,0,0,0,9,
8991972,-1.4709,-0.88,1.4898,1913.78,1053.8,-2175.36,2,0,0,0,9,
8992014,-1.4709,-0.88,1.4898,1913.78,1053.8,-2175.36,2,0,0,0,9,
8992053,-1.4709,-0.88,1.4898,1913.78,1053.8,-2175.36,2,0,0,0,9,
8992093,-1.4709,-0.88,1.4898,1913.78,1053.8,-2175.36,2,0,0,0,9,
8992133,-1.4709,-0.88,1.4898,1913.78,1053.8,-2175.36,2,0,0,0,9,
8992173,-1.4709,-0.88,1.4898,1913.78,1053.8,-2175.36,2,0,0,0,9,
8992212,-1.4709,-0.88,1.4898,1913.78,1053.8,-2175.36,2,0,0,0,9,
8992252,-1.4709,-0.88,1.4898,1913.78,1053.8,-2175.36,2,0,0,0,9,
8992314,-1.4709,-0.88,1.4898,2870.67,1580.7,-3263.04,3,0,0,0,8,
8992339,-1.4709,-0.88,1.4898,1148.27,632.28,-1305.22,1.2,0,0,0,8,
8992373,-1.4709,-0.88,1.4898,1722.4,948.42,-1957.82,1.8,0,0,0,8,
8992413,-1.4709,-0.88,1.4898,1913.78,1053.8,-2175.36,2,0,0,0,8,
8992453,-1.4709,-0.88,1.4898,1913.78,1053.8,-2175.36,2,0,0,0,8,
8992494,-1.4709,-0.88,1.4898,1913.78,1053.8,-2175.36,2,0,0,0,8,
8992532,-1.4709,-0.88,1.4898,1913.78,1053.8,-2175.36,2,0,0,0,8,
8992572,-1.4709,-0.88,1.4898,1913.78,1053.8,-2175.36,2,0,0,0,8,
8992612,-1.4709,-0.88,1.4898,1913.78,1053.8,-2175.36,2,0,0,0,8,
8992653,-1.4709,-0.88,1.4898,1913.78,1053.8,-2175.36,2,0,0,0,8,
8992693,-1.4709,-0.88,1.4898,1913.78,1053.8,-2175.36,2,0,0,0,8,
8992733,-1.4709,-0.88,1.4898,1913.78,1053.8,-2175.36,2,0,0,0,8,
8992773,-1.4709,-0.88,1.4898,1913.78,1053.8,-2175.36,2,0,0,0,8,
8992813,-1.4709,-0.88,1.4898,1913.78,1053.8,-2175.36,2,0,0,0,8,
8992852,-1.4709,-0.88,1.4898,1913.78,1053.8,-2175.36,2,0,0,0,8,
8992892,-1.4709,-0.88,1.4898,1913.78,1053.8,-2175.36,2,0,0,0,8,
8992932,-1.4709,-0.88,1.4898,1913.78,1053.8,-2175.36,2,0,0,0,8,
8992973,-1.4709,-0.88,1.4898,1913.78,1053.8,-2175.36,2,0,0,0,8,
8993013,-1.4709,-0.88,1.4898,1913.78,1053.8,-2175.36,2,0,0,0,8,
8993053,-1.4709,-0.88,1.4898,1913.78,1053.8,-2175.36,2,0,0,0,8,
8993093,-1.4709,-0.88,1.4898,1913.78,1053.8,-2175.36,2,0,0,0,8,
8993133,-1.4709,-0.88,1.4898,1913.78,1053.8,-2175.36,2,0,0,0,8,
8993172,-1.4709,-0.88,1.4898,1913.78,1053.8,-2175.36,2,0,0,0,8,
8993212,-1.4709,-0.88,1.4898,1913.78,1053.8,-2175.36,2,0,0,0,8,
8993252,-1.4709,-0.88,1.4898,1913.78,1053.8,-2175.36,2,0,0,0,9,
8993293,-1.4709,-0.88,1.4898,1913.78,1053.8,-2175.36,2,0,0,0,9,
8993333,-1.4709,-0.88,1.4898,1913.78,1053.8,-2175.36,2,0,0,0,9,
8993373,-1.4709,-0.88,1.4898,1913.78,1053.8,-2175.36,2,0,0,0,9,
8993413,-1.4709,-0.88,1.4898,1913.78,1053.8,-2175.36,2,0,0,0,9,
8993453,-1.4709,-0.88,1.4898,1913.78,1053.8,-2175.36,2,0,0,0,9,
8993492,-1.4709,-0.88,1.4898,1913.78,1053.8,-2175.36,2,0,0,0,9,
8993532,-1.4709,-0.88,1.4898,1913.78,1053.8,-2175.36,2,0,0,0,9,
8993572,-1.4709,-0.88,1.4898,1913.78,1053.8,-2175.36,2,0,0,0,9,
8993613,-1.4709,-0.88,1.4898,1913.78,1053.8,-2175.36,2,0,0,0,9,
8993653,-1.4709,-0.88,1.4898,1913.78,1053.8,-2175.36,2,0,0,0,9,
8993693,-1.4709,-0.88,1.4898,1913.78,1053.8,-2175.36,2,0,0,0,9,
8993733,-1.4709,-0.88,1.4898,1913.78,1053.8,-2175.36,2,0,0,0,9,
8993773,-1.4709,-0.88,1.4898,1913.78,1053.8,-2175.36,2,0,0,0,9,
8993812,-1.4709,-0.88,1.4898,1913.78,1053.8,-2175.36,2,0,0,0,9,
8993852,-1.4709,-0.88,1.4898,1913.78,1053.8,-2175.36,2,0,0,0,9,
8993892,-1.4709,-0.88,1.4898,1913.78,1053.8,-2175.36,2,0,0,0,9,
8993934,-1.4709,-0.88,1.4898,1913.78,1053.8,-2175.36,2,0,0,0,9,
8993973,-1.4709,-0.88,1.4898,1913.78,1053.8,-2175.36,2,0,0,0,9,
8994013,-1.4709,-0.88,1.4898,1913.78,1053.8,-2175.36,2,0,0,0,9,
8994053,-1.4709,-0.88,1.4898,1913.78,1053.8,-2175.36,2,0,0,0,9,
8994093,-1.4709,-0.88,1.4898,1913.78,1053.8,-2175.36,2,0,0,0,9,
8994132,-1.4709,-0.88,1.4898,1913.78,1053.8,-2175.36,2,0,0,0,9,
8994172,-1.4709,-0.88,1.4898,1913.78,1053.8,-2175.36,2,0,0,0,9,
8994213,-1.4709,-0.88,1.4898,1913.78,1053.8,-2175.36,2,0,0,0,9,
8994254,-1.4709,-0.88,1.4898,1913.78,1053.8,-2175.36,2,0,0,0,9,
8994293,-1.4709,-0.88,1.4898,1913.78,1053.8,-2175.36,2,0,0,0,9,
8994333,-1.4709,-0.88,1.4898,1913.78,1053.8,-2175.36,2,0,0,0,9,
8994373,-1.4709,-0.88,1.4898,1913.78,1053.8,-2175.36,2,0,0,0,9,
8994412,-1.4709,-0.88,1.4898,1913.78,1053.8,-2175.36,2,0,0,0,9,
8994452,-1.4709,-0.88,1.4898,1913.78,1053.8,-2175.36,2,0,0,0,9,
8994492,-1.4709,-0.88,1.4898,1913.78,1053.8,-2175.36,2,0,0,0,9,
8994533,-1.4709,-0.88,1.4898,1913.78,1053.8,-2175.36,2,0,0,0,9,
8994574,-1.4709,-0.88,1.4898,1913.78,1053.8,-2175.36,2,0,0,0,9,
8994613,-1.4709,-0.88,1.4898,1913.78,1053.8,-2175.36,2,0,0,0,9,
8994654,-1.4709,-0.88,1.4898,1913.78,1053.8,-2175.36,2,0,0,0,9,
8994694,-1.4709,-0.88,1.4898,1913.78,1053.8,-2175.36,2,0,0,0,9,
8994733,-1.4709,-0.88,1.4898,1913.78,1053.8,-2175.36,2,0,0,0,9,
8994772,-1.4709,-0.88,1.4898,1913.78,1053.8,-2175.36,2,0,0,0,9,
8994812,-1.4709,-0.88,1.4898,1913.78,1053.8,-2175.36,2,0,0,0,9,
8994853,-1.4709,-0.88,1.4898,1913.78,1053.8,-2175.36,2,0,0,0,9,
8994893,-1.4709,-0.88,1.4898,1913.78,1053.8,-2175.36,2,0,0,0,9,
8994933,-1.4709,-0.88,1.4898,1913.78,1053.8,-2175.36,2,0,0,0,9,
8994973,-1.4709,-0.88,1.4898,1913.78,1053.8,-2175.36,2,0,0,0,9,
8995013,-1.4709,-0.88,1.4898,1913.78,1053.8,-2175.36,2,0,0,0,9,
8995053,-1.4709,-0.88,1.4898,1913.78,1053.8,-2175.36,2,0,0,0,9,
8995092,-1.4709,-0.88,1.4898,1913.78,1053.8,-2175.36,2,0,0,0,9,
8995133,-1.4709,-0.88,1.4898,1913.78,1053.8,-2175.36,2,0,0,0,9,
8995173,-1.4709,-0.88,1.4898,1913.78,1053.8,-2175.36,2,0,0,0,9,
8995214,-1.4709,-0.88,1.4898,1913.78,1053.8,-2175.36,2,0,0,0,9,
8995253,-1.4709,-0.88,1.4898,1913.78,1053.8,-2175.36,2,0,0,0,9,
8995293,-1.4709,-0.88,1.4898,1913.78,1053.8,-2175.36,2,0,0,0,9,
8995333,-1.4709,-0.88,1.4898,1913.78,1053.8,-2175.36,2,0,0,0,9,
8995373,-1.4709,-0.88,1.4898,1913.78,1053.8,-2175.36,2,0,0,0,9,
8995412,-1.4709,-0.88,1.4898,1913.78,1053.8,-2175.36,2,0,0,0,9,
8995452,-1.4709,-0.88,1.4898,1913.78,1053.8,-2175.36,2,0,0,0,9,
8995493,-1.4709,-0.88,1.4898,1913.78,1053.8,-2175.36,2,0,0,0,9,
8995533,-1.4709,-0.88,1.4898,1913.78,1053.8,-2175.36,2,0,0,0,9,
8995573,-1.4709,-0.88,1.4898,1913.78,1053.8,-2175.36,2,0,0,0,9,
8995613,-1.4709,-0.88,1.4898,1913.78,1053.8,-2175.36,2,0,0,0,9,
8995652,-1.4709,-0.88,1.4898,1913.78,1053.8,-2175.36,2,0,0,0,9,
8995692,-1.4709,-0.88,1.4898,1913.78,1053.8,-2175.36,2,0,0,0,9,
8995732,-1.4709,-0.88,1.4898,1913.78,1053.8,-2175.36,2,0,0,0,9,
8995772,-1.4709,-0.88,1.4898,1913.78,1053.8,-2175.36,2,0,0,0,9,
8995813,-1.4709,-0.88,1.4898,1913.78,1053.8,-2175.36,2,0,0,0,9,
8995854,-1.4709,-0.88,1.4898,1913.78,1053.8,-2175.36,2,0,0,0,9,
8995893,-1.4709,-0.88,1.4898,1913.78,1053.8,-2175.36,2,0,0,0,9,
8995933,-1.4709,-0.88,1.4898,1913.78,1053.8,-2175.36,2,0,0,0,9,
8995972,-1.4709,-0.88,1.4898,1913.78,1053.8,-2175.36,2,0,0,0,9,
8996012,-1.4709,-0.88,1.4898,1913.78,1053.8,-2175.36,2,0,0,0,9,
8996052,-1.4709,-0.88,1.4898,1913.78,1053.8,-2175.36,2,0,0,0,9,
8996093,-1.4709,-0.88,1.4898,1913.78,1053.8,-2175.36,2,0,0,0,9,
8996133,-1.4709,-0.88,1.4898,1913.78,1053.8,-2175.36,2,0,0,0,9,
8996173,-1.4709,-0.88,1.4898,1913.78,1053.8,-2175.36,2,0,0,0,9,
8996213,-1.4709,-0.88,1.4898,1913.78,1053.8,-2175.36,2,0,0,0,9,
8996253,-1.4709,-0.88,1.4898,1913.78,1053.8,-2175.36,2,0,0,0,9,
8996292,-1.4709,-0.88,1.4898,1913.78,1053.8,-2175.36,2,0,0,0,9,
8996332,-1.4709,-0.88,1.4898,1913.78,1053.8,-2175.36,2,0,0,0,9,
8996372,-1.4709,-0.88,1.4898,1913.78,1053.8,-2175.36,2,0,0,0,9,
8996413,-1.4709,-0.88,1.4898,1913.78,1053.8,-2175.36,2,0,0,0,9,
8996453,-1.4709,-0.88,1.4898,1913.78,1053.8,-2175.36,2,0,0,0,9,
8996493,-1.4709,-0.88,1.4898,1913.78,1053.8,-2175.36,2,0,0,0,9,
8996533,-1.4709,-0.88,1.4898,1913.78,1053.8,-2175.36,2,0,0,0,9,
8996573,-1.4709,-0.88,1.4898,1913.78,1053.8,-2175.36,2,0,0,0,9,
8996612,-1.4709,-0.88,1.4898,1913.78,1053.8,-2175.36,2,0,0,0,9,
8996653,-1.4709,-0.88,1.4898,1913.78,1053.8,-2175.36,2,0,0,0,9,
8996692,-1.4709,-0.88,1.4898,1913.78,1053.8,-2175.36,2,0,0,0,9,
8996733,-1.4709,-0.88,1.4898,1913.78,1053.8,-2175.36,2,0,0,0,9,
8996773,-1.4709,-0.88,1.4898,1913.78,1053.8,-2175.36,2,0,0,0,9,
8996813,-1.4709,-0.88,1.4898,1913.78,1053.8,-2175.36,2,0,0,0,9,
8996853,-1.4709,-0.88,1.4898,1913.78,1053.8,-2175.36,2,0,0,0,9,
8996893,-1.4709,-0.88,1.4898,1913.78,1053.8,-2175.36,2,0,0,0,9,
8996932,-1.4709,-0.88,1.4898,1913.78,1053.8,-2175.36,2,0,0,0,9,
8996972,-1.4709,-0.88,1.4898,1913.78,1053.8,-2175.36,2,0,0,0,9,
8997012,-1.4709,-0.88,1.4898,1913.78,1053.8,-2175.36,2,0,0,0,9,
8997053,-1.4709,-0.88,1.4898,1913.78,1053.8,-2175.36,2,0,0,0,9,
8997093,-1.4709,-0.88,1.4898,1913.78,1053.8,-2175.36,2,0,0,0,9,
8997134,-1.4709,-0.88,1.4898,1913.78,1053.8,-2175.36,2,0,0,0,9,
8997173,-1.4709,-0.88,1.4898,1913.78,1053.8,-2175.36,2,0,0,0,9,
8997213,-1.4709,-0.88,1.4898,1913.78,1053.8,-2175.36,2,0,0,0,9,
8997252,-1.4709,-0.88,1.4898,1913.78,1053.8,-2175.36,2,0,0,0,9,
8997292,-1.4709,-0.88,1.4898,1913.78,1053.8,-2175.36,2,0,0,0,9,
8997332,-1.4709,-0.88,1.4898,1913.78,1053.8,-2175.36,2,0,0,0,9,
8997373,-1.4709,-0.88,1.4898,1913.78,1053.8,-2175.36,2,0,0,0,9,
8997413,-1.4709,-0.88,1.4898,1913.78,1053.8,-2175.36,2,0,0,0,9,
8997453,-1.4709,-0.88,1.4898,1913.78,1053.8,-2175.36,2,0,0,0,9,
8997493,-1.4709,-0.88,1.4898,1913.78,1053.8,-2175.36,2,0,0,0,9,
8997532,-1.4709,-0.88,1.4898,1913.78,1053.8,-2175.36,2,0,0,0,9,
8997573,-1.4709,-0.88,1.4898,1913.78,1053.8,-2175.36,2,0,0,0,9,
8997612,-1.4709,-0.88,1.4898,1913.78,1053.8,-2175.36,2,0,0,0,9,
8997652,-1.4709,-0.88,1.4898,1913.78,1053.8,-2175.36,2,0,0,0,9,
8997693,-1.4709,-0.88,1.4898,1913.78,1053.8,-2175.36,2,0,0,0,9,
8997733,-1.4709,-0.88,1.4898,1913.78,1053.8,-2175.36,2,0,0,0,9,
8997773,-1.4709,-0.88,1.4898,1913.78,1053.8,-2175.36,2,0,0,0,9,
8997813,-1.4709,-0.88,1.4898,1913.78,1053.8,-2175.36,2,0,0,0,9,
8997852,-1.4709,-0.88,1.4898,1913.78,1053.8,-2175.36,2,0,0,0,9,
8997892,-1.4709,-0.88,1.4898,1913.78,1053.8,-2175.36,2,0,0,0,9,
8997933,-1.4709,-0.88,1.4898,1913.78,1053.8,-2175.36,2,0,0,0,9,
8997973,-1.4709,-0.88,1.4898,1913.78,1053.8,-2175.36,2,0,0,0,9,
8998013,-1.4709,-0.88,1.4898,1913.78,1053.8,-2175.36,2,0,0,0,9,
8998053,-1.4709,-0.88,1.4898,1913.78,1053.8,-2175.36,2,0,0,0,9,
8998093,-1.4709,-0.88,1.4898,1913.78,1053.8,-2175.36,2,0,0,0,9,
8998133,-1.4709,-0.88,1.4898,1913.78,1053.8,-2175.36,2,0,0,0,9,
8998172,-1.4709,-0.88,1.4898,1913.78,1053.8,-2175.36,2,0,0,0,9,
8998212,-1.4709,-0.88,1.4898,1913.78,1053.8,-2175.36,2,0,0,0,9,
8998252,-1.4709,-0.88,1.4898,1913.78,1053.8,-2175.36,2,0,0,0,9,
8998293,-1.4709,-0.88,1.4898,1913.78,1053.8,-2175.36,2,0,0,0,9,
8998333,-1.4709,-0.88,1.4898,1913.78,1053.8,-2175.36,2,0,0,0,9,
8998373,-1.4709,-0.88,1.4898,1913.78,1053.8,-2175.36,2,0,0,0,9,
8998413,-1.4709,-0.88,1.4898,1913.78,1053.8,-2175.36,2,0,0,0,9,
8998453,-1.4709,-0.88,1.4898,1913.78,1053.8,-2175.36,2,0,0,0,9,
8998492,-1.4709,-0.88,1.4898,1913.78,1053.8,-2175.36,2,0,0,0,9,
8998532,-1.4709,-0.88,1.4898,1913.78,1053.8,-2175.36,2,0,0,0,9,
8998573,-1.4709,-0.88,1.4898,1913.78,1053.8,-2175.36,2,0,0,0,9,
8998613,-1.4709,-0.88,1.4898,1913.78,1053.8,-2175.36,2,0,0,0,9,
8998653,-1.4709,-0.88,1.4898,1913.78,1053.8,-2175.36,2,0,0,0,9,
8998693,-1.4709,-0.88,1.4898,1913.78,1053.8,-2175.36,2,0,0,0,9,
8998734,-1.4709,-0.88,1.4898,1913.78,1053.8,-2175.36,2,0,0,0,9,
8998773,-1.4709,-0.88,1.4898,1913.78,1053.8,-2175.36,2,0,0,0,9,
8998812,-1.4709,-0.88,1.4898,1913.78,1053.8,-2175.36,2,0,0,0,9,
8998852,-1.4709,-0.88,1.4898,1913.78,1053.8,-2175.36,2,0,0,0,9,
8998892,-1.4709,-0.88,1.4898,1913.78,1053.8,-2175.36,2,0,0,0,9,
8998933,-1.4709,-0.88,1.4898,1913.78,1053.8,-2175.36,2,0,0,0,9,
8998973,-1.4709,-0.88,1.4898,1913.78,1053.8,-2175.36,2,0,0,0,9,
8999013,-1.4709,-0.88,1.4898,1913.78,1053.8,-2175.36,2,0,0,0,9,
8999053,-1.4709,-0.88,1.4898,1913.78,1053.8,-2175.36,2,0,0,0,9,
8999093,-1.4709,-0.88,1.4898,1913.78,1053.8,-2175.36,2,0,0,0,9,
8999132,-1.4709,-0.88,1.4898,1913.78,1053.8,-2175.36,2,0,0,0,9,
8999172,-1.4709,-0.88,1.4898,1913.78,1053.8,-2175.36,2,0,0,0,9,
8999212,-1.4709,-0.88,1.4898,1913.78,1053.8,-2175.36,2,0,0,0,9,
8999253,-1.4709,-0.88,1.4898,1913.78,1053.8,-2175.36,2,0,0,0,9,
8999293,-1.4709,-0.88,1.4898,1913.78,1053.8,-2175.36,2,0,0,0,9,
8999333,-1.4709,-0.88,1.4898,1913.78,1053.8,-2175.36,2,0,0,0,9,
8999373,-1.4709,-0.88,1.4898,1913.78,1053.8,-2175.36,2,0,0,0,9,
8999412,-1.4709,-0.88,1.4898,1913.78,1053.8,-2175.36,2,0,0,0,9,
8999452,-1.4709,-0.88,1.4898,1913.78,1053.8,-2175.36,2,0,0,0,9,
8999492,-1.4709,-0.88,1.4898,1913.78,1053.8,-2175.36,2,0,0,0,9,
8999533,-1.4709,-0.88,1.4898,1913.78,1053.8,-2175.36,2,0,0,0,9,
8999582,-1.4709,-0.88,1.4898,2296.54,1264.56,-2610.43,2.4,0,0,0,9,
8999621,-1.4709,-0.88,1.4898,1913.78,1053.8,-2175.36,2,0,0,0,9,
8999653,-1.4709,-0.88,1.4898,1531.02,843.04,-1740.29,1.6,0,0,0,9,
8999693,-1.4709,-0.88,1.4898,1913.78,1053.8,-2175.36,2,0,0,0,9,
8999732,-1.4709,-0.88,1.4898,1913.78,1053.8,-2175.36,2,0,0,0,9,
8999772,-1.4709,-0.88,1.4898,1913.78,1053.8,-2175.36,2,0,0,0,9,
8999813,-1.4709,-0.88,1.4898,1913.78,1053.8,-2175.36,2,0,0,0,9,
8999854,-1.4709,-0.88,1.4898,1913.78,1053.8,-2175.36,2,0,0,0,9,
8999893,-1.4709,-0.88,1.4898,1913.78,1053.8,-2175.36,2,0,0,0,9,
8999933,-1.4709,-0.88,1.4898,1913.78,1053.8,-2175.36,2,0,0,0,9,
8999973,-1.4709,-0.88,1.4898,1913.78,1053.8,-2175.36,2,0,0,0,9,
9000014,-1.4709,-0.88,1.4898,1913.78,1053.8,-2175.36,2,0,0,0,9,
9000052,-1.4709,-0.88,1.4898,1913.78,1053.8,-2175.36,2,0,0,0,9,
