milisec,RacketX,RacketY,RacketZ,forceX,forceX,forceX,ForceRatio,FriendPoint,EnemyPoint,haptics,scene
282743896,0,0,0,7621.88,4109.82,-8454.01,8,0,0,0,0,
282743927,-1.4781,-0.88,1.47191,1543.7,843.04,-1708.81,1.6,0,0,0,0,
282743938,-1.4781,-0.88,1.47191,578.886,316.14,-640.802,0.6,0,0,0,0,
282743978,-1.4781,-0.88,1.47191,1929.62,1053.8,-2136.01,2,0,0,0,0,
282744019,-1.4781,-0.88,1.47191,1929.62,1053.8,-2136.01,2,0,0,0,0,
282744059,-1.4781,-0.88,1.47191,1929.62,1053.8,-2136.01,2,0,0,0,0,
282744098,-1.4781,-0.88,1.47191,1929.62,1053.8,-2136.01,2,0,0,0,0,
282744155,-1.4781,-0.88,1.47191,2701.47,1475.32,-2990.41,2.8,0,0,0,0,
282744178,-1.4781,-0.88,1.47191,1157.77,632.28,-1281.6,1.2,0,0,0,0,
282744224,-1.4781,-0.88,1.47191,2122.58,1159.18,-2349.61,2.2,0,0,0,0,
282744258,-1.4781,-0.88,1.47191,1736.66,948.42,-1922.41,1.8,0,0,0,0,
282744298,-1.4781,-0.88,1.47191,1929.62,1053.8,-2136.01,2,0,0,0,0,
282744339,-1.4781,-0.88,1.47191,1929.62,1053.8,-2136.01,2,0,0,0,0,
282744378,-1.4781,-0.88,1.47191,1929.62,1053.8,-2136.01,2,0,0,0,0,
282744418,-1.4781,-0.88,1.47191,1929.62,1053.8,-2136.01,2,0,0,0,0,
282744458,-1.4781,-0.88,1.47191,1929.62,1053.8,-2136.01,2,0,0,0,0,
282744498,-1.4781,-0.88,1.47191,1929.62,1053.8,-2136.01,2,0,0,0,0,
282744538,-1.4781,-0.88,1.47191,1929.62,1053.8,-2136.01,2,0,0,0,0,
282744578,-1.4781,-0.88,1.47191,1929.62,1053.8,-2136.01,2,0,0,0,0,
282744618,-1.4781,-0.88,1.47191,1929.62,1053.8,-2136.01,2,0,0,0,0,
282744659,-1.4781,-0.88,1.47191,1929.62,1053.8,-2136.01,2,0,0,0,0,
282744698,-1.4781,-0.88,1.47191,1929.62,1053.8,-2136.01,2,0,0,0,0,
282744738,-1.4781,-0.88,1.47191,1929.62,1053.8,-2136.01,2,0,0,0,0,
282744778,-1.4781,-0.88,1.47191,1929.62,1053.8,-2136.01,2,0,0,0,0,
282744818,-1.4781,-0.88,1.47191,1929.62,1053.8,-2136.01,2,0,0,0,0,
282744858,-1.4781,-0.88,1.47191,1929.62,1053.8,-2136.01,2,0,0,0,0,
282744898,-1.4781,-0.88,1.47191,1929.62,1053.8,-2136.01,2,0,0,0,0,
282744938,-1.4781,-0.88,1.47191,1929.62,1053.8,-2136.01,2,0,0,0,0,
282744979,-1.4781,-0.88,1.47191,1929.62,1053.8,-2136.01,2,0,0,0,0,
282745018,-1.4781,-0.88,1.47191,1929.62,1053.8,-2136.01,2,0,0,0,0,
282745058,-1.4781,-0.88,1.47191,1929.62,1053.8,-2136.01,2,0,0,0,0,
282745098,-1.4781,-0.88,1.47191,1929.62,1053.8,-2136.01,2,0,0,0,0,
282745138,-1.4781,-0.88,1.47191,1929.62,1053.8,-2136.01,2,0,0,0,0,
282745178,-1.4781,-0.88,1.47191,1929.62,1053.8,-2136.01,2,0,0,0,0,
282745218,-1.4781,-0.88,1.47191,1929.62,1053.8,-2136.01,2,0,0,0,0,
282745259,-1.4781,-0.88,1.47191,1929.62,1053.8,-2136.01,2,0,0,0,0,
282745299,-1.4781,-0.88,1.47191,1929.62,1053.8,-2136.01,2,0,0,0,0,
282745338,-1.4781,-0.88,1.47191,1929.62,1053.8,-2136.01,2,0,0,0,0,
282745378,-1.4781,-0.88,1.47191,1929.62,1053.8,-2136.01,2,0,0,0,0,
282745418,-1.4781,-0.88,1.47191,1929.62,1053.8,-2136.01,2,0,0,0,0,
282745458,-1.4781,-0.88,1.47191,1929.62,1053.8,-2136.01,2,0,0,0,0,
282745498,-1.4781,-0.88,1.47191,1929.62,1053.8,-2136.01,2,0,0,0,0,
282745538,-1.4781,-0.88,1.47191,1929.62,1053.8,-2136.01,2,0,0,0,0,
282745579,-1.4781,-0.88,1.47191,1929.62,1053.8,-2136.01,2,0,0,0,0,
282745619,-1.4781,-0.88,1.47191,1929.62,1053.8,-2136.01,2,0,0,0,0,
282745658,-1.4781,-0.88,1.47191,1929.62,1053.8,-2136.01,2,0,0,0,0,
282745698,-1.4781,-0.88,1.47191,1929.62,1053.8,-2136.01,2,0,0,0,0,
282745738,-1.4781,-0.88,1.47191,1929.62,1053.8,-2136.01,2,0,0,0,0,
282745778,-1.4781,-0.88,1.47191,1929.62,1053.8,-2136.01,2,0,0,0,0,
282745818,-1.4781,-0.88,1.47191,1929.62,1053.8,-2136.01,2,0,0,0,0,
282745858,-1.4781,-0.88,1.47191,1929.62,1053.8,-2136.01,2,0,0,0,0,
282745899,-1.4781,-0.88,1.47191,1929.62,1053.8,-2136.01,2,0,0,0,0,
282745939,-1.4781,-0.88,1.47191,1929.62,1053.8,-2136.01,2,0,0,0,0,
282745978,-1.4781,-0.88,1.47191,1929.62,1053.8,-2136.01,2,0,0,0,0,
282746018,-1.4781,-0.88,1.47191,1929.62,1053.8,-2136.01,2,0,0,0,0,
282746058,-1.4781,-0.88,1.47191,1929.62,1053.8,-2136.01,2,0,0,0,0,
282746098,-1.4781,-0.88,1.47191,1929.62,1053.8,-2136.01,2,0,0,0,0,
282746138,-1.4781,-0.88,1.47191,1929.62,1053.8,-2136.01,2,0,0,0,0,
282746178,-1.4781,-0.88,1.47191,1929.62,1053.8,-2136.01,2,0,0,0,0,
282746219,-1.4781,-0.88,1.47191,1929.62,1053.8,-2136.01,2,0,0,0,0,
282746258,-1.4781,-0.88,1.47191,1929.62,1053.8,-2136.01,2,0,0,0,0,
282746298,-1.4781,-0.88,1.47191,1929.62,1053.8,-2136.01,2,0,0,0,0,
282746338,-1.4781,-0.88,1.47191,1929.62,1053.8,-2136.01,2,0,0,0,0,
282746378,-1.4781,-0.88,1.47191,1929.62,1053.8,-2136.01,2,0,0,0,0,
282746418,-1.4781,-0.88,1.47191,1929.62,1053.8,-2136.01,2,0,0,0,0,
282746458,-1.4781,-0.88,1.47191,1929.62,1053.8,-2136.01,2,0,0,0,0,
282746498,-1.4781,-0.88,1.47191,1929.62,1053.8,-2136.01,2,0,0,0,0,
282746539,-1.4781,-0.88,1.47191,1929.62,1053.8,-2136.01,2,0,0,0,0,
282746578,-1.4781,-0.88,1.47191,1929.62,1053.8,-2136.01,2,0,0,0,0,
282746618,-1.4781,-0.88,1.47191,1929.62,1053.8,-2136.01,2,0,0,0,0,
282746658,-1.4781,-0.88,1.47191,1929.62,1053.8,-2136.01,2,0,0,0,0,
282746698,-1.4781,-0.88,1.47191,1929.62,1053.8,-2136.01,2,0,0,0,0,
282746738,-1.4781,-0.88,1.47191,1929.62,1053.8,-2136.01,2,0,0,0,0,
282746778,-1.4781,-0.88,1.47191,1929.62,1053.8,-2136.01,2,0,0,0,0,
282746818,-1.4781,-0.88,1.47191,1929.62,1053.8,-2136.01,2,0,0,0,0,
282746859,-1.4781,-0.88,1.47191,1929.62,1053.8,-2136.01,2,0,0,0,0,
282746898,-1.4781,-0.88,1.47191,1929.62,1053.8,-2136.01,2,0,0,0,0,
282746938,-1.4781,-0.88,1.47191,1929.62,1053.8,-2136.01,2,0,0,0,0,
282746978,-1.4781,-0.88,1.47191,1929.62,1053.8,-2136.01,2,0,0,0,0,
282747018,-1.4781,-0.88,1.47191,1929.62,1053.8,-2136.01,2,0,0,0,0,
282747058,-1.4781,-0.88,1.47191,1929.62,1053.8,-2136.01,2,0,0,0,0,
282747098,-1.4781,-0.88,1.47191,1929.62,1053.8,-2136.01,2,0,0,0,0,
282747139,-1.4781,-0.88,1.47191,1929.62,1053.8,-2136.01,2,0,0,0,0,
282747179,-1.4781,-0.88,1.47191,1929.62,1053.8,-2136.01,2,0,0,0,0,
282747218,-1.4781,-0.88,1.47191,1929.62,1053.8,-2136.01,2,0,0,0,0,
282747258,-1.4781,-0.88,1.47191,1929.62,1053.8,-2136.01,2,0,0,0,0,
282747298,-1.4781,-0.88,1.47191,1929.62,1053.8,-2136.01,2,0,0,0,0,
282747338,-1.4781,-0.88,1.47191,1929.62,1053.8,-2136.01,2,0,0,0,0,
282747378,-1.4781,-0.88,1.47191,1929.62,1053.8,-2136.01,2,0,0,0,0,
282747418,-1.4781,-0.88,1.47191,1929.62,1053.8,-2136.01,2,0,0,0,0,
282747459,-1.4781,-0.88,1.47191,1929.62,1053.8,-2136.01,2,0,0,0,0,
282747499,-1.4781,-0.88,1.47191,1929.62,1053.8,-2136.01,2,0,0,0,0,
282747538,-1.4781,-0.88,1.47191,1929.62,1053.8,-2136.01,2,0,0,0,0,
282747578,-1.4781,-0.88,1.47191,1929.62,1053.8,-2136.01,2,0,0,0,0,
282747618,-1.4781,-0.88,1.47191,1929.62,1053.8,-2136.01,2,0,0,0,0,
282747658,-1.4781,-0.88,1.47191,1929.62,1053.8,-2136.01,2,0,0,0,0,
282747698,-1.4781,-0.88,1.47191,1929.62,1053.8,-2136.01,2,0,0,0,0,
282747738,-1.4781,-0.88,1.47191,1929.62,1053.8,-2136.01,2,0,0,0,0,
282747779,-1.4781,-0.88,1.47191,1929.62,1053.8,-2136.01,2,0,0,0,0,
282747819,-1.4781,-0.88,1.47191,1929.62,1053.8,-2136.01,2,0,0,0,0,
282747858,-1.4781,-0.88,1.47191,1929.62,1053.8,-2136.01,2,0,0,0,0,
282747898,-1.4781,-0.88,1.47191,1929.62,1053.8,-2136.01,2,0,0,0,0,
282747938,-1.4781,-0.88,1.47191,1929.62,1053.8,-2136.01,2,0,0,0,0,
282747978,-1.4781,-0.88,1.47191,1929.62,1053.8,-2136.01,2,0,0,0,0,
282748018,-1.4781,-0.88,1.47191,1929.62,1053.8,-2136.01,2,0,0,0,0,
282748058,-1.4781,-0.88,1.47191,1929.62,1053.8,-2136.01,2,0,0,0,0,
282748099,-1.4781,-0.88,1.47191,1929.62,1053.8,-2136.01,2,0,0,0,0,
282748138,-1.4781,-0.88,1.47191,1929.62,1053.8,-2136.01,2,0,0,0,0,
282748178,-1.4781,-0.88,1.47191,1929.62,1053.8,-2136.01,2,0,0,0,0,
282748218,-1.4781,-0.88,1.47191,1929.62,1053.8,-2136.01,2,0,0,0,0,
282748258,-1.4781,-0.88,1.47191,1929.62,1053.8,-2136.01,2,0,0,0,0,
282748298,-1.4781,-0.88,1.47191,1929.62,1053.8,-2136.01,2,0,0,0,0,
282748338,-1.4781,-0.88,1.47191,1929.62,1053.8,-2136.01,2,0,0,0,0,
282748378,-1.4781,-0.88,1.47191,1929.62,1053.8,-2136.01,2,0,0,0,0,
282748419,-1.4781,-0.88,1.47191,1929.62,1053.8,-2136.01,2,0,0,0,0,
282748458,-1.4781,-0.88,1.47191,1929.62,1053.8,-2136.01,2,0,0,0,0,
282748498,-1.4781,-0.88,1.47191,1929.62,1053.8,-2136.01,2,0,0,0,0,
282748538,-1.4781,-0.88,1.47191,1929.62,1053.8,-2136.01,2,0,0,0,0,
282748578,-1.4781,-0.88,1.47191,1929.62,1053.8,-2136.01,2,0,0,0,0,
282748618,-1.4781,-0.88,1.47191,1929.62,1053.8,-2136.01,2,0,0,0,0,
282748658,-1.4781,-0.88,1.47191,1929.62,1053.8,-2136.01,2,0,0,0,0,
282748698,-1.4781,-0.88,1.47191,1929.62,1053.8,-2136.01,2,0,0,0,0,
282748739,-1.4781,-0.88,1.47191,1929.62,1053.8,-2136.01,2,0,0,0,0,
282748778,-1.4781,-0.88,1.47191,1929.62,1053.8,-2136.01,2,0,0,0,0,
282748818,-1.4781,-0.88,1.47191,1929.62,1053.8,-2136.01,2,0,0,0,0,
282748858,-1.4781,-0.88,1.47191,1929.62,1053.8,-2136.01,2,0,0,0,0,
282748898,-1.4781,-0.88,1.47191,1929.62,1053.8,-2136.01,2,0,0,0,0,
282748938,-1.4781,-0.88,1.47191,1929.62,1053.8,-2136.01,2,0,0,0,0,
282748978,-1.4781,-0.88,1.47191,1929.62,1053.8,-2136.01,2,0,0,0,0,
282749019,-1.4781,-0.88,1.47191,1929.62,1053.8,-2136.01,2,0,0,0,0,
282749059,-1.4781,-0.88,1.47191,1929.62,1053.8,-2136.01,2,0,0,0,9,
282749098,-1.4781,-0.88,1.47191,1929.62,1053.8,-2136.01,2,0,0,0,9,
282749138,-1.4781,-0.88,1.47191,1929.62,1053.8,-2136.01,2,0,0,0,9,
282749178,-1.4781,-0.88,1.47191,1929.62,1053.8,-2136.01,2,0,0,0,9,
282749218,-1.4781,-0.88,1.47191,1929.62,1053.8,-2136.01,2,0,0,0,9,
282749258,-1.4781,-0.88,1.47191,1929.62,1053.8,-2136.01,2,0,0,0,9,
282749298,-1.4781,-0.88,1.47191,1929.62,1053.8,-2136.01,2,0,0,0,9,
282749339,-1.4781,-0.88,1.47191,1929.62,1053.8,-2136.01,2,0,0,0,9,
282749379,-1.4781,-0.88,1.47191,1929.62,1053.8,-2136.01,2,0,0,0,9,
282749418,-1.4781,-0.88,1.47191,1929.62,1053.8,-2136.01,2,0,0,0,9,
282749458,-1.4781,-0.88,1.47191,1929.62,1053.8,-2136.01,2,0,0,0,9,
282749498,-1.4781,-0.88,1.47191,1929.62,1053.8,-2136.01,2,0,0,0,9,
282749538,-1.4781,-0.88,1.47191,1929.62,1053.8,-2136.01,2,0,0,0,9,
282749578,-1.4781,-0.88,1.47191,1929.62,1053.8,-2136.01,2,0,0,0,9,
282749618,-1.4781,-0.88,1.47191,1929.62,1053.8,-2136.01,2,0,0,0,9,
282749659,-1.4781,-0.88,1.47191,1929.62,1053.8,-2136.01,2,0,0,0,9,
282749699,-1.4781,-0.88,1.47191,1929.62,1053.8,-2136.01,2,0,0,0,9,
282749738,-1.4781,-0.88,1.47191,1929.62,1053.8,-2136.01,2,0,0,0,9,
282749778,-1.4781,-0.88,1.47191,1929.62,1053.8,-2136.01,2,0,0,0,9,
282749818,-1.4781,-0.88,1.47191,1929.62,1053.8,-2136.01,2,0,0,0,9,
282749858,-1.4781,-0.88,1.47191,1929.62,1053.8,-2136.01,2,0,0,0,9,
282749898,-1.4781,-0.88,1.47191,1929.62,1053.8,-2136.01,2,0,0,0,9,
282749938,-1.4781,-0.88,1.47191,1929.62,1053.8,-2136.01,2,0,0,0,9,
282749979,-1.4781,-0.88,1.47191,1929.62,1053.8,-2136.01,2,0,0,0,9,
282750018,-1.4781,-0.88,1.47191,1929.62,1053.8,-2136.01,2,0,0,0,9,
282750058,-1.4781,-0.88,1.47191,1929.62,1053.8,-2136.01,2,0,0,0,9,
282750098,-1.4781,-0.88,1.47191,1929.62,1053.8,-2136.01,2,0,0,0,9,
282750138,-1.4781,-0.88,1.47191,1929.62,1053.8,-2136.01,2,0,0,0,9,
282750178,-1.4781,-0.88,1.47191,1929.62,1053.8,-2136.01,2,0,0,0,9,
282750218,-1.4781,-0.88,1.47191,1929.62,1053.8,-2136.01,2,0,0,0,9,
282750258,-1.4781,-0.88,1.47191,1929.62,1053.8,-2136.01,2,0,0,0,9,
282750299,-1.4781,-0.88,1.47191,1929.62,1053.8,-2136.01,2,0,0,0,9,
282750338,-1.4781,-0.88,1.47191,1929.62,1053.8,-2136.01,2,0,0,0,9,
282750378,-1.4781,-0.88,1.47191,1929.62,1053.8,-2136.01,2,0,0,0,9,
282750418,-1.4781,-0.88,1.47191,1929.62,1053.8,-2136.01,2,0,0,0,9,
282750460,-1.4781,-0.88,1.47191,1929.62,1053.8,-2136.01,2,0,0,0,8,
282750498,-1.4781,-0.88,1.47191,1929.62,1053.8,-2136.01,2,0,0,0,8,
282750538,-1.4781,-0.88,1.47191,1929.62,1053.8,-2136.01,2,0,0,0,8,
282750578,-1.4781,-0.88,1.47191,1929.62,1053.8,-2136.01,2,0,0,0,8,
282750619,-1.4781,-0.88,1.47191,1929.62,1053.8,-2136.01,2,0,0,0,8,
282750658,-1.4781,-0.88,1.47191,1929.62,1053.8,-2136.01,2,0,0,0,8,
282750698,-1.4781,-0.88,1.47191,1929.62,1053.8,-2136.01,2,0,0,0,8,
282750738,-1.4781,-0.88,1.47191,1929.62,1053.8,-2136.01,2,0,0,0,8,
282750778,-1.4781,-0.88,1.47191,1929.62,1053.8,-2136.01,2,0,0,0,8,
282750818,-1.4781,-0.88,1.47191,1929.62,1053.8,-2136.01,2,0,0,0,8,
282750858,-1.4781,-0.88,1.47191,1929.62,1053.8,-2136.01,2,0,0,0,8,
282750898,-1.4781,-0.88,1.47191,1929.62,1053.8,-2136.01,2,0,0,0,8,
282750939,-1.4781,-0.88,1.47191,1929.62,1053.8,-2136.01,2,0,0,0,8,
282750978,-1.4781,-0.88,1.47191,1929.62,1053.8,-2136.01,2,0,0,0,8,
282751018,-1.4781,-0.88,1.47191,1929.62,1053.8,-2136.01,2,0,0,0,8,
282751058,-1.4781,-0.88,1.47191,1929.62,1053.8,-2136.01,2,0,0,0,8,
282751098,-1.4781,-0.88,1.47191,1929.62,1053.8,-2136.01,2,0,0,0,8,
282751138,-1.4781,-0.88,1.47191,1929.62,1053.8,-2136.01,2,0,0,0,8,
282751178,-1.4781,-0.88,1.47191,1929.62,1053.8,-2136.01,2,0,0,0,8,
282751219,-1.4781,-0.88,1.47191,1929.62,1053.8,-2136.01,2,0,0,0,8,
282751259,-1.4781,-0.88,1.47191,1929.62,1053.8,-2136.01,2,0,0,0,8,
282751298,-1.4781,-0.88,1.47191,1929.62,1053.8,-2136.01,2,0,0,0,8,
282751338,-1.4781,-0.88,1.47191,1929.62,1053.8,-2136.01,2,0,0,0,8,
282751378,-1.4781,-0.88,1.47191,1929.62,1053.8,-2136.01,2,0,0,0,8,
282751418,-1.4781,-0.88,1.47191,1929.62,1053.8,-2136.01,2,0,0,0,9,
282751458,-1.4781,-0.88,1.47191,1929.62,1053.8,-2136.01,2,0,0,0,9,
282751498,-1.4781,-0.88,1.47191,1929.62,1053.8,-2136.01,2,0,0,0,9,
282751539,-1.4781,-0.88,1.47191,1929.62,1053.8,-2136.01,2,0,0,0,9,
282751579,-1.4781,-0.88,1.47191,1929.62,1053.8,-2136.01,2,0,0,0,9,
282751618,-1.4781,-0.88,1.47191,1929.62,1053.8,-2136.01,2,0,0,0,9,
282751658,-1.4781,-0.88,1.47191,1929.62,1053.8,-2136.01,2,0,0,0,9,
282751698,-1.4781,-0.88,1.47191,1929.62,1053.8,-2136.01,2,0,0,0,9,
282751738,-1.4781,-0.88,1.47191,1929.62,1053.8,-2136.01,2,0,0,0,9,
282751778,-1.4781,-0.88,1.47191,1929.62,1053.8,-2136.01,2,0,0,0,9,
282751818,-1.4781,-0.88,1.47191,1929.62,1053.8,-2136.01,2,0,0,0,9,
282751859,-1.4781,-0.88,1.47191,1929.62,1053.8,-2136.01,2,0,0,0,9,
282751898,-1.4781,-0.88,1.47191,1929.62,1053.8,-2136.01,2,0,0,0,9,
282751938,-1.4781,-0.88,1.47191,1929.62,1053.8,-2136.01,2,0,0,0,9,
282751978,-1.4781,-0.88,1.47191,1929.62,1053.8,-2136.01,2,0,0,0,9,
282752018,-1.4781,-0.88,1.47191,1929.62,1053.8,-2136.01,2,0,0,0,9,
282752058,-1.4781,-0.88,1.47191,1929.62,1053.8,-2136.01,2,0,0,0,9,
282752098,-1.4781,-0.88,1.47191,1929.62,1053.8,-2136.01,2,0,0,0,9,
282752138,-1.4781,-0.88,1.47191,1929.62,1053.8,-2136.01,2,0,0,0,9,
282752179,-1.4781,-0.88,1.47191,1929.62,1053.8,-2136.01,2,0,0,0,9,
282752218,-1.4781,-0.88,1.47191,1929.62,1053.8,-2136.01,2,0,0,0,9,
282752258,-1.4781,-0.88,1.47191,1929.62,1053.8,-2136.01,2,0,0,0,9,
282752298,-1.4781,-0.88,1.47191,1929.62,1053.8,-2136.01,2,0,0,0,9,
282752338,-1.4781,-0.88,1.47191,1929.62,1053.8,-2136.01,2,0,0,0,9,
282752378,-1.4781,-0.88,1.47191,1929.62,1053.8,-2136.01,2,0,0,0,9,
282752418,-1.4781,-0.88,1.47191,1929.62,1053.8,-2136.01,2,0,0,0,9,
282752458,-1.4781,-0.88,1.47191,1929.62,1053.8,-2136.01,2,0,0,0,9,
282752499,-1.4781,-0.88,1.47191,1929.62,1053.8,-2136.01,2,0,0,0,9,
282752538,-1.4781,-0.88,1.47191,1929.62,1053.8,-2136.01,2,0,0,0,9,
282752578,-1.4781,-0.88,1.47191,1929.62,1053.8,-2136.01,2,0,0,0,9,
282752618,-1.4781,-0.88,1.47191,1929.62,1053.8,-2136.01,2,0,0,0,9,
282752658,-1.4781,-0.88,1.47191,1929.62,1053.8,-2136.01,2,0,0,0,9,
282752698,-1.4781,-0.88,1.47191,1929.62,1053.8,-2136.01,2,0,0,0,9,
282752738,-1.4781,-0.88,1.47191,1929.62,1053.8,-2136.01,2,0,0,0,9,
282752778,-1.4781,-0.88,1.47191,1929.62,1053.8,-2136.01,2,0,0,0,9,
282752819,-1.4781,-0.88,1.47191,1929.62,1053.8,-2136.01,2,0,0,0,9,
282752858,-1.4781,-0.88,1.47191,1929.62,1053.8,-2136.01,2,0,0,0,9,
282752898,-1.4781,-0.88,1.47191,1929.62,1053.8,-2136.01,2,0,0,0,9,
282752938,-1.4781,-0.88,1.47191,1929.62,1053.8,-2136.01,2,0,0,0,9,
282752978,-1.4781,-0.88,1.47191,1929.62,1053.8,-2136.01,2,0,0,0,9,
282753018,-1.4781,-0.88,1.47191,1929.62,1053.8,-2136.01,2,0,0,0,9,
282753058,-1.4781,-0.88,1.47191,1929.62,1053.8,-2136.01,2,0,0,0,9,
282753099,-1.4781,-0.88,1.47191,1929.62,1053.8,-2136.01,2,0,0,0,9,
282753139,-1.4781,-0.88,1.47191,1929.62,1053.8,-2136.01,2,0,0,0,9,
282753178,-1.4781,-0.88,1.47191,1929.62,1053.8,-2136.01,2,0,0,0,9,
282753218,-1.4781,-0.88,1.47191,1929.62,1053.8,-2136.01,2,0,0,0,9,
282753258,-1.4781,-0.88,1.47191,1929.62,1053.8,-2136.01,2,0,0,0,9,
282753298,-1.4781,-0.88,1.47191,1929.62,1053.8,-2136.01,2,0,0,0,9,
282753338,-1.4781,-0.88,1.47191,1929.62,1053.8,-2136.01,2,0,0,0,9,
282753378,-1.4781,-0.88,1.47191,1929.62,1053.8,-2136.01,2,0,0,0,9,
282753419,-1.4781,-0.88,1.47191,1929.62,1053.8,-2136.01,2,0,0,0,9,
282753459,-1.4781,-0.88,1.47191,1929.62,1053.8,-2136.01,2,0,0,0,9,
282753498,-1.4781,-0.88,1.47191,1929.62,1053.8,-2136.01,2,0,0,0,9,
282753538,-1.4781,-0.88,1.47191,1929.62,1053.8,-2136.01,2,0,0,0,9,
282753578,-1.4781,-0.88,1.47191,1929.62,1053.8,-2136.01,2,0,0,0,9,
282753618,-1.4781,-0.88,1.47191,1929.62,1053.8,-2136.01,2,0,0,0,9,
282753658,-1.4781,-0.88,1.47191,1929.62,1053.8,-2136.01,2,0,0,0,9,
282753698,-1.4781,-0.88,1.47191,1929.62,1053.8,-2136.01,2,0,0,0,9,
282753739,-1.4781,-0.88,1.47191,1929.62,1053.8,-2136.01,2,0,0,0,9,
282753778,-1.4781,-0.88,1.47191,1929.62,1053.8,-2136.01,2,0,0,0,9,
282753818,-1.4781,-0.88,1.47191,1929.62,1053.8,-2136.01,2,0,0,0,9,
282753858,-1.4781,-0.88,1.47191,1929.62,1053.8,-2136.01,2,0,0,0,9,
282753898,-1.4781,-0.88,1.47191,1929.62,1053.8,-2136.01,2,0,0,0,9,
282753938,-1.4781,-0.88,1.47191,1929.62,1053.8,-2136.01,2,0,0,0,9,
282753978,-1.4781,-0.88,1.47191,1929.62,1053.8,-2136.01,2,0,0,0,9,
282754018,-1.4781,-0.88,1.47191,1929.62,1053.8,-2136.01,2,0,0,0,9,
282754059,-1.4781,-0.88,1.47191,1929.62,1053.8,-2136.01,2,0,0,0,9,
282754098,-1.4781,-0.88,1.47191,1929.62,1053.8,-2136.01,2,0,0,0,9,
282754138,-1.4781,-0.88,1.47191,1929.62,1053.8,-2136.01,2,0,0,0,9,
282754178,-1.4781,-0.88,1.47191,1929.62,1053.8,-2136.01,2,0,0,0,9,
282754218,-1.4781,-0.88,1.47191,1929.62,1053.8,-2136.01,2,0,0,0,9,
282754258,-1.4781,-0.88,1.47191,1929.62,1053.8,-2136.01,2,0,0,0,9,
282754298,-1.4781,-0.88,1.47191,1929.62,1053.8,-2136.01,2,0,0,0,9,
282754338,-1.4781,-0.88,1.47191,1929.62,1053.8,-2136.01,2,0,0,0,9,
282754379,-1.4781,-0.88,1.47191,1929.62,1053.8,-2136.01,2,0,0,0,9,
282754418,-1.4781,-0.88,1.47191,1929.62,1053.8,-2136.01,2,0,0,0,9,
282754458,-1.4781,-0.88,1.47191,1929.62,1053.8,-2136.01,2,0,0,0,9,
282754498,-1.4781,-0.88,1.47191,1929.62,1053.8,-2136.01,2,0,0,0,9,
282754538,-1.4781,-0.88,1.47191,1929.62,1053.8,-2136.01,2,0,0,0,9,
282754578,-1.4781,-0.88,1.47191,1929.62,1053.8,-2136.01,2,0,0,0,9,
282754618,-1.4781,-0.88,1.47191,1929.62,1053.8,-2136.01,2,0,0,0,9,
282754658,-1.4781,-0.88,1.47191,1929.62,1053.8,-2136.01,2,0,0,0,9,
282754699,-1.4781,-0.88,1.47191,1929.62,1053.8,-2136.01,2,0,0,0,9,
282754738,-1.4781,-0.88,1.47191,1929.62,1053.8,-2136.01,2,0,0,0,9,
282754778,-1.4781,-0.88,1.47191,1929.62,1053.8,-2136.01,2,0,0,0,9,
282754818,-1.4781,-0.88,1.47191,1929.62,1053.8,-2136.01,2,0,0,0,9,
282754858,-1.4781,-0.88,1.47191,1929.62,1053.8,-2136.01,2,0,0,0,9,
282754898,-1.4781,-0.88,1.47191,1929.62,1053.8,-2136.01,2,0,0,0,9,
282754938,-1.4781,-0.88,1.47191,1929.62,1053.8,-2136.01,2,0,0,0,9,
282754979,-1.4781,-0.88,1.47191,1929.62,1053.8,-2136.01,2,0,0,0,9,
282755019,-1.4781,-0.88,1.47191,1929.62,1053.8,-2136.01,2,0,0,0,9,
282755058,-1.4781,-0.88,1.47191,1929.62,1053.8,-2136.01,2,0,0,0,9,
282755098,-1.4781,-0.88,1.47191,1929.62,1053.8,-2136.01,2,0,0,0,9,
282755138,-1.4781,-0.88,1.47191,1929.62,1053.8,-2136.01,2,0,0,0,9,
282755178,-1.4781,-0.88,1.47191,1929.62,1053.8,-2136.01,2,0,0,0,9,
282755218,-1.4781,-0.88,1.47191,1929.62,1053.8,-2136.01,2,0,0,0,9,
282755258,-1.4781,-0.88,1.47191,1929.62,1053.8,-2136.01,2,0,0,0,9,
282755299,-1.4781,-0.88,1.47191,1929.62,1053.8,-2136.01,2,0,0,0,9,
282755339,-1.4781,-0.88,1.47191,1929.62,1053.8,-2136.01,2,0,0,0,9,
282755378,-1.4781,-0.88,1.47191,1929.62,1053.8,-2136.01,2,0,0,0,9,
282755418,-1.4781,-0.88,1.47191,1929.62,1053.8,-2136.01,2,0,0,0,9,
282755458,-1.4781,-0.88,1.47191,1929.62,1053.8,-2136.01,2,0,0,0,9,
282755498,-1.4781,-0.88,1.47191,1929.62,1053.8,-2136.01,2,0,0,0,9,
282755538,-1.4781,-0.88,1.47191,1929.62,1053.8,-2136.01,2,0,0,0,9,
282755578,-1.4781,-0.88,1.47191,1929.62,1053.8,-2136.01,2,0,0,0,9,
282755619,-1.4781,-0.88,1.47191,1929.62,1053.8,-2136.01,2,0,0,0,9,
282755658,-1.4781,-0.88,1.47191,1929.62,1053.8,-2136.01,2,0,0,0,9,
282755698,-1.4781,-0.88,1.47191,1929.62,1053.8,-2136.01,2,0,0,0,9,
282755738,-1.4781,-0.88,1.47191,1929.62,1053.8,-2136.01,2,0,0,0,9,
282755778,-1.4781,-0.88,1.47191,1929.62,1053.8,-2136.01,2,0,0,0,9,
282755818,-1.4781,-0.88,1.47191,1929.62,1053.8,-2136.01,2,0,0,0,9,
282755858,-1.4781,-0.88,1.47191,1929.62,1053.8,-2136.01,2,0,0,0,9,
282755898,-1.4781,-0.88,1.47191,1929.62,1053.8,-2136.01,2,0,0,0,9,
282755939,-1.4781,-0.88,1.47191,1929.62,1053.8,-2136.01,2,0,0,0,9,
282755978,-1.4781,-0.88,1.47191,1929.62,1053.8,-2136.01,2,0,0,0,9,
282756018,-1.4781,-0.88,1.47191,1929.62,1053.8,-2136.01,2,0,0,0,9,
282756058,-1.4781,-0.88,1.47191,1929.62,1053.8,-2136.01,2,0,0,0,9,
282756098,-1.4781,-0.88,1.47191,1929.62,1053.8,-2136.01,2,0,0,0,9,
282756138,-1.4781,-0.88,1.47191,1929.62,1053.8,-2136.01,2,0,0,0,9,
282756178,-1.4781,-0.88,1.47191,1929.62,1053.8,-2136.01,2,0,0,0,9,
282756218,-1.4781,-0.88,1.47191,1929.62,1053.8,-2136.01,2,0,0,0,9,
282756259,-1.4781,-0.88,1.47191,1929.62,1053.8,-2136.01,2,0,0,0,9,
282756298,-1.4781,-0.88,1.47191,1929.62,1053.8,-2136.01,2,0,0,0,9,
282756338,-1.4781,-0.88,1.47191,1929.62,1053.8,-2136.01,2,0,0,0,9,
282756378,-1.4781,-0.88,1.47191,1929.62,1053.8,-2136.01,2,0,0,0,9,
282756418,-1.4781,-0.88,1.47191,1929.62,1053.8,-2136.01,2,0,0,0,9,
282756458,-1.4781,-0.88,1.47191,1929.62,1053.8,-2136.01,2,0,0,0,9,
282756498,-1.4781,-0.88,1.47191,1929.62,1053.8,-2136.01,2,0,0,0,9,
282756538,-1.4781,-0.88,1.47191,1929.62,1053.8,-2136.01,2,0,0,0,9,
282756579,-1.4781,-0.88,1.47191,1929.62,1053.8,-2136.01,2,0,0,0,9,
282756618,-1.4781,-0.88,1.47191,1929.62,1053.8,-2136.01,2,0,0,0,9,
282756658,-1.4781,-0.88,1.47191,1929.62,1053.8,-2136.01,2,0,0,0,9,
282756698,-1.4781,-0.88,1.47191,1929.62,1053.8,-2136.01,2,0,0,0,9,
282756738,-1.4781,-0.88,1.47191,1929.62,1053.8,-2136.01,2,0,0,0,9,
282756778,-1.4781,-0.88,1.47191,1929.62,1053.8,-2136.01,2,0,0,0,9,
282756818,-1.4781,-0.88,1.47191,1929.62,1053.8,-2136.01,2,0,0,0,9,
282756859,-1.4781,-0.88,1.47191,1929.62,1053.8,-2136.01,2,0,0,0,9,
282756899,-1.4781,-0.88,1.47191,1929.62,1053.8,-2136.01,2,0,0,0,9,
282756938,-1.4781,-0.88,1.47191,1929.62,1053.8,-2136.01,2,0,0,0,9,
282756978,-1.4781,-0.88,1.47191,1929.62,1053.8,-2136.01,2,0,0,0,9,
282757018,-1.4781,-0.88,1.47191,1929.62,1053.8,-2136.01,2,0,0,0,9,
282757058,-1.4781,-0.88,1.47191,1929.62,1053.8,-2136.01,2,0,0,0,9,
282757098,-1.4781,-0.88,1.47191,1929.62,1053.8,-2136.01,2,0,0,0,9,
282757138,-1.4781,-0.88,1.47191,1929.62,1053.8,-2136.01,2,0,0,0,9,
282757179,-1.4781,-0.88,1.47191,1929.62,1053.8,-2136.01,2,0,0,0,9,
282757219,-1.4781,-0.88,1.47191,1929.62,1053.8,-2136.01,2,0,0,0,9,
282757258,-1.4781,-0.88,1.47191,1929.62,1053.8,-2136.01,2,0,0,0,9,
282757298,-1.4781,-0.88,1.47191,1929.62,1053.8,-2136.01,2,0,0,0,9,
282757338,-1.4781,-0.88,1.47191,1929.62,1053.8,-2136.01,2,0,0,0,9,
282757378,-1.4781,-0.88,1.47191,1929.62,1053.8,-2136.01,2,0,0,0,9,
282757418,-1.4781,-0.88,1.47191,1929.62,1053.8,-2136.01,2,0,0,0,9,
282757458,-1.4781,-0.88,1.47191,1929.62,1053.8,-2136.01,2,0,0,0,9,
282757499,-1.4781,-0.88,1.47191,1929.62,1053.8,-2136.01,2,0,0,0,9,
282757539,-1.4781,-0.88,1.47191,1929.62,1053.8,-2136.01,2,0,0,0,9,
282757578,-1.4781,-0.88,1.47191,1929.62,1053.8,-2136.01,2,0,0,0,9,
282757618,-1.4781,-0.88,1.47191,1929.62,1053.8,-2136.01,2,0,0,0,9,
282757658,-1.4781,-0.88,1.47191,1929.62,1053.8,-2136.01,2,0,0,0,9,
282757698,-1.4781,-0.88,1.47191,1929.62,1053.8,-2136.01,2,0,0,0,9,
282757738,-1.4781,-0.88,1.47191,1929.62,1053.8,-2136.01,2,0,0,0,9,
282757778,-1.4781,-0.88,1.47191,1929.62,1053.8,-2136.01,2,0,0,0,9,
282757819,-1.4781,-0.88,1.47191,1929.62,1053.8,-2136.01,2,0,0,0,9,
282757858,-1.4781,-0.88,1.47191,1929.62,1053.8,-2136.01,2,0,0,0,9,
282757898,-1.4781,-0.88,1.47191,1929.62,1053.8,-2136.01,2,0,0,0,9,
282757938,-1.4781,-0.88,1.47191,1929.62,1053.8,-2136.01,2,0,0,0,9,
282757978,-1.4781,-0.88,1.47191,1929.62,1053.8,-2136.01,2,0,0,0,9,
282758018,-1.4781,-0.88,1.47191,1929.62,1053.8,-2136.01,2,0,0,0,9,
282758058,-1.4781,-0.88,1.47191,1929.62,1053.8,-2136.01,2,0,0,0,9,
282758098,-1.4781,-0.88,1.47191,1929.62,1053.8,-2136.01,2,0,0,0,9,
282758139,-1.4781,-0.88,1.47191,1929.62,1053.8,-2136.01,2,0,0,0,9,
282758178,-1.4781,-0.88,1.47191,1929.62,1053.8,-2136.01,2,0,0,0,9,
282758218,-1.4781,-0.88,1.47191,1929.62,1053.8,-2136.01,2,0,0,0,9,
282758258,-1.4781,-0.88,1.47191,1929.62,1053.8,-2136.01,2,0,0,0,9,
282758298,-1.4781,-0.88,1.47191,1929.62,1053.8,-2136.01,2,0,0,0,9,
282758338,-1.4781,-0.88,1.47191,1929.62,1053.8,-2136.01,2,0,0,0,9,
282758378,-1.4781,-0.88,1.47191,1929.62,1053.8,-2136.01,2,0,0,0,9,
282758418,-1.4781,-0.88,1.47191,1929.62,1053.8,-2136.01,2,0,0,0,9,
282758459,-1.4781,-0.88,1.47191,1929.62,1053.8,-2136.01,2,0,0,0,9,
282758498,-1.4781,-0.88,1.47191,1929.62,1053.8,-2136.01,2,0,0,0,9,
282758538,-1.4781,-0.88,1.47191,1929.62,1053.8,-2136.01,2,0,0,0,9,
282758578,-1.4781,-0.88,1.47191,1929.62,1053.8,-2136.01,2,0,0,0,9,
282758618,-1.4781,-0.88,1.47191,1929.62,1053.8,-2136.01,2,0,0,0,9,
282758658,-1.4781,-0.88,1.47191,1929.62,1053.8,-2136.01,2,0,0,0,9,
282758698,-1.4781,-0.88,1.47191,1929.62,1053.8,-2136.01,2,0,0,0,9,
282758739,-1.4781,-0.88,1.47191,1929.62,1053.8,-2136.01,2,0,0,0,9,
282758779,-1.4781,-0.88,1.47191,1929.62,1053.8,-2136.01,2,0,0,0,9,
282758818,-1.4781,-0.88,1.47191,1929.62,1053.8,-2136.01,2,0,0,0,9,
282758858,-1.4781,-0.88,1.47191,1929.62,1053.8,-2136.01,2,0,0,0,9,
282758898,-1.4781,-0.88,1.47191,1929.62,1053.8,-2136.01,2,0,0,0,9,
282758938,-1.4781,-0.88,1.47191,1929.62,1053.8,-2136.01,2,0,0,0,9,
282758978,-1.4781,-0.88,1.47191,1929.62,1053.8,-2136.01,2,0,0,0,9,
282759018,-1.4781,-0.88,1.47191,1929.62,1053.8,-2136.01,2,0,0,0,9,
282759059,-1.4781,-0.88,1.47191,1929.62,1053.8,-2136.01,2,0,0,0,9,
282759099,-1.4781,-0.88,1.47191,1929.62,1053.8,-2136.01,2,0,0,0,9,
282759138,-1.4781,-0.88,1.47191,1929.62,1053.8,-2136.01,2,0,0,0,9,
282759178,-1.4781,-0.88,1.47191,1929.62,1053.8,-2136.01,2,0,0,0,9,
282759218,-1.4781,-0.88,1.47191,1929.62,1053.8,-2136.01,2,0,0,0,9,
282759258,-1.4781,-0.88,1.47191,1929.62,1053.8,-2136.01,2,0,0,0,9,
282759298,-1.4781,-0.88,1.47191,1929.62,1053.8,-2136.01,2,0,0,0,9,
282759338,-1.4781,-0.88,1.47191,1929.62,1053.8,-2136.01,2,0,0,0,9,
282759379,-1.4781,-0.88,1.47191,1929.62,1053.8,-2136.01,2,0,0,0,9,
282759419,-1.4781,-0.88,1.47191,1929.62,1053.8,-2136.01,2,0,0,0,9,
282759458,-1.4781,-0.88,1.47191,1929.62,1053.8,-2136.01,2,0,0,0,9,
282759498,-1.4781,-0.88,1.47191,1929.62,1053.8,-2136.01,2,0,0,0,9,
282759538,-1.4781,-0.88,1.47191,1929.62,1053.8,-2136.01,2,0,0,0,9,
282759578,-1.4781,-0.88,1.47191,1929.62,1053.8,-2136.01,2,0,0,0,9,
282759618,-1.4781,-0.88,1.47191,1929.62,1053.8,-2136.01,2,0,0,0,9,
282759658,-1.4781,-0.88,1.47191,1929.62,1053.8,-2136.01,2,0,0,0,9,
282759699,-1.4781,-0.88,1.47191,1929.62,1053.8,-2136.01,2,0,0,0,9,
282759738,-1.4781,-0.88,1.47191,1929.62,1053.8,-2136.01,2,0,0,0,9,
282759778,-1.4781,-0.88,1.47191,1929.62,1053.8,-2136.01,2,0,0,0,9,
282759818,-1.4781,-0.88,1.47191,1929.62,1053.8,-2136.01,2,0,0,0,9,
282759858,-1.4781,-0.88,1.47191,1929.62,1053.8,-2136.01,2,0,0,0,9,
282759898,-1.4781,-0.88,1.47191,1929.62,1053.8,-2136.01,2,0,0,0,9,
282759938,-1.4781,-0.88,1.47191,1929.62,1053.8,-2136.01,2,0,0,0,9,
282759978,-1.4781,-0.88,1.47191,1929.62,1053.8,-2136.01,2,0,0,0,9,
282760019,-1.4781,-0.88,1.47191,1929.62,1053.8,-2136.01,2,0,0,0,9,
282760058,-1.4781,-0.88,1.47191,1929.62,1053.8,-2136.01,2,0,0,0,9,
282760098,-1.4781,-0.88,1.47191,1929.62,1053.8,-2136.01,2,0,0,0,9,
282760138,-1.4781,-0.88,1.47191,1929.62,1053.8,-2136.01,2,0,0,0,9,
282760178,-1.4781,-0.88,1.47191,1929.62,1053.8,-2136.01,2,0,0,0,9,
282760218,-1.4781,-0.88,1.47191,1929.62,1053.8,-2136.01,2,0,0,0,9,
282760258,-1.4781,-0.88,1.47191,1929.62,1053.8,-2136.01,2,0,0,0,9,
282760298,-1.4781,-0.88,1.47191,1929.62,1053.8,-2136.01,2,0,0,0,9,
282760339,-1.4781,-0.88,1.47191,1929.62,1053.8,-2136.01,2,0,0,0,9,
282760378,-1.4781,-0.88,1.47191,1929.62,1053.8,-2136.01,2,0,0,0,9,
282760418,-1.4781,-0.88,1.47191,1929.62,1053.8,-2136.01,2,0,0,0,9,
282760458,-1.4781,-0.88,1.47191,1929.62,1053.8,-2136.01,2,0,0,0,9,
282760498,-1.4781,-0.88,1.47191,1929.62,1053.8,-2136.01,2,0,0,0,9,
282760538,-1.4781,-0.88,1.47191,1929.62,1053.8,-2136.01,2,0,0,0,9,
282760578,-1.4781,-0.88,1.47191,1929.62,1053.8,-2136.01,2,0,0,0,9,
282760619,-1.4781,-0.88,1.47191,1929.62,1053.8,-2136.01,2,0,0,0,9,
282760659,-1.4781,-0.88,1.47191,1929.62,1053.8,-2136.01,2,0,0,0,9,
282760698,-1.4781,-0.88,1.47191,1929.62,1053.8,-2136.01,2,0,0,0,9,
282760738,-1.4781,-0.88,1.47191,1929.62,1053.8,-2136.01,2,0,0,0,9,
282760778,-1.4781,-0.88,1.47191,1929.62,1053.8,-2136.01,2,0,0,0,9,
282760818,-1.4781,-0.88,1.47191,1929.62,1053.8,-2136.01,2,0,0,0,9,
282760858,-1.4781,-0.88,1.47191,1929.62,1053.8,-2136.01,2,0,0,0,9,
282760898,-1.4781,-0.88,1.47191,1929.62,1053.8,-2136.01,2,0,0,0,9,
282760939,-1.4781,-0.88,1.47191,1929.62,1053.8,-2136.01,2,0,0,0,9,
282760979,-1.4781,-0.88,1.47191,1929.62,1053.8,-2136.01,2,0,0,0,9,
282761018,-1.4781,-0.88,1.47191,1929.62,1053.8,-2136.01,2,0,0,0,9,
282761058,-1.4781,-0.88,1.47191,1929.62,1053.8,-2136.01,2,0,0,0,9,
282761098,-1.4781,-0.88,1.47191,1929.62,1053.8,-2136.01,2,0,0,0,9,
282761138,-1.4781,-0.88,1.47191,1929.62,1053.8,-2136.01,2,0,0,0,9,
282761178,-1.4781,-0.88,1.47191,1929.62,1053.8,-2136.01,2,0,0,0,9,
282761218,-1.4781,-0.88,1.47191,1929.62,1053.8,-2136.01,2,0,0,0,9,
282761259,-1.4781,-0.88,1.47191,1929.62,1053.8,-2136.01,2,0,0,0,9,
282761299,-1.4781,-0.88,1.47191,1929.62,1053.8,-2136.01,2,0,0,0,9,
282761338,-1.4781,-0.88,1.47191,1929.62,1053.8,-2136.01,2,0,0,0,9,
282761378,-1.4781,-0.88,1.47191,1929.62,1053.8,-2136.01,2,0,0,0,9,
282761418,-1.4781,-0.88,1.47191,1929.62,1053.8,-2136.01,2,0,0,0,9,
282761458,-1.4781,-0.88,1.47191,1929.62,1053.8,-2136.01,2,0,0,0,9,
282761498,-1.4781,-0.88,1.47191,1929.62,1053.8,-2136.01,2,0,0,0,9,
282761538,-1.4781,-0.88,1.47191,1929.62,1053.8,-2136.01,2,0,0,0,9,
282761579,-1.4781,-0.88,1.47191,1929.62,1053.8,-2136.01,2,0,0,0,9,
282761618,-1.4781,-0.88,1.47191,1929.62,1053.8,-2136.01,2,0,0,0,9,
282761658,-1.4781,-0.88,1.47191,1929.62,1053.8,-2136.01,2,0,0,0,9,
282761698,-1.4781,-0.88,1.47191,1929.62,1053.8,-2136.01,2,0,0,0,9,
282761738,-1.4781,-0.88,1.47191,1929.62,1053.8,-2136.01,2,0,0,0,9,
282761778,-1.4781,-0.88,1.47191,1929.62,1053.8,-2136.01,2,0,0,0,9,
282761818,-1.4781,-0.88,1.47191,1929.62,1053.8,-2136.01,2,0,0,0,9,
282761858,-1.4781,-0.88,1.47191,1929.62,1053.8,-2136.01,2,0,0,0,9,
282761899,-1.4781,-0.88,1.47191,1929.62,1053.8,-2136.01,2,0,0,0,9,
282761938,-1.4781,-0.88,1.47191,1929.62,1053.8,-2136.01,2,0,0,0,9,
282761978,-1.4781,-0.88,1.47191,1929.62,1053.8,-2136.01,2,0,0,0,9,
282762018,-1.4781,-0.88,1.47191,1929.62,1053.8,-2136.01,2,0,0,0,9,
282762058,-1.4781,-0.88,1.47191,1929.62,1053.8,-2136.01,2,0,0,0,9,
282762098,-1.4781,-0.88,1.47191,1929.62,1053.8,-2136.01,2,0,0,0,9,
282762138,-1.4781,-0.88,1.47191,1929.62,1053.8,-2136.01,2,0,0,0,9,
282762178,-1.4781,-0.88,1.47191,1929.62,1053.8,-2136.01,2,0,0,0,9,
282762219,-1.4781,-0.88,1.47191,1929.62,1053.8,-2136.01,2,0,0,0,9,
282762258,-1.4781,-0.88,1.47191,1929.62,1053.8,-2136.01,2,0,0,0,9,
282762298,-1.4781,-0.88,1.47191,1929.62,1053.8,-2136.01,2,0,0,0,9,
282762338,-1.4781,-0.88,1.47191,1929.62,1053.8,-2136.01,2,0,0,0,9,
282762378,-1.4781,-0.88,1.47191,1929.62,1053.8,-2136.01,2,0,0,0,9,
282762418,-1.4781,-0.88,1.47191,1929.62,1053.8,-2136.01,2,0,0,0,9,
282762458,-1.4781,-0.88,1.47191,1929.62,1053.8,-2136.01,2,0,0,0,9,
282762498,-1.4781,-0.88,1.47191,1929.62,1053.8,-2136.01,2,0,0,0,9,
282762539,-1.4781,-0.88,1.47191,1929.62,1053.8,-2136.01,2,0,0,0,9,
282762578,-1.4781,-0.88,1.47191,1929.62,1053.8,-2136.01,2,0,0,0,9,
282762618,-1.4781,-0.88,1.47191,1929.62,1053.8,-2136.01,2,0,0,0,9,
282762658,-1.4781,-0.88,1.47191,1929.62,1053.8,-2136.01,2,0,0,0,9,
282762698,-1.4781,-0.88,1.47191,1929.62,1053.8,-2136.01,2,0,0,0,9,
282762738,-1.4781,-0.88,1.47191,1929.62,1053.8,-2136.01,2,0,0,0,9,
282762778,-1.4781,-0.88,1.47191,1929.62,1053.8,-2136.01,2,0,0,0,9,
282762819,-1.4781,-0.88,1.47191,1929.62,1053.8,-2136.01,2,0,0,0,9,
282762859,-1.4781,-0.88,1.47191,1929.62,1053.8,-2136.01,2,0,0,0,9,
282762898,-1.4781,-0.88,1.47191,1929.62,1053.8,-2136.01,2,0,0,0,9,
282762938,-1.4781,-0.88,1.47191,1929.62,1053.8,-2136.01,2,0,0,0,9,
282762978,-1.4781,-0.88,1.47191,1929.62,1053.8,-2136.01,2,0,0,0,9,
282763018,-1.4781,-0.88,1.47191,1929.62,1053.8,-2136.01,2,0,0,0,9,
282763058,-1.4781,-0.88,1.47191,1929.62,1053.8,-2136.01,2,0,0,0,9,
282763098,-1.4781,-0.88,1.47191,1929.62,1053.8,-2136.01,2,0,0,0,9,
282763139,-1.4781,-0.88,1.47191,1929.62,1053.8,-2136.01,2,0,0,0,9,
282763179,-1.4781,-0.88,1.47191,1929.62,1053.8,-2136.01,2,0,0,0,9,
282763218,-1.4781,-0.88,1.47191,1929.62,1053.8,-2136.01,2,0,0,0,9,
282763258,-1.4781,-0.88,1.47191,1929.62,1053.8,-2136.01,2,0,0,0,9,
282763298,-1.4781,-0.88,1.47191,1929.62,1053.8,-2136.01,2,0,0,0,9,
282763338,-1.4781,-0.88,1.47191,1929.62,1053.8,-2136.01,2,0,0,0,9,
282763378,-1.4781,-0.88,1.47191,1929.62,1053.8,-2136.01,2,0,0,0,9,
282763418,-1.4781,-0.88,1.47191,1929.62,1053.8,-2136.01,2,0,0,0,9,
282763459,-1.4781,-0.88,1.47191,1929.62,1053.8,-2136.01,2,0,0,0,9,
282763498,-1.4781,-0.88,1.47191,1929.62,1053.8,-2136.01,2,0,0,0,9,
282763538,-1.4781,-0.88,1.47191,1929.62,1053.8,-2136.01,2,0,0,0,9,
282763578,-1.4781,-0.88,1.47191,1929.62,1053.8,-2136.01,2,0,0,0,9,
282763618,-1.4781,-0.88,1.47191,1929.62,1053.8,-2136.01,2,0,0,0,9,
282763658,-1.4781,-0.88,1.47191,1929.62,1053.8,-2136.01,2,0,0,0,9,
282763698,-1.4781,-0.88,1.47191,1929.62,1053.8,-2136.01,2,0,0,0,9,
282763738,-1.4781,-0.88,1.47191,1929.62,1053.8,-2136.01,2,0,0,0,9,
282763779,-1.4781,-0.88,1.47191,1929.62,1053.8,-2136.01,2,0,0,0,9,
282763818,-1.4781,-0.88,1.47191,1929.62,1053.8,-2136.01,2,0,0,0,9,
282763858,-1.4781,-0.88,1.47191,1929.62,1053.8,-2136.01,2,0,0,0,9,
282763898,-1.4781,-0.88,1.47191,1929.62,1053.8,-2136.01,2,0,0,0,9,
282763938,-1.4781,-0.88,1.47191,1929.62,1053.8,-2136.01,2,0,0,0,9,
282763978,-1.4781,-0.88,1.47191,1929.62,1053.8,-2136.01,2,0,0,0,9,
282764018,-1.4781,-0.88,1.47191,1929.62,1053.8,-2136.01,2,0,0,0,9,
282764058,-1.4781,-0.88,1.47191,1929.62,1053.8,-2136.01,2,0,0,0,9,
282764099,-1.4781,-0.88,1.47191,1929.62,1053.8,-2136.01,2,0,0,0,9,
282764138,-1.4781,-0.88,1.47191,1929.62,1053.8,-2136.01,2,0,0,0,9,
282764178,-1.4781,-0.88,1.47191,1929.62,1053.8,-2136.01,2,0,0,0,9,
282764218,-1.4781,-0.88,1.47191,1929.62,1053.8,-2136.01,2,0,0,0,9,
282764258,-1.4781,-0.88,1.47191,1929.62,1053.8,-2136.01,2,0,0,0,9,
282764298,-1.4781,-0.88,1.47191,1929.62,1053.8,-2136.01,2,0,0,0,9,
282764338,-1.4781,-0.88,1.47191,1929.62,1053.8,-2136.01,2,0,0,0,9,
282764378,-1.4781,-0.88,1.47191,1929.62,1053.8,-2136.01,2,0,0,0,9,
282764419,-1.4781,-0.88,1.47191,1929.62,1053.8,-2136.01,2,0,0,0,9,
282764458,-1.4781,-0.88,1.47191,1929.62,1053.8,-2136.01,2,0,0,0,9,
282764498,-1.4781,-0.88,1.47191,1929.62,1053.8,-2136.01,2,0,0,0,9,
282764538,-1.4781,-0.88,1.47191,1929.62,1053.8,-2136.01,2,0,0,0,9,
282764578,-1.4781,-0.88,1.47191,1929.62,1053.8,-2136.01,2,0,0,0,9,
282764618,-1.4781,-0.88,1.47191,1929.62,1053.8,-2136.01,2,0,0,0,9,
282764658,-1.4781,-0.88,1.47191,1929.62,1053.8,-2136.01,2,0,0,0,9,
282764699,-1.4781,-0.88,1.47191,1929.62,1053.8,-2136.01,2,0,0,0,9,
282764739,-1.4781,-0.88,1.47191,1929.62,1053.8,-2136.01,2,0,0,0,9,
282764778,-1.4781,-0.88,1.47191,1929.62,1053.8,-2136.01,2,0,0,0,9,
282764818,-1.4781,-0.88,1.47191,1929.62,1053.8,-2136.01,2,0,0,0,9,
282764858,-1.4781,-0.88,1.47191,1929.62,1053.8,-2136.01,2,0,0,0,9,
282764898,-1.4781,-0.88,1.47191,1929.62,1053.8,-2136.01,2,0,0,0,9,
282764938,-1.4781,-0.88,1.47191,1929.62,1053.8,-2136.01,2,0,0,0,9,
282764978,-1.4781,-0.88,1.47191,1929.62,1053.8,-2136.01,2,0,0,0,9,
282765019,-1.4781,-0.88,1.47191,1929.62,1053.8,-2136.01,2,0,0,0,9,
282765059,-1.4781,-0.88,1.47191,1929.62,1053.8,-2136.01,2,0,0,0,9,
282765098,-1.4781,-0.88,1.47191,1929.62,1053.8,-2136.01,2,0,0,0,9,
282765138,-1.4781,-0.88,1.47191,1929.62,1053.8,-2136.01,2,0,0,0,9,
282765178,-1.4781,-0.88,1.47191,1929.62,1053.8,-2136.01,2,0,0,0,9,
282765218,-1.4781,-0.88,1.47191,1929.62,1053.8,-2136.01,2,0,0,0,9,
282765258,-1.4781,-0.88,1.47191,1929.62,1053.8,-2136.01,2,0,0,0,9,
282765298,-1.4781,-0.88,1.47191,1929.62,1053.8,-2136.01,2,0,0,0,9,
282765339,-1.4781,-0.88,1.47191,1929.62,1053.8,-2136.01,2,0,0,0,9,
282765378,-1.4781,-0.88,1.47191,1929.62,1053.8,-2136.01,2,0,0,0,9,
282765418,-1.4781,-0.88,1.47191,1929.62,1053.8,-2136.01,2,0,0,0,9,
282765458,-1.4781,-0.88,1.47191,1929.62,1053.8,-2136.01,2,0,0,0,9,
282765498,-1.4781,-0.88,1.47191,1929.62,1053.8,-2136.01,2,0,0,0,9,
282765538,-1.4781,-0.88,1.47191,1929.62,1053.8,-2136.01,2,0,0,0,9,
282765578,-1.4781,-0.88,1.47191,1929.62,1053.8,-2136.01,2,0,0,0,9,
282765618,-1.4781,-0.88,1.47191,1929.62,1053.8,-2136.01,2,0,0,0,9,
282765659,-1.4781,-0.88,1.47191,1929.62,1053.8,-2136.01,2,0,0,0,9,
282765698,-1.4781,-0.88,1.47191,1929.62,1053.8,-2136.01,2,0,0,0,9,
282765738,-1.4781,-0.88,1.47191,1929.62,1053.8,-2136.01,2,0,0,0,9,
282765778,-1.4781,-0.88,1.47191,1929.62,1053.8,-2136.01,2,0,0,0,9,
282765818,-1.4781,-0.88,1.47191,1929.62,1053.8,-2136.01,2,0,0,0,9,
282765858,-1.4781,-0.88,1.47191,1929.62,1053.8,-2136.01,2,0,0,0,9,
282765898,-1.4781,-0.88,1.47191,1929.62,1053.8,-2136.01,2,0,0,0,9,
282765938,-1.4781,-0.88,1.47191,1929.62,1053.8,-2136.01,2,0,0,0,9,
282765979,-1.4781,-0.88,1.47191,1929.62,1053.8,-2136.01,2,0,0,0,9,
282766018,-1.4781,-0.88,1.47191,1929.62,1053.8,-2136.01,2,0,0,0,9,
282766058,-1.4781,-0.88,1.47191,1929.62,1053.8,-2136.01,2,0,0,0,9,
282766098,-1.4781,-0.88,1.47191,1929.62,1053.8,-2136.01,2,0,0,0,9,
282766138,-1.4781,-0.88,1.47191,1929.62,1053.8,-2136.01,2,0,0,0,9,
282766178,-1.4781,-0.88,1.47191,1929.62,1053.8,-2136.01,2,0,0,0,9,
282766218,-1.4781,-0.88,1.47191,1929.62,1053.8,-2136.01,2,0,0,0,9,
282766258,-1.4781,-0.88,1.47191,1929.62,1053.8,-2136.01,2,0,0,0,9,
282766299,-1.4781,-0.88,1.47191,1929.62,1053.8,-2136.01,2,0,0,0,9,
282766338,-1.4781,-0.88,1.47191,1929.62,1053.8,-2136.01,2,0,0,0,9,
282766378,-1.4781,-0.88,1.47191,1929.62,1053.8,-2136.01,2,0,0,0,9,
282766418,-1.4781,-0.88,1.47191,1929.62,1053.8,-2136.01,2,0,0,0,9,
282766458,-1.4781,-0.88,1.47191,1929.62,1053.8,-2136.01,2,0,0,0,9,
282766498,-1.4781,-0.88,1.47191,1929.62,1053.8,-2136.01,2,0,0,0,9,
282766538,-1.4781,-0.88,1.47191,1929.62,1053.8,-2136.01,2,0,0,0,9,
282766579,-1.4781,-0.88,1.47191,1929.62,1053.8,-2136.01,2,0,0,0,9,
282766619,-1.4781,-0.88,1.47191,1929.62,1053.8,-2136.01,2,0,0,0,9,
282766658,-1.4781,-0.88,1.47191,1929.62,1053.8,-2136.01,2,0,0,0,9,
282766698,-1.4781,-0.88,1.47191,1929.62,1053.8,-2136.01,2,0,0,0,9,
282766738,-1.4781,-0.88,1.47191,1929.62,1053.8,-2136.01,2,0,0,0,9,
282766778,-1.4781,-0.88,1.47191,1929.62,1053.8,-2136.01,2,0,0,0,9,
282766818,-1.4781,-0.88,1.47191,1929.62,1053.8,-2136.01,2,0,0,0,9,
282766858,-1.4781,-0.88,1.47191,1929.62,1053.8,-2136.01,2,0,0,0,9,
282766899,-1.4781,-0.88,1.47191,1929.62,1053.8,-2136.01,2,0,0,0,9,
282766939,-1.4781,-0.88,1.47191,1929.62,1053.8,-2136.01,2,0,0,0,9,
282766978,-1.4781,-0.88,1.47191,1929.62,1053.8,-2136.01,2,0,0,0,9,
282767018,-1.4781,-0.88,1.47191,1929.62,1053.8,-2136.01,2,0,0,0,9,
282767058,-1.4781,-0.88,1.47191,1929.62,1053.8,-2136.01,2,0,0,0,9,
282767098,-1.4781,-0.88,1.47191,1929.62,1053.8,-2136.01,2,0,0,0,9,
282767138,-1.4781,-0.88,1.47191,1929.62,1053.8,-2136.01,2,0,0,0,9,
282767178,-1.4781,-0.88,1.47191,1929.62,1053.8,-2136.01,2,0,0,0,9,
282767219,-1.4781,-0.88,1.47191,1929.62,1053.8,-2136.01,2,0,0,0,9,
282767258,-1.4781,-0.88,1.47191,1929.62,1053.8,-2136.01,2,0,0,0,9,
282767298,-1.4781,-0.88,1.47191,1929.62,1053.8,-2136.01,2,0,0,0,9,
282767338,-1.4781,-0.88,1.47191,1929.62,1053.8,-2136.01,2,0,0,0,9,
282767378,-1.4781,-0.88,1.47191,1929.62,1053.8,-2136.01,2,0,0,0,9,
282767418,-1.4781,-0.88,1.47191,1929.62,1053.8,-2136.01,2,0,0,0,9,
282767458,-1.4781,-0.88,1.47191,1929.62,1053.8,-2136.01,2,0,0,0,9,
282767498,-1.4781,-0.88,1.47191,1929.62,1053.8,-2136.01,2,0,0,0,9,
282767539,-1.4781,-0.88,1.47191,1929.62,1053.8,-2136.01,2,0,0,0,9,
282767578,-1.4781,-0.88,1.47191,1929.62,1053.8,-2136.01,2,0,0,0,9,
282767618,-1.4781,-0.88,1.47191,1929.62,1053.8,-2136.01,2,0,0,0,9,
282767658,-1.4781,-0.88,1.47191,1929.62,1053.8,-2136.01,2,0,0,0,9,
282767698,-1.4781,-0.88,1.47191,1929.62,1053.8,-2136.01,2,0,0,0,9,
282767738,-1.4781,-0.88,1.47191,1929.62,1053.8,-2136.01,2,0,0,0,9,
282767778,-1.4781,-0.88,1.47191,1929.62,1053.8,-2136.01,2,0,0,0,9,
282767818,-1.4781,-0.88,1.47191,1929.62,1053.8,-2136.01,2,0,0,0,9,
282767859,-1.4781,-0.88,1.47191,1929.62,1053.8,-2136.01,2,0,0,0,9,
282767898,-1.4781,-0.88,1.47191,1929.62,1053.8,-2136.01,2,0,0,0,9,
282767938,-1.4781,-0.88,1.47191,1929.62,1053.8,-2136.01,2,0,0,0,9,
282767978,-1.4781,-0.88,1.47191,1929.62,1053.8,-2136.01,2,0,0,0,9,
282768018,-1.4781,-0.88,1.47191,1929.62,1053.8,-2136.01,2,0,0,0,9,
282768058,-1.4781,-0.88,1.47191,1929.62,1053.8,-2136.01,2,0,0,0,9,
282768098,-1.4781,-0.88,1.47191,1929.62,1053.8,-2136.01,2,0,0,0,9,
282768138,-1.4781,-0.88,1.47191,1929.62,1053.8,-2136.01,2,0,0,0,9,
282768179,-1.4781,-0.88,1.47191,1929.62,1053.8,-2136.01,2,0,0,0,9,
282768218,-1.4781,-0.88,1.47191,1929.62,1053.8,-2136.01,2,0,0,0,9,
282768258,-1.4781,-0.88,1.47191,1929.62,1053.8,-2136.01,2,0,0,0,9,
282768298,-1.4781,-0.88,1.47191,1929.62,1053.8,-2136.01,2,0,0,0,9,
282768338,-1.4781,-0.88,1.47191,1929.62,1053.8,-2136.01,2,0,0,0,9,
282768378,-1.4781,-0.88,1.47191,1929.62,1053.8,-2136.01,2,0,0,0,9,
282768418,-1.4781,-0.88,1.47191,1929.62,1053.8,-2136.01,2,0,0,0,9,
282768459,-1.4781,-0.88,1.47191,1929.62,1053.8,-2136.01,2,0,0,0,9,
282768499,-1.4781,-0.88,1.47191,1929.62,1053.8,-2136.01,2,0,0,0,9,
282768538,-1.4781,-0.88,1.47191,1929.62,1053.8,-2136.01,2,0,0,0,9,
282768578,-1.4781,-0.88,1.47191,1929.62,1053.8,-2136.01,2,0,0,0,9,
282768618,-1.4781,-0.88,1.47191,1929.62,1053.8,-2136.01,2,0,0,0,9,
282768658,-1.4781,-0.88,1.47191,1929.62,1053.8,-2136.01,2,0,0,0,9,
282768698,-1.4781,-0.88,1.47191,1929.62,1053.8,-2136.01,2,0,0,0,9,
282768738,-1.4781,-0.88,1.47191,1929.62,1053.8,-2136.01,2,0,0,0,9,
282768779,-1.4781,-0.88,1.47191,1929.62,1053.8,-2136.01,2,0,0,0,9,
282768819,-1.4781,-0.88,1.47191,1929.62,1053.8,-2136.01,2,0,0,0,9,
282768858,-1.4781,-0.88,1.47191,1929.62,1053.8,-2136.01,2,0,0,0,9,
282768898,-1.4781,-0.88,1.47191,1929.62,1053.8,-2136.01,2,0,0,0,9,
282768938,-1.4781,-0.88,1.47191,1929.62,1053.8,-2136.01,2,0,0,0,9,
282768978,-1.4781,-0.88,1.47191,1929.62,1053.8,-2136.01,2,0,0,0,9,
282769018,-1.4781,-0.88,1.47191,1929.62,1053.8,-2136.01,2,0,0,0,9,
282769058,-1.4781,-0.88,1.47191,1929.62,1053.8,-2136.01,2,0,0,0,9,
282769099,-1.4781,-0.88,1.47191,1929.62,1053.8,-2136.01,2,0,0,0,9,
282769139,-1.4781,-0.88,1.47191,1929.62,1053.8,-2136.01,2,0,0,0,9,
282769178,-1.4781,-0.88,1.47191,1929.62,1053.8,-2136.01,2,0,0,0,9,
282769218,-1.4781,-0.88,1.47191,1929.62,1053.8,-2136.01,2,0,0,0,9,
282769258,-1.4781,-0.88,1.47191,1929.62,1053.8,-2136.01,2,0,0,0,9,
282769298,-1.4781,-0.88,1.47191,1929.62,1053.8,-2136.01,2,0,0,0,9,
282769338,-1.4781,-0.88,1.47191,1929.62,1053.8,-2136.01,2,0,0,0,9,
