milisec,RacketX,RacketY,RacketZ,forceX,forceX,forceX,ForceRatio,FriendPoint,EnemyPoint,haptics,scene
277946496,0,0,0,6092.46,3266.78,-6795.85,6.4,0,0,0,0,
277946516,-1.4824,-0.88,1.49212,969.54,526.9,-1090.24,1,0,0,0,0,
277946538,-1.4824,-0.88,1.49212,1163.45,632.28,-1308.28,1.2,0,0,0,0,
277946578,-1.4824,-0.88,1.49212,1939.08,1053.8,-2180.47,2,0,0,0,0,
277946619,-1.4824,-0.88,1.49212,1939.08,1053.8,-2180.47,2,0,0,0,0,
277946659,-1.4824,-0.88,1.49212,1939.08,1053.8,-2180.47,2,0,0,0,0,
277946698,-1.4824,-0.88,1.49212,1939.08,1053.8,-2180.47,2,0,0,0,0,
277946738,-1.4824,-0.88,1.49212,1939.08,1053.8,-2180.47,2,0,0,0,0,
277946779,-1.4824,-0.88,1.49212,1939.08,1053.8,-2180.47,2,0,0,0,0,
277946818,-1.4824,-0.88,1.49212,1939.08,1053.8,-2180.47,2,0,0,0,0,
277946858,-1.4824,-0.88,1.49212,1939.08,1053.8,-2180.47,2,0,0,0,0,
277946898,-1.4824,-0.88,1.49212,1939.08,1053.8,-2180.47,2,0,0,0,0,
277946939,-1.4824,-0.88,1.49212,1939.08,1053.8,-2180.47,2,0,0,0,0,
277946979,-1.4824,-0.88,1.49212,1939.08,1053.8,-2180.47,2,0,0,0,0,
277947018,-1.4824,-0.88,1.49212,1939.08,1053.8,-2180.47,2,0,0,0,0,
277947058,-1.4824,-0.88,1.49212,1939.08,1053.8,-2180.47,2,0,0,0,0,
277947098,-1.4824,-0.88,1.49212,1939.08,1053.8,-2180.47,2,0,0,0,0,
277947138,-1.4824,-0.88,1.49212,1939.08,1053.8,-2180.47,2,0,0,0,0,
277947178,-1.4824,-0.88,1.49212,1939.08,1053.8,-2180.47,2,0,0,0,0,
277947218,-1.4824,-0.88,1.49212,1939.08,1053.8,-2180.47,2,0,0,0,0,
277947259,-1.4824,-0.88,1.49212,1939.08,1053.8,-2180.47,2,0,0,0,0,
277947299,-1.4824,-0.88,1.49212,1939.08,1053.8,-2180.47,2,0,0,0,0,
277947338,-1.4824,-0.88,1.49212,1939.08,1053.8,-2180.47,2,0,0,0,0,
277947378,-1.4824,-0.88,1.49212,1939.08,1053.8,-2180.47,2,0,0,0,0,
277947418,-1.4824,-0.88,1.49212,1939.08,1053.8,-2180.47,2,0,0,0,0,
277947458,-1.4824,-0.88,1.49212,1939.08,1053.8,-2180.47,2,0,0,0,0,
277947498,-1.4824,-0.88,1.49212,1939.08,1053.8,-2180.47,2,0,0,0,0,
277947538,-1.4824,-0.88,1.49212,1939.08,1053.8,-2180.47,2,0,0,0,0,
277947579,-1.4824,-0.88,1.49212,1939.08,1053.8,-2180.47,2,0,0,0,0,
277947619,-1.4824,-0.88,1.49212,1939.08,1053.8,-2180.47,2,0,0,0,0,
277947658,-1.4824,-0.88,1.49212,1939.08,1053.8,-2180.47,2,0,0,0,0,
277947698,-1.4824,-0.88,1.49212,1939.08,1053.8,-2180.47,2,0,0,0,0,
277947738,-1.4824,-0.88,1.49212,1939.08,1053.8,-2180.47,2,0,0,0,0,
277947778,-1.4824,-0.88,1.49212,1939.08,1053.8,-2180.47,2,0,0,0,0,
277947818,-1.4824,-0.88,1.49212,1939.08,1053.8,-2180.47,2,0,0,0,0,
277947859,-1.4824,-0.88,1.49212,1939.08,1053.8,-2180.47,2,0,0,0,0,
277947899,-1.4824,-0.88,1.49212,1939.08,1053.8,-2180.47,2,0,0,0,0,
277947939,-1.4824,-0.88,1.49212,1939.08,1053.8,-2180.47,2,0,0,0,0,
277947978,-1.4824,-0.88,1.49212,1939.08,1053.8,-2180.47,2,0,0,0,0,
277948018,-1.4824,-0.88,1.49212,1939.08,1053.8,-2180.47,2,0,0,0,0,
277948058,-1.4824,-0.88,1.49212,1939.08,1053.8,-2180.47,2,0,0,0,0,
277948098,-1.4824,-0.88,1.49212,1939.08,1053.8,-2180.47,2,0,0,0,0,
277948138,-1.4824,-0.88,1.49212,1939.08,1053.8,-2180.47,2,0,0,0,0,
277948179,-1.4824,-0.88,1.49212,1939.08,1053.8,-2180.47,2,0,0,0,0,
277948219,-1.4824,-0.88,1.49212,1939.08,1053.8,-2180.47,2,0,0,0,0,
277948258,-1.4824,-0.88,1.49212,1939.08,1053.8,-2180.47,2,0,0,0,0,
277948298,-1.4824,-0.88,1.49212,1939.08,1053.8,-2180.47,2,0,0,0,0,
277948338,-1.4824,-0.88,1.49212,1939.08,1053.8,-2180.47,2,0,0,0,0,
277948378,-1.4824,-0.88,1.49212,1939.08,1053.8,-2180.47,2,0,0,0,0,
277948418,-1.4824,-0.88,1.49212,1939.08,1053.8,-2180.47,2,0,0,0,0,
277948458,-1.4824,-0.88,1.49212,1939.08,1053.8,-2180.47,2,0,0,0,0,
277948499,-1.4824,-0.88,1.49212,1939.08,1053.8,-2180.47,2,0,0,0,0,
277948539,-1.4824,-0.88,1.49212,1939.08,1053.8,-2180.47,2,0,0,0,0,
277948578,-1.4824,-0.88,1.49212,1939.08,1053.8,-2180.47,2,0,0,0,0,
277948618,-1.4824,-0.88,1.49212,1939.08,1053.8,-2180.47,2,0,0,0,0,
277948658,-1.4824,-0.88,1.49212,1939.08,1053.8,-2180.47,2,0,0,0,0,
277948698,-1.4824,-0.88,1.49212,1939.08,1053.8,-2180.47,2,0,0,0,0,
277948738,-1.4824,-0.88,1.49212,1939.08,1053.8,-2180.47,2,0,0,0,0,
277948778,-1.4824,-0.88,1.49212,1939.08,1053.8,-2180.47,2,0,0,0,0,
277948819,-1.4824,-0.88,1.49212,1939.08,1053.8,-2180.47,2,0,0,0,0,
277948859,-1.4824,-0.88,1.49212,1939.08,1053.8,-2180.47,2,0,0,0,0,
277948898,-1.4824,-0.88,1.49212,1939.08,1053.8,-2180.47,2,0,0,0,0,
277948938,-1.4824,-0.88,1.49212,1939.08,1053.8,-2180.47,2,0,0,0,0,
277948978,-1.4824,-0.88,1.49212,1939.08,1053.8,-2180.47,2,0,0,0,9,
277949018,-1.4824,-0.88,1.49212,1939.08,1053.8,-2180.47,2,0,0,0,9,
277949058,-1.4824,-0.88,1.49212,1939.08,1053.8,-2180.47,2,0,0,0,9,
277949098,-1.4824,-0.88,1.49212,1939.08,1053.8,-2180.47,2,0,0,0,9,
277949139,-1.4824,-0.88,1.49212,1939.08,1053.8,-2180.47,2,0,0,0,9,
277949179,-1.4824,-0.88,1.49212,1939.08,1053.8,-2180.47,2,0,0,0,9,
277949218,-1.4824,-0.88,1.49212,1939.08,1053.8,-2180.47,2,0,0,0,9,
277949258,-1.4824,-0.88,1.49212,1939.08,1053.8,-2180.47,2,0,0,0,9,
277949298,-1.4824,-0.88,1.49212,1939.08,1053.8,-2180.47,2,0,0,0,9,
277949338,-1.4824,-0.88,1.49212,1939.08,1053.8,-2180.47,2,0,0,0,9,
277949378,-1.4824,-0.88,1.49212,1939.08,1053.8,-2180.47,2,0,0,0,9,
277949418,-1.4824,-0.88,1.49212,1939.08,1053.8,-2180.47,2,0,0,0,9,
277949459,-1.4824,-0.88,1.49212,1939.08,1053.8,-2180.47,2,0,0,0,9,
277949499,0.27005,-0.88,0.7125,1163.45,1053.8,-1494.41,2,0,0,0,9,
277949538,0.28005,-0.88,0.70875,0,1053.8,-460.333,2,0,0,0,9,
277949578,0.24495,-0.88,0.701137,0,1053.8,-468.567,2,0,0,0,9,
277949618,0.23995,-0.88,0.69,0,1053.8,-420.7,2,0,0,0,9,
277949658,0.23995,-0.88,0.69,0,1053.8,-415.8,2,0,0,0,9,
277949698,0.23995,-0.88,0.69,0,1053.8,-415.8,2,0,0,0,9,
277949739,0.23995,-0.88,0.69,0,1053.8,-415.8,2,0,0,0,9,
277949779,0.23995,-0.88,0.69,0,1053.8,-415.8,2,0,0,0,9,
277949819,0.23995,-0.88,0.69,0,1053.8,-415.8,2,0,0,0,9,
277949858,0.23995,-0.88,0.69,0,1053.8,-415.8,2,0,0,0,9,
277949898,0.23995,-0.88,0.69,0,1053.8,-415.8,2,0,0,0,9,
277949938,0.23995,-0.88,0.69,0,1053.8,-415.8,2,0,0,0,9,
277949978,0.23995,-0.88,0.69,0,1053.8,-415.8,2,0,0,0,9,
277950018,0.23995,-0.88,0.69,0,1053.8,-415.8,2,0,0,0,9,
277950059,0.23995,-0.88,0.69,0,1053.8,-415.8,2,0,0,0,9,
277950099,0.23995,-0.88,0.69,0,1053.8,-415.8,2,0,0,0,9,
277950139,0.23995,-0.88,0.69,0,1053.8,-415.8,2,0,0,0,9,
277950178,0.23995,-0.88,0.69,0,1053.8,-415.8,2,0,0,0,9,
277950218,0.23995,-0.88,0.69,0,1053.8,-415.8,2,0,0,0,9,
277950258,0.23995,-0.88,0.69,0,1053.8,-415.8,2,0,0,0,9,
277950298,0.23995,-0.88,0.69,0,1053.8,-415.8,2,0,0,0,9,
277950338,0.23995,-0.88,0.69,0,1053.8,-415.8,2,0,0,0,9,
277950379,0.23995,-0.88,0.69,0,1053.8,-415.8,2,0,0,0,9,
277950419,0.23995,-0.88,0.69,0,1053.8,-415.8,2,0,0,0,9,
277950458,0.23995,-0.88,0.69,0,1053.8,-415.8,2,0,0,0,9,
277950498,0.23995,-0.88,0.69,0,1053.8,-415.8,2,0,0,0,9,
277950538,0.23995,-0.88,0.69,0,1053.8,-415.8,2,0,0,0,9,
277950578,0.23995,-0.88,0.69,0,1053.8,-415.8,2,0,0,0,9,
277950618,0.23995,-0.88,0.69,0,1053.8,-415.8,2,0,0,0,9,
277950658,0.23995,-0.88,0.69,0,1053.8,-415.8,2,0,0,0,9,
277950699,0.23995,-0.88,0.69,0,1053.8,-415.8,2,0,0,0,9,
277950739,0.23995,-0.88,0.69,0,1053.8,-415.8,2,0,0,0,9,
277950778,0.23995,-0.88,0.69,0,1053.8,-415.8,2,0,0,0,9,
277950818,0.23995,-0.88,0.69,0,1053.8,-415.8,2,0,0,0,9,
277950858,0.23995,-0.88,0.69,0,1053.8,-415.8,2,0,0,0,9,
277950898,0.23995,-0.88,0.69,0,1053.8,-415.8,2,0,0,0,9,
277950938,0.23995,-0.88,0.69,0,1053.8,-415.8,2,0,0,0,9,
277950978,0.23995,-0.88,0.69,0,1053.8,-415.8,2,0,0,0,9,
277951019,0.23995,-0.88,0.69,0,1053.8,-415.8,2,0,0,0,9,
277951059,0.23995,-0.88,0.69,0,1053.8,-415.8,2,0,0,0,9,
277951098,0.23995,-0.88,0.69,0,1053.8,-415.8,2,0,0,0,9,
277951138,0.23995,-0.88,0.69,0,1053.8,-415.8,2,0,0,0,9,
277951178,0.23995,-0.88,0.69,0,1053.8,-415.8,2,0,0,0,9,
277951218,0.23995,-0.88,0.69,0,1053.8,-415.8,2,0,0,0,9,
277951258,0.22995,-0.88,0.686063,0,1053.8,-415.783,2,0,0,0,9,
277951298,0.1899,-0.88,0.660075,0,1053.8,-359.584,2,0,0,0,9,
277951339,0.1901,-0.88,0.6825,0,1053.8,-377.949,2,0,0,0,9,
277951379,0.2452,-0.88,0.648488,0,1053.8,-389.251,2,0,0,0,9,
277951418,0.42575,-0.88,0.486825,0,1053.8,-220.39,2,0,0,0,9,
277951458,0.66535,-0.88,0.359963,-12.914,1053.8,0,2,0,0,0,9,
277951498,0.8053,-0.88,0.348788,-280.016,1053.8,0,2,0,0,0,9,
277951538,0.9202,-0.88,0.378825,-565.906,1053.8,0,2,0,0,0,9,
277951578,0.97005,-0.88,0.397538,-759.264,1053.8,0,2,0,0,0,9,
277951619,0.98,-0.88,0.412612,-818.466,1053.8,0,2,0,0,0,9,
277951659,0.9749,-0.88,0.453862,-833.778,1053.8,0,2,0,0,0,9,
277951699,0.8848,-0.88,0.502537,-752.004,1053.8,0,2,0,0,0,9,
277951738,0.78985,-0.88,0.498713,-538.582,1053.8,-9.88352,2,0,0,0,9,
277951778,0.6948,-0.88,0.4461,-338.382,1053.8,0,2,0,0,0,9,
277951818,0.6099,-0.88,0.325987,-125.026,1053.8,0,2,0,0,0,9,
277951858,0.585,-0.88,0.217275,-3.91598,1053.8,0,2,0,0,0,9,
277951898,0.61515,-0.88,0.1236,-1.804,1053.8,0,2,0,0,0,9,
277951939,0.69015,-0.87912,0.0561375,-97.1301,1052.64,0,2,0,0,0,9,
277951979,0.7351,-0.87912,-0.00389992,-246.598,1051.86,0,2,0,0,0,9,
277952019,0.775,-0.87912,-0.0713999,-334.576,1051.86,0,2,0,0,0,9,
277952058,0.79,-0.87912,-0.157687,-396.066,1051.86,0,2,0,0,0,9,
277952098,0.8,-0.87912,-0.255225,-418.044,1051.86,0,2,0,0,0,9,
277952138,0.79,-0.87912,-0.356437,-435.556,1051.86,0,2,0,0,0,9,
277952178,0.77995,-0.87912,-0.435112,-406.956,1051.86,0,2,0,0,0,9,
277952218,0.75495,-0.87912,-0.506362,-378.29,1051.86,0,2,0,0,0,9,
277952259,0.72995,-0.87912,-0.581362,-316.69,1051.86,0,2,0,0,0,9,
277952299,0.70495,-0.79112,-0.641362,-259.512,1013.14,0,2,0,0,0,9,
277952338,0.68995,-0.79112,-0.7014,-211.134,858.264,0,2,0,0,0,9,
277952378,0.68,-0.79112,-0.783862,-184.756,858.264,0,2,0,0,0,9,
277952418,0.68,-0.79112,-0.8778,-173.8,858.264,0,2,0,0,0,9,
277952458,0.68,-0.79112,-0.9789,-173.8,858.264,0,2,0,0,0,9,
277952498,0.695,-0.79112,-1.05765,-184.866,858.264,0,2,0,0,0,9,
277952538,0.7,-0.79112,-1.12136,-211.222,858.264,0,2,0,0,0,9,
277952579,0.7,-0.79112,-1.17007,-217.8,858.264,0,2,0,0,0,9,
277952619,0.7,-0.79112,-1.19629,-217.8,858.264,0,2,0,0,0,9,
277952658,0.7,-0.79112,-1.19629,-217.8,858.264,0,2,0,0,0,9,
277952698,0.71505,-0.70488,-1.19625,-224.488,744.427,0,2,0,0,0,9,
277952738,0.7451,-0.70488,-1.15485,-272.932,668.536,0,2,0,0,0,9,
277952778,0.7951,-0.70488,-1.03091,-361.02,668.536,0,2,0,0,0,9,
277952818,0.81995,-0.79288,-0.828187,-457.71,707.256,0,2,0,0,0,9,
277952858,0.79995,-0.79288,-0.60345,-455.312,862.136,0,2,0,0,0,9,
277952899,0.77995,-0.79288,-0.476025,-422.312,862.136,0,2,0,0,0,9,
277952939,0.755,-0.79288,-0.397462,-371.69,862.136,0,2,0,0,0,9,
277952978,0.75,-0.79288,-0.386212,-336.578,862.136,0,2,0,0,0,9,
277953018,0.73995,-0.79288,-0.352387,-323.356,862.136,0,2,0,0,0,9,
277953058,0.725,-0.79288,-0.288637,-285.934,862.136,0,2,0,0,0,9,
277953098,0.72505,-0.79288,-0.228638,-272.8,862.136,0,2,0,0,0,9,
277953138,0.74,-0.88088,-0.168675,-286.066,862.136,0,2,0,0,0,9,
277953178,0.755,-0.88088,-0.123637,-316.866,1055.74,0,2,0,0,0,9,
277953219,0.76505,-0.88088,-0.05985,-347.644,1055.74,0,2,0,0,0,9,
277953259,0.775,-0.88088,0.0114,-371.844,1055.74,0,2,0,0,0,9,
277953298,0.775,-0.96888,0.0750375,-382.8,1210.62,0,2,0,0,0,9,
277953338,0.775,-0.96888,0.0937875,-382.8,1249.34,0,2,0,0,0,9,
277953378,0.77495,-0.96888,0.101288,-382.8,1249.34,0,2,0,0,0,9,
277953418,0.77,-0.96888,0.116288,-376.156,1249.34,0,2,0,0,0,9,
277953458,0.77,-0.96888,0.146325,-371.8,1249.34,0,2,0,0,0,9,
277953499,0.77,-1.05688,0.19515,-371.8,1288.06,0,2,0,0,0,9,
277953539,0.755,-1.05688,0.277688,-360.734,1442.94,0,2,0,0,0,9,
277953579,0.745,-1.14488,0.375112,-327.756,1520.38,0,2,0,0,0,9,
277953618,0.745,-1.14488,0.405038,-316.8,1636.54,0,2,0,0,0,9,
277953658,0.745,-1.14488,0.405038,-316.8,1636.54,0,2,0,0,0,9,
277953698,0.745,-1.14488,0.420038,-316.8,1636.54,0,2,0,0,0,9,
277953738,0.755,-1.23112,0.446362,-323.444,1674.48,0,2,0,0,0,9,
277953778,0.73995,-1.23112,0.491363,-334.334,1826.26,0,2,0,0,0,9,
277953819,0.71495,-1.23112,0.543862,-290.29,1826.26,-27.5715,2,0,0,0,9,
277953859,0.68495,-1.23112,0.585075,-228.668,1826.26,-133.831,2,0,0,0,9,
277953899,0.65995,-1.14312,0.60375,-160.512,1671.38,-207.966,2,0,0,0,9,
277953938,0.655,-1.14312,0.603788,-127.512,1632.66,-226.066,2,0,0,0,9,
277953978,0.655,-1.14312,0.603788,-118.8,1632.66,-226.133,2,0,0,0,9,
277954018,0.655,-1.14312,0.603788,-118.8,1632.66,-226.133,2,0,0,0,9,
277954058,0.655,-1.05512,0.603788,-118.8,1477.78,-226.133,2,0,0,0,9,
277954098,0.64995,-1.05512,0.6075,-118.756,1439.06,-229.4,2,0,0,0,9,
277954139,0.6099,-1.05512,0.599925,-76.8239,1439.06,-230.967,2,0,0,0,9,
277954179,0.5649,-0.96712,0.554813,-3.91598,1284.18,-181.335,2,0,0,0,9,
277954218,0.51995,-0.96712,0.43095,0,1245.46,-47.916,2,0,0,0,9,
277954258,0.48995,-0.96712,0.269588,0,1245.46,0,2,0,0,0,9,
277954298,0.4851,-0.96712,0.0520125,0,1245.46,0,2,0,0,0,9,
277954338,0.52005,-0.96712,-0.146587,0,1245.46,0,2,0,0,0,9,
277954378,0.5351,-0.96712,-0.307837,0,1245.46,0,2,0,0,0,9,
277954418,0.55,-0.96712,-0.438937,0,1245.46,0,2,0,0,0,9,
277954459,0.545,-0.96712,-0.5289,0,1245.46,0,2,0,0,0,9,
277954499,0.54,-0.96712,-0.596362,0,1245.46,0,2,0,0,0,9,
277954538,0.55,-0.96712,-0.652575,0,1245.46,0,2,0,0,0,9,
277954578,0.56005,-0.96712,-0.693862,0,1245.46,0,2,0,0,0,9,
277954618,0.58505,-0.96712,-0.757612,0,1245.46,0,2,0,0,0,9,
277954658,0.6,-0.96712,-0.787538,0,1245.46,0,2,0,0,0,9,
277954698,0.6,-0.96712,-0.787538,0,1245.46,0,2,0,0,0,9,
277954738,0.57485,-0.96712,-0.757313,0,1245.46,0,2,0,0,0,9,
277954779,0.5099,-0.96712,-0.6297,0,1245.46,0,2,0,0,0,9,
277954819,0.46995,-0.96712,-0.475912,0,1245.46,0,2,0,0,0,9,
277954858,0.43495,-0.96712,-0.311062,0,1245.46,0,2,0,0,0,9,
277954898,0.41995,-0.96712,-0.206062,0,1245.46,0,2,0,0,0,9,
277954938,0.415,-0.88088,-0.157387,0,1207.52,0,2,0,0,0,9,
277954978,0.415,-0.88088,-0.0860624,0,1055.74,0,2,0,0,0,9,
277955018,0.39495,-0.88088,0.0227625,0,1055.74,0,2,0,0,0,9,
277955058,0.37495,-0.96888,0.146438,0,1094.46,0,2,0,0,0,9,
277955099,0.35995,-0.96888,0.225075,0,1249.34,0,2,0,0,0,9,
277955139,0.355,-0.96888,0.240038,0,1249.34,0,2,0,0,0,9,
277955178,0.355,-0.96888,0.240038,0,1249.34,0,2,0,0,0,9,
277955218,0.355,-1.05688,0.240038,0,1365.5,0,2,0,0,0,9,
277955258,0.355,-1.05688,0.240038,0,1442.94,0,2,0,0,0,9,
277955298,0.355,-1.14488,0.255,0,1442.94,0,2,0,0,0,9,
277955338,0.35505,-1.14488,0.288825,0,1636.54,0,2,0,0,0,9,
277955379,0.36,-1.14488,0.35265,0,1636.54,0,2,0,0,0,9,
277955419,0.36505,-1.14488,0.405113,0,1636.54,0,2,0,0,0,9,
277955459,0.375,-1.14488,0.427538,0,1636.54,0,2,0,0,0,9,
277955498,0.38,-1.23112,0.431288,0,1674.48,0,2,0,0,0,9,
277955538,0.38,-1.23112,0.431288,0,1826.26,0,2,0,0,0,9,
277955578,0.38,-1.23112,0.431288,0,1826.26,0,2,0,0,0,9,
277955618,0.38,-1.23112,0.431288,0,1826.26,0,2,0,0,0,9,
277955658,0.38,-1.23112,0.431288,0,1826.26,0,2,0,0,0,9,
277955699,0.38,-1.14312,0.435,0,1787.54,0,2,0,0,0,9,
277955739,0.38,-1.14312,0.435,0,1632.66,0,2,0,0,0,9,
277955779,0.38,-1.14312,0.435,0,1632.66,0,2,0,0,0,9,
277955818,0.38005,-1.14312,0.435,0,1632.66,0,2,0,0,0,9,
277955858,0.385,-1.14312,0.435038,0,1632.66,0,2,0,0,0,9,
277955898,0.39005,-1.14312,0.446288,0,1632.66,0,2,0,0,0,9,
277955938,0.4,-1.14312,0.461287,0,1632.66,0,2,0,0,0,9,
277955978,0.4,-1.14312,0.461287,0,1632.66,0,2,0,0,0,9,
277956019,0.4,-1.14312,0.461287,0,1632.66,0,2,0,0,0,9,
277956059,0.4,-1.14312,0.461287,0,1632.66,0,2,0,0,0,9,
277956098,0.4,-1.14312,0.461287,0,1632.66,0,2,0,0,0,9,
277956138,0.4,-1.14312,0.461287,0,1632.66,0,2,0,0,0,9,
277956178,0.4,-1.14312,0.461287,0,1632.66,0,2,0,0,0,9,
277956218,0.4,-1.14312,0.461287,0,1632.66,0,2,0,0,0,9,
277956258,0.4,-1.14312,0.506588,0,1632.66,0,2,0,0,0,9,
277956298,0.3448,-1.14312,0.799613,0,1632.66,-222.387,2,0,0,0,9,
277956339,0.1895,-1.14312,1.20068,0,1632.66,-1019.82,2,0,0,0,9,
277956379,0.0344,-1.14312,1.3956,0,1632.66,-1798.24,2,0,0,0,9,
277956418,0.0344,-1.14312,1.3956,0,1632.66,-1968.12,2,0,0,0,9,
277956458,0.0344,-1.14312,1.3956,0,1632.66,-1968.12,2,0,0,0,9,
277956498,0.0344,-1.14312,1.3956,0,1632.66,-1968.12,2,0,0,0,9,
277956538,0.0344,-1.14312,1.3956,0,1632.66,-1968.12,2,0,0,0,9,
277956578,0.0344,-1.14312,1.3956,0,1632.66,-1968.12,2,0,0,0,9,
277956618,0.0344,-1.14312,1.3956,0,1632.66,-1968.12,2,0,0,0,9,
277956659,0.0344,-1.14312,1.3956,0,1632.66,-1968.12,2,0,0,0,9,
277956699,0.0344,-1.14312,1.3956,0,1632.66,-1968.12,2,0,0,0,9,
277956738,0.0344,-1.14312,1.3956,0,1632.66,-1968.12,2,0,0,0,9,
277956778,0.0344,-1.14312,1.3956,0,1632.66,-1968.12,2,0,0,0,9,
277956818,0.0344,-1.14312,1.3956,0,1632.66,-1968.12,2,0,0,0,9,
277956858,0.0344,-1.14312,1.3956,0,1632.66,-1968.12,2,0,0,0,9,
277956898,0.0344,-1.14312,1.3956,0,1632.66,-1968.12,2,0,0,0,9,
277956938,0.0344,-1.14312,1.3956,0,1632.66,-1968.12,2,0,0,0,9,
277956979,0.0344,-1.14312,1.3956,0,1632.66,-1968.12,2,0,0,0,9,
277957019,0.0344,-1.14312,1.3956,0,1632.66,-1968.12,2,0,0,0,9,
277957058,0.0344,-1.14312,1.3956,0,1632.66,-1968.12,2,0,0,0,9,
277957098,0.0344,-1.14312,1.3956,0,1632.66,-1968.12,2,0,0,0,9,
277957138,0.0344,-1.14312,1.3956,0,1632.66,-1968.12,2,0,0,0,9,
277957178,0.0344,-1.14312,1.3956,0,1632.66,-1968.12,2,0,0,0,9,
277957218,0.0344,-1.14312,1.3956,0,1632.66,-1968.12,2,0,0,0,9,
277957259,0.0344,-1.14312,1.3956,0,1632.66,-1968.12,2,0,0,0,9,
277957299,0.0344,-1.14312,1.3956,0,1632.66,-1968.12,2,0,0,0,9,
277957339,0.0344,-1.14312,1.3956,0,1632.66,-1968.12,2,0,0,0,9,
277957378,0.0344,-1.14312,1.3956,0,1632.66,-1968.12,2,0,0,0,9,
277957418,0.0344,-1.14312,1.3956,0,1632.66,-1968.12,2,0,0,0,9,
277957458,0.0344,-1.14312,1.3956,0,1632.66,-1968.12,2,0,0,0,9,
277957498,0.0344,-1.14312,1.3956,0,1632.66,-1968.12,2,0,0,0,9,
277957538,0.0344,-1.14312,1.3956,0,1632.66,-1968.12,2,0,0,0,9,
277957579,0.0344,-1.14312,1.3956,0,1632.66,-1968.12,2,0,0,0,9,
277957619,0.0344,-1.14312,1.3956,0,1632.66,-1968.12,2,0,0,0,9,
277957659,0.0344,-1.14312,1.3956,0,1632.66,-1968.12,2,0,0,0,9,
277957698,0.0344,-1.14312,1.3956,0,1632.66,-1968.12,2,0,0,0,9,
277957738,0.0344,-1.14312,1.3956,0,1632.66,-1968.12,2,0,0,0,9,
277957778,0.0344,-1.14312,1.3956,0,1632.66,-1968.12,2,0,0,0,9,
277957818,0.0344,-1.14312,1.3956,0,1632.66,-1968.12,2,0,0,0,9,
277957858,0.0344,-1.14312,1.3956,0,1632.66,-1968.12,2,0,0,0,9,
277957899,0.0344,-1.14312,1.3956,0,1632.66,-1968.12,2,0,0,0,9,
277957939,0.0344,-1.14312,1.3956,0,1632.66,-1968.12,2,0,0,0,9,
277957978,0.0344,-1.14312,1.3956,0,1632.66,-1968.12,2,0,0,0,9,
277958018,0.0344,-1.14312,1.3956,0,1632.66,-1968.12,2,0,0,0,9,
277958058,0.0344,-1.14312,1.3956,0,1632.66,-1968.12,2,0,0,0,9,
277958098,0.0344,-1.14312,1.3956,0,1632.66,-1968.12,2,0,0,0,9,
277958138,0.0344,-1.14312,1.3956,0,1632.66,-1968.12,2,0,0,0,9,
277958178,0.0344,-1.14312,1.3956,0,1632.66,-1968.12,2,0,0,0,9,
277958219,0.0344,-1.14312,1.3956,0,1632.66,-1968.12,2,0,0,0,9,
277958259,0.0344,-1.14312,1.3956,0,1632.66,-1968.12,2,0,0,0,9,
277958298,0.0344,-1.14312,1.3956,0,1632.66,-1968.12,2,0,0,0,9,
277958338,0.0344,-1.14312,1.3956,0,1632.66,-1968.12,2,0,0,0,9,
277958378,0.0344,-1.14312,1.3956,0,1632.66,-1968.12,2,0,0,0,9,
277958418,0.0344,-1.14312,1.3956,0,1632.66,-1968.12,2,0,0,0,9,
277958463,0.0344,-1.14312,1.3956,0,1795.93,-2164.93,2.2,0,0,0,9,
277958498,0.0344,-1.14312,1.3956,0,1469.4,-1771.31,1.8,0,0,0,9,
277958539,0.0344,-1.14312,1.3956,0,1632.66,-1968.12,2,0,0,0,9,
277958579,-0.68565,-1.14312,1.43186,8.64603,1632.66,-2036.79,2,0,0,0,9,
277958618,-1.0006,-1.14312,1.1358,465.586,1632.66,-1775.75,2,0,0,0,9,
277958658,-1.23525,-1.14312,0.952312,1112.03,1632.66,-1211.94,2,0,0,0,9,
277958698,-1.3301,-1.14312,0.896212,1494.22,1632.66,-927.052,2,0,0,0,9,
277958738,-1.37005,-1.14312,0.8925,1641.38,1632.66,-862.933,2,0,0,0,9,
277958778,-1.41515,-1.14312,0.8925,1720.6,1632.66,-861.3,2,0,0,0,9,
277958818,-1.4752,-1.14312,0.892462,1857.15,1632.66,-861.283,2,0,0,0,9,
277958859,-1.4752,-1.14312,0.892462,1923.24,1632.66,-861.218,2,0,0,0,9,
277958899,-1.4752,-1.14312,0.892462,1923.24,1632.66,-861.218,2,0,0,0,9,
277958938,-1.4752,-1.14312,0.892462,1923.24,1632.66,-861.218,2,0,0,0,9,
277958978,-1.4752,-1.14312,0.892462,1923.24,1632.66,-861.218,2,0,0,0,9,
277959018,-1.4752,-1.14312,0.892462,1923.24,1632.66,-861.218,2,0,0,0,9,
277959058,-1.4752,-1.14312,0.892462,1923.24,1632.66,-861.218,2,0,0,0,9,
277959098,-1.4752,-1.14312,0.892462,1923.24,1632.66,-861.218,2,0,0,0,9,
277959139,-1.4752,-1.14312,0.892462,1923.24,1632.66,-861.218,2,0,0,0,9,
277959251,-1.4752,-1.14312,0.892462,5385.07,4571.46,-2411.41,5.6,0,0,0,9,
277959256,-1.4752,-1.14312,0.892462,192.324,163.266,-86.1217,0.2,0,0,0,9,
277959294,-1.4752,-1.14312,0.892462,1923.24,1632.66,-861.218,2,0,0,0,9,
277959334,-1.3244,-1.14312,0.866138,1840.62,1632.66,-835.585,2,0,0,0,9,
277959374,-0.90395,-1.14312,0.734513,1179.45,1632.66,-693.165,2,0,0,0,9,
277959414,-0.4594,-1.14312,0.460725,198.363,1632.66,-227.923,2,0,0,0,9,
277959455,-0.2098,-1.14312,0.202088,0,1632.66,0,2,0,0,0,9,
277959495,-0.145,-1.14312,0.0899626,0,1632.66,0,2,0,0,0,9,
277959535,-0.145,-1.14312,0.0899626,0,1632.66,0,2,0,0,0,9,
277959576,-0.145,-1.14312,0.0899626,0,1632.66,0,2,0,0,0,9,
277959614,-0.145,-1.14312,0.0899626,0,1632.66,0,2,0,0,0,9,
277959654,-0.145,-1.14312,0.0899626,0,1632.66,0,2,0,0,0,9,
277959694,-0.145,-1.14312,0.0862875,0,1632.66,0,2,0,0,0,9,
277959734,-0.14,-1.14312,0.0937875,0,1632.66,0,2,0,0,0,9,
277959775,-0.12495,-1.14312,0.12765,0,1632.66,0,2,0,0,0,9,
277959815,-0.0999001,-1.14312,0.2553,0,1632.66,0,2,0,0,0,9,
277959855,-0.0399001,-1.14312,0.394013,0,1632.66,0,2,0,0,0,9,
277959894,0.0150499,-1.14312,0.468862,0,1632.66,0,2,0,0,0,9,
277959934,0.03,-1.05512,0.480038,0,1613.3,0,2,0,0,0,9,
277959974,0.0450999,-1.05512,0.48375,0,1439.06,0,2,0,0,0,9,
277960014,0.0900499,-1.05512,0.468675,0,1439.06,0,2,0,0,0,9,
277960055,0.1301,-1.05512,0.412275,0,1439.06,0,2,0,0,0,9,
277960095,0.16005,-0.96712,0.2847,0,1264.82,0,2,0,0,0,9,
277960135,0.1851,-0.96712,0.153563,0,1245.46,0,2,0,0,0,9,
277960174,0.2452,-0.96712,0.0711001,0,1245.46,0,2,0,0,0,9,
277960214,0.3352,-0.96712,0.0299626,0,1245.46,0,2,0,0,0,9,
277960254,0.44535,-0.96712,0.0262875,0,1245.46,0,2,0,0,0,9,
277960294,0.5852,-0.96712,0.0488251,0,1245.46,0,2,0,0,0,9,
277960335,0.67515,-0.96712,0.0863251,-69.861,1245.46,0,2,0,0,0,9,
277960374,0.73505,-0.96712,0.116288,-235.642,1245.46,0,2,0,0,0,9,
277960415,0.76505,-0.96712,0.131288,-323.532,1245.46,0,2,0,0,0,9,
277960455,0.76505,-0.96712,0.131288,-360.91,1245.46,0,2,0,0,0,9,
277960494,0.76995,-0.96712,0.135,-361.988,1245.46,0,2,0,0,0,9,
277960534,0.7249,-0.96712,0.131213,-330.891,1245.46,0,2,0,0,0,9,
277960574,0.64985,-0.96712,0.0973875,-198.759,1245.46,0,2,0,0,0,9,
277960614,0.5648,-0.96712,0.0223875,-31.713,1245.46,0,2,0,0,0,9,
277960654,0.49495,-0.96712,-0.0563999,0,1245.46,0,2,0,0,0,9,
277960694,0.47,-0.87912,-0.127613,0,1226.1,0,2,0,0,0,9,
277960735,0.465,-0.87912,-0.176325,0,1051.86,0,2,0,0,0,9,
277960775,0.47505,-0.87912,-0.210075,0,1051.86,0,2,0,0,0,9,
277960814,0.495,-0.87912,-0.228787,0,1051.86,0,2,0,0,0,9,
277960854,0.51005,-0.87912,-0.243787,0,1051.86,0,2,0,0,0,9,
277960894,0.5552,-0.79112,-0.270037,0,955.064,0,2,0,0,0,9,
277960934,0.6452,-0.79112,-0.296325,-22.2199,858.264,0,2,0,0,0,9,
277960974,0.74515,-0.79112,-0.326362,-205.029,858.264,0,2,0,0,0,9,
277961014,0.8251,-0.79112,-0.397687,-405.141,858.264,0,2,0,0,0,9,
277961055,0.85,-0.79112,-0.529087,-531.388,858.264,0,2,0,0,0,9,
277961096,0.78975,-0.79112,-0.701587,-499.081,858.264,0,2,0,0,0,9,
277961134,0.64465,-0.79112,-0.851362,-262.24,858.264,0,2,0,0,0,9,
277961174,0.4396,-0.79112,-0.88125,-13.387,858.264,0,2,0,0,0,9,
277961214,0.30985,-0.79112,-0.858675,0,858.264,0,2,0,0,0,9,
277961254,0.265,-0.79112,-0.802313,0,858.264,0,2,0,0,0,9,
277961294,0.2902,-0.79112,-0.71595,0,858.264,0,2,0,0,0,9,
277961335,0.37515,-0.79112,-0.599813,0,858.264,0,2,0,0,0,9,
277961375,0.44015,-0.79112,-0.513563,0,858.264,0,2,0,0,0,9,
277961415,0.5102,-0.79112,-0.42735,0,858.264,0,2,0,0,0,9,
277961454,0.6102,-0.79112,-0.337312,-2.02399,858.264,0,2,0,0,0,9,
277961494,0.6751,-0.79112,-0.250987,-104.764,858.264,0,2,0,0,0,9,
277961534,0.705,-0.79112,-0.146025,-200.31,858.264,0,2,0,0,0,9,
277961574,0.70995,-0.79112,-0.03735,-236.511,858.264,0,2,0,0,0,9,
277961614,0.66985,-0.79112,0.0752625,-202.202,858.264,0,2,0,0,0,9,
277961655,0.58485,-0.79112,0.255263,-68.079,858.264,0,2,0,0,0,9,
277961695,0.4848,-0.79112,0.36015,0,858.264,0,2,0,0,0,9,
277961735,0.37475,-0.79112,0.423862,0,858.264,0,2,0,0,0,9,
277961774,0.26985,-0.79112,0.472575,0,858.264,0,2,0,0,0,9,
277961814,0.18475,-0.79112,0.517612,0,858.264,-6.01423,2,0,0,0,9,
277961854,0.0898999,-0.79112,0.6039,0,858.264,-129.913,2,0,0,0,9,
277961894,0.055,-0.79112,0.663825,0,858.264,-298.897,2,0,0,0,9,
277961934,0.045,-0.79112,0.697538,0,858.264,-395.315,2,0,0,0,9,
277961975,0.045,-0.79112,0.720038,0,858.264,-458.799,2,0,0,0,9,
277962015,0.045,-0.79112,0.723788,0,858.264,-486.007,2,0,0,0,9,
277962054,0.03995,-0.79112,0.723675,0,858.264,-491.725,2,0,0,0,9,
277962094,0.035,-0.79112,0.633412,0,858.264,-416.996,2,0,0,0,9,
277962134,0.035,-0.79112,0.468563,0,858.264,-114.815,2,0,0,0,9,
277962174,0.04,-0.79112,0.389925,0,858.264,0,2,0,0,0,9,
277962214,0.045,-0.79112,0.378713,0,858.264,0,2,0,0,0,9,
277962254,0.0500499,-0.79112,0.371175,0,858.264,0,2,0,0,0,9,
277962295,0.0700499,-0.79112,0.329925,0,858.264,0,2,0,0,0,9,
277962335,0.0950499,-0.79112,0.277387,0,858.264,0,2,0,0,0,9,
277962374,0.115,-0.79112,0.221175,0,858.264,0,2,0,0,0,9,
277962414,0.12005,-0.79112,0.19875,0,858.264,0,2,0,0,0,9,
277962454,0.125,-0.79112,0.198713,0,858.264,0,2,0,0,0,9,
277962494,0.125,-0.79112,0.198713,0,858.264,0,2,0,0,0,9,
277962534,0.12495,-0.79112,0.194963,0,858.264,0,2,0,0,0,9,
277962574,0.115,-0.79112,0.187463,0,858.264,0,2,0,0,0,9,
277962615,0.11495,-0.79112,0.18375,0,858.264,0,2,0,0,0,9,
277962655,0.11495,-0.79112,0.18375,0,858.264,0,2,0,0,0,9,
277962694,0.11495,-0.79112,0.18375,0,858.264,0,2,0,0,0,9,
277962734,0.12525,-0.79112,0.183713,0,858.264,0,2,0,0,0,9,
277962774,0.2501,-0.79112,0.029625,0,858.264,0,2,0,0,0,9,
277962814,0.31005,-0.79112,-0.116475,0,858.264,0,2,0,0,0,9,
277962854,0.32,-0.79112,-0.225225,0,858.264,0,2,0,0,0,9,
277962894,0.32,-0.79112,-0.326325,0,858.264,0,2,0,0,0,9,
277962935,0.32,-0.79112,-0.360075,0,858.264,0,2,0,0,0,9,
277962975,0.31995,-0.79112,-0.420112,0,858.264,0,2,0,0,0,9,
277963014,0.305,-0.79112,-0.480112,0,858.264,0,2,0,0,0,9,
277963054,0.29995,-0.79112,-0.532612,0,858.264,0,2,0,0,0,9,
277963094,0.285,-0.79112,-0.600112,0,858.264,0,2,0,0,0,9,
277963134,0.28,-0.79112,-0.630038,0,858.264,0,2,0,0,0,9,
277963174,0.28,-0.79112,-0.630038,0,858.264,0,2,0,0,0,9,
277963215,0.28,-0.79112,-0.630038,0,858.264,0,2,0,0,0,9,
277963255,0.28,-0.79112,-0.633788,0,858.264,0,2,0,0,0,9,
277963295,0.28,-0.79112,-0.633788,0,858.264,0,2,0,0,0,9,
