milisec,RacketX,RacketY,RacketZ,forceX,forceX,forceX,ForceRatio,FriendPoint,EnemyPoint,haptics,scene
7030720,-1.5,-0.88,1.5,10971,5901.28,-12259.1,11.4,0,0,0,0,
7030768,-1.47025,-0.88,1.4862,2294.82,1264.56,-2600.93,2.4,0,0,0,0,
7030772,-1.47025,-0.88,1.4862,191.235,105.38,-216.744,0.2,0,0,0,0,
7030862,-1.47025,-0.88,1.4862,4398.41,2423.74,-4985.11,4.6,0,0,0,0,
7030867,-1.47025,-0.88,1.4862,191.235,105.38,-216.744,0.2,0,0,0,0,
7030905,-1.47025,-0.88,1.4862,1912.35,1053.8,-2167.44,2,0,0,0,0,
7030945,-1.47025,-0.88,1.4862,1912.35,1053.8,-2167.44,2,0,0,0,0,
7030990,-1.47025,-0.88,1.4862,2103.58,1159.18,-2384.18,2.2,0,0,0,0,
7031026,-1.47025,-0.88,1.4862,1721.11,948.42,-1950.7,1.8,0,0,0,0,
7031066,-1.47025,-0.88,1.4862,1912.35,1053.8,-2167.44,2,0,0,0,0,
7031106,-1.47025,-0.88,1.4862,1912.35,1053.8,-2167.44,2,0,0,0,0,
7031145,-1.47025,-0.88,1.4862,1912.35,1053.8,-2167.44,2,0,0,0,0,
7031185,-1.47025,-0.88,1.4862,1912.35,1053.8,-2167.44,2,0,0,0,0,
7031225,-1.47025,-0.88,1.4862,1912.35,1053.8,-2167.44,2,0,0,0,0,
7031265,-1.47025,-0.88,1.4862,1912.35,1053.8,-2167.44,2,0,0,0,0,
7031306,-1.47025,-0.88,1.4862,1912.35,1053.8,-2167.44,2,0,0,0,0,
7031346,-1.47025,-0.88,1.4862,1912.35,1053.8,-2167.44,2,0,0,0,0,
7031386,-1.47025,-0.88,1.4862,1912.35,1053.8,-2167.44,2,0,0,0,0,
7031426,-1.47025,-0.88,1.4862,1912.35,1053.8,-2167.44,2,0,0,0,0,
7031465,-1.47025,-0.88,1.4862,1912.35,1053.8,-2167.44,2,0,0,0,0,
7031505,-1.47025,-0.88,1.4862,1912.35,1053.8,-2167.44,2,0,0,0,0,
7031545,-1.47025,-0.88,1.4862,1912.35,1053.8,-2167.44,2,0,0,0,0,
7031585,-1.47025,-0.88,1.4862,1912.35,1053.8,-2167.44,2,0,0,0,0,
7031626,-1.47025,-0.88,1.4862,1912.35,1053.8,-2167.44,2,0,0,0,0,
7031666,-1.47025,-0.88,1.4862,1912.35,1053.8,-2167.44,2,0,0,0,0,
7031706,-1.47025,-0.88,1.4862,1912.35,1053.8,-2167.44,2,0,0,0,0,
7031746,-1.47025,-0.88,1.4862,1912.35,1053.8,-2167.44,2,0,0,0,0,
7031785,-1.47025,-0.88,1.4862,1912.35,1053.8,-2167.44,2,0,0,0,0,
7031825,-1.47025,-0.88,1.4862,1912.35,1053.8,-2167.44,2,0,0,0,0,
7031865,-1.47025,-0.88,1.4862,1912.35,1053.8,-2167.44,2,0,0,0,0,
7031905,-1.47025,-0.88,1.4862,1912.35,1053.8,-2167.44,2,0,0,0,0,
7031946,-1.47025,-0.88,1.4862,1912.35,1053.8,-2167.44,2,0,0,0,0,
7031986,-1.47025,-0.88,1.4862,1912.35,1053.8,-2167.44,2,0,0,0,0,
7032026,-1.47025,-0.88,1.4862,1912.35,1053.8,-2167.44,2,0,0,0,0,
7032066,-1.47025,-0.88,1.4862,1912.35,1053.8,-2167.44,2,0,0,0,0,
7032105,-1.47025,-0.88,1.4862,1912.35,1053.8,-2167.44,2,0,0,0,0,
7032145,-1.47025,-0.88,1.4862,1912.35,1053.8,-2167.44,2,0,0,0,0,
7032185,-1.47025,-0.88,1.4862,1912.35,1053.8,-2167.44,2,0,0,0,0,
7032226,-1.47025,-0.88,1.4862,1912.35,1053.8,-2167.44,2,0,0,0,0,
7032266,-1.47025,-0.88,1.4862,1912.35,1053.8,-2167.44,2,0,0,0,0,
7032306,-1.47025,-0.88,1.4862,1912.35,1053.8,-2167.44,2,0,0,0,0,
7032346,-1.47025,-0.88,1.4862,1912.35,1053.8,-2167.44,2,0,0,0,0,
7032385,-1.47025,-0.88,1.4862,1912.35,1053.8,-2167.44,2,0,0,0,0,
7032425,-1.47025,-0.88,1.4862,1912.35,1053.8,-2167.44,2,0,0,0,0,
7032465,-1.47025,-0.88,1.4862,1912.35,1053.8,-2167.44,2,0,0,0,0,
7032505,-1.47025,-0.88,1.4862,1912.35,1053.8,-2167.44,2,0,0,0,0,
7032546,-1.47025,-0.88,1.4862,1912.35,1053.8,-2167.44,2,0,0,0,0,
7032586,-1.47025,-0.88,1.4862,1912.35,1053.8,-2167.44,2,0,0,0,0,
7032626,-1.47025,-0.88,1.4862,1912.35,1053.8,-2167.44,2,0,0,0,0,
7032666,-1.47025,-0.88,1.4862,1912.35,1053.8,-2167.44,2,0,0,0,0,
7032705,-1.47025,-0.88,1.4862,1912.35,1053.8,-2167.44,2,0,0,0,0,
7032745,-1.47025,-0.88,1.4862,1912.35,1053.8,-2167.44,2,0,0,0,0,
7032785,-1.47025,-0.88,1.4862,1912.35,1053.8,-2167.44,2,0,0,0,0,
7032825,-1.47025,-0.88,1.4862,1912.35,1053.8,-2167.44,2,0,0,0,0,
7032866,-1.47025,-0.88,1.4862,1912.35,1053.8,-2167.44,2,0,0,0,0,
7032906,-1.47025,-0.88,1.4862,1912.35,1053.8,-2167.44,2,0,0,0,0,
7032946,-1.47025,-0.88,1.4862,1912.35,1053.8,-2167.44,2,0,0,0,0,
7032986,-1.47025,-0.88,1.4862,1912.35,1053.8,-2167.44,2,0,0,0,0,
7033025,-1.47025,-0.88,1.4862,1912.35,1053.8,-2167.44,2,0,0,0,0,
7033065,-1.47025,-0.88,1.4862,1912.35,1053.8,-2167.44,2,0,0,0,0,
7033105,-1.47025,-0.88,1.4862,1912.35,1053.8,-2167.44,2,0,0,0,0,
7033145,-1.47025,-0.88,1.4862,1912.35,1053.8,-2167.44,2,0,0,0,0,
7033186,-1.47025,-0.88,1.4862,1912.35,1053.8,-2167.44,2,0,0,0,0,
7033226,-1.47025,-0.88,1.4862,1912.35,1053.8,-2167.44,2,0,0,0,0,
7033266,-1.47025,-0.88,1.4862,1912.35,1053.8,-2167.44,2,0,0,0,0,
7033306,-1.47025,-0.88,1.4862,1912.35,1053.8,-2167.44,2,0,0,0,0,
7033345,-1.47025,-0.88,1.4862,1912.35,1053.8,-2167.44,2,0,0,0,0,
7033385,-1.47025,-0.88,1.4862,1912.35,1053.8,-2167.44,2,0,0,0,0,
7033425,-1.47025,-0.88,1.4862,1912.35,1053.8,-2167.44,2,0,0,0,0,
7033465,-1.47025,-0.88,1.4862,1912.35,1053.8,-2167.44,2,0,0,0,0,
7033506,-1.47025,-0.88,1.4862,1912.35,1053.8,-2167.44,2,0,0,0,0,
7033546,-1.47025,-0.88,1.4862,1912.35,1053.8,-2167.44,2,0,0,0,0,
7033586,-1.47025,-0.88,1.4862,1912.35,1053.8,-2167.44,2,0,0,0,0,
7033626,-1.47025,-0.88,1.4862,1912.35,1053.8,-2167.44,2,0,0,0,0,
7033665,-1.47025,-0.88,1.4862,1912.35,1053.8,-2167.44,2,0,0,0,0,
7033705,-1.47025,-0.88,1.4862,1912.35,1053.8,-2167.44,2,0,0,0,0,
7033745,-1.47025,-0.88,1.4862,1912.35,1053.8,-2167.44,2,0,0,0,0,
7033785,-1.47025,-0.88,1.4862,1912.35,1053.8,-2167.44,2,0,0,0,0,
7033826,-1.47025,-0.88,1.4862,1912.35,1053.8,-2167.44,2,0,0,0,0,
7033866,-1.47025,-0.88,1.4862,1912.35,1053.8,-2167.44,2,0,0,0,0,
7033906,-1.47025,-0.88,1.4862,1912.35,1053.8,-2167.44,2,0,0,0,0,
7033946,-1.47025,-0.88,1.4862,1912.35,1053.8,-2167.44,2,0,0,0,0,
7033985,-1.47025,-0.88,1.4862,1912.35,1053.8,-2167.44,2,0,0,0,0,
7034025,-1.47025,-0.88,1.4862,1912.35,1053.8,-2167.44,2,0,0,0,0,
7034065,-1.47025,-0.88,1.4862,1912.35,1053.8,-2167.44,2,0,0,0,0,
7034106,-1.47025,-0.88,1.4862,1912.35,1053.8,-2167.44,2,0,0,0,0,
7034146,-1.47025,-0.88,1.4862,1912.35,1053.8,-2167.44,2,0,0,0,0,
7034186,-1.47025,-0.88,1.4862,1912.35,1053.8,-2167.44,2,0,0,0,0,
7034226,-1.47025,-0.88,1.4862,1912.35,1053.8,-2167.44,2,0,0,0,0,
7034265,-1.47025,-0.88,1.4862,1912.35,1053.8,-2167.44,2,0,0,0,0,
7034305,-1.47025,-0.88,1.4862,1912.35,1053.8,-2167.44,2,0,0,0,0,
7034345,-1.47025,-0.88,1.4862,1912.35,1053.8,-2167.44,2,0,0,0,0,
7034385,-1.47025,-0.88,1.4862,1912.35,1053.8,-2167.44,2,0,0,0,0,
7034426,-1.47025,-0.88,1.4862,1912.35,1053.8,-2167.44,2,0,0,0,0,
7034466,-1.47025,-0.88,1.4862,1912.35,1053.8,-2167.44,2,0,0,0,0,
7034506,-1.47025,-0.88,1.4862,1912.35,1053.8,-2167.44,2,0,0,0,0,
7034546,-1.47025,-0.88,1.4862,1912.35,1053.8,-2167.44,2,0,0,0,0,
7034585,-1.47025,-0.88,1.4862,1912.35,1053.8,-2167.44,2,0,0,0,0,
7034625,-1.47025,-0.88,1.4862,1912.35,1053.8,-2167.44,2,0,0,0,0,
7034665,-1.47025,-0.88,1.4862,1912.35,1053.8,-2167.44,2,0,0,0,0,
7034705,-1.47025,-0.88,1.4862,1912.35,1053.8,-2167.44,2,0,0,0,0,
7034746,-1.47025,-0.88,1.4862,1912.35,1053.8,-2167.44,2,0,0,0,0,
7034786,-1.47025,-0.88,1.4862,1912.35,1053.8,-2167.44,2,0,0,0,0,
7034826,-1.47025,-0.88,1.4862,1912.35,1053.8,-2167.44,2,0,0,0,0,
7034866,-1.47025,-0.88,1.4862,1912.35,1053.8,-2167.44,2,0,0,0,0,
7034905,-1.47025,-0.88,1.4862,1912.35,1053.8,-2167.44,2,0,0,0,0,
7034945,-1.47025,-0.88,1.4862,1912.35,1053.8,-2167.44,2,0,0,0,0,
7034985,-1.47025,-0.88,1.4862,1912.35,1053.8,-2167.44,2,0,0,0,0,
7035025,-1.47025,-0.88,1.4862,1912.35,1053.8,-2167.44,2,0,0,0,0,
7035066,-1.47025,-0.88,1.4862,1912.35,1053.8,-2167.44,2,0,0,0,0,
7035106,-1.47025,-0.88,1.4862,1912.35,1053.8,-2167.44,2,0,0,0,0,
7035146,-1.47025,-0.88,1.4862,1912.35,1053.8,-2167.44,2,0,0,0,0,
7035186,-1.47025,-0.88,1.4862,1912.35,1053.8,-2167.44,2,0,0,0,0,
7035225,-1.47025,-0.88,1.4862,1912.35,1053.8,-2167.44,2,0,0,0,0,
7035265,-1.47025,-0.88,1.4862,1912.35,1053.8,-2167.44,2,0,0,0,0,
7035305,-1.47025,-0.88,1.4862,1912.35,1053.8,-2167.44,2,0,0,0,0,
7035345,-1.47025,-0.88,1.4862,1912.35,1053.8,-2167.44,2,0,0,0,0,
7035386,-1.47025,-0.88,1.4862,1912.35,1053.8,-2167.44,2,0,0,0,0,
7035428,-1.47025,-0.88,1.4862,1912.35,1053.8,-2167.44,2,0,0,0,8,
7035466,-1.47025,-0.88,1.4862,1912.35,1053.8,-2167.44,2,0,0,0,8,
7035506,-1.47025,-0.88,1.4862,1912.35,1053.8,-2167.44,2,0,0,0,8,
7035545,-1.47025,-0.88,1.4862,1912.35,1053.8,-2167.44,2,0,0,0,8,
7035585,-1.47025,-0.88,1.4862,1912.35,1053.8,-2167.44,2,0,0,0,8,
7035625,-1.47025,-0.88,1.4862,1912.35,1053.8,-2167.44,2,0,0,0,8,
7035665,-1.47025,-0.88,1.4862,1912.35,1053.8,-2167.44,2,0,0,0,8,
7035706,-1.47025,-0.88,1.4862,1912.35,1053.8,-2167.44,2,0,0,0,8,
7035746,-1.47025,-0.88,1.4862,1912.35,1053.8,-2167.44,2,0,0,0,8,
7035786,-1.47025,-0.88,1.4862,1912.35,1053.8,-2167.44,2,0,0,0,8,
7035826,-1.47025,-0.88,1.4862,1912.35,1053.8,-2167.44,2,0,0,0,8,
7035865,-1.47025,-0.88,1.4862,1912.35,1053.8,-2167.44,2,0,0,0,8,
7035905,-1.47025,-0.88,1.4862,1912.35,1053.8,-2167.44,2,0,0,0,8,
7035945,-1.47025,-0.88,1.4862,1912.35,1053.8,-2167.44,2,0,0,0,8,
7035986,-1.47025,-0.88,1.4862,1912.35,1053.8,-2167.44,2,0,0,0,8,
7036026,-1.47025,-0.88,1.4862,1912.35,1053.8,-2167.44,2,0,0,0,8,
7036066,-1.47025,-0.88,1.4862,1912.35,1053.8,-2167.44,2,0,0,0,8,
7036106,-1.47025,-0.88,1.4862,1912.35,1053.8,-2167.44,2,0,0,0,8,
7036145,-1.47025,-0.88,1.4862,1912.35,1053.8,-2167.44,2,0,0,0,8,
7036185,-1.47025,-0.88,1.4862,1912.35,1053.8,-2167.44,2,0,0,0,8,
7036225,-1.47025,-0.88,1.4862,1912.35,1053.8,-2167.44,2,0,0,0,8,
7036265,-1.47025,-0.88,1.4862,1912.35,1053.8,-2167.44,2,0,0,0,8,
7036306,-1.47025,-0.88,1.4862,1912.35,1053.8,-2167.44,2,0,0,0,8,
7036346,-1.47025,-0.88,1.4862,1912.35,1053.8,-2167.44,2,0,0,0,8,
7036386,-1.47025,-0.88,1.4862,1912.35,1053.8,-2167.44,2,0,0,0,8,
7036426,-1.47025,-0.88,1.4862,1912.35,1053.8,-2167.44,2,0,0,0,8,
7036465,-1.47025,-0.88,1.4862,1912.35,1053.8,-2167.44,2,0,0,0,8,
7036505,-1.47025,-0.88,1.4862,1912.35,1053.8,-2167.44,2,0,0,0,9,
7036545,-1.47025,-0.88,1.4862,1912.35,1053.8,-2167.44,2,0,0,0,9,
7036585,-1.47025,-0.88,1.4862,1912.35,1053.8,-2167.44,2,0,0,0,9,
7036626,-1.47025,-0.88,1.4862,1912.35,1053.8,-2167.44,2,0,0,0,9,
7036666,-1.47025,-0.88,1.4862,1912.35,1053.8,-2167.44,2,0,0,0,9,
7036706,-1.47025,-0.88,1.4862,1912.35,1053.8,-2167.44,2,0,0,0,9,
7036746,-1.47025,-0.88,1.4862,1912.35,1053.8,-2167.44,2,0,0,0,9,
7036785,-1.47025,-0.88,1.4862,1912.35,1053.8,-2167.44,2,0,0,0,9,
7036825,-1.47025,-0.88,1.4862,1912.35,1053.8,-2167.44,2,0,0,0,9,
7036865,-1.47025,-0.88,1.4862,1912.35,1053.8,-2167.44,2,0,0,0,9,
7036905,-1.47025,-0.88,1.4862,1912.35,1053.8,-2167.44,2,0,0,0,9,
7036946,-1.47025,-0.88,1.4862,1912.35,1053.8,-2167.44,2,0,0,0,9,
7036986,-1.47025,-0.88,1.4862,1912.35,1053.8,-2167.44,2,0,0,0,9,
7037026,-1.47025,-0.88,1.4862,1912.35,1053.8,-2167.44,2,0,0,0,9,
7037066,-1.47025,-0.88,1.4862,1912.35,1053.8,-2167.44,2,0,0,0,9,
7037105,-1.47025,-0.88,1.4862,1912.35,1053.8,-2167.44,2,0,0,0,9,
7037145,-1.47025,-0.88,1.4862,1912.35,1053.8,-2167.44,2,0,0,0,9,
7037185,-1.47025,-0.88,1.4862,1912.35,1053.8,-2167.44,2,0,0,0,9,
7037225,-1.47025,-0.88,1.4862,1912.35,1053.8,-2167.44,2,0,0,0,9,
7037266,-1.47025,-0.88,1.4862,1912.35,1053.8,-2167.44,2,0,0,0,9,
7037306,-1.47025,-0.88,1.4862,1912.35,1053.8,-2167.44,2,0,0,0,9,
7037346,-1.47025,-0.88,1.4862,1912.35,1053.8,-2167.44,2,0,0,0,9,
7037386,-1.47025,-0.88,1.4862,1912.35,1053.8,-2167.44,2,0,0,0,9,
7037425,-1.47025,-0.88,1.4862,1912.35,1053.8,-2167.44,2,0,0,0,9,
7037465,-1.47025,-0.88,1.4862,1912.35,1053.8,-2167.44,2,0,0,0,9,
7037505,-1.47025,-0.88,1.4862,1912.35,1053.8,-2167.44,2,0,0,0,9,
7037545,-1.47025,-0.88,1.4862,1912.35,1053.8,-2167.44,2,0,0,0,9,
7037586,-1.47025,-0.88,1.4862,1912.35,1053.8,-2167.44,2,0,0,0,9,
7037626,-1.47025,-0.88,1.4862,1912.35,1053.8,-2167.44,2,0,0,0,9,
7037666,-1.47025,-0.88,1.4862,1912.35,1053.8,-2167.44,2,0,0,0,9,
7037706,-1.47025,-0.88,1.4862,1912.35,1053.8,-2167.44,2,0,0,0,9,
7037745,1.47495,-0.88,0.119963,378.334,1053.8,-1300.46,2,0,0,0,9,
7037785,1.47,-0.88,0.116213,-1918.33,1053.8,0,2,0,0,0,9,
7037825,1.465,-0.88,0.104963,-1911.74,1053.8,0,2,0,0,0,9,
7037866,1.45,-0.88,0.089925,-1895.25,1053.8,0,2,0,0,0,9,
7037906,1.44,-0.88,0.0787125,-1861.17,1053.8,0,2,0,0,0,9,
7037946,1.43995,-0.88,0.07125,-1845.8,1053.8,0,2,0,0,0,9,
7037986,1.42495,-0.88,0.05625,-1838,1053.8,0,2,0,0,0,9,
7038025,1.38985,-0.88,0.0186375,-1800.54,1053.8,0,2,0,0,0,9,
7038065,1.3399,-0.88,-0.0413625,-1699.22,1053.8,0,2,0,0,0,9,
7038105,1.29995,-0.88,-0.090075,-1596.99,1053.8,0,2,0,0,0,9,
7038145,1.285,-0.88,-0.112575,-1527.81,1053.8,0,2,0,0,0,9,
7038186,1.285,-0.88,-0.183937,-1504.8,1053.8,0,2,0,0,0,9,
7038226,1.285,-0.88,-0.255075,-1504.8,1053.8,0,2,0,0,0,9,
7038266,1.28,-0.88,-0.273787,-1502.59,1053.8,0,2,0,0,0,9,
7038306,1.28,-0.88,-0.273787,-1493.8,1053.8,0,2,0,0,0,9,
7038345,1.28,-0.88,-0.273787,-1493.8,1053.8,0,2,0,0,0,9,
7038385,1.28,-0.88,-0.273787,-1493.8,1053.8,0,2,0,0,0,9,
7038426,1.28,-0.88,-0.273787,-1493.8,1053.8,0,2,0,0,0,9,
7038465,1.28,-0.88,-0.273787,-1493.8,1053.8,0,2,0,0,0,9,
7038506,1.28,-0.88,-0.273787,-1493.8,1053.8,0,2,0,0,0,9,
7038546,1.28,-0.88,-0.273787,-1493.8,1053.8,0,2,0,0,0,9,
7038586,1.28,-0.88,-0.273787,-1493.8,1053.8,0,2,0,0,0,9,
7038626,1.28,-0.88,-0.273787,-1493.8,1053.8,0,2,0,0,0,9,
7038665,1.28,-0.88,-0.273787,-1493.8,1053.8,0,2,0,0,0,9,
7038705,1.28,-0.88,-0.273787,-1493.8,1053.8,0,2,0,0,0,9,
7038745,1.28,-0.88,-0.273787,-1493.8,1053.8,0,2,0,0,0,9,
7038785,1.28,-0.88,-0.273787,-1493.8,1053.8,0,2,0,0,0,9,
7038826,1.28,-0.88,-0.273787,-1493.8,1053.8,0,2,0,0,0,9,
7038866,1.28,-0.88,-0.273787,-1493.8,1053.8,0,2,0,0,0,9,
7038906,1.28,-0.88,-0.273787,-1493.8,1053.8,0,2,0,0,0,9,
7038946,1.28,-0.88,-0.273787,-1493.8,1053.8,0,2,0,0,0,9,
7038985,1.28,-0.88,-0.273787,-1493.8,1053.8,0,2,0,0,0,9,
7039025,1.28,-0.88,-0.273787,-1493.8,1053.8,0,2,0,0,0,9,
7039065,1.28,-0.88,-0.273787,-1493.8,1053.8,0,2,0,0,0,9,
7039105,1.28,-0.88,-0.273787,-1493.8,1053.8,0,2,0,0,0,9,
7039146,1.28,-0.88,-0.273787,-1493.8,1053.8,0,2,0,0,0,9,
7039186,1.28,-0.88,-0.273787,-1493.8,1053.8,0,2,0,0,0,9,
7039226,1.28,-0.88,-0.273787,-1493.8,1053.8,0,2,0,0,0,9,
7039266,1.28,-0.88,-0.273787,-1493.8,1053.8,0,2,0,0,0,9,
7039305,1.28,-0.88,-0.273787,-1493.8,1053.8,0,2,0,0,0,9,
7039345,1.28,-0.88,-0.273787,-1493.8,1053.8,0,2,0,0,0,9,
7039385,1.28,-0.88,-0.273787,-1493.8,1053.8,0,2,0,0,0,9,
7039425,1.28,-0.88,-0.273787,-1493.8,1053.8,0,2,0,0,0,9,
7039466,1.28,-0.88,-0.273787,-1493.8,1053.8,0,2,0,0,0,9,
7039506,1.28,-0.88,-0.273787,-1493.8,1053.8,0,2,0,0,0,9,
7039546,1.28,-0.88,-0.273787,-1493.8,1053.8,0,2,0,0,0,9,
7039586,1.28,-0.88,-0.273787,-1493.8,1053.8,0,2,0,0,0,9,
7039625,1.28,-0.88,-0.273787,-1493.8,1053.8,0,2,0,0,0,9,
7039665,1.28,-0.88,-0.273787,-1493.8,1053.8,0,2,0,0,0,9,
7039705,1.28,-0.88,-0.273787,-1493.8,1053.8,0,2,0,0,0,9,
7039746,1.28,-0.88,-0.273787,-1493.8,1053.8,0,2,0,0,0,9,
7039786,1.28,-0.88,-0.273787,-1493.8,1053.8,0,2,0,0,0,9,
7039826,1.28,-0.88,-0.273787,-1493.8,1053.8,0,2,0,0,0,9,
7039866,1.28,-0.88,-0.273787,-1493.8,1053.8,0,2,0,0,0,9,
7039905,1.28,-0.88,-0.273787,-1493.8,1053.8,0,2,0,0,0,9,
7039945,1.28,-0.88,-0.273787,-1493.8,1053.8,0,2,0,0,0,9,
7039985,1.28,-0.88,-0.273787,-1493.8,1053.8,0,2,0,0,0,9,
7040025,1.28,-0.88,-0.273787,-1493.8,1053.8,0,2,0,0,0,9,
7040066,1.28,-0.88,-0.273787,-1493.8,1053.8,0,2,0,0,0,9,
7040106,1.28,-0.88,-0.273787,-1493.8,1053.8,0,2,0,0,0,9,
7040146,1.28,-0.88,-0.273787,-1493.8,1053.8,0,2,0,0,0,9,
7040186,1.28,-0.88,-0.273787,-1493.8,1053.8,0,2,0,0,0,9,
7040225,1.28,-0.88,-0.273787,-1493.8,1053.8,0,2,0,0,0,9,
7040265,1.28,-0.88,-0.273787,-1493.8,1053.8,0,2,0,0,0,9,
7040305,1.28,-0.88,-0.273787,-1493.8,1053.8,0,2,0,0,0,9,
7040345,1.28,-0.88,-0.273787,-1493.8,1053.8,0,2,0,0,0,9,
7040386,1.28,-0.88,-0.273787,-1493.8,1053.8,0,2,0,0,0,9,
7040426,1.28,-0.88,-0.273787,-1493.8,1053.8,0,2,0,0,0,9,
7040466,1.28,-0.88,-0.273787,-1493.8,1053.8,0,2,0,0,0,9,
7040506,1.28,-0.88,-0.273787,-1493.8,1053.8,0,2,0,0,0,9,
7040545,1.28,-0.88,-0.273787,-1493.8,1053.8,0,2,0,0,0,9,
7040585,1.28,-0.88,-0.273787,-1493.8,1053.8,0,2,0,0,0,9,
7040625,1.28,-0.88,-0.273787,-1493.8,1053.8,0,2,0,0,0,9,
7040665,1.28,-0.88,-0.273787,-1493.8,1053.8,0,2,0,0,0,9,
7040706,1.28,-0.88,-0.273787,-1493.8,1053.8,0,2,0,0,0,9,
7040746,1.28,-0.88,-0.273787,-1493.8,1053.8,0,2,0,0,0,9,
7040786,1.28,-0.88,-0.273787,-1493.8,1053.8,0,2,0,0,0,9,
7040826,1.28,-0.88,-0.273787,-1493.8,1053.8,0,2,0,0,0,9,
7040865,1.28,-0.88,-0.273787,-1493.8,1053.8,0,2,0,0,0,9,
7040905,1.28,-0.88,-0.273787,-1493.8,1053.8,0,2,0,0,0,9,
7040950,1.28,-0.88,-0.273787,-1643.18,1159.18,0,2.2,0,0,0,9,
7040985,1.28,-0.88,-0.273787,-1344.42,948.42,0,1.8,0,0,0,9,
7041026,1.28005,-0.88,-0.296475,-1493.8,1053.8,0,2,0,0,0,9,
7041066,1.3,-0.88,-0.4692,-1508.21,1053.8,0,2,0,0,0,9,
7041106,1.30005,-0.88,-0.746775,-1537.8,1053.8,0,2,0,0,0,9,
7041146,1.3501,-0.88,-0.975412,-1567.71,1053.8,0,2,0,0,0,9,
7041185,1.44015,-0.88,-1.1664,-1678.98,1053.8,0,2,0,0,0,9,
7041225,1.44015,-0.88,-1.1664,-1846.13,1053.8,0,2,0,0,0,9,
7041265,1.44015,-0.88,-1.1664,-1846.13,1053.8,0,2,0,0,0,9,
7041305,1.44015,-0.88,-1.1664,-1846.13,1053.8,0,2,0,0,0,9,
7041346,1.44015,-0.88,-1.1664,-1846.13,1053.8,0,2,0,0,0,9,
7041386,1.4553,-0.88,-1.18185,-1852.8,1053.8,0,2,0,0,0,9,
7041426,1.465,-0.88,-1.10996,-1901.06,1053.8,0,2,0,0,0,9,
7041466,1.465,-0.88,-1.11382,-1900.8,1053.8,0,2,0,0,0,9,
7041505,1.44995,-0.88,-1.18155,-1898.53,1053.8,0,2,0,0,0,9,
7041545,1.40485,-0.88,-1.34295,-1853.3,1053.8,0,2,0,0,0,9,
7041585,1.38975,-0.88,-1.38836,-1751.86,1053.8,0,2,0,0,0,9,
7041625,1.38975,-0.88,-1.38836,-1735.25,1053.8,0,2,0,0,0,9,
7041666,1.38975,-0.88,-1.38836,-1735.25,1053.8,0,2,0,0,0,9,
7041706,1.38975,-0.88,-1.38836,-1735.25,1053.8,0,2,0,0,0,9,
7041746,1.38975,-0.88,-1.38836,-1735.25,1053.8,0,2,0,0,0,9,
7041786,1.38975,-0.88,-1.38836,-1735.25,1053.8,0,2,0,0,0,9,
7041825,1.38975,-0.88,-1.38836,-1735.25,1053.8,0,2,0,0,0,9,
7041865,1.38975,-0.88,-1.38836,-1735.25,1053.8,0,2,0,0,0,9,
7041905,1.38975,-0.88,-1.38836,-1735.25,1053.8,0,2,0,0,0,9,
7041946,1.38975,-0.88,-1.38836,-1735.25,1053.8,0,2,0,0,0,9,
7041986,1.38975,-0.88,-1.38836,-1735.25,1053.8,0,2,0,0,0,9,
7042026,1.38975,-0.88,-1.38836,-1735.25,1053.8,0,2,0,0,0,9,
7042066,1.38975,-0.88,-1.38836,-1735.25,1053.8,0,2,0,0,0,9,
7042105,1.38975,-0.88,-1.38836,-1735.25,1053.8,0,2,0,0,0,9,
7042145,1.38975,-0.88,-1.38836,-1735.25,1053.8,0,2,0,0,0,9,
7042185,1.38975,-0.88,-1.38836,-1735.25,1053.8,0,2,0,0,0,9,
7042225,1.38975,-0.88,-1.38836,-1735.25,1053.8,0,2,0,0,0,9,
7042266,1.38975,-0.88,-1.38836,-1735.25,1053.8,0,2,0,0,0,9,
7042306,1.38975,-0.88,-1.38836,-1735.25,1053.8,0,2,0,0,0,9,
7042346,1.38975,-0.88,-1.38836,-1735.25,1053.8,0,2,0,0,0,9,
7042386,1.38975,-0.88,-1.38836,-1735.25,1053.8,0,2,0,0,0,9,
7042425,1.38975,-0.88,-1.38836,-1735.25,1053.8,0,2,0,0,0,9,
7042465,1.38975,-0.88,-1.38836,-1735.25,1053.8,0,2,0,0,0,9,
7042505,1.38975,-0.88,-1.38836,-1735.25,1053.8,0,2,0,0,0,9,
7042545,1.38975,-0.88,-1.38836,-1735.25,1053.8,0,2,0,0,0,9,
7042586,1.38975,-0.88,-1.38836,-1735.25,1053.8,0,2,0,0,0,9,
7042626,1.38975,-0.88,-1.38836,-1735.25,1053.8,0,2,0,0,0,9,
7042666,1.38975,-0.88,-1.38836,-1735.25,1053.8,0,2,0,0,0,9,
7042706,1.38975,-0.88,-1.38836,-1735.25,1053.8,0,2,0,0,0,9,
7042745,1.38975,-0.88,-1.38836,-1735.25,1053.8,0,2,0,0,0,9,
7042785,1.38975,-0.88,-1.38836,-1735.25,1053.8,0,2,0,0,0,9,
7042825,1.38975,-0.88,-1.38836,-1735.25,1053.8,0,2,0,0,0,9,
7042865,1.38975,-0.88,-1.38836,-1735.25,1053.8,0,2,0,0,0,9,
7042906,1.38975,-0.88,-1.38836,-1735.25,1053.8,0,2,0,0,0,9,
7042946,1.38975,-0.88,-1.38836,-1735.25,1053.8,0,2,0,0,0,9,
7042986,1.38975,-0.88,-1.38836,-1735.25,1053.8,0,2,0,0,0,9,
7043026,1.38975,-0.88,-1.38836,-1735.25,1053.8,0,2,0,0,0,9,
7043065,1.38975,-0.88,-1.38836,-1735.25,1053.8,0,2,0,0,0,9,
7043105,1.38975,-0.88,-1.38836,-1735.25,1053.8,0,2,0,0,0,9,
7043145,1.38975,-0.88,-1.38836,-1735.25,1053.8,0,2,0,0,0,9,
7043185,1.38975,-0.88,-1.38836,-1735.25,1053.8,0,2,0,0,0,9,
7043226,1.38975,-0.88,-1.38836,-1735.25,1053.8,0,2,0,0,0,9,
7043266,1.38975,-0.88,-1.38836,-1735.25,1053.8,0,2,0,0,0,9,
7043306,1.38975,-0.88,-1.38836,-1735.25,1053.8,0,2,0,0,0,9,
7043346,1.38975,-0.88,-1.38836,-1735.25,1053.8,0,2,0,0,0,9,
7043385,1.38975,-0.88,-1.38836,-1735.25,1053.8,0,2,0,0,0,9,
7043425,1.38975,-0.88,-1.38836,-1735.25,1053.8,0,2,0,0,0,9,
7043465,1.38975,-0.88,-1.38836,-1735.25,1053.8,0,2,0,0,0,9,
7043505,1.38975,-0.88,-1.38836,-1735.25,1053.8,0,2,0,0,0,9,
7043546,1.38975,-0.88,-1.38836,-1735.25,1053.8,0,2,0,0,0,9,
7043586,1.38975,-0.88,-1.38836,-1735.25,1053.8,0,2,0,0,0,9,
7043626,1.38975,-0.88,-1.38836,-1735.25,1053.8,0,2,0,0,0,9,
7043666,1.38975,-0.88,-1.38836,-1735.25,1053.8,0,2,0,0,0,9,
7043705,1.38975,-0.88,-1.38836,-1735.25,1053.8,0,2,0,0,0,9,
7043745,1.38975,-0.88,-1.38836,-1735.25,1053.8,0,2,0,0,0,9,
7043785,1.38975,-0.88,-1.38836,-1735.25,1053.8,0,2,0,0,0,9,
7043826,1.38975,-0.88,-1.38836,-1735.25,1053.8,0,2,0,0,0,9,
7043866,1.38975,-0.88,-1.38836,-1735.25,1053.8,0,2,0,0,0,9,
7043906,1.38975,-0.88,-1.38836,-1735.25,1053.8,0,2,0,0,0,9,
7043946,1.38975,-0.88,-1.38836,-1735.25,1053.8,0,2,0,0,0,9,
7043985,1.38975,-0.88,-1.38836,-1735.25,1053.8,0,2,0,0,0,9,
7044025,1.38975,-0.88,-1.38836,-1735.25,1053.8,0,2,0,0,0,9,
7044065,1.38975,-0.88,-1.38836,-1735.25,1053.8,0,2,0,0,0,9,
7044105,1.38975,-0.88,-1.38836,-1735.25,1053.8,0,2,0,0,0,9,
7044146,1.38975,-0.88,-1.38836,-1735.25,1053.8,0,2,0,0,0,9,
7044186,1.38975,-0.88,-1.38836,-1735.25,1053.8,0,2,0,0,0,9,
7044226,1.38975,-0.88,-1.38836,-1735.25,1053.8,0,2,0,0,0,9,
7044266,1.38975,-0.88,-1.38836,-1735.25,1053.8,0,2,0,0,0,9,
7044305,1.38975,-0.88,-1.38836,-1735.25,1053.8,0,2,0,0,0,9,
7044345,1.38975,-0.88,-1.38836,-1735.25,1053.8,0,2,0,0,0,9,
7044385,1.38975,-0.88,-1.38836,-1735.25,1053.8,0,2,0,0,0,9,
7044425,1.38975,-0.88,-1.38836,-1735.25,1053.8,0,2,0,0,0,9,
7044466,1.38975,-0.88,-1.38836,-1735.25,1053.8,0,2,0,0,0,9,
7044506,1.38975,-0.88,-1.38836,-1735.25,1053.8,0,2,0,0,0,9,
7044546,1.38975,-0.88,-1.38836,-1735.25,1053.8,0,2,0,0,0,9,
7044586,1.38975,-0.88,-1.38836,-1735.25,1053.8,0,2,0,0,0,9,
7044625,1.38975,-0.88,-1.38836,-1735.25,1053.8,0,2,0,0,0,9,
7044665,1.38975,-0.88,-1.38836,-1735.25,1053.8,0,2,0,0,0,9,
7044705,1.38975,-0.88,-1.38836,-1735.25,1053.8,0,2,0,0,0,9,
7044745,1.38975,-0.88,-1.38836,-1735.25,1053.8,0,2,0,0,0,9,
7044786,1.38975,-0.88,-1.38836,-1735.25,1053.8,0,2,0,0,0,9,
7044826,1.38975,-0.88,-1.38836,-1735.25,1053.8,0,2,0,0,0,9,
7044866,1.38975,-0.88,-1.38836,-1735.25,1053.8,0,2,0,0,0,9,
7044906,1.38975,-0.88,-1.38836,-1735.25,1053.8,0,2,0,0,0,9,
7044945,1.38975,-0.88,-1.38836,-1735.25,1053.8,0,2,0,0,0,9,
7044985,1.38975,-0.88,-1.38836,-1735.25,1053.8,0,2,0,0,0,9,
7045025,1.38975,-0.88,-1.38836,-1735.25,1053.8,0,2,0,0,0,9,
7045065,1.38975,-0.88,-1.38836,-1735.25,1053.8,0,2,0,0,0,9,
7045106,1.38975,-0.88,-1.38836,-1735.25,1053.8,0,2,0,0,0,9,
7045146,1.38975,-0.88,-1.38836,-1735.25,1053.8,0,2,0,0,0,9,
7045186,1.38975,-0.88,-1.38836,-1735.25,1053.8,0,2,0,0,0,9,
7045226,1.38975,-0.88,-1.38836,-1735.25,1053.8,0,2,0,0,0,9,
7045265,1.38975,-0.88,-1.38836,-1735.25,1053.8,0,2,0,0,0,9,
7045305,1.38975,-0.88,-1.38836,-1735.25,1053.8,0,2,0,0,0,9,
7045345,1.38975,-0.88,-1.38836,-1735.25,1053.8,0,2,0,0,0,9,
7045385,1.38975,-0.88,-1.38836,-1735.25,1053.8,0,2,0,0,0,9,
7045426,1.38975,-0.88,-1.38836,-1735.25,1053.8,0,2,0,0,0,9,
7045466,1.38975,-0.88,-1.38836,-1735.25,1053.8,0,2,0,0,0,9,
7045506,1.38975,-0.88,-1.38836,-1735.25,1053.8,0,2,0,0,0,9,
7045546,1.38975,-0.88,-1.38836,-1735.25,1053.8,0,2,0,0,0,9,
7045585,1.38975,-0.88,-1.38836,-1735.25,1053.8,0,2,0,0,0,9,
7045625,1.38975,-0.88,-1.38836,-1735.25,1053.8,0,2,0,0,0,9,
7045665,1.38975,-0.88,-1.38836,-1735.25,1053.8,0,2,0,0,0,9,
7045706,1.38975,-0.88,-1.38836,-1735.25,1053.8,0,2,0,0,0,9,
7045746,1.38975,-0.88,-1.38836,-1735.25,1053.8,0,2,0,0,0,9,
7045786,1.38975,-0.88,-1.38836,-1735.25,1053.8,0,2,0,0,0,9,
7045826,1.38975,-0.88,-1.38836,-1735.25,1053.8,0,2,0,0,0,9,
7045865,1.38975,-0.88,-1.38836,-1735.25,1053.8,0,2,0,0,0,9,
7045905,1.38975,-0.88,-1.38836,-1735.25,1053.8,0,2,0,0,0,9,
7045945,1.38975,-0.88,-1.38836,-1735.25,1053.8,0,2,0,0,0,9,
7045985,1.38975,-0.88,-1.38836,-1735.25,1053.8,0,2,0,0,0,9,
7046026,1.38975,-0.88,-1.38836,-1735.25,1053.8,0,2,0,0,0,9,
7046066,1.38975,-0.88,-1.38836,-1735.25,1053.8,0,2,0,0,0,9,
7046106,1.38975,-0.88,-1.38836,-1735.25,1053.8,0,2,0,0,0,9,
7046146,1.38975,-0.88,-1.38836,-1735.25,1053.8,0,2,0,0,0,9,
7046185,1.38975,-0.88,-1.38836,-1735.25,1053.8,0,2,0,0,0,9,
7046225,1.38975,-0.88,-1.38836,-1735.25,1053.8,0,2,0,0,0,9,
7046265,1.38975,-0.88,-1.38836,-1735.25,1053.8,0,2,0,0,0,9,
7046305,1.38975,-0.88,-1.38836,-1735.25,1053.8,0,2,0,0,0,9,
7046346,1.38975,-0.88,-1.38836,-1735.25,1053.8,0,2,0,0,0,9,
7046386,1.38975,-0.88,-1.38836,-1735.25,1053.8,0,2,0,0,0,9,
7046426,1.38975,-0.88,-1.38836,-1735.25,1053.8,0,2,0,0,0,9,
7046466,1.38975,-0.88,-1.38836,-1735.25,1053.8,0,2,0,0,0,9,
7046505,1.38975,-0.88,-1.38836,-1735.25,1053.8,0,2,0,0,0,9,
7046545,1.38975,-0.88,-1.38836,-1735.25,1053.8,0,2,0,0,0,9,
7046585,1.38975,-0.88,-1.38836,-1735.25,1053.8,0,2,0,0,0,9,
7046625,1.38975,-0.88,-1.38836,-1735.25,1053.8,0,2,0,0,0,9,
7046666,1.38975,-0.88,-1.38836,-1735.25,1053.8,0,2,0,0,0,9,
7046706,1.38975,-0.88,-1.38836,-1735.25,1053.8,0,2,0,0,0,9,
7046746,1.38975,-0.88,-1.38836,-1735.25,1053.8,0,2,0,0,0,9,
7046786,1.38975,-0.88,-1.38836,-1735.25,1053.8,0,2,0,0,0,9,
7046825,1.38975,-0.88,-1.38836,-1735.25,1053.8,0,2,0,0,0,9,
7046865,1.38975,-0.88,-1.38836,-1735.25,1053.8,0,2,0,0,0,9,
7046905,1.38975,-0.88,-1.38836,-1735.25,1053.8,0,2,0,0,0,9,
7046945,1.38975,-0.88,-1.38836,-1735.25,1053.8,0,2,0,0,0,9,
7046986,1.38975,-0.88,-1.38836,-1735.25,1053.8,0,2,0,0,0,9,
7047026,1.38975,-0.88,-1.38836,-1735.25,1053.8,0,2,0,0,0,9,
7047066,1.38975,-0.88,-1.38836,-1735.25,1053.8,0,2,0,0,0,9,
7047106,1.38975,-0.88,-1.38836,-1735.25,1053.8,0,2,0,0,0,9,
7047145,1.38975,-0.88,-1.38836,-1735.25,1053.8,0,2,0,0,0,9,
7047185,1.38975,-0.88,-1.38836,-1735.25,1053.8,0,2,0,0,0,9,
7047225,1.38975,-0.88,-1.38836,-1735.25,1053.8,0,2,0,0,0,9,
7047265,1.38975,-0.88,-1.38836,-1735.25,1053.8,0,2,0,0,0,9,
7047306,1.38975,-0.88,-1.38836,-1735.25,1053.8,0,2,0,0,0,9,
7047346,1.38975,-0.88,-1.38836,-1735.25,1053.8,0,2,0,0,0,9,
7047386,1.38975,-0.88,-1.38836,-1735.25,1053.8,0,2,0,0,0,9,
7047426,1.38975,-0.88,-1.38836,-1735.25,1053.8,0,2,0,0,0,9,
7047465,1.38975,-0.88,-1.38836,-1735.25,1053.8,0,2,0,0,0,9,
7047505,1.38975,-0.88,-1.38836,-1735.25,1053.8,0,2,0,0,0,9,
7047545,1.38975,-0.88,-1.38836,-1735.25,1053.8,0,2,0,0,0,9,
7047586,1.38975,-0.88,-1.38836,-1735.25,1053.8,0,2,0,0,0,9,
7047626,1.38975,-0.88,-1.38836,-1735.25,1053.8,0,2,0,0,0,9,
7047666,1.38975,-0.88,-1.38836,-1735.25,1053.8,0,2,0,0,0,9,
7047706,1.38975,-0.88,-1.38836,-1735.25,1053.8,0,2,0,0,0,9,
7047745,1.38975,-0.88,-1.38836,-1735.25,1053.8,0,2,0,0,0,9,
7047785,1.38975,-0.88,-1.38836,-1735.25,1053.8,0,2,0,0,0,9,
7047825,1.38975,-0.88,-1.38836,-1735.25,1053.8,0,2,0,0,0,9,
7047865,1.38975,-0.88,-1.38836,-1735.25,1053.8,0,2,0,0,0,9,
7047906,1.38975,-0.88,-1.38836,-1735.25,1053.8,0,2,0,0,0,9,
7047946,1.38975,-0.88,-1.38836,-1735.25,1053.8,0,2,0,0,0,9,
7047986,1.38975,-0.88,-1.38836,-1735.25,1053.8,0,2,0,0,0,9,
7048026,1.38975,-0.88,-1.38836,-1735.25,1053.8,0,2,0,0,0,9,
7048065,1.38975,-0.88,-1.38836,-1735.25,1053.8,0,2,0,0,0,9,
7048105,1.38975,-0.88,-1.38836,-1735.25,1053.8,0,2,0,0,0,9,
7048145,1.38975,-0.88,-1.38836,-1735.25,1053.8,0,2,0,0,0,9,
7048185,1.38975,-0.88,-1.38836,-1735.25,1053.8,0,2,0,0,0,9,
7048226,1.38975,-0.88,-1.38836,-1735.25,1053.8,0,2,0,0,0,9,
7048266,1.38975,-0.88,-1.38836,-1735.25,1053.8,0,2,0,0,0,9,
7048306,1.38975,-0.88,-1.38836,-1735.25,1053.8,0,2,0,0,0,9,
7048346,1.38975,-0.88,-1.38836,-1735.25,1053.8,0,2,0,0,0,9,
7048385,1.38975,-0.88,-1.38836,-1735.25,1053.8,0,2,0,0,0,9,
7048425,1.38975,-0.88,-1.38836,-1735.25,1053.8,0,2,0,0,0,9,
7048465,1.38975,-0.88,-1.38836,-1735.25,1053.8,0,2,0,0,0,9,
7048505,1.38975,-0.88,-1.38836,-1735.25,1053.8,0,2,0,0,0,9,
7048546,1.38975,-0.88,-1.38836,-1735.25,1053.8,0,2,0,0,0,9,
7048586,1.38975,-0.88,-1.38836,-1735.25,1053.8,0,2,0,0,0,9,
7048626,1.38975,-0.88,-1.38836,-1735.25,1053.8,0,2,0,0,0,9,
7048666,1.38975,-0.88,-1.38836,-1735.25,1053.8,0,2,0,0,0,9,
7048705,1.38975,-0.88,-1.38836,-1735.25,1053.8,0,2,0,0,0,9,
7048745,1.38975,-0.88,-1.38836,-1735.25,1053.8,0,2,0,0,0,9,
7048785,1.38975,-0.88,-1.38836,-1735.25,1053.8,0,2,0,0,0,9,
7048825,1.38975,-0.88,-1.38836,-1735.25,1053.8,0,2,0,0,0,9,
7048866,1.38975,-0.88,-1.38836,-1735.25,1053.8,0,2,0,0,0,9,
7048906,1.38975,-0.88,-1.38836,-1735.25,1053.8,0,2,0,0,0,9,
7048946,1.38975,-0.88,-1.38836,-1735.25,1053.8,0,2,0,0,0,9,
7048986,1.38975,-0.88,-1.38836,-1735.25,1053.8,0,2,0,0,0,9,
7049025,1.38975,-0.88,-1.38836,-1735.25,1053.8,0,2,0,0,0,9,
7049065,1.38975,-0.88,-1.38836,-1735.25,1053.8,0,2,0,0,0,9,
7049105,1.38975,-0.88,-1.38836,-1735.25,1053.8,0,2,0,0,0,9,
7049145,1.38975,-0.88,-1.38836,-1735.25,1053.8,0,2,0,0,0,9,
7049186,1.38975,-0.88,-1.38836,-1735.25,1053.8,0,2,0,0,0,9,
7049226,1.38975,-0.88,-1.38836,-1735.25,1053.8,0,2,0,0,0,9,
7049266,1.38975,-0.88,-1.38836,-1735.25,1053.8,0,2,0,0,0,9,
7049306,1.38975,-0.88,-1.38836,-1735.25,1053.8,0,2,0,0,0,9,
7049345,1.38975,-0.88,-1.38836,-1735.25,1053.8,0,2,0,0,0,9,
7049385,1.38975,-0.88,-1.38836,-1735.25,1053.8,0,2,0,0,0,9,
7049425,1.38975,-0.88,-1.38836,-1735.25,1053.8,0,2,0,0,0,9,
7049466,1.38975,-0.88,-1.38836,-1735.25,1053.8,0,2,0,0,0,9,
7049507,1.38975,-0.88,-1.38836,-1735.25,1053.8,0,2,0,0,0,9,
7049546,1.38975,-0.88,-1.38836,-1735.25,1053.8,0,2,0,0,0,9,
7049586,1.38975,-0.88,-1.38836,-1735.25,1053.8,0,2,0,0,0,9,
7049625,1.38975,-0.88,-1.38836,-1735.25,1053.8,0,2,0,0,0,9,
7049665,1.38975,-0.88,-1.38836,-1735.25,1053.8,0,2,0,0,0,9,
7049705,1.38975,-0.88,-1.38836,-1735.25,1053.8,0,2,0,0,0,9,
7049745,1.38975,-0.88,-1.38836,-1735.25,1053.8,0,2,0,0,0,9,
7049786,1.38975,-0.88,-1.38836,-1735.25,1053.8,0,2,0,0,0,9,
7049826,1.38975,-0.88,-1.38836,-1735.25,1053.8,0,2,0,0,0,9,
7049866,1.38975,-0.88,-1.38836,-1735.25,1053.8,0,2,0,0,0,9,
7049906,1.38975,-0.88,-1.38836,-1735.25,1053.8,0,2,0,0,0,9,
7049945,1.38975,-0.88,-1.38836,-1735.25,1053.8,0,2,0,0,0,9,
7049985,1.38975,-0.88,-1.38836,-1735.25,1053.8,0,2,0,0,0,9,
7050025,1.38975,-0.88,-1.38836,-1735.25,1053.8,0,2,0,0,0,9,
7050065,1.38975,-0.88,-1.38836,-1735.25,1053.8,0,2,0,0,0,9,
7050106,1.38975,-0.88,-1.38836,-1735.25,1053.8,0,2,0,0,0,9,
7050146,1.38975,-0.88,-1.38836,-1735.25,1053.8,0,2,0,0,0,9,
7050186,1.38975,-0.88,-1.38836,-1735.25,1053.8,0,2,0,0,0,9,
7050226,1.38975,-0.88,-1.38836,-1735.25,1053.8,0,2,0,0,0,9,
7050265,1.38975,-0.88,-1.38836,-1735.25,1053.8,0,2,0,0,0,9,
7050305,1.38975,-0.88,-1.38836,-1735.25,1053.8,0,2,0,0,0,9,
7050345,1.38975,-0.88,-1.38836,-1735.25,1053.8,0,2,0,0,0,9,
7050385,1.38975,-0.88,-1.38836,-1735.25,1053.8,0,2,0,0,0,9,
7050426,1.38975,-0.88,-1.38836,-1735.25,1053.8,0,2,0,0,0,9,
7050466,1.38975,-0.88,-1.38836,-1735.25,1053.8,0,2,0,0,0,9,
7050506,1.38975,-0.88,-1.38836,-1735.25,1053.8,0,2,0,0,0,9,
7050546,1.38975,-0.88,-1.38836,-1735.25,1053.8,0,2,0,0,0,9,
7050585,1.38975,-0.88,-1.38836,-1735.25,1053.8,0,2,0,0,0,9,
7050625,1.38975,-0.88,-1.38836,-1735.25,1053.8,0,2,0,0,0,9,
7050665,1.38975,-0.88,-1.38836,-1735.25,1053.8,0,2,0,0,0,9,
7050705,1.38975,-0.88,-1.38836,-1735.25,1053.8,0,2,0,0,0,9,
7050746,1.38975,-0.88,-1.38836,-1735.25,1053.8,0,2,0,0,0,9,
7050786,1.38975,-0.88,-1.38836,-1735.25,1053.8,0,2,0,0,0,9,
7050826,1.38975,-0.88,-1.38836,-1735.25,1053.8,0,2,0,0,0,9,
7050866,1.38975,-0.88,-1.38836,-1735.25,1053.8,0,2,0,0,0,9,
7050906,1.38975,-0.88,-1.38836,-1735.25,1053.8,0,2,0,0,0,9,
7050946,1.38975,-0.88,-1.38836,-1735.25,1053.8,0,2,0,0,0,9,
7050985,1.38975,-0.88,-1.38836,-1735.25,1053.8,0,2,0,0,0,9,
7051025,1.38975,-0.88,-1.38836,-1735.25,1053.8,0,2,0,0,0,9,
7051066,1.38975,-0.88,-1.38836,-1735.25,1053.8,0,2,0,0,0,9,
7051106,1.38975,-0.88,-1.38836,-1735.25,1053.8,0,2,0,0,0,9,
7051146,1.38975,-0.88,-1.38836,-1735.25,1053.8,0,2,0,0,0,9,
7051186,1.38975,-0.88,-1.38836,-1735.25,1053.8,0,2,0,0,0,9,
7051225,1.38975,-0.88,-1.38836,-1735.25,1053.8,0,2,0,0,0,9,
7051265,1.38975,-0.88,-1.38836,-1735.25,1053.8,0,2,0,0,0,9,
7051306,1.38975,-0.88,-1.38836,-1735.25,1053.8,0,2,0,0,0,9,
7051346,1.38975,-0.88,-1.38836,-1735.25,1053.8,0,2,0,0,0,9,
7051386,1.38975,-0.88,-1.38836,-1735.25,1053.8,0,2,0,0,0,9,
7051426,1.38975,-0.88,-1.38836,-1735.25,1053.8,0,2,0,0,0,9,
7051467,1.38975,-0.88,-1.38836,-1735.25,1053.8,0,2,0,0,0,9,
7051505,1.38975,-0.88,-1.38836,-1735.25,1053.8,0,2,0,0,0,9,
7051545,1.38975,-0.88,-1.38836,-1735.25,1053.8,0,2,0,0,0,9,
7051585,1.38975,-0.88,-1.38836,-1735.25,1053.8,0,2,0,0,0,9,
7051625,1.38975,-0.88,-1.38836,-1735.25,1053.8,0,2,0,0,0,9,
7051666,1.38975,-0.88,-1.38836,-1735.25,1053.8,0,2,0,0,0,9,
7051706,1.38975,-0.88,-1.38836,-1735.25,1053.8,0,2,0,0,0,9,
7051746,1.38975,-0.88,-1.38836,-1735.25,1053.8,0,2,0,0,0,9,
7051786,1.38975,-0.88,-1.38836,-1735.25,1053.8,0,2,0,0,0,9,
7051825,1.38975,-0.88,-1.38836,-1735.25,1053.8,0,2,0,0,0,9,
7051865,1.38975,-0.88,-1.38836,-1735.25,1053.8,0,2,0,0,0,9,
7051905,1.38975,-0.88,-1.38836,-1735.25,1053.8,0,2,0,0,0,9,
7051945,1.38975,-0.88,-1.38836,-1735.25,1053.8,0,2,0,0,0,9,
7051986,1.38975,-0.88,-1.38836,-1735.25,1053.8,0,2,0,0,0,9,
7052026,1.38975,-0.88,-1.38836,-1735.25,1053.8,0,2,0,0,0,9,
7052066,1.38975,-0.88,-1.38836,-1735.25,1053.8,0,2,0,0,0,9,
7052106,1.38975,-0.88,-1.38836,-1735.25,1053.8,0,2,0,0,0,9,
7052145,1.38975,-0.88,-1.38836,-1735.25,1053.8,0,2,0,0,0,9,
7052185,1.38975,-0.88,-1.38836,-1735.25,1053.8,0,2,0,0,0,9,
7052225,1.38975,-0.88,-1.38836,-1735.25,1053.8,0,2,0,0,0,9,
7052265,1.38975,-0.88,-1.38836,-1735.25,1053.8,0,2,0,0,0,9,
7052306,1.38975,-0.88,-1.38836,-1735.25,1053.8,0,2,0,0,0,9,
7052346,1.38975,-0.88,-1.38836,-1735.25,1053.8,0,2,0,0,0,9,
7052386,1.38975,-0.88,-1.38836,-1735.25,1053.8,0,2,0,0,0,9,
7052426,1.38975,-0.88,-1.38836,-1735.25,1053.8,0,2,0,0,0,9,
7052465,1.38975,-0.88,-1.38836,-1735.25,1053.8,0,2,0,0,0,9,
7052506,1.38975,-0.88,-1.38836,-1735.25,1053.8,0,2,0,0,0,9,
7052545,1.38975,-0.88,-1.38836,-1735.25,1053.8,0,2,0,0,0,9,
7052585,1.38975,-0.88,-1.38836,-1735.25,1053.8,0,2,0,0,0,9,
7052626,1.38975,-0.88,-1.38836,-1735.25,1053.8,0,2,0,0,0,9,
7052666,1.38975,-0.88,-1.38836,-1735.25,1053.8,0,2,0,0,0,9,
7052706,1.38975,-0.88,-1.38836,-1735.25,1053.8,0,2,0,0,0,9,
7052746,1.38975,-0.88,-1.38836,-1735.25,1053.8,0,2,0,0,0,9,
7052785,1.38975,-0.88,-1.38836,-1735.25,1053.8,0,2,0,0,0,9,
7052825,1.38975,-0.88,-1.38836,-1735.25,1053.8,0,2,0,0,0,9,
7052865,1.38975,-0.88,-1.38836,-1735.25,1053.8,0,2,0,0,0,9,
7052905,1.38975,-0.88,-1.38836,-1735.25,1053.8,0,2,0,0,0,9,
7052946,1.38975,-0.88,-1.38836,-1735.25,1053.8,0,2,0,0,0,9,
7052986,1.38975,-0.88,-1.38836,-1735.25,1053.8,0,2,0,0,0,9,
7053026,1.38975,-0.88,-1.38836,-1735.25,1053.8,0,2,0,0,0,9,
7053066,1.38975,-0.88,-1.38836,-1735.25,1053.8,0,2,0,0,0,9,
7053105,1.38975,-0.88,-1.38836,-1735.25,1053.8,0,2,0,0,0,9,
7053145,1.38975,-0.88,-1.38836,-1735.25,1053.8,0,2,0,0,0,9,
7053185,1.38975,-0.88,-1.38836,-1735.25,1053.8,0,2,0,0,0,9,
7053225,1.38975,-0.88,-1.38836,-1735.25,1053.8,0,2,0,0,0,9,
7053266,1.38975,-0.88,-1.38836,-1735.25,1053.8,0,2,0,0,0,9,
7053306,1.38975,-0.88,-1.38836,-1735.25,1053.8,0,2,0,0,0,9,
7053346,1.38975,-0.88,-1.38836,-1735.25,1053.8,0,2,0,0,0,9,
7053386,1.38975,-0.88,-1.38836,-1735.25,1053.8,0,2,0,0,0,9,
7053425,1.38975,-0.88,-1.38836,-1735.25,1053.8,0,2,0,0,0,9,
7053465,1.38975,-0.88,-1.38836,-1735.25,1053.8,0,2,0,0,0,9,
7053505,1.38975,-0.88,-1.38836,-1735.25,1053.8,0,2,0,0,0,9,
7053546,1.38975,-0.88,-1.38836,-1735.25,1053.8,0,2,0,0,0,9,
7053586,1.38975,-0.88,-1.38836,-1735.25,1053.8,0,2,0,0,0,9,
7053626,1.38975,-0.88,-1.38836,-1735.25,1053.8,0,2,0,0,0,9,
7053666,1.38975,-0.88,-1.38836,-1735.25,1053.8,0,2,0,0,0,9,
7053705,1.38975,-0.88,-1.38836,-1735.25,1053.8,0,2,0,0,0,9,
7053745,1.38975,-0.88,-1.38836,-1735.25,1053.8,0,2,0,0,0,9,
7053785,1.38975,-0.88,-1.38836,-1735.25,1053.8,0,2,0,0,0,9,
7053825,1.38975,-0.88,-1.38836,-1735.25,1053.8,0,2,0,0,0,9,
7053866,1.38975,-0.88,-1.38836,-1735.25,1053.8,0,2,0,0,0,9,
7053906,1.38975,-0.88,-1.38836,-1735.25,1053.8,0,2,0,0,0,9,
7053946,1.38975,-0.88,-1.38836,-1735.25,1053.8,0,2,0,0,0,9,
7053986,1.38975,-0.88,-1.38836,-1735.25,1053.8,0,2,0,0,0,9,
7054025,1.38975,-0.88,-1.38836,-1735.25,1053.8,0,2,0,0,0,9,
7054065,1.38975,-0.88,-1.38836,-1735.25,1053.8,0,2,0,0,0,9,
7054105,1.38975,-0.88,-1.38836,-1735.25,1053.8,0,2,0,0,0,9,
7054145,1.38975,-0.88,-1.38836,-1735.25,1053.8,0,2,0,0,0,9,
7054186,1.38975,-0.88,-1.38836,-1735.25,1053.8,0,2,0,0,0,9,
7054226,1.38975,-0.88,-1.38836,-1735.25,1053.8,0,2,0,0,0,9,
7054266,1.38975,-0.88,-1.38836,-1735.25,1053.8,0,2,0,0,0,9,
7054306,1.38975,-0.88,-1.38836,-1735.25,1053.8,0,2,0,0,0,9,
7054345,1.38975,-0.88,-1.38836,-1735.25,1053.8,0,2,0,0,0,9,
7054385,1.38975,-0.88,-1.38836,-1735.25,1053.8,0,2,0,0,0,9,
7054425,1.38975,-0.88,-1.38836,-1735.25,1053.8,0,2,0,0,0,9,
7054465,1.38975,-0.88,-1.38836,-1735.25,1053.8,0,2,0,0,0,9,
7054506,1.38975,-0.88,-1.38836,-1735.25,1053.8,0,2,0,0,0,9,
7054546,1.38975,-0.88,-1.38836,-1735.25,1053.8,0,2,0,0,0,9,
7054586,1.38975,-0.88,-1.38836,-1735.25,1053.8,0,2,0,0,0,9,
7054626,1.38975,-0.88,-1.38836,-1735.25,1053.8,0,2,0,0,0,9,
7054665,1.38975,-0.88,-1.38836,-1735.25,1053.8,0,2,0,0,0,9,
7054705,1.38975,-0.88,-1.38836,-1735.25,1053.8,0,2,0,0,0,9,
7054745,1.38975,-0.88,-1.38836,-1735.25,1053.8,0,2,0,0,0,9,
7054785,1.38975,-0.88,-1.38836,-1735.25,1053.8,0,2,0,0,0,9,
7054826,1.38975,-0.88,-1.38836,-1735.25,1053.8,0,2,0,0,0,9,
7054866,1.38975,-0.88,-1.38836,-1735.25,1053.8,0,2,0,0,0,9,
7054906,1.38975,-0.88,-1.38836,-1735.25,1053.8,0,2,0,0,0,9,
7054946,1.38975,-0.88,-1.38836,-1735.25,1053.8,0,2,0,0,0,9,
7054985,1.38975,-0.88,-1.38836,-1735.25,1053.8,0,2,0,0,0,9,
7055025,1.38975,-0.88,-1.38836,-1735.25,1053.8,0,2,0,0,0,9,
7055065,1.38975,-0.88,-1.38836,-1735.25,1053.8,0,2,0,0,0,9,
7055105,1.38975,-0.88,-1.38836,-1735.25,1053.8,0,2,0,0,0,9,
7055146,1.38975,-0.88,-1.38836,-1735.25,1053.8,0,2,0,0,0,9,
7055186,1.38975,-0.88,-1.38836,-1735.25,1053.8,0,2,0,0,0,9,
7055226,1.38975,-0.88,-1.38836,-1735.25,1053.8,0,2,0,0,0,9,
7055266,1.38975,-0.88,-1.38836,-1735.25,1053.8,0,2,0,0,0,9,
7055305,1.38975,-0.88,-1.38836,-1735.25,1053.8,0,2,0,0,0,9,
7055345,1.38975,-0.88,-1.38836,-1735.25,1053.8,0,2,0,0,0,9,
7055385,1.38975,-0.88,-1.38836,-1735.25,1053.8,0,2,0,0,0,9,
7055426,1.38975,-0.88,-1.38836,-1735.25,1053.8,0,2,0,0,0,9,
7055466,1.38975,-0.88,-1.38836,-1735.25,1053.8,0,2,0,0,0,9,
7055506,1.38975,-0.88,-1.38836,-1735.25,1053.8,0,2,0,0,0,9,
7055546,1.38975,-0.88,-1.38836,-1735.25,1053.8,0,2,0,0,0,9,
7055585,1.38975,-0.88,-1.38836,-1735.25,1053.8,0,2,0,0,0,9,
7055625,1.38975,-0.88,-1.38836,-1735.25,1053.8,0,2,0,0,0,9,
7055665,1.38975,-0.88,-1.38836,-1735.25,1053.8,0,2,0,0,0,9,
7055705,1.38975,-0.88,-1.38836,-1735.25,1053.8,0,2,0,0,0,9,
7055746,1.38975,-0.88,-1.38836,-1735.25,1053.8,0,2,0,0,0,9,
7055786,1.38975,-0.88,-1.38836,-1735.25,1053.8,0,2,0,0,0,9,
7055826,1.38975,-0.88,-1.38836,-1735.25,1053.8,0,2,0,0,0,9,
7055866,1.38975,-0.88,-1.38836,-1735.25,1053.8,0,2,0,0,0,9,
7055905,1.38975,-0.88,-1.38836,-1735.25,1053.8,0,2,0,0,0,9,
7055945,1.38975,-0.88,-1.38836,-1735.25,1053.8,0,2,0,0,0,9,
7055986,1.38975,-0.88,-1.38836,-1735.25,1053.8,0,2,0,0,0,9,
7056025,1.38975,-0.88,-1.38836,-1735.25,1053.8,0,2,0,0,0,9,
7056066,1.38975,-0.88,-1.38836,-1735.25,1053.8,0,2,0,0,0,9,
7056106,1.38975,-0.88,-1.38836,-1735.25,1053.8,0,2,0,0,0,9,
7056146,1.38975,-0.88,-1.38836,-1735.25,1053.8,0,2,0,0,0,9,
7056186,1.38975,-0.88,-1.38836,-1735.25,1053.8,0,2,0,0,0,9,
7056225,1.38975,-0.88,-1.38836,-1735.25,1053.8,0,2,0,0,0,9,
7056265,1.38975,-0.88,-1.38836,-1735.25,1053.8,0,2,0,0,0,9,
7056305,1.38975,-0.88,-1.38836,-1735.25,1053.8,0,2,0,0,0,9,
7056345,1.38975,-0.88,-1.38836,-1735.25,1053.8,0,2,0,0,0,9,
7056386,1.38975,-0.88,-1.38836,-1735.25,1053.8,0,2,0,0,0,9,
7056426,1.38975,-0.88,-1.38836,-1735.25,1053.8,0,2,0,0,0,9,
7056466,1.38975,-0.88,-1.38836,-1735.25,1053.8,0,2,0,0,0,9,
7056506,1.38975,-0.88,-1.38836,-1735.25,1053.8,0,2,0,0,0,9,
7056545,1.38975,-0.88,-1.38836,-1735.25,1053.8,0,2,0,0,0,9,
7056585,1.38975,-0.88,-1.38836,-1735.25,1053.8,0,2,0,0,0,9,
7056625,1.38975,-0.88,-1.38836,-1735.25,1053.8,0,2,0,0,0,9,
7056665,1.38975,-0.88,-1.38836,-1735.25,1053.8,0,2,0,0,0,9,
7056706,1.38975,-0.88,-1.38836,-1735.25,1053.8,0,2,0,0,0,9,
7056746,1.38975,-0.88,-1.38836,-1735.25,1053.8,0,2,0,0,0,9,
7056786,1.38975,-0.88,-1.38836,-1735.25,1053.8,0,2,0,0,0,9,
7056826,1.38975,-0.88,-1.38836,-1735.25,1053.8,0,2,0,0,0,9,
7056865,1.38975,-0.88,-1.38836,-1735.25,1053.8,0,2,0,0,0,9,
7056905,1.38975,-0.88,-1.38836,-1735.25,1053.8,0,2,0,0,0,9,
7056945,1.38975,-0.88,-1.38836,-1735.25,1053.8,0,2,0,0,0,9,
7056985,1.38975,-0.88,-1.38836,-1735.25,1053.8,0,2,0,0,0,9,
7057026,1.38975,-0.88,-1.38836,-1735.25,1053.8,0,2,0,0,0,9,
7057066,1.38975,-0.88,-1.38836,-1735.25,1053.8,0,2,0,0,0,9,
7057106,1.38975,-0.88,-1.38836,-1735.25,1053.8,0,2,0,0,0,9,
7057146,1.38975,-0.88,-1.38836,-1735.25,1053.8,0,2,0,0,0,9,
7057185,1.38975,-0.88,-1.38836,-1735.25,1053.8,0,2,0,0,0,9,
7057225,1.38975,-0.88,-1.38836,-1735.25,1053.8,0,2,0,0,0,9,
7057265,1.38975,-0.88,-1.38836,-1735.25,1053.8,0,2,0,0,0,9,
7057306,1.38975,-0.88,-1.38836,-1735.25,1053.8,0,2,0,0,0,9,
7057346,1.38975,-0.88,-1.38836,-1735.25,1053.8,0,2,0,0,0,9,
7057386,1.38975,-0.88,-1.38836,-1735.25,1053.8,0,2,0,0,0,9,
7057426,1.38975,-0.88,-1.38836,-1735.25,1053.8,0,2,0,0,0,9,
7057465,1.38975,-0.88,-1.38836,-1735.25,1053.8,0,2,0,0,0,9,
7057505,1.38975,-0.88,-1.38836,-1735.25,1053.8,0,2,0,0,0,9,
7057545,1.38975,-0.88,-1.38836,-1735.25,1053.8,0,2,0,0,0,9,
7057585,1.38975,-0.88,-1.38836,-1735.25,1053.8,0,2,0,0,0,9,
7057626,1.38975,-0.88,-1.38836,-1735.25,1053.8,0,2,0,0,0,9,
7057666,1.38975,-0.88,-1.38836,-1735.25,1053.8,0,2,0,0,0,9,
7057706,1.38975,-0.88,-1.38836,-1735.25,1053.8,0,2,0,0,0,9,
7057746,1.38975,-0.88,-1.38836,-1735.25,1053.8,0,2,0,0,0,9,
7057785,1.38975,-0.88,-1.38836,-1735.25,1053.8,0,2,0,0,0,9,
7057825,1.38975,-0.88,-1.38836,-1735.25,1053.8,0,2,0,0,0,9,
7057865,1.38975,-0.88,-1.38836,-1735.25,1053.8,0,2,0,0,0,9,
7057905,1.38975,-0.88,-1.38836,-1735.25,1053.8,0,2,0,0,0,9,
7057946,1.38975,-0.88,-1.38836,-1735.25,1053.8,0,2,0,0,0,9,
7057986,1.38975,-0.88,-1.38836,-1735.25,1053.8,0,2,0,0,0,9,
7058026,1.38975,-0.88,-1.38836,-1735.25,1053.8,0,2,0,0,0,9,
7058066,1.38975,-0.88,-1.38836,-1735.25,1053.8,0,2,0,0,0,9,
7058105,1.38975,-0.88,-1.38836,-1735.25,1053.8,0,2,0,0,0,9,
7058145,1.38975,-0.88,-1.38836,-1735.25,1053.8,0,2,0,0,0,9,
7058185,1.38975,-0.88,-1.38836,-1735.25,1053.8,0,2,0,0,0,9,
7058225,1.38975,-0.88,-1.38836,-1735.25,1053.8,0,2,0,0,0,9,
7058266,1.38975,-0.88,-1.38836,-1735.25,1053.8,0,2,0,0,0,9,
7058306,1.38975,-0.88,-1.38836,-1735.25,1053.8,0,2,0,0,0,9,
7058346,1.38975,-0.88,-1.38836,-1735.25,1053.8,0,2,0,0,0,9,
7058386,1.38975,-0.88,-1.38836,-1735.25,1053.8,0,2,0,0,0,9,
7058425,1.38975,-0.88,-1.38836,-1735.25,1053.8,0,2,0,0,0,9,
7058465,1.38975,-0.88,-1.38836,-1735.25,1053.8,0,2,0,0,0,9,
7058505,1.38975,-0.88,-1.38836,-1735.25,1053.8,0,2,0,0,0,9,
7058545,1.38975,-0.88,-1.38836,-1735.25,1053.8,0,2,0,0,0,9,
7058586,1.38975,-0.88,-1.38836,-1735.25,1053.8,0,2,0,0,0,9,
7058626,1.38975,-0.88,-1.38836,-1735.25,1053.8,0,2,0,0,0,9,
7058666,1.38975,-0.88,-1.38836,-1735.25,1053.8,0,2,0,0,0,9,
7058706,1.38975,-0.88,-1.38836,-1735.25,1053.8,0,2,0,0,0,9,
7058745,1.38975,-0.88,-1.38836,-1735.25,1053.8,0,2,0,0,0,9,
7058785,1.38975,-0.88,-1.38836,-1735.25,1053.8,0,2,0,0,0,9,
7058825,1.38975,-0.88,-1.38836,-1735.25,1053.8,0,2,0,0,0,9,
7058865,1.38975,-0.88,-1.38836,-1735.25,1053.8,0,2,0,0,0,9,
7058906,1.38975,-0.88,-1.38836,-1735.25,1053.8,0,2,0,0,0,9,
7058946,1.38975,-0.88,-1.38836,-1735.25,1053.8,0,2,0,0,0,9,
7058986,1.38975,-0.88,-1.38836,-1735.25,1053.8,0,2,0,0,0,9,
7059026,1.38975,-0.88,-1.38836,-1735.25,1053.8,0,2,0,0,0,9,
7059065,1.38975,-0.88,-1.38836,-1735.25,1053.8,0,2,0,0,0,9,
7059105,1.38975,-0.88,-1.38836,-1735.25,1053.8,0,2,0,0,0,9,
7059145,1.38975,-0.88,-1.38836,-1735.25,1053.8,0,2,0,0,0,9,
7059186,1.38975,-0.88,-1.38836,-1735.25,1053.8,0,2,0,0,0,9,
7059226,1.38975,-0.88,-1.38836,-1735.25,1053.8,0,2,0,0,0,9,
7059266,1.38975,-0.88,-1.38836,-1735.25,1053.8,0,2,0,0,0,9,
7059306,1.38975,-0.88,-1.38836,-1735.25,1053.8,0,2,0,0,0,9,
7059345,1.38975,-0.88,-1.38836,-1735.25,1053.8,0,2,0,0,0,9,
7059385,1.38975,-0.88,-1.38836,-1735.25,1053.8,0,2,0,0,0,9,
7059425,1.38975,-0.88,-1.38836,-1735.25,1053.8,0,2,0,0,0,9,
7059465,1.38975,-0.88,-1.38836,-1735.25,1053.8,0,2,0,0,0,9,
7059506,1.38975,-0.88,-1.38836,-1735.25,1053.8,0,2,0,0,0,9,
7059546,1.38975,-0.88,-1.38836,-1735.25,1053.8,0,2,0,0,0,9,
7059586,1.38975,-0.88,-1.38836,-1735.25,1053.8,0,2,0,0,0,9,
7059626,1.38975,-0.88,-1.38836,-1735.25,1053.8,0,2,0,0,0,9,
7059665,1.38975,-0.88,-1.38836,-1735.25,1053.8,0,2,0,0,0,9,
7059705,1.38975,-0.88,-1.38836,-1735.25,1053.8,0,2,0,0,0,9,
7059745,1.38975,-0.88,-1.38836,-1735.25,1053.8,0,2,0,0,0,9,
7059785,1.38975,-0.88,-1.38836,-1735.25,1053.8,0,2,0,0,0,9,
7059826,1.38975,-0.88,-1.38836,-1735.25,1053.8,0,2,0,0,0,9,
7059866,1.38975,-0.88,-1.38836,-1735.25,1053.8,0,2,0,0,0,9,
7059906,1.38975,-0.88,-1.38836,-1735.25,1053.8,0,2,0,0,0,9,
7059946,1.38975,-0.88,-1.38836,-1735.25,1053.8,0,2,0,0,0,9,
7059985,1.38975,-0.88,-1.38836,-1735.25,1053.8,0,2,0,0,0,9,
7060025,1.38975,-0.88,-1.38836,-1735.25,1053.8,0,2,0,0,0,9,
7060065,1.38975,-0.88,-1.38836,-1735.25,1053.8,0,2,0,0,0,9,
7060105,1.38975,-0.88,-1.38836,-1735.25,1053.8,0,2,0,0,0,9,
7060146,1.38975,-0.88,-1.38836,-1735.25,1053.8,0,2,0,0,0,9,
7060186,1.38975,-0.88,-1.38836,-1735.25,1053.8,0,2,0,0,0,9,
7060226,1.38975,-0.88,-1.38836,-1735.25,1053.8,0,2,0,0,0,9,
7060266,1.38975,-0.88,-1.38836,-1735.25,1053.8,0,2,0,0,0,9,
7060305,1.38975,-0.88,-1.38836,-1735.25,1053.8,0,2,0,0,0,9,
7060345,1.38975,-0.88,-1.38836,-1735.25,1053.8,0,2,0,0,0,9,
7060385,1.38975,-0.88,-1.38836,-1735.25,1053.8,0,2,0,0,0,9,
7060425,1.38975,-0.88,-1.38836,-1735.25,1053.8,0,2,0,0,0,9,
7060466,1.38975,-0.88,-1.38836,-1735.25,1053.8,0,2,0,0,0,9,
7060506,1.38975,-0.88,-1.38836,-1735.25,1053.8,0,2,0,0,0,9,
7060546,1.38975,-0.88,-1.38836,-1735.25,1053.8,0,2,0,0,0,9,
7060586,1.38975,-0.88,-1.38836,-1735.25,1053.8,0,2,0,0,0,9,
7060625,1.38975,-0.88,-1.38836,-1735.25,1053.8,0,2,0,0,0,9,
7060665,1.38975,-0.88,-1.38836,-1735.25,1053.8,0,2,0,0,0,9,
7060705,1.38975,-0.88,-1.38836,-1735.25,1053.8,0,2,0,0,0,9,
7060745,1.38975,-0.88,-1.38836,-1735.25,1053.8,0,2,0,0,0,9,
7060786,1.38975,-0.88,-1.38836,-1735.25,1053.8,0,2,0,0,0,9,
7060826,1.38975,-0.88,-1.38836,-1735.25,1053.8,0,2,0,0,0,9,
7060866,1.38975,-0.88,-1.38836,-1735.25,1053.8,0,2,0,0,0,9,
7060906,1.38975,-0.88,-1.38836,-1735.25,1053.8,0,2,0,0,0,9,
7060945,1.38975,-0.88,-1.38836,-1735.25,1053.8,0,2,0,0,0,9,
7060985,1.38975,-0.88,-1.38836,-1735.25,1053.8,0,2,0,0,0,9,
7061025,1.38975,-0.88,-1.38836,-1735.25,1053.8,0,2,0,0,0,9,
7061066,1.38975,-0.88,-1.38836,-1735.25,1053.8,0,2,0,0,0,9,
7061106,1.38975,-0.88,-1.38836,-1735.25,1053.8,0,2,0,0,0,9,
7061146,1.38975,-0.88,-1.38836,-1735.25,1053.8,0,2,0,0,0,9,
7061186,1.38975,-0.88,-1.38836,-1735.25,1053.8,0,2,0,0,0,9,
7061225,1.38975,-0.88,-1.38836,-1735.25,1053.8,0,2,0,0,0,9,
7061265,1.38975,-0.88,-1.38836,-1735.25,1053.8,0,2,0,0,0,9,
7061305,1.38975,-0.88,-1.38836,-1735.25,1053.8,0,2,0,0,0,9,
7061345,1.38975,-0.88,-1.38836,-1735.25,1053.8,0,2,0,0,0,9,
7061386,1.38975,-0.88,-1.38836,-1735.25,1053.8,0,2,0,0,0,9,
7061426,1.38975,-0.88,-1.38836,-1735.25,1053.8,0,2,0,0,0,9,
7061466,1.38975,-0.88,-1.38836,-1735.25,1053.8,0,2,0,0,0,9,
7061506,1.38975,-0.88,-1.38836,-1735.25,1053.8,0,2,0,0,0,9,
7061545,1.38975,-0.88,-1.38836,-1735.25,1053.8,0,2,0,0,0,9,
7061585,1.38975,-0.88,-1.38836,-1735.25,1053.8,0,2,0,0,0,9,
7061625,1.38975,-0.88,-1.38836,-1735.25,1053.8,0,2,0,0,0,9,
7061665,1.38975,-0.88,-1.38836,-1735.25,1053.8,0,2,0,0,0,9,
7061706,1.38975,-0.88,-1.38836,-1735.25,1053.8,0,2,0,0,0,9,
7061746,1.38975,-0.88,-1.38836,-1735.25,1053.8,0,2,0,0,0,9,
7061786,1.38975,-0.88,-1.38836,-1735.25,1053.8,0,2,0,0,0,9,
7061826,1.38975,-0.88,-1.38836,-1735.25,1053.8,0,2,0,0,0,9,
7061865,1.38975,-0.88,-1.38836,-1735.25,1053.8,0,2,0,0,0,9,
7061905,1.38975,-0.88,-1.38836,-1735.25,1053.8,0,2,0,0,0,9,
7061945,1.38975,-0.88,-1.38836,-1735.25,1053.8,0,2,0,0,0,9,
7061985,1.38975,-0.88,-1.38836,-1735.25,1053.8,0,2,0,0,0,9,
7062026,1.38975,-0.88,-1.38836,-1735.25,1053.8,0,2,0,0,0,9,
7062066,1.38975,-0.88,-1.38836,-1735.25,1053.8,0,2,0,0,0,9,
7062106,1.38975,-0.88,-1.38836,-1735.25,1053.8,0,2,0,0,0,9,
7062146,1.38975,-0.88,-1.38836,-1735.25,1053.8,0,2,0,0,0,9,
7062185,1.38975,-0.88,-1.38836,-1735.25,1053.8,0,2,0,0,0,9,
7062225,1.38975,-0.88,-1.38836,-1735.25,1053.8,0,2,0,0,0,9,
7062265,1.38975,-0.88,-1.38836,-1735.25,1053.8,0,2,0,0,0,9,
7062305,1.38975,-0.88,-1.38836,-1735.25,1053.8,0,2,0,0,0,9,
7062346,1.38975,-0.88,-1.38836,-1735.25,1053.8,0,2,0,0,0,9,
7062386,1.38975,-0.88,-1.38836,-1735.25,1053.8,0,2,0,0,0,9,
7062426,1.38975,-0.88,-1.38836,-1735.25,1053.8,0,2,0,0,0,9,
7062466,1.38975,-0.88,-1.38836,-1735.25,1053.8,0,2,0,0,0,9,
7062505,1.38975,-0.88,-1.38836,-1735.25,1053.8,0,2,0,0,0,9,
7062545,1.38975,-0.88,-1.38836,-1735.25,1053.8,0,2,0,0,0,9,
7062585,1.38975,-0.88,-1.38836,-1735.25,1053.8,0,2,0,0,0,9,
7062625,1.38975,-0.88,-1.38836,-1735.25,1053.8,0,2,0,0,0,9,
7062666,1.38975,-0.88,-1.38836,-1735.25,1053.8,0,2,0,0,0,9,
7062706,1.38975,-0.88,-1.38836,-1735.25,1053.8,0,2,0,0,0,9,
7062746,1.38975,-0.88,-1.38836,-1735.25,1053.8,0,2,0,0,0,9,
7062786,1.38975,-0.88,-1.38836,-1735.25,1053.8,0,2,0,0,0,9,
7062825,1.38975,-0.88,-1.38836,-1735.25,1053.8,0,2,0,0,0,9,
7062865,1.38975,-0.88,-1.38836,-1735.25,1053.8,0,2,0,0,0,9,
7062905,1.38975,-0.88,-1.38836,-1735.25,1053.8,0,2,0,0,0,9,
7062946,1.38975,-0.88,-1.38836,-1735.25,1053.8,0,2,0,0,0,9,
7062986,1.38975,-0.88,-1.38836,-1735.25,1053.8,0,2,0,0,0,9,
7063026,1.38975,-0.88,-1.38836,-1735.25,1053.8,0,2,0,0,0,9,
7063066,1.38975,-0.88,-1.38836,-1735.25,1053.8,0,2,0,0,0,9,
7063105,1.38975,-0.88,-1.38836,-1735.25,1053.8,0,2,0,0,0,9,
7063145,1.38975,-0.88,-1.38836,-1735.25,1053.8,0,2,0,0,0,9,
7063185,1.38975,-0.88,-1.38836,-1735.25,1053.8,0,2,0,0,0,9,
7063225,1.38975,-0.88,-1.38836,-1735.25,1053.8,0,2,0,0,0,9,
7063266,1.38975,-0.88,-1.38836,-1735.25,1053.8,0,2,0,0,0,9,
7063306,1.38975,-0.88,-1.38836,-1735.25,1053.8,0,2,0,0,0,9,
7063346,1.38975,-0.88,-1.38836,-1735.25,1053.8,0,2,0,0,0,9,
7063386,1.38975,-0.88,-1.38836,-1735.25,1053.8,0,2,0,0,0,9,
7063425,1.38975,-0.88,-1.38836,-1735.25,1053.8,0,2,0,0,0,9,
7063465,1.38975,-0.88,-1.38836,-1735.25,1053.8,0,2,0,0,0,9,
7063505,1.38975,-0.88,-1.38836,-1735.25,1053.8,0,2,0,0,0,9,
7063545,1.38975,-0.88,-1.38836,-1735.25,1053.8,0,2,0,0,0,9,
7063586,1.38975,-0.88,-1.38836,-1735.25,1053.8,0,2,0,0,0,9,
7063626,1.38975,-0.88,-1.38836,-1735.25,1053.8,0,2,0,0,0,9,
7063666,1.38975,-0.88,-1.38836,-1735.25,1053.8,0,2,0,0,0,9,
7063706,1.38975,-0.88,-1.38836,-1735.25,1053.8,0,2,0,0,0,9,
7063745,1.38975,-0.88,-1.38836,-1735.25,1053.8,0,2,0,0,0,9,
7063786,1.38975,-0.88,-1.38836,-1735.25,1053.8,0,2,0,0,0,9,
7063825,1.38975,-0.88,-1.38836,-1735.25,1053.8,0,2,0,0,0,9,
7063865,1.38975,-0.88,-1.38836,-1735.25,1053.8,0,2,0,0,0,9,
7063906,1.38975,-0.88,-1.38836,-1735.25,1053.8,0,2,0,0,0,9,
7063946,1.38975,-0.88,-1.38836,-1735.25,1053.8,0,2,0,0,0,9,
7063986,1.38975,-0.88,-1.38836,-1735.25,1053.8,0,2,0,0,0,9,
7064026,1.38975,-0.88,-1.38836,-1735.25,1053.8,0,2,0,0,0,9,
7064065,1.38975,-0.88,-1.38836,-1735.25,1053.8,0,2,0,0,0,9,
7064105,1.38975,-0.88,-1.38836,-1735.25,1053.8,0,2,0,0,0,9,
7064145,1.38975,-0.88,-1.38836,-1735.25,1053.8,0,2,0,0,0,9,
7064185,1.38975,-0.88,-1.38836,-1735.25,1053.8,0,2,0,0,0,9,
7064226,1.38975,-0.88,-1.38836,-1735.25,1053.8,0,2,0,0,0,9,
7064267,1.38975,-0.88,-1.38836,-1735.25,1053.8,0,2,0,0,0,9,
7064306,1.38975,-0.88,-1.38836,-1735.25,1053.8,0,2,0,0,0,9,
7064346,1.38975,-0.88,-1.38836,-1735.25,1053.8,0,2,0,0,0,9,
7064385,1.38975,-0.88,-1.38836,-1735.25,1053.8,0,2,0,0,0,9,
7064425,1.38975,-0.88,-1.38836,-1735.25,1053.8,0,2,0,0,0,9,
7064465,1.38975,-0.88,-1.38836,-1735.25,1053.8,0,2,0,0,0,9,
7064505,1.38975,-0.88,-1.38836,-1735.25,1053.8,0,2,0,0,0,9,
7064546,1.38975,-0.88,-1.38836,-1735.25,1053.8,0,2,0,0,0,9,
7064586,1.38975,-0.88,-1.38836,-1735.25,1053.8,0,2,0,0,0,9,
7064626,1.38975,-0.88,-1.38836,-1735.25,1053.8,0,2,0,0,0,9,
7064666,1.38975,-0.88,-1.38836,-1735.25,1053.8,0,2,0,0,0,9,
7064705,1.38975,-0.88,-1.38836,-1735.25,1053.8,0,2,0,0,0,9,
7064745,1.38975,-0.88,-1.38836,-1735.25,1053.8,0,2,0,0,0,9,
7064785,1.38975,-0.88,-1.38836,-1735.25,1053.8,0,2,0,0,0,9,
7064826,1.38975,-0.88,-1.38836,-1735.25,1053.8,0,2,0,0,0,9,
7064866,1.38975,-0.88,-1.38836,-1735.25,1053.8,0,2,0,0,0,9,
7064906,1.38975,-0.88,-1.38836,-1735.25,1053.8,0,2,0,0,0,9,
7064946,1.38975,-0.88,-1.38836,-1735.25,1053.8,0,2,0,0,0,9,
7064985,1.38975,-0.88,-1.38836,-1735.25,1053.8,0,2,0,0,0,9,
7065025,1.38975,-0.88,-1.38836,-1735.25,1053.8,0,2,0,0,0,9,
7065065,1.38975,-0.88,-1.38836,-1735.25,1053.8,0,2,0,0,0,9,
7065105,1.38975,-0.88,-1.38836,-1735.25,1053.8,0,2,0,0,0,9,
7065146,1.38975,-0.88,-1.38836,-1735.25,1053.8,0,2,0,0,0,9,
7065186,1.38975,-0.88,-1.38836,-1735.25,1053.8,0,2,0,0,0,9,
7065227,1.38975,-0.88,-1.38836,-1735.25,1053.8,0,2,0,0,0,9,
7065266,1.38975,-0.88,-1.38836,-1735.25,1053.8,0,2,0,0,0,9,
7065305,1.38975,-0.88,-1.38836,-1735.25,1053.8,0,2,0,0,0,9,
7065345,1.38975,-0.88,-1.38836,-1735.25,1053.8,0,2,0,0,0,9,
7065385,1.38975,-0.88,-1.38836,-1735.25,1053.8,0,2,0,0,0,9,
7065425,1.38975,-0.88,-1.38836,-1735.25,1053.8,0,2,0,0,0,9,
7065466,1.38975,-0.88,-1.38836,-1735.25,1053.8,0,2,0,0,0,9,
7065506,1.38975,-0.88,-1.38836,-1735.25,1053.8,0,2,0,0,0,9,
7065546,1.38975,-0.88,-1.38836,-1735.25,1053.8,0,2,0,0,0,9,
7065586,1.38975,-0.88,-1.38836,-1735.25,1053.8,0,2,0,0,0,9,
7065625,1.38975,-0.88,-1.38836,-1735.25,1053.8,0,2,0,0,0,9,
7065665,1.38975,-0.88,-1.38836,-1735.25,1053.8,0,2,0,0,0,9,
7065705,1.38975,-0.88,-1.38836,-1735.25,1053.8,0,2,0,0,0,9,
7065745,1.38975,-0.88,-1.38836,-1735.25,1053.8,0,2,0,0,0,9,
7065786,1.38975,-0.88,-1.38836,-1735.25,1053.8,0,2,0,0,0,9,
7065826,1.38975,-0.88,-1.38836,-1735.25,1053.8,0,2,0,0,0,9,
7065866,1.38975,-0.88,-1.38836,-1735.25,1053.8,0,2,0,0,0,9,
7065906,1.38975,-0.88,-1.38836,-1735.25,1053.8,0,2,0,0,0,9,
7065945,1.38975,-0.88,-1.38836,-1735.25,1053.8,0,2,0,0,0,9,
7065985,1.38975,-0.88,-1.38836,-1735.25,1053.8,0,2,0,0,0,9,
7066025,1.38975,-0.88,-1.38836,-1735.25,1053.8,0,2,0,0,0,9,
7066065,1.38975,-0.88,-1.38836,-1735.25,1053.8,0,2,0,0,0,9,
7066106,1.38975,-0.88,-1.38836,-1735.25,1053.8,0,2,0,0,0,9,
7066146,1.38975,-0.88,-1.38836,-1735.25,1053.8,0,2,0,0,0,9,
7066186,1.38975,-0.88,-1.38836,-1735.25,1053.8,0,2,0,0,0,9,
7066226,1.38975,-0.88,-1.38836,-1735.25,1053.8,0,2,0,0,0,9,
7066265,1.38975,-0.88,-1.38836,-1735.25,1053.8,0,2,0,0,0,9,
7066305,1.38975,-0.88,-1.38836,-1735.25,1053.8,0,2,0,0,0,9,
7066345,1.38975,-0.88,-1.38836,-1735.25,1053.8,0,2,0,0,0,9,
7066385,1.38975,-0.88,-1.38836,-1735.25,1053.8,0,2,0,0,0,9,
7066426,1.38975,-0.88,-1.38836,-1735.25,1053.8,0,2,0,0,0,9,
7066466,1.38975,-0.88,-1.38836,-1735.25,1053.8,0,2,0,0,0,9,
7066506,1.38975,-0.88,-1.38836,-1735.25,1053.8,0,2,0,0,0,9,
7066546,1.38975,-0.88,-1.38836,-1735.25,1053.8,0,2,0,0,0,9,
7066585,1.38975,-0.88,-1.38836,-1735.25,1053.8,0,2,0,0,0,9,
7066625,1.38975,-0.88,-1.38836,-1735.25,1053.8,0,2,0,0,0,9,
7066665,1.38975,-0.88,-1.38836,-1735.25,1053.8,0,2,0,0,0,9,
7066705,1.38975,-0.88,-1.38836,-1735.25,1053.8,0,2,0,0,0,9,
7066747,1.38975,-0.88,-1.38836,-1735.25,1053.8,0,2,0,1,0,9,
7066787,1.38975,-0.88,-1.38836,-1735.25,1053.8,0,2,0,1,0,9,
7066826,1.38975,-0.88,-1.38836,-1735.25,1053.8,0,2,0,1,0,9,
7066866,1.38975,-0.88,-1.38836,-1735.25,1053.8,0,2,0,1,0,9,
7066905,1.38975,-0.88,-1.38836,-1735.25,1053.8,0,2,0,1,0,9,
7066945,1.38975,-0.88,-1.38836,-1735.25,1053.8,0,2,0,1,0,9,
7066985,1.38975,-0.88,-1.38836,-1735.25,1053.8,0,2,0,1,0,9,
7067026,1.38975,-0.88,-1.38836,-1735.25,1053.8,0,2,0,1,0,9,
7067066,1.38975,-0.88,-1.38836,-1735.25,1053.8,0,2,0,1,0,9,
7067106,1.38975,-0.88,-1.38836,-1735.25,1053.8,0,2,0,1,0,9,
7067146,1.38975,-0.88,-1.38836,-1735.25,1053.8,0,2,0,1,0,9,
7067185,1.38975,-0.88,-1.38836,-1735.25,1053.8,0,2,0,1,0,9,
7067225,1.38975,-0.88,-1.38836,-1735.25,1053.8,0,2,0,1,0,9,
7067265,1.38975,-0.88,-1.38836,-1735.25,1053.8,0,2,0,1,0,9,
7067305,1.38975,-0.88,-1.38836,-1735.25,1053.8,0,2,0,1,0,9,
7067346,1.38975,-0.88,-1.38836,-1735.25,1053.8,0,2,0,1,0,9,
7067386,1.38975,-0.88,-1.38836,-1735.25,1053.8,0,2,0,1,0,9,
7067426,1.38975,-0.88,-1.38836,-1735.25,1053.8,0,2,0,1,0,9,
7067467,1.38975,-0.88,-1.38836,-1735.25,1053.8,0,2,0,1,0,9,
7067505,1.38975,-0.88,-1.38836,-1735.25,1053.8,0,2,0,1,0,9,
7067545,1.38975,-0.88,-1.38836,-1735.25,1053.8,0,2,0,1,0,9,
7067585,1.38975,-0.88,-1.38836,-1735.25,1053.8,0,2,0,1,0,9,
7067625,1.38975,-0.88,-1.38836,-1735.25,1053.8,0,2,0,1,0,9,
7067666,1.38975,-0.88,-1.38836,-1735.25,1053.8,0,2,0,1,0,9,
7067706,1.38975,-0.88,-1.38836,-1735.25,1053.8,0,2,0,1,0,9,
7067746,1.38975,-0.88,-1.38836,-1735.25,1053.8,0,2,0,1,0,9,
7067786,1.38975,-0.88,-1.38836,-1735.25,1053.8,0,2,0,1,0,9,
7067825,1.38975,-0.88,-1.38836,-1735.25,1053.8,0,2,0,1,0,9,
7067865,1.38975,-0.88,-1.38836,-1735.25,1053.8,0,2,0,1,0,9,
7067905,1.38975,-0.88,-1.38836,-1735.25,1053.8,0,2,0,1,0,9,
7067945,1.38975,-0.88,-1.38836,-1735.25,1053.8,0,2,0,1,0,9,
7067986,1.38975,-0.88,-1.38836,-1735.25,1053.8,0,2,0,1,0,9,
7068026,1.38975,-0.88,-1.38836,-1735.25,1053.8,0,2,0,1,0,9,
7068066,1.38975,-0.88,-1.38836,-1735.25,1053.8,0,2,0,1,0,9,
7068106,1.38975,-0.88,-1.38836,-1735.25,1053.8,0,2,0,1,0,9,
7068145,1.38975,-0.88,-1.38836,-1735.25,1053.8,0,2,0,1,0,9,
7068185,1.38975,-0.88,-1.38836,-1735.25,1053.8,0,2,0,1,0,9,
7068225,1.38975,-0.88,-1.38836,-1735.25,1053.8,0,2,0,1,0,9,
7068265,1.38975,-0.88,-1.38836,-1735.25,1053.8,0,2,0,1,0,9,
7068306,1.38975,-0.88,-1.38836,-1735.25,1053.8,0,2,0,1,0,9,
7068346,1.38975,-0.88,-1.38836,-1735.25,1053.8,0,2,0,1,0,9,
7068386,1.38975,-0.88,-1.38836,-1735.25,1053.8,0,2,0,1,0,9,
7068426,1.38975,-0.88,-1.38836,-1735.25,1053.8,0,2,0,1,0,9,
7068465,1.38975,-0.88,-1.38836,-1735.25,1053.8,0,2,0,1,0,9,
7068505,1.38975,-0.88,-1.38836,-1735.25,1053.8,0,2,0,1,0,9,
7068545,1.38975,-0.88,-1.38836,-1735.25,1053.8,0,2,0,1,0,9,
7068585,1.38975,-0.88,-1.38836,-1735.25,1053.8,0,2,0,1,0,9,
7068626,1.38975,-0.88,-1.38836,-1735.25,1053.8,0,2,0,1,0,9,
7068666,1.38975,-0.88,-1.38836,-1735.25,1053.8,0,2,0,1,0,9,
7068706,1.38975,-0.88,-1.38836,-1735.25,1053.8,0,2,0,1,0,9,
7068746,1.38975,-0.88,-1.38836,-1735.25,1053.8,0,2,0,1,0,9,
7068785,1.38975,-0.88,-1.38836,-1735.25,1053.8,0,2,0,1,0,9,
7068825,1.38975,-0.88,-1.38836,-1735.25,1053.8,0,2,0,1,0,9,
7068865,1.38975,-0.88,-1.38836,-1735.25,1053.8,0,2,0,1,0,9,
7068906,1.38975,-0.88,-1.38836,-1735.25,1053.8,0,2,0,1,0,9,
7068946,1.38975,-0.88,-1.38836,-1735.25,1053.8,0,2,0,1,0,9,
7068986,1.38975,-0.88,-1.38836,-1735.25,1053.8,0,2,0,1,0,9,
7069026,1.38975,-0.88,-1.38836,-1735.25,1053.8,0,2,0,1,0,9,
7069065,1.38975,-0.88,-1.38836,-1735.25,1053.8,0,2,0,1,0,9,
7069105,1.38975,-0.88,-1.38836,-1735.25,1053.8,0,2,0,1,0,9,
7069145,1.38975,-0.88,-1.38836,-1735.25,1053.8,0,2,0,1,0,9,
7069185,1.38975,-0.88,-1.38836,-1735.25,1053.8,0,2,0,1,0,9,
7069226,1.38975,-0.88,-1.38836,-1735.25,1053.8,0,2,0,1,0,9,
7069266,1.38975,-0.88,-1.38836,-1735.25,1053.8,0,2,0,1,0,9,
7069306,1.38975,-0.88,-1.38836,-1735.25,1053.8,0,2,0,1,0,9,
7069346,1.38975,-0.88,-1.38836,-1735.25,1053.8,0,2,0,1,0,9,
7069385,1.38975,-0.88,-1.38836,-1735.25,1053.8,0,2,0,1,0,9,
7069425,1.38975,-0.88,-1.38836,-1735.25,1053.8,0,2,0,1,0,9,
7069465,1.38975,-0.88,-1.38836,-1735.25,1053.8,0,2,0,1,0,9,
7069506,1.38975,-0.88,-1.38836,-1735.25,1053.8,0,2,0,1,0,9,
7069546,1.38975,-0.88,-1.38836,-1735.25,1053.8,0,2,0,1,0,9,
7069586,1.38975,-0.88,-1.38836,-1735.25,1053.8,0,2,0,1,0,9,
7069626,1.38975,-0.88,-1.38836,-1735.25,1053.8,0,2,0,1,0,9,
7069666,1.38975,-0.88,-1.38836,-1735.25,1053.8,0,2,0,1,0,9,
7069705,1.38975,-0.88,-1.38836,-1735.25,1053.8,0,2,0,1,0,9,
7069745,1.38975,-0.88,-1.38836,-1735.25,1053.8,0,2,0,1,0,9,
7069785,1.38975,-0.88,-1.38836,-1735.25,1053.8,0,2,0,1,0,9,
7069825,1.38975,-0.88,-1.38836,-1735.25,1053.8,0,2,0,1,0,9,
7069866,1.38975,-0.88,-1.38836,-1735.25,1053.8,0,2,0,1,0,9,
7069906,1.38975,-0.88,-1.38836,-1735.25,1053.8,0,2,0,1,0,9,
7069946,1.38975,-0.88,-1.38836,-1735.25,1053.8,0,2,0,1,0,9,
7069986,1.38975,-0.88,-1.38836,-1735.25,1053.8,0,2,0,1,0,9,
7070025,1.38975,-0.88,-1.38836,-1735.25,1053.8,0,2,0,1,0,9,
7070065,1.38975,-0.88,-1.38836,-1735.25,1053.8,0,2,0,1,0,9,
7070105,1.38975,-0.88,-1.38836,-1735.25,1053.8,0,2,0,1,0,9,
7070145,1.38975,-0.88,-1.38836,-1735.25,1053.8,0,2,0,1,0,9,
7070186,1.38975,-0.88,-1.38836,-1735.25,1053.8,0,2,0,1,0,9,
7070226,1.38975,-0.88,-1.38836,-1735.25,1053.8,0,2,0,1,0,9,
7070266,1.38975,-0.88,-1.38836,-1735.25,1053.8,0,2,0,1,0,9,
7070306,1.38975,-0.88,-1.38836,-1735.25,1053.8,0,2,0,1,0,9,
7070345,1.38975,-0.88,-1.38836,-1735.25,1053.8,0,2,0,1,0,9,
7070385,1.38975,-0.88,-1.38836,-1735.25,1053.8,0,2,0,1,0,9,
7070425,1.38975,-0.88,-1.38836,-1735.25,1053.8,0,2,0,1,0,9,
7070465,1.38975,-0.88,-1.38836,-1735.25,1053.8,0,2,0,1,0,9,
7070506,1.38975,-0.88,-1.38836,-1735.25,1053.8,0,2,0,1,0,9,
7070546,1.38975,-0.88,-1.38836,-1735.25,1053.8,0,2,0,1,0,9,
7070586,1.38975,-0.88,-1.38836,-1735.25,1053.8,0,2,0,1,0,9,
7070626,1.38975,-0.88,-1.38836,-1735.25,1053.8,0,2,0,1,0,9,
7070665,1.38975,-0.88,-1.38836,-1735.25,1053.8,0,2,0,1,0,9,
7070705,1.38975,-0.88,-1.38836,-1735.25,1053.8,0,2,0,1,0,9,
7070745,1.38975,-0.88,-1.38836,-1735.25,1053.8,0,2,0,1,0,9,
7070786,1.38975,-0.88,-1.38836,-1735.25,1053.8,0,2,0,1,0,9,
7070826,1.38975,-0.88,-1.38836,-1735.25,1053.8,0,2,0,1,0,9,
7070866,1.38975,-0.88,-1.38836,-1735.25,1053.8,0,2,0,1,0,9,
7070906,1.38975,-0.88,-1.38836,-1735.25,1053.8,0,2,0,1,0,9,
7070945,1.38975,-0.88,-1.38836,-1735.25,1053.8,0,2,0,1,0,9,
7070985,1.38975,-0.88,-1.38836,-1735.25,1053.8,0,2,0,1,0,9,
7071025,1.38975,-0.88,-1.38836,-1735.25,1053.8,0,2,0,1,0,9,
7071065,1.38975,-0.88,-1.38836,-1735.25,1053.8,0,2,0,1,0,9,
7071106,1.38975,-0.88,-1.38836,-1735.25,1053.8,0,2,0,1,0,9,
7071146,1.38975,-0.88,-1.38836,-1735.25,1053.8,0,2,0,1,0,9,
7071186,1.38975,-0.88,-1.38836,-1735.25,1053.8,0,2,0,1,0,9,
7071226,1.38975,-0.88,-1.38836,-1735.25,1053.8,0,2,0,1,0,9,
7071265,1.38975,-0.88,-1.38836,-1735.25,1053.8,0,2,0,1,0,9,
7071305,1.38975,-0.88,-1.38836,-1735.25,1053.8,0,2,0,1,0,9,
7071345,1.38975,-0.88,-1.38836,-1735.25,1053.8,0,2,0,1,0,9,
7071385,1.38975,-0.88,-1.38836,-1735.25,1053.8,0,2,0,1,0,9,
7071426,1.38975,-0.88,-1.38836,-1735.25,1053.8,0,2,0,1,0,9,
7071466,1.38975,-0.88,-1.38836,-1735.25,1053.8,0,2,0,1,0,9,
7071506,1.38975,-0.88,-1.38836,-1735.25,1053.8,0,2,0,1,0,9,
7071546,1.38975,-0.88,-1.38836,-1735.25,1053.8,0,2,0,1,0,9,
7071585,1.38975,-0.88,-1.38836,-1735.25,1053.8,0,2,0,1,0,9,
7071625,1.38975,-0.88,-1.38836,-1735.25,1053.8,0,2,0,1,0,9,
7071665,1.38975,-0.88,-1.38836,-1735.25,1053.8,0,2,0,1,0,9,
7071705,1.38975,-0.88,-1.38836,-1735.25,1053.8,0,2,0,1,0,9,
7071746,1.38975,-0.88,-1.38836,-1735.25,1053.8,0,2,0,1,0,9,
7071786,1.38975,-0.88,-1.38836,-1735.25,1053.8,0,2,0,1,0,9,
7071826,1.38975,-0.88,-1.38836,-1735.25,1053.8,0,2,0,1,0,9,
7071866,1.38975,-0.88,-1.38836,-1735.25,1053.8,0,2,0,1,0,9,
7071905,1.38975,-0.88,-1.38836,-1735.25,1053.8,0,2,0,1,0,9,
7071945,1.38975,-0.88,-1.38836,-1735.25,1053.8,0,2,0,1,0,9,
7071985,1.38975,-0.88,-1.38836,-1735.25,1053.8,0,2,0,1,0,9,
7072025,1.38975,-0.88,-1.38836,-1735.25,1053.8,0,2,0,1,0,9,
7072066,1.38975,-0.88,-1.38836,-1735.25,1053.8,0,2,0,1,0,9,
7072106,1.38975,-0.88,-1.38836,-1735.25,1053.8,0,2,0,1,0,9,
7072146,1.38975,-0.88,-1.38836,-1735.25,1053.8,0,2,0,1,0,9,
7072186,1.38975,-0.88,-1.38836,-1735.25,1053.8,0,2,0,1,0,9,
7072225,1.38975,-0.88,-1.38836,-1735.25,1053.8,0,2,0,1,0,9,
7072265,1.38975,-0.88,-1.38836,-1735.25,1053.8,0,2,0,1,0,9,
7072305,1.38975,-0.88,-1.38836,-1735.25,1053.8,0,2,0,1,0,9,
7072345,1.38975,-0.88,-1.38836,-1735.25,1053.8,0,2,0,1,0,9,
7072386,1.38975,-0.88,-1.38836,-1735.25,1053.8,0,2,0,1,0,9,
7072426,1.38975,-0.88,-1.38836,-1735.25,1053.8,0,2,0,1,0,9,
7072466,1.38975,-0.88,-1.38836,-1735.25,1053.8,0,2,0,1,0,9,
7072506,1.38975,-0.88,-1.38836,-1735.25,1053.8,0,2,0,1,0,9,
7072545,1.38975,-0.88,-1.38836,-1735.25,1053.8,0,2,0,1,0,9,
7072585,1.38975,-0.88,-1.38836,-1735.25,1053.8,0,2,0,1,0,9,
7072625,1.38975,-0.88,-1.38836,-1735.25,1053.8,0,2,0,1,0,9,
7072666,1.38975,-0.88,-1.38836,-1735.25,1053.8,0,2,0,1,0,9,
7072706,1.38975,-0.88,-1.38836,-1735.25,1053.8,0,2,0,1,0,9,
7072746,1.38975,-0.88,-1.38836,-1735.25,1053.8,0,2,0,1,0,9,
7072786,1.38975,-0.88,-1.38836,-1735.25,1053.8,0,2,0,1,0,9,
7072825,1.38975,-0.88,-1.38836,-1735.25,1053.8,0,2,0,1,0,9,
7072865,1.38975,-0.88,-1.38836,-1735.25,1053.8,0,2,0,1,0,9,
7072905,1.38975,-0.88,-1.38836,-1735.25,1053.8,0,2,0,1,0,9,
7072945,1.38975,-0.88,-1.38836,-1735.25,1053.8,0,2,0,1,0,9,
7072986,1.38975,-0.88,-1.38836,-1735.25,1053.8,0,2,0,1,0,9,
7073026,1.38975,-0.88,-1.38836,-1735.25,1053.8,0,2,0,1,0,9,
7073066,1.38975,-0.88,-1.38836,-1735.25,1053.8,0,2,0,1,0,9,
7073106,1.38975,-0.88,-1.38836,-1735.25,1053.8,0,2,0,1,0,9,
7073145,1.38975,-0.88,-1.38836,-1735.25,1053.8,0,2,0,1,0,9,
7073185,1.38975,-0.88,-1.38836,-1735.25,1053.8,0,2,0,1,0,9,
7073225,1.38975,-0.88,-1.38836,-1735.25,1053.8,0,2,0,1,0,9,
7073265,1.38975,-0.88,-1.38836,-1735.25,1053.8,0,2,0,1,0,9,
7073306,1.38975,-0.88,-1.38836,-1735.25,1053.8,0,2,0,1,0,9,
7073346,1.38975,-0.88,-1.38836,-1735.25,1053.8,0,2,0,1,0,9,
7073386,1.38975,-0.88,-1.38836,-1735.25,1053.8,0,2,0,1,0,9,
7073426,1.38975,-0.88,-1.38836,-1735.25,1053.8,0,2,0,1,0,9,
7073465,1.38975,-0.88,-1.38836,-1735.25,1053.8,0,2,0,1,0,9,
7073505,1.38975,-0.88,-1.38836,-1735.25,1053.8,0,2,0,1,0,9,
7073545,1.38975,-0.88,-1.38836,-1735.25,1053.8,0,2,0,1,0,9,
7073585,1.38975,-0.88,-1.38836,-1735.25,1053.8,0,2,0,1,0,9,
7073626,1.38975,-0.88,-1.38836,-1735.25,1053.8,0,2,0,1,0,9,
7073666,1.38975,-0.88,-1.38836,-1735.25,1053.8,0,2,0,1,0,9,
7073706,1.38975,-0.88,-1.38836,-1735.25,1053.8,0,2,0,1,0,9,
7073746,1.38975,-0.88,-1.38836,-1735.25,1053.8,0,2,0,1,0,9,
7073785,1.38975,-0.88,-1.38836,-1735.25,1053.8,0,2,0,1,0,9,
7073825,1.38975,-0.88,-1.38836,-1735.25,1053.8,0,2,0,1,0,9,
7073865,1.38975,-0.88,-1.38836,-1735.25,1053.8,0,2,0,1,0,9,
7073905,1.38975,-0.88,-1.38836,-1735.25,1053.8,0,2,0,1,0,9,
7073946,1.38975,-0.88,-1.38836,-1735.25,1053.8,0,2,0,1,0,9,
7073986,1.38975,-0.88,-1.38836,-1735.25,1053.8,0,2,0,1,0,9,
7074026,1.38975,-0.88,-1.38836,-1735.25,1053.8,0,2,0,1,0,9,
7074066,1.38975,-0.88,-1.38836,-1735.25,1053.8,0,2,0,1,0,9,
7074105,1.38975,-0.88,-1.38836,-1735.25,1053.8,0,2,0,1,0,9,
7074145,1.38975,-0.88,-1.38836,-1735.25,1053.8,0,2,0,1,0,9,
7074185,1.38975,-0.88,-1.38836,-1735.25,1053.8,0,2,0,1,0,9,
7074225,1.38975,-0.88,-1.38836,-1735.25,1053.8,0,2,0,1,0,9,
7074266,1.38975,-0.88,-1.38836,-1735.25,1053.8,0,2,0,1,0,9,
7074306,1.38975,-0.88,-1.38836,-1735.25,1053.8,0,2,0,1,0,9,
7074346,1.38975,-0.88,-1.38836,-1735.25,1053.8,0,2,0,1,0,9,
7074386,1.38975,-0.88,-1.38836,-1735.25,1053.8,0,2,0,1,0,9,
7074425,1.38975,-0.88,-1.38836,-1735.25,1053.8,0,2,0,1,0,9,
7074465,1.38975,-0.88,-1.38836,-1735.25,1053.8,0,2,0,1,0,9,
7074505,1.38975,-0.88,-1.38836,-1735.25,1053.8,0,2,0,1,0,9,
7074546,1.38975,-0.88,-1.38836,-1735.25,1053.8,0,2,0,1,0,9,
7074586,1.38975,-0.88,-1.38836,-1735.25,1053.8,0,2,0,1,0,9,
7074626,1.38975,-0.88,-1.38836,-1735.25,1053.8,0,2,0,1,0,9,
7074666,1.38975,-0.88,-1.38836,-1735.25,1053.8,0,2,0,1,0,9,
7074705,1.38975,-0.88,-1.38836,-1735.25,1053.8,0,2,0,1,0,9,
7074745,1.38975,-0.88,-1.38836,-1735.25,1053.8,0,2,0,1,0,9,
7074785,1.38975,-0.88,-1.38836,-1735.25,1053.8,0,2,0,1,0,9,
7074825,1.38975,-0.88,-1.38836,-1735.25,1053.8,0,2,0,1,0,9,
7074866,1.38975,-0.88,-1.38836,-1735.25,1053.8,0,2,0,1,0,9,
7074906,1.38975,-0.88,-1.38836,-1735.25,1053.8,0,2,0,1,0,9,
7074946,1.38975,-0.88,-1.38836,-1735.25,1053.8,0,2,0,1,0,9,
7074986,1.38975,-0.88,-1.38836,-1735.25,1053.8,0,2,0,1,0,9,
7075025,1.38975,-0.88,-1.38836,-1735.25,1053.8,0,2,0,1,0,9,
7075065,1.38975,-0.88,-1.38836,-1735.25,1053.8,0,2,0,1,0,9,
7075105,1.38975,-0.88,-1.38836,-1735.25,1053.8,0,2,0,1,0,9,
7075145,1.38975,-0.88,-1.38836,-1735.25,1053.8,0,2,0,1,0,9,
7075186,1.38975,-0.88,-1.38836,-1735.25,1053.8,0,2,0,1,0,9,
7075226,1.38975,-0.88,-1.38836,-1735.25,1053.8,0,2,0,1,0,9,
7075266,1.38975,-0.88,-1.38836,-1735.25,1053.8,0,2,0,1,0,9,
7075306,1.38975,-0.88,-1.38836,-1735.25,1053.8,0,2,0,1,0,9,
7075345,1.38975,-0.88,-1.38836,-1735.25,1053.8,0,2,0,1,0,9,
7075385,1.38975,-0.88,-1.38836,-1735.25,1053.8,0,2,0,1,0,9,
7075425,1.38975,-0.88,-1.38836,-1735.25,1053.8,0,2,0,1,0,9,
7075465,1.38975,-0.88,-1.38836,-1735.25,1053.8,0,2,0,1,0,9,
7075506,1.38975,-0.88,-1.38836,-1735.25,1053.8,0,2,0,1,0,9,
7075546,1.38975,-0.88,-1.38836,-1735.25,1053.8,0,2,0,1,0,9,
7075586,1.38975,-0.88,-1.38836,-1735.25,1053.8,0,2,0,1,0,9,
