milisec,RacketX,RacketY,RacketZ,forceX,forceX,forceX,ForceRatio,FriendPoint,EnemyPoint,haptics,scene
234416881,0,0,0,0,0,0,0,0,0,0,0,
234416896,0,0,0,0,0,0,0,0,0,0,0,
234416923,0,0,0,0,0,0,0,0,0,0,0,
234416963,0,0,0,0,0,0,0,0,0,0,0,
234417003,0,0,0,0,0,0,0,0,0,0,0,
234417043,0,0,0,0,0,0,0,0,0,0,0,
234417083,0,0,0,0,0,0,0,0,0,0,0,
234417123,0,0,0,0,0,0,0,0,0,0,0,
234417163,0,0,0,0,0,0,0,0,0,0,0,
234417203,0,0,0,0,0,0,0,0,0,0,0,
234417243,0,0,0,0,0,0,0,0,0,0,0,
234417283,0,0,0,0,0,0,0,0,0,0,0,
234417323,0,0,0,0,0,0,0,0,0,0,0,
234417363,0,0,0,0,0,0,0,0,0,0,0,
234417403,0,0,0,0,0,0,0,0,0,0,0,
234417443,0,0,0,0,0,0,0,0,0,0,0,
234417483,0,0,0,0,0,0,0,0,0,0,0,
234417523,0,0,0,0,0,0,0,0,0,0,0,
234417563,0,0,0,0,0,0,0,0,0,0,0,
234417603,0,0,0,0,0,0,0,0,0,0,0,
234417643,0,0,0,0,0,0,0,0,0,0,0,
234417683,0,0,0,0,0,0,0,0,0,0,0,
234417723,0,0,0,0,0,0,0,0,0,0,0,
234417763,0,0,0,0,0,0,0,0,0,0,0,
234417803,0,0,0,0,0,0,0,0,0,0,0,
234417843,0,0,0,0,0,0,0,0,0,0,0,
234417883,0,0,0,0,0,0,0,0,0,0,0,
234417923,0,0,0,0,0,0,0,0,0,0,0,
234417963,0,0,0,0,0,0,0,0,0,0,0,
234418003,0,0,0,0,0,0,0,0,0,0,0,
234418044,0,0,0,0,0,0,0,0,0,0,0,
234418083,0,0,0,0,0,0,0,0,0,0,0,
234418123,0,0,0,0,0,0,0,0,0,0,0,
234418163,0,0,0,0,0,0,0,0,0,0,0,
234418203,0,0,0,0,0,0,0,0,0,0,0,
234418243,0,0,0,0,0,0,0,0,0,0,0,
234418283,0,0,0,0,0,0,0,0,0,0,0,
234418323,0,0,0,0,0,0,0,0,0,0,0,
234418363,0,0,0,0,0,0,0,0,0,0,0,
234418403,0,0,0,0,0,0,0,0,0,0,0,
234418443,0,0,0,0,0,0,0,0,0,0,0,
234418483,0,0,0,0,0,0,0,0,0,0,0,
234418523,0,0,0,0,0,0,0,0,0,0,0,
234418563,0,0,0,0,0,0,0,0,0,0,0,
234418603,0,0,0,0,0,0,0,0,0,0,0,
234418643,0,0,0,0,0,0,0,0,0,0,0,
234418683,0,0,0,0,0,0,0,0,0,0,0,
234418723,0,0,0,0,0,0,0,0,0,0,0,
234418763,0,0,0,0,0,0,0,0,0,0,0,
234418803,0,0,0,0,0,0,0,0,0,0,0,
234418843,0,0,0,0,0,0,0,0,0,0,0,
234418883,0,0,0,0,0,0,0,0,0,0,0,
234418923,0,0,0,0,0,0,0,0,0,0,0,
234418963,0,0,0,0,0,0,0,0,0,0,0,
234419003,0,0,0,0,0,0,0,0,0,0,0,
234419043,0,0,0,0,0,0,0,0,0,0,0,
234419083,0,0,0,0,0,0,0,0,0,0,0,
234419123,0,0,0,0,0,0,0,0,0,0,0,
234419163,0,0,0,0,0,0,0,0,0,0,0,
234419203,0,0,0,0,0,0,0,0,0,0,0,
234419243,0,0,0,0,0,0,0,0,0,0,0,
234419283,0,0,0,0,0,0,0,0,0,0,0,
234419323,0,0,0,0,0,0,0,0,0,0,0,
234419363,0,0,0,0,0,0,0,0,0,0,0,
234419403,0,0,0,0,0,0,0,0,0,0,0,
234419443,0,0,0,0,0,0,0,0,0,0,0,
234419483,0,0,0,0,0,0,0,0,0,0,0,
234419523,0,0,0,0,0,0,0,0,0,0,0,
234419563,0,0,0,0,0,0,0,0,0,0,0,
234419603,0,0,0,0,0,0,0,0,0,0,0,
234419643,0,0,0,0,0,0,0,0,0,0,0,
234419683,0,0,0,0,0,0,0,0,0,0,0,
234419723,0,0,0,0,0,0,0,0,0,0,0,
234419763,0,0,0,0,0,0,0,0,0,0,0,
234419803,0,0,0,0,0,0,0,0,0,0,0,
234419843,0,0,0,0,0,0,0,0,0,0,0,
234419883,0,0,0,0,0,0,0,0,0,0,0,
234419924,0,0,0,0,0,0,0,0,0,0,0,
234419963,0,0,0,0,0,0,0,0,0,0,0,
234420003,0,0,0,0,0,0,0,0,0,0,0,
234420043,0,0,0,0,0,0,0,0,0,0,0,
234420083,0,0,0,0,0,0,0,0,0,0,0,
234420123,0,0,0,0,0,0,0,0,0,0,0,
234420163,0,0,0,0,0,0,0,0,0,0,0,
234420203,0,0,0,0,0,0,0,0,0,0,0,
234420243,0,0,0,0,0,0,0,0,0,0,0,
234420283,0,0,0,0,0,0,0,0,0,0,0,
234420323,0,0,0,0,0,0,0,0,0,0,0,
234420363,0,0,0,0,0,0,0,0,0,0,0,
234420403,0,0,0,0,0,0,0,0,0,0,0,
234420443,0,0,0,0,0,0,0,0,0,0,0,
234420483,0,0,0,0,0,0,0,0,0,0,0,
234420523,0,0,0,0,0,0,0,0,0,0,0,
234420563,0,0,0,0,0,0,0,0,0,0,0,
234420603,0,0,0,0,0,0,0,0,0,0,0,
234420643,0,0,0,0,0,0,0,0,0,0,0,
234420683,0,0,0,0,0,0,0,0,0,0,0,
234420723,0,0,0,0,0,0,0,0,0,0,0,
234420763,0,0,0,0,0,0,0,0,0,0,0,
234420803,0,0,0,0,0,0,0,0,0,0,0,
234420843,0,0,0,0,0,0,0,0,0,0,0,
234420883,0,0,0,0,0,0,0,0,0,0,0,
234420923,0,0,0,0,0,0,0,0,0,0,0,
234420963,0,0,0,0,0,0,0,0,0,0,0,
234421003,0,0,0,0,0,0,0,0,0,0,0,
234421043,0,0,0,0,0,0,0,0,0,0,0,
234421083,0,0,0,0,0,0,0,0,0,0,0,
234421123,0,0,0,0,0,0,0,0,0,0,0,
234421163,0,0,0,0,0,0,0,0,0,0,0,
234421203,0,0,0,0,0,0,0,0,0,0,0,
234421243,0,0,0,0,0,0,0,0,0,0,0,
234421283,0,0,0,0,0,0,0,0,0,0,0,
234421323,0,0,0,0,0,0,0,0,0,0,0,
234421363,0,0,0,0,0,0,0,0,0,0,0,
234421492,0,0,0,0,0,0,0,0,0,0,0,
234421496,0,0,0,0,0,0,0,0,0,0,0,
234421535,0,0,0,0,0,0,0,0,0,0,0,
234421575,0,0,0,0,0,0,0,0,0,0,0,
234421615,0,0,0,0,0,0,0,0,0,0,0,
234421655,0,0,0,0,0,0,0,0,0,0,0,
234421695,0,0,0,0,0,0,0,0,0,0,0,
234421735,0,0,0,0,0,0,0,0,0,0,0,
234421775,0,0,0,0,0,0,0,0,0,0,0,
234421815,0,0,0,0,0,0,0,0,0,0,0,
234421863,0,0,0,0,0,0,0,0,0,0,0,
234421895,0,0,0,0,0,0,0,0,0,0,0,
234421935,0,0,0,0,0,0,0,0,0,0,0,
234421975,0,0,0,0,0,0,0,0,0,0,0,
234422015,0,0,0,0,0,0,0,0,0,0,0,
234422055,0,0,0,0,0,0,0,0,0,0,0,
234422095,0,0,0,0,0,0,0,0,0,0,0,
234422135,0,0,0,0,0,0,0,0,0,0,0,
234422175,0,0,0,0,0,0,0,0,0,0,0,
234422215,0,0,0,0,0,0,0,0,0,0,0,
234422255,0,0,0,0,0,0,0,0,0,0,0,
234422295,0,0,0,0,0,0,0,0,0,0,0,
234422335,0,0,0,0,0,0,0,0,0,0,0,
234422375,0,0,0,0,0,0,0,0,0,0,0,
234422415,0,0,0,0,0,0,0,0,0,0,1,
234422455,0,0,0,0,0,0,0,0,0,0,1,
234422495,0,0,0,0,0,0,0,0,0,0,1,
234422535,0,0,0,0,0,0,0,0,0,0,1,
234422575,0,0,0,0,0,0,0,0,0,0,1,
234422615,0,0,0,0,0,0,0,0,0,0,1,
234422655,0,0,0,0,0,0,0,0,0,0,1,
234422695,0,0,0,0,0,0,0,0,0,0,1,
234422735,0,0,0,0,0,0,0,0,0,0,1,
234422775,0,0,0,0,0,0,0,0,0,0,1,
234422815,0,0,0,0,0,0,0,0,0,0,1,
234422855,0,0,0,0,0,0,0,0,0,0,1,
234422895,0,0,0,0,0,0,0,0,0,0,1,
234422935,0,0,0,0,0,0,0,0,0,0,1,
234422975,0,0,0,0,0,0,0,0,0,0,1,
234423015,0,0,0,0,0,0,0,0,0,0,1,
234423056,0,0,0,0,0,0,0,0,0,0,1,
234423095,0,0,0,0,0,0,0,0,0,0,1,
234423135,0,0,0,0,0,0,0,0,0,0,1,
234423175,0,0,0,0,0,0,0,0,0,0,1,
234423215,0,0,0,0,0,0,0,0,0,0,1,
234423255,0,0,0,0,0,0,0,0,0,0,1,
234423295,0,0,0,0,0,0,0,0,0,0,1,
234423335,0,0,0,0,0,0,0,0,0,0,1,
234423376,0,0,0,0,0,0,0,0,0,0,1,
234423415,0,0,0,0,0,0,0,0,0,0,1,
234423455,0,0,0,0,0,0,0,0,0,0,1,
234423495,0,0,0,0,0,0,0,0,0,0,1,
234423535,0,0,0,0,0,0,0,0,0,0,1,
234423575,0,0,0,0,0,0,0,0,0,0,1,
234423615,0,0,0,0,0,0,0,0,0,0,1,
234423655,0,0,0,0,0,0,0,0,0,0,1,
234423695,0,0,0,0,0,0,0,0,0,0,1,
234423735,0,0,0,0,0,0,0,0,0,0,1,
234423775,0,0,0,0,0,0,0,0,0,0,1,
234423815,0,0,0,0,0,0,0,0,0,0,1,
234423855,0,0,0,0,0,0,0,0,0,0,2,
234423895,0,0,0,0,0,0,0,0,0,0,2,
234423935,0,0,0,0,0,0,0,0,0,0,2,
234423975,0,0,0,0,0,0,0,0,0,0,2,
234424015,0,0,0,0,0,0,0,0,0,0,2,
234424055,0,0,0,0,0,0,0,0,0,0,2,
234424095,0,0,0,0,0,0,0,0,0,0,2,
234424135,0,0,0,0,0,0,0,0,0,0,2,
234424175,0,0,0,0,0,0,0,0,0,0,2,
234424215,0,0,0,0,0,0,0,0,0,0,2,
234424255,0,0,0,0,0,0,0,0,0,0,2,
234424295,0,0,0,0,0,0,0,0,0,0,2,
234424335,0,0,0,0,0,0,0,0,0,0,2,
234424375,0,0,0,0,0,0,0,0,0,0,2,
234424415,0,0,0,0,0,0,0,0,0,0,2,
234424455,0,0,0,0,0,0,0,0,0,0,2,
234424495,0,0,0,0,0,0,0,0,0,0,2,
234424535,0,0,0,0,0,0,0,0,0,0,2,
234424575,0,0,0,0,0,0,0,0,0,0,2,
234424615,0,0,0,0,0,0,0,0,0,0,2,
234424655,0,0,0,0,0,0,0,0,0,0,2,
234424695,0,0,0,0,0,0,0,0,0,0,2,
234424735,0,0,0,0,0,0,0,0,0,0,2,
234424775,0,0,0,0,0,0,0,0,0,0,2,
234424815,0,0,0,0,0,0,0,0,0,0,2,
234424855,0,0,0,0,0,0,0,0,0,0,2,
234424895,0,0,0,0,0,0,0,0,0,0,2,
234424936,0,0,0,0,0,0,0,0,0,0,2,
234424975,0,0,0,0,0,0,0,0,0,0,2,
234425015,0,0,0,0,0,0,0,0,0,0,2,
234425055,0,0,0,0,0,0,0,0,0,0,2,
234425095,0,0,0,0,0,0,0,0,0,0,3,
234425135,0,0,0,0,0,0,0,0,0,0,3,
234425175,0,0,0,0,0,0,0,0,0,0,3,
234425215,0,0,0,0,0,0,0,0,0,0,3,
234425256,0,0,0,0,0,0,0,0,0,0,3,
234425295,0,0,0,0,0,0,0,0,0,0,3,
234425335,0,0,0,0,0,0,0,0,0,0,3,
234425375,0,0,0,0,0,0,0,0,0,0,3,
234425415,0,0,0,0,0,0,0,0,0,0,3,
234425455,0,0,0,0,0,0,0,0,0,0,3,
234425495,0,0,0,0,0,0,0,0,0,0,3,
234425535,0,0,0,0,0,0,0,0,0,0,3,
234425575,0,0,0,0,0,0,0,0,0,0,3,
234425615,0,0,0,0,0,0,0,0,0,0,3,
234425655,0,0,0,0,0,0,0,0,0,0,3,
234425695,0,0,0,0,0,0,0,0,0,0,3,
234425735,0,0,0,0,0,0,0,0,0,0,3,
234425775,0,0,0,0,0,0,0,0,0,0,3,
234425815,0,0,0,0,0,0,0,0,0,0,3,
234425855,0,0,0,0,0,0,0,0,0,0,3,
234425895,0,0,0,0,0,0,0,0,0,0,3,
234425935,0,0,0,0,0,0,0,0,0,0,3,
234425975,0,0,0,0,0,0,0,0,0,0,3,
234426015,0,0,0,0,0,0,0,0,0,0,3,
234426055,0,0,0,0,0,0,0,0,0,0,3,
234426095,0,0,0,0,0,0,0,0,0,0,3,
234426135,0,0,0,0,0,0,0,0,0,0,3,
234426175,0,0,0,0,0,0,0,0,0,0,3,
234426215,0,0,0,0,0,0,0,0,0,0,3,
234426255,0,0,0,0,0,0,0,0,0,0,3,
234426295,0,0,0,0,0,0,0,0,0,0,3,
234426335,0,0,0,0,0,0,0,0,0,0,3,
234426375,0,0,0,0,0,0,0,0,0,0,3,
234426415,0,0,0,0,0,0,0,0,0,0,3,
234426455,0,0,0,0,0,0,0,0,0,0,3,
234426495,0,0,0,0,0,0,0,0,0,0,3,
234426535,0,0,0,0,0,0,0,0,0,0,3,
234426575,0,0,0,0,0,0,0,0,0,0,3,
234426615,0,0,0,0,0,0,0,0,0,0,3,
234426655,0,0,0,0,0,0,0,0,0,0,3,
234426695,0,0,0,0,0,0,0,0,0,0,3,
234426735,0,0,0,0,0,0,0,0,0,0,3,
234426775,0,0,0,0,0,0,0,0,0,0,3,
234426815,0,0,0,0,0,0,0,0,0,0,3,
234426855,0,0,0,0,0,0,0,0,0,0,3,
234426895,0,0,0,0,0,0,0,0,0,0,3,
234426935,0,0,0,0,0,0,0,0,0,0,3,
234426975,0,0,0,0,0,0,0,0,0,0,3,
234427015,0,0,0,0,0,0,0,0,0,0,3,
234427055,0,0,0,0,0,0,0,0,0,0,3,
234427095,0,0,0,0,0,0,0,0,0,0,3,
234427136,0,0,0,0,0,0,0,0,0,0,3,
234427175,0,0,0,0,0,0,0,0,0,0,3,
234427215,0,0,0,0,0,0,0,0,0,0,3,
234427255,0,0,0,0,0,0,0,0,0,0,3,
234427295,0,0,0,0,0,0,0,0,0,0,3,
234427335,0,0,0,0,0,0,0,0,0,0,3,
234427375,0,0,0,0,0,0,0,0,0,0,3,
234427415,0,0,0,0,0,0,0,0,0,0,3,
234427455,0,0,0,0,0,0,0,0,0,0,3,
234427495,0,0,0,0,0,0,0,0,0,0,3,
234427535,0,0,0,0,0,0,0,0,0,0,3,
234427575,0,0,0,0,0,0,0,0,0,0,3,
234427615,0,0,0,0,0,0,0,0,0,0,3,
234427655,0,0,0,0,0,0,0,0,0,0,3,
234427695,0,0,0,0,0,0,0,0,0,0,3,
234427735,0,0,0,0,0,0,0,0,0,0,3,
234427775,0,0,0,0,0,0,0,0,0,0,3,
234427815,0,0,0,0,0,0,0,0,0,0,3,
234427855,0,0,0,0,0,0,0,0,0,0,3,
234427895,0,0,0,0,0,0,0,0,0,0,3,
234427935,0,0,0,0,0,0,0,0,0,0,3,
234427975,0,0,0,0,0,0,0,0,0,0,3,
234428015,0,0,0,0,0,0,0,0,0,0,3,
234428055,0,0,0,0,0,0,0,0,0,0,3,
234428095,0,0,0,0,0,0,0,0,0,0,3,
234428135,0,0,0,0,0,0,0,0,0,0,3,
234428175,0,0,0,0,0,0,0,0,0,0,3,
234428215,0,0,0,0,0,0,0,0,0,0,3,
234428255,0,0,0,0,0,0,0,0,0,0,3,
234428295,0,0,0,0,0,0,0,0,0,0,3,
234428335,0,0,0,0,0,0,0,0,0,0,3,
234428375,0,0,0,0,0,0,0,0,0,0,3,
234428415,0,0,0,0,0,0,0,0,0,0,3,
234428455,0,0,0,0,0,0,0,0,0,0,3,
234428495,0,0,0,0,0,0,0,0,0,0,3,
234428535,0,0,0,0,0,0,0,0,0,0,3,
234428575,0,0,0,0,0,0,0,0,0,0,3,
234428615,0,0,0,0,0,0,0,0,0,0,3,
234428655,0,0,0,0,0,0,0,0,0,0,3,
234428695,0,0,0,0,0,0,0,0,0,0,3,
234428735,0,0,0,0,0,0,0,0,0,0,3,
234428775,0,0,0,0,0,0,0,0,0,0,3,
234428815,0,0,0,0,0,0,0,0,0,0,3,
234428855,0,0,0,0,0,0,0,0,0,0,3,
234428895,0,0,0,0,0,0,0,0,0,0,3,
234428935,0,0,0,0,0,0,0,0,0,0,3,
234428975,0,0,0,0,0,0,0,0,0,0,3,
234429016,0,0,0,0,0,0,0,0,0,0,3,
234429055,0,0,0,0,0,0,0,0,0,0,3,
234429095,0,0,0,0,0,0,0,0,0,0,3,
234429135,0,0,0,0,0,0,0,0,0,0,3,
234429175,0,0,0,0,0,0,0,0,0,0,3,
234429215,0,0,0,0,0,0,0,0,0,0,3,
234429255,0,0,0,0,0,0,0,0,0,0,3,
234429295,0,0,0,0,0,0,0,0,0,0,3,
234429335,0,0,0,0,0,0,0,0,0,0,3,
234429375,0,0,0,0,0,0,0,0,0,0,3,
234429415,0,0,0,0,0,0,0,0,0,0,3,
234429455,0,0,0,0,0,0,0,0,0,0,3,
234429495,0,0,0,0,0,0,0,0,0,0,3,
234429535,0,0,0,0,0,0,0,0,0,0,3,
234429575,0,0,0,0,0,0,0,0,0,0,3,
234429615,0,0,0,0,0,0,0,0,0,0,3,
234429655,0,0,0,0,0,0,0,0,0,0,3,
234429695,0,0,0,0,0,0,0,0,0,0,3,
234429735,0,0,0,0,0,0,0,0,0,0,3,
234429775,0,0,0,0,0,0,0,0,0,0,3,
234429815,0,0,0,0,0,0,0,0,0,0,3,
234429855,0,0,0,0,0,0,0,0,0,0,3,
234429895,0,0,0,0,0,0,0,0,0,0,3,
234429935,0,0,0,0,0,0,0,0,0,0,3,
234429975,0,0,0,0,0,0,0,0,0,0,3,
234430015,0,0,0,0,0,0,0,0,0,0,3,
234430055,0,0,0,0,0,0,0,0,0,0,3,
234430095,0,0,0,0,0,0,0,0,0,0,3,
234430135,0,0,0,0,0,0,0,0,0,0,3,
234430175,0,0,0,0,0,0,0,0,0,0,3,
234430215,0,0,0,0,0,0,0,0,0,0,3,
234430255,0,0,0,0,0,0,0,0,0,0,3,
234430295,0,0,0,0,0,0,0,0,0,0,3,
234430335,0,0,0,0,0,0,0,0,0,0,3,
234430375,0,0,0,0,0,0,0,0,0,0,3,
234430415,0,0,0,0,0,0,0,0,0,0,3,
234430455,0,0,0,0,0,0,0,0,0,0,3,
234430495,0,0,0,0,0,0,0,0,0,0,3,
234430535,0,0,0,0,0,0,0,0,0,0,3,
234430575,0,0,0,0,0,0,0,0,0,0,3,
234430615,0,0,0,0,0,0,0,0,0,0,3,
234430655,0,0,0,0,0,0,0,0,0,0,3,
234430695,0,0,0,0,0,0,0,0,0,0,3,
234430735,0,0,0,0,0,0,0,0,0,0,3,
234430775,0,0,0,0,0,0,0,0,0,0,3,
234430815,0,0,0,0,0,0,0,0,0,0,3,
234430855,0,0,0,0,0,0,0,0,0,0,3,
234430896,0,0,0,0,0,0,0,0,0,0,3,
234430935,0,0,0,0,0,0,0,0,0,0,3,
234430975,0,0,0,0,0,0,0,0,0,0,3,
234431015,0,0,0,0,0,0,0,0,0,0,3,
234431055,0,0,0,0,0,0,0,0,0,0,3,
234431095,0,0,0,0,0,0,0,0,0,0,3,
234431135,0,0,0,0,0,0,0,0,0,0,3,
234431175,0,0,0,0,0,0,0,0,0,0,3,
234431215,0,0,0,0,0,0,0,0,0,0,3,
234431255,0,0,0,0,0,0,0,0,0,0,3,
234431295,0,0,0,0,0,0,0,0,0,0,3,
234431335,0,0,0,0,0,0,0,0,0,0,3,
234431375,0,0,0,0,0,0,0,0,0,0,3,
234431415,0,0,0,0,0,0,0,0,0,0,3,
234431455,0,0,0,0,0,0,0,0,0,0,3,
234431495,0,0,0,0,0,0,0,0,0,0,3,
234431535,0,0,0,0,0,0,0,0,0,0,3,
234431575,0,0,0,0,0,0,0,0,0,0,3,
234431615,0,0,0,0,0,0,0,0,0,0,3,
234431655,0,0,0,0,0,0,0,0,0,0,3,
234431695,0,0,0,0,0,0,0,0,0,0,3,
234431735,0,0,0,0,0,0,0,0,0,0,3,
234431775,0,0,0,0,0,0,0,0,0,0,3,
234431820,0,0,0,0,0,0,0,0,0,0,3,
234431855,0,0,0,0,0,0,0,0,0,0,3,
234431895,0,0,0,0,0,0,0,0,0,0,3,
234431935,0,0,0,0,0,0,0,0,0,0,3,
234431975,0,0,0,0,0,0,0,0,0,0,3,
234432015,0,0,0,0,0,0,0,0,0,0,3,
234432055,0,0,0,0,0,0,0,0,0,0,3,
234432095,0,0,0,0,0,0,0,0,0,0,3,
234432135,0,0,0,0,0,0,0,0,0,0,3,
234432175,0,0,0,0,0,0,0,0,0,0,3,
234432215,0,0,0,0,0,0,0,0,0,0,3,
234432255,0,0,0,0,0,0,0,0,0,0,3,
234432295,0,0,0,0,0,0,0,0,0,0,3,
234432335,0,0,0,0,0,0,0,0,0,0,3,
234432375,0,0,0,0,0,0,0,0,0,0,3,
234432415,0,0,0,0,0,0,0,0,0,0,3,
234432455,0,0,0,0,0,0,0,0,0,0,3,
234432495,0,0,0,0,0,0,0,0,0,0,3,
234432535,0,0,0,0,0,0,0,0,0,0,3,
234432575,0,0,0,0,0,0,0,0,0,0,3,
234432615,0,0,0,0,0,0,0,0,0,0,3,
234432655,0,0,0,0,0,0,0,0,0,0,3,
234432695,0,0,0,0,0,0,0,0,0,0,3,
234432735,0,0,0,0,0,0,0,0,0,0,3,
234432776,0,0,0,0,0,0,0,0,0,0,3,
234432815,0,0,0,0,0,0,0,0,0,0,3,
234432855,0,0,0,0,0,0,0,0,0,0,3,
234432895,0,0,0,0,0,0,0,0,0,0,3,
234432935,0,0,0,0,0,0,0,0,0,0,3,
234432975,0,0,0,0,0,0,0,0,0,0,3,
234433015,0,0,0,0,0,0,0,0,0,0,3,
234433055,0,0,0,0,0,0,0,0,0,0,3,
234433096,0,0,0,0,0,0,0,0,0,0,3,
234433135,0,0,0,0,0,0,0,0,0,0,3,
234433175,0,0,0,0,0,0,0,0,0,0,3,
234433215,0,0,0,0,0,0,0,0,0,0,3,
234433255,0,0,0,0,0,0,0,0,0,0,3,
234433295,0,0,0,0,0,0,0,0,0,0,3,
234433335,0,0,0,0,0,0,0,0,0,0,3,
234433375,0,0,0,0,0,0,0,0,0,0,3,
234433415,0,0,0,0,0,0,0,0,0,0,3,
234433455,0,0,0,0,0,0,0,0,0,0,3,
234433495,0,0,0,0,0,0,0,0,0,0,3,
234433535,0,0,0,0,0,0,0,0,0,0,3,
234433575,0,0,0,0,0,0,0,0,0,0,3,
234433615,0,0,0,0,0,0,0,0,0,0,3,
234433655,0,0,0,0,0,0,0,0,0,0,3,
234433695,0,0,0,0,0,0,0,0,0,0,3,
234433735,0,0,0,0,0,0,0,0,0,0,3,
234433775,0,0,0,0,0,0,0,0,0,0,3,
234433815,0,0,0,0,0,0,0,0,0,0,3,
234433855,0,0,0,0,0,0,0,0,0,0,3,
234433895,0,0,0,0,0,0,0,0,0,0,3,
234433935,0,0,0,0,0,0,0,0,0,0,3,
234433975,0,0,0,0,0,0,0,0,0,0,3,
234434015,0,0,0,0,0,0,0,0,0,0,3,
234434055,0,0,0,0,0,0,0,0,0,0,3,
234434095,0,0,0,0,0,0,0,0,0,0,3,
234434135,0,0,0,0,0,0,0,0,0,0,3,
234434175,0,0,0,0,0,0,0,0,0,0,3,
234434218,0,0,0,0,0,0,0,0,0,0,3,
234434255,0,0,0,0,0,0,0,0,0,0,3,
234434295,0,0,0,0,0,0,0,0,0,0,3,
234434335,0,0,0,0,0,0,0,0,0,0,3,
234434375,0,0,0,0,0,0,0,0,0,0,3,
234434415,0,0,0,0,0,0,0,0,0,0,3,
234434455,0,0,0,0,0,0,0,0,0,0,3,
