milisec,RacketX,RacketY,RacketZ,forceX,forceX,forceX,ForceRatio,FriendPoint,EnemyPoint,haptics,scene
231261916,0,0,0,0,0,0,0,0,0,0,0,
231261966,0,0,0,0,0,0,0,0,0,0,0,
231262026,0,0,0,0,0,0,0,0,0,0,0,
231262086,0,0,0,0,0,0,0,0,0,0,0,
231262166,0,0,0,0,0,0,0,0,0,0,0,
231262206,0,0,0,0,0,0,0,0,0,0,0,
231262267,0,0,0,0,0,0,0,0,0,0,0,
231262327,0,0,0,0,0,0,0,0,0,0,0,
231262387,0,0,0,0,0,0,0,0,0,0,0,
231262447,0,0,0,0,0,0,0,0,0,0,0,
231262507,0,0,0,0,0,0,0,0,0,0,0,
231262567,0,0,0,0,0,0,0,0,0,0,0,
231262627,0,0,0,0,0,0,0,0,0,0,0,
231262687,0,0,0,0,0,0,0,0,0,0,0,
231262747,0,0,0,0,0,0,0,0,0,0,0,
231262807,0,0,0,0,0,0,0,0,0,0,0,
231262867,0,0,0,0,0,0,0,0,0,0,0,
231262928,0,0,0,0,0,0,0,0,0,0,0,
231262988,0,0,0,0,0,0,0,0,0,0,0,
231263048,0,0,0,0,0,0,0,0,0,0,0,
231263108,0,0,0,0,0,0,0,0,0,0,0,
231263168,0,0,0,0,0,0,0,0,0,0,0,
231263228,0,0,0,0,0,0,0,0,0,0,0,
231263288,0,0,0,0,0,0,0,0,0,0,0,
231263348,0,0,0,0,0,0,0,0,0,0,0,
231263408,0,0,0,0,0,0,0,0,0,0,0,
231263468,0,0,0,0,0,0,0,0,0,0,0,
231263528,0,0,0,0,0,0,0,0,0,0,0,
231263588,0,0,0,0,0,0,0,0,0,0,0,
231263649,0,0,0,0,0,0,0,0,0,0,0,
231263709,0,0,0,0,0,0,0,0,0,0,0,
231263769,0,0,0,0,0,0,0,0,0,0,0,
231263829,0,0,0,0,0,0,0,0,0,0,0,
231263889,0,0,0,0,0,0,0,0,0,0,0,
231263949,0,0,0,0,0,0,0,0,0,0,0,
231264009,0,0,0,0,0,0,0,0,0,0,0,
231264069,0,0,0,0,0,0,0,0,0,0,0,
231264129,0,0,0,0,0,0,0,0,0,0,0,
231264189,0,0,0,0,0,0,0,0,0,0,0,
231264249,0,0,0,0,0,0,0,0,0,0,0,
231264310,0,0,0,0,0,0,0,0,0,0,0,
231264370,0,0,0,0,0,0,0,0,0,0,0,
231264430,0,0,0,0,0,0,0,0,0,0,0,
231264490,0,0,0,0,0,0,0,0,0,0,0,
231264550,0,0,0,0,0,0,0,0,0,0,0,
231264610,0,0,0,0,0,0,0,0,0,0,0,
231264670,0,0,0,0,0,0,0,0,0,0,0,
231264730,0,0,0,0,0,0,0,0,0,0,0,
231264790,0,0,0,0,0,0,0,0,0,0,0,
231264850,0,0,0,0,0,0,0,0,0,0,0,
231264910,0,0,0,0,0,0,0,0,0,0,0,
231264970,0,0,0,0,0,0,0,0,0,0,0,
231265031,0,0,0,0,0,0,0,0,0,0,0,
231265091,0,0,0,0,0,0,0,0,0,0,0,
231265151,0,0,0,0,0,0,0,0,0,0,0,
231265211,0,0,0,0,0,0,0,0,0,0,0,
231265271,0,0,0,0,0,0,0,0,0,0,0,
231265331,0,0,0,0,0,0,0,0,0,0,0,
231265391,0,0,0,0,0,0,0,0,0,0,0,
231265451,0,0,0,0,0,0,0,0,0,0,0,
231265511,0,0,0,0,0,0,0,0,0,0,0,
231265571,0,0,0,0,0,0,0,0,0,0,0,
231265631,0,0,0,0,0,0,0,0,0,0,0,
231265692,0,0,0,0,0,0,0,0,0,0,0,
231265752,0,0,0,0,0,0,0,0,0,0,0,
231265812,0,0,0,0,0,0,0,0,0,0,0,
231265872,0,0,0,0,0,0,0,0,0,0,0,
231265932,0,0,0,0,0,0,0,0,0,0,0,
231265992,0,0,0,0,0,0,0,0,0,0,0,
231266052,0,0,0,0,0,0,0,0,0,0,0,
231266112,0,0,0,0,0,0,0,0,0,0,0,
231266172,0,0,0,0,0,0,0,0,0,0,0,
231266232,0,0,0,0,0,0,0,0,0,0,0,
231266292,0,0,0,0,0,0,0,0,0,0,0,
231266352,0,0,0,0,0,0,0,0,0,0,0,
231266413,0,0,0,0,0,0,0,0,0,0,0,
231266473,0,0,0,0,0,0,0,0,0,0,0,
231266533,0,0,0,0,0,0,0,0,0,0,0,
231266593,0,0,0,0,0,0,0,0,0,0,0,
231266653,0,0,0,0,0,0,0,0,0,0,0,
231266713,0,0,0,0,0,0,0,0,0,0,0,
231266773,0,0,0,0,0,0,0,0,0,0,0,
231266833,0,0,0,0,0,0,0,0,0,0,0,
231266893,0,0,0,0,0,0,0,0,0,0,0,
231266953,0,0,0,0,0,0,0,0,0,0,0,
231267013,0,0,0,0,0,0,0,0,0,0,0,
231267073,0,0,0,0,0,0,0,0,0,0,0,
231267134,0,0,0,0,0,0,0,0,0,0,0,
231267194,0,0,0,0,0,0,0,0,0,0,0,
231267254,0,0,0,0,0,0,0,0,0,0,0,
231267314,0,0,0,0,0,0,0,0,0,0,0,
231267374,0,0,0,0,0,0,0,0,0,0,0,
231267434,0,0,0,0,0,0,0,0,0,0,0,
231267494,0,0,0,0,0,0,0,0,0,0,0,
231267554,0,0,0,0,0,0,0,0,0,0,0,
231267614,0,0,0,0,0,0,0,0,0,0,0,
231267674,0,0,0,0,0,0,0,0,0,0,0,
231267734,0,0,0,0,0,0,0,0,0,0,0,
231267795,0,0,0,0,0,0,0,0,0,0,0,
231267855,0,0,0,0,0,0,0,0,0,0,0,
231267915,0,0,0,0,0,0,0,0,0,0,0,
231267975,0,0,0,0,0,0,0,0,0,0,0,
231268035,0,0,0,0,0,0,0,0,0,0,0,
231268095,0,0,0,0,0,0,0,0,0,0,0,
231268155,0,0,0,0,0,0,0,0,0,0,0,
231268215,0,0,0,0,0,0,0,0,0,0,0,
231268275,0,0,0,0,0,0,0,0,0,0,0,
231268335,0,0,0,0,0,0,0,0,0,0,0,
231268395,0,0,0,0,0,0,0,0,0,0,0,
231268455,0,0,0,0,0,0,0,0,0,0,0,
231268516,0,0,0,0,0,0,0,0,0,0,0,
231268576,0,0,0,0,0,0,0,0,0,0,0,
231268636,0,0,0,0,0,0,0,0,0,0,0,
231268696,0,0,0,0,0,0,0,0,0,0,0,
231268756,0,0,0,0,0,0,0,0,0,0,0,
231268816,0,0,0,0,0,0,0,0,0,0,0,
231268876,0,0,0,0,0,0,0,0,0,0,0,
231268936,0,0,0,0,0,0,0,0,0,0,0,
231268996,0,0,0,0,0,0,0,0,0,0,0,
231269056,0,0,0,0,0,0,0,0,0,0,0,
231269116,0,0,0,0,0,0,0,0,0,0,0,
231269177,0,0,0,0,0,0,0,0,0,0,0,
231269237,0,0,0,0,0,0,0,0,0,0,0,
231269297,0,0,0,0,0,0,0,0,0,0,0,
231269357,0,0,0,0,0,0,0,0,0,0,0,
231269417,0,0,0,0,0,0,0,0,0,0,0,
231269477,0,0,0,0,0,0,0,0,0,0,0,
231269537,0,0,0,0,0,0,0,0,0,0,0,
231269597,0,0,0,0,0,0,0,0,0,0,0,
231269657,0,0,0,0,0,0,0,0,0,0,0,
231269717,0,0,0,0,0,0,0,0,0,0,0,
231269777,0,0,0,0,0,0,0,0,0,0,0,
231269837,0,0,0,0,0,0,0,0,0,0,0,
231269898,0,0,0,0,0,0,0,0,0,0,0,
231269958,0,0,0,0,0,0,0,0,0,0,0,
231270018,0,0,0,0,0,0,0,0,0,0,0,
231270078,0,0,0,0,0,0,0,0,0,0,0,
231270138,0,0,0,0,0,0,0,0,0,0,0,
231270198,0,0,0,0,0,0,0,0,0,0,0,
231270258,0,0,0,0,0,0,0,0,0,0,0,
231270318,0,0,0,0,0,0,0,0,0,0,0,
231270378,0,0,0,0,0,0,0,0,0,0,0,
231270438,0,0,0,0,0,0,0,0,0,0,0,
231270498,0,0,0,0,0,0,0,0,0,0,0,
231270559,0,0,0,0,0,0,0,0,0,0,0,
231270619,0,0,0,0,0,0,0,0,0,0,0,
231270679,0,0,0,0,0,0,0,0,0,0,0,
231270739,0,0,0,0,0,0,0,0,0,0,1,
231280282,0,0,0,0,0,0,0,0,0,0,1,
231289225,0,0,0,0,0,0,0,0,0,0,1,
231299224,0,0,0,0,0,0,0,0,0,0,1,
231309079,0,0,0,0,0,0,0,0,0,0,1,
231318322,0,0,0,0,0,0,0,0,0,0,1,
