0, -33.1368, -11.9635, 5979.66, 0, 0, 1
5.849, -33.1368, -11.9635, 5979.66, 0, 0, 1
5.969, -33.1368, -11.9635, 5979.66, 0, 0, 1
6.089, -33.1368, -11.9635, 5979.66, 0, 0, 1
6.209, -33.1368, -11.9635, 5979.66, 0, 0, 1
6.329, -33.1368, -11.9635, 5979.66, 0, 0, 1
6.45, -33.1368, -11.9635, 5979.66, 0, 0, 1
6.57, -33.1368, -11.9635, 5979.66, 0, 0, 1
6.62, -33.1368, -11.9635, 5979.66, 0, 0, 1
6.64, -33.1368, -11.9635, 5979.66, 0, 0, 1
6.66, -33.1368, -11.9635, 5979.66, 0, 0, 1
6.69, -33.1368, -11.9635, 5979.66, 0, 0, 1
6.71, -33.1368, -11.9635, 5979.66, 0, 0, 1
6.73, -33.1368, -11.9635, 5979.66, 0, 0, 1
6.76, -33.1368, -11.9635, 5979.66, 0, 0, 1
6.78, -33.1368, -11.9635, 5979.66, 0, 0, 1
6.8, -33.1368, -11.9635, 5979.66, 0, 0, 1
6.9, -33.1368, -11.9635, 5979.66, 0, 0, 1
6.99, -33.1368, -11.9635, 5979.66, 0, 0, 1
7.08, -33.1368, -11.9635, 5979.66, 0, 0, 1
7.151, -33.1368, -11.9635, 5979.66, 0, 0, 1
7.171, -33.1368, -11.9635, 5979.66, 0, 0, 1
7.191, -33.1368, -11.9635, 5979.66, 0, 0, 1
7.211, -33.1368, -11.9635, 5979.66, 0, 0, 1
7.251, -33.1368, -11.9635, 5979.66, 0, 0, 1
7.271, -33.1368, -11.9635, 5979.66, 0, 0, 1
7.301, -33.1368, -11.9635, 5979.66, 0, 0, 1
7.321, -33.1368, -11.9635, 5979.66, 0, 0, 1
7.341, -33.1368, -11.9635, 5979.66, 0, 0, 1
7.371, -33.1368, -11.9635, 5979.66, 0, 0, 1
7.391, -33.1368, -11.9635, 5979.66, 0, 0, 1
7.411, -33.1368, -11.9635, 5979.66, 0, 0, 1
7.471, -33.1368, -11.9635, 5979.66, 0, 0, 1
7.491, -33.1368, -11.9635, 5979.66, 0, 0, 1
7.521, -33.1368, -11.9635, 5979.66, 0, 0, 1
7.601, -33.1368, -11.9635, 5979.66, 0, 0, 1
7.721, -33.1368, -11.9635, 5979.66, 0, 0, 1
7.842, -33.1368, -11.9635, 5979.66, 0, 0, 1
7.932, 0, 0, 0.2, 0, 0, 1
8.052, 0, -0.0511736, 0.2, 0, 0, 1
8.172, 0, -0.232578, 0.2, 0, 0, 1
8.292, 0, -0.534104, 0.2, 0, 0, 1
8.412, 0, -0.946425, 0.2, 0, 0, 1
8.533, 0, -1.42979, 0.2, 0, 0, 1
8.653, 0, -1.90979, 0.2, 0, 0, 1
8.773, 0, -2.38979, 0.2, 0, 0, 1
8.893, 0, -2.86979, 0.2, 0, 0, 1
9.013, 0, -3.34979, 0.2, 0, 0, 1
9.133, 0, -3.82979, 0.2, 0, 0, 1
9.254, 0, -4.31379, 0.2, 0, 0, 1
9.374, 0, -4.79379, 0.2, 0, 0, 1
9.494, 0, -5.27379, 0.2, 0, 0, 1
9.614, 0, -5.75379, 0.2, 0, 0, 1
9.734, 0, -6.23379, 0.2, 0, 0, 1
9.854, 0, -6.71379, 0.2, 0, 0, 1
9.975, 0, -7.19779, 0.2, 0, 0, 1
10.095, 0, -7.67779, 0.2, 0, 0, 1
10.215, 0, -8.15779, 0.2, 0, 0, 1
10.335, 0, -8.63779, 0.2, 0, 0, 1
10.455, 0, -9.11779, 0.2, 0, 0, 1
10.575, 0, -9.59779, 0.2, 0, 0, 1
10.696, 0, -10.0818, 0.2, 0, 0, 1
10.816, 0, -10.5618, 0.2, 0, 0, 1
10.936, 0, -11.0418, 0.2, 0, 0, 1
11.056, 0, -11.5218, 0.2, 0, 0, 1
11.176, 0, -12.0018, 0.2, 0, 0, 1
11.297, -3.01401e-015, -12.0018, 0.2, 0, 0, 1
11.417, -3.48381e-015, -12.0018, 0.2, 0, 0, 1
11.537, -3.68751e-015, -12.0018, 0.2, 0, 0, 1
11.657, -3.63029e-015, -12.0018, 0.2, 0, 0, 1
11.777, -3.5731e-015, -12.0018, 0.2, 0, 0, 1
11.897, 35.8571, -12.0018, 21.834, 0, 0, 1
12.018, 35.6282, -12.0018, 22.1755, 0, 0, 1
12.138, 35.7524, -12.0018, 23.1848, 0, 0, 1
12.258, 35.2558, -12.0018, 24.0714, 0, 0, 1
12.378, 34.7077, -12.0018, 25.6534, 0, 0, 1
12.498, 34.0032, -12.0018, 26.7529, 0, 0, 1
12.618, 32.9514, -12.0018, 27.8483, 0.386041, -0.737133, 0.554623
12.739, 32.3148, -12.0018, 28.3166, 0.293265, -0.730599, 0.616621
12.859, 31.4734, -12.0018, 28.5722, 0.249198, -0.70537, 0.663591
12.979, 30.7606, -12.0018, 28.6753, 0.197173, -0.737017, 0.646474
13.099, 30.3247, -12.0018, 28.7241, 0.18433, -0.653563, 0.734083
13.219, 30.0237, -12.0018, 28.8243, 0.186255, -0.716174, 0.67261
13.339, 29.8993, -12.0018, 28.9225, 0.172021, -0.779837, 0.601883
13.46, 29.8031, -12.0018, 29.0129, 0.172619, -0.865795, 0.469683
13.58, 29.4866, -12.0018, 29.1571, 0.0877964, -0.876703, 0.472952
13.7, 29.1776, -12.0018, 29.2748, 0.0431612, -0.930834, 0.362884
13.82, 28.7359, -12.0018, 29.37, 0.0455252, -0.895614, 0.442497
13.94, 28.3962, -12.0018, 29.3781, 0.0776647, -0.855354, 0.512188
14.06, 28.136, -12.0018, 29.3875, 0.113261, -0.762472, 0.637031
14.181, 27.9176, -12.0018, 29.3633, 0.10054, -0.749183, 0.654688
14.301, 27.7605, -12.0018, 29.3507, 0.0822412, -0.742257, 0.665049
14.421, 27.5909, -12.0018, 29.2619, 0.0888922, -0.768292, 0.633897
14.541, 27.5068, -12.0018, 29.1019, 0.139669, -0.726609, 0.672705
14.661, 27.4737, -12.0018, 29.0346, 0.144441, -0.718359, 0.680512
14.782, 27.3706, -12.0018, 28.9873, 0.110529, -0.763335, 0.636477
14.902, 27.3342, -12.0018, 28.9767, 0.11999, -0.754836, 0.644844
15.022, 27.3019, -12.0018, 28.9669, 0.1035, -0.747694, 0.655928
15.142, 27.2652, -12.0018, 28.9533, 0.106177, -0.725256, 0.680243
15.262, 27.2661, -12.0018, 28.858, 0.0964517, -0.688592, 0.718705
15.382, 27.3174, -12.0018, 28.7972, 0.134662, -0.657368, 0.74144
15.503, 27.365, -12.0018, 28.8199, 0.177654, -0.669095, 0.721631
15.623, 27.3724, -12.0018, 28.8703, 0.224236, -0.59541, 0.771496
15.743, 27.2672, -12.0018, 28.8622, 0.121816, -0.538192, 0.833973
15.863, 27.224, -12.0018, 28.863, 0.0750443, -0.553589, 0.829402
15.983, 27.1522, -12.0018, 28.7621, 0.0336163, -0.466987, 0.883625
16.103, 27.1597, -12.0018, 28.7378, 0.0291161, -0.39667, 0.9175
16.224, 27.1992, -12.0018, 28.7501, 0.0912796, -0.38159, 0.919814
16.344, 27.1994, -12.0018, 28.773, 0.113942, -0.392583, 0.912631
16.464, 27.1995, -12.0018, 28.796, 0.115628, -0.384354, 0.915916
16.584, 27.1997, -12.0018, 28.8189, 0.12639, -0.350761, 0.927897
16.704, 27.1118, -12.0018, 28.7231, 0.11582, -0.244269, 0.962766
16.824, 27.0791, -12.0018, 28.7101, 0.134682, -0.24023, 0.961327
16.945, 27.0792, -12.0018, 28.7333, 0.134202, -0.217447, 0.966802
17.065, 27.0794, -12.0018, 28.7562, 0.14468, -0.197234, 0.969622
17.185, 27.0796, -12.0018, 28.7791, 0.12224, -0.194413, 0.973273
17.305, 27.0798, -12.0018, 28.8021, 0.0929267, -0.172248, 0.980661
17.425, 27.0799, -12.0018, 28.825, 0.0435065, -0.16616, 0.985139
17.546, 27.0801, -12.0018, 28.8482, -0.0222333, -0.151338, 0.988232
17.666, 27.1374, -12.0018, 28.8929, -0.0200341, -0.18247, 0.983007
17.786, 27.3156, -12.0018, 29.0884, 0.0784714, -0.341167, 0.936722
17.906, 27.4228, -12.0018, 29.1439, 0.14132, -0.378364, 0.914806
18.026, 27.423, -12.0018, 29.1669, 0.124113, -0.330626, 0.935565
18.146, 27.3244, -12.0018, 29.1368, 0.0106632, -0.235185, 0.971892
18.267, 27.2566, -12.0018, 29.1434, -0.0786582, -0.190659, 0.9785
18.387, 26.9456, -12.0018, 29.0971, -0.142325, -0.181219, 0.97309
18.507, 26.9479, -12.0018, 29.3334, -0.227974, -0.134009, 0.964401
18.627, 26.9502, -12.0018, 29.5698, -0.301265, -0.112069, 0.946932
18.747, 26.9525, -12.0018, 29.8061, -0.358417, -0.105412, 0.927591
18.867, 26.9549, -12.0018, 30.0424, -0.0552677, -0.0866892, 0.994701
18.988, 26.9672, -12.0018, 31.0993, 0.271223, -0.0442681, 0.961498
19.108, 26.9819, -12.0018, 34.6103, 0.397204, -0.0248767, 0.917393
19.228, 26.9881, -12.0018, 38.1213, 0.38961, -0.0350146, 0.920314
19.348, 26.9942, -12.0018, 41.6322, 0.362693, -0.0661671, 0.929557
19.468, 26.9764, -12.0018, 46.5954, 0.316974, -0.0833993, 0.94476
19.588, 26.9618, -12.0018, 52.0428, 0.244071, -0.0630502, 0.967706
19.709, 26.9457, -12.0018, 57.5355, 0.186014, -0.0456136, 0.981488
19.829, 26.9297, -12.0018, 62.9829, 0.184224, -0.0582736, 0.981155
19.949, 25.5324, -12.0018, 64.5194, 0.19276, -0.0535905, 0.979781
20.069, 25.5257, -12.0018, 68.3003, 0.182709, -0.0317748, 0.982653
20.189, 25.5363, -12.0018, 72.0813, 0.180825, -0.0580507, 0.9818
20.309, 25.5536, -12.0018, 75.8622, 0.186287, -0.0706863, 0.979949
20.43, 25.6204, -12.0018, 82.0207, 0.19128, -0.06853, 0.97914
20.55, 25.6911, -12.0018, 88.1284, 0.177255, -0.0619735, 0.982212
20.67, 25.7618, -12.0018, 94.2361, 0.171844, -0.0662809, 0.982892
20.79, 24.368, -12.0018, 98.8798, 0.140038, -0.0614979, 0.988234
20.91, 24.4582, -12.0018, 104.326, 0.0602267, -0.0387668, 0.997432
21.031, 24.6086, -12.0018, 109.817, -0.0244582, -0.0366933, 0.999027
21.151, 24.4909, -12.0018, 115.982, -0.111821, -0.0372842, 0.993029
21.271, 24.4096, -12.0018, 122.877, -0.162198, -0.036985, 0.986065
21.391, 24.4784, -12.0018, 129.773, -0.169608, -0.0184585, 0.985339
21.511, 22.7585, -12.0018, 133.363, -0.136137, -0.0086748, 0.990652
21.631, 22.8456, -12.0018, 135.614, -0.0659078, -0.0204075, 0.997617
21.752, 22.886, -12.0018, 140.129, -0.00429059, -0.0288706, 0.999574
21.872, 22.9472, -12.0018, 144.606, 0.0651669, -0.0485237, 0.996694
21.992, 23.0359, -12.0018, 150.278, 0.113823, -0.0646226, 0.991397
22.112, 23.291, -12.0018, 157.141, 0.150111, -0.0578279, 0.986976
22.232, 23.5682, -12.0018, 164.002, 0.146702, -0.0608269, 0.987309
22.352, 22.2826, -12.0018, 169.859, 0.137688, -0.0584305, 0.988751
22.473, 22.4317, -12.0018, 175.369, 0.11667, -0.0663233, 0.990954
22.593, 22.4841, -12.0018, 180.836, 0.126121, -0.0744908, 0.989214
22.713, 22.5329, -12.0018, 186.302, 0.135633, -0.0868345, 0.986947
22.833, 22.5799, -12.0018, 191.759, 0.148306, -0.10109, 0.983761
22.953, 22.6677, -12.0018, 197.206, 0.167087, -0.110819, 0.979694
23.073, 22.7596, -12.0018, 202.652, 0.188851, -0.114803, 0.975272
23.194, 22.8522, -12.0018, 208.144, 0.143309, -0.112736, 0.983236
23.314, 21.0753, -12.0018, 211.176, 0.0490324, -0.0873463, 0.994971
23.434, 21.2274, -12.0018, 215.276, -0.0384555, -0.0501264, 0.998002
23.554, 21.389, -12.0018, 219.376, -0.0692329, -0.0444584, 0.996609
23.674, 21.4368, -12.0018, 225.367, -0.05847, -0.0509337, 0.996989
23.794, 21.4056, -12.0018, 233.25, -0.0742683, -0.0441552, 0.99626
23.915, 21.4112, -12.0018, 241.199, -0.0985414, -0.0477378, 0.993987
24.035, 19.5895, -12.0018, 243.409, -0.0743623, -0.0638139, 0.995187
24.155, 19.6173, -12.0018, 245.648, -0.0366096, -0.0585657, 0.997612
24.275, 19.6091, -12.0018, 250.126, 0.00858026, -0.0655808, 0.99781
24.395, 19.6124, -12.0018, 254.604, 0.0700527, -0.0781431, 0.994478
24.516, 19.6236, -12.0018, 259.54, 0.115234, -0.0868146, 0.989537
24.636, 19.773, -12.0018, 265.646, 0.153013, -0.0700693, 0.985737
24.756, 19.9795, -12.0018, 271.751, 0.160365, -0.0739337, 0.984285
24.876, 20.1859, -12.0018, 277.856, 0.171946, -0.0768772, 0.982102
24.996, 18.8649, -12.0018, 281.037, 0.166739, -0.075557, 0.983102
25.116, 18.9905, -12.0018, 285.956, 0.203694, -0.069674, 0.976552
25.237, 19.1162, -12.0018, 290.916, 0.273213, -0.0878906, 0.95793
25.357, 19.2533, -12.0018, 296.822, 0.310017, -0.0963089, 0.94584
25.477, 19.4083, -12.0018, 303.717, 0.27977, -0.103758, 0.954444
25.597, 19.5608, -12.0018, 310.612, 0.0989826, -0.114187, 0.988516
25.717, 17.9506, -12.0018, 314.714, -0.064129, -0.0900573, 0.99387
25.837, 18.0633, -12.0018, 320.16, -0.200872, -0.0711481, 0.97703
25.958, 18.1407, -12.0018, 325.652, -0.231384, -0.065196, 0.970676
26.078, 18.217, -12.0018, 331.099, -0.21043, -0.0555893, 0.976027
26.198, 18.2899, -12.0018, 336.546, -0.146174, -0.0524237, 0.987869
26.318, 18.3638, -12.0018, 341.993, 0.0802711, -0.0479937, -0.995617
26.438, 18.4371, -12.0018, 347.44, 0.0184077, -0.0405574, -0.999008
26.558, 18.5104, -12.0018, 352.886, 0.0314425, -0.045355, 0.998476
26.679, 16.8267, -12.0018, 357.049, 0.103297, -0.0481696, 0.993483
26.799, 16.9125, -12.0018, 361.54, 0.138948, -0.0228584, 0.990036
26.919, 17.0077, -12.0018, 366.03, 0.161968, -0.0346313, 0.986188
27.039, 17.055, -12.0018, 373.038, 0.19755, -0.0605049, 0.978424
27.159, 17.1703, -12.0018, 380.883, 0.202329, -0.0704276, 0.976782
27.28, 17.2929, -12.0018, 388.794, 0.211262, -0.0521547, 0.976037
27.4, 15.973, -12.0018, 392.659, 0.225148, -0.0400866, 0.9735
27.52, 16.0833, -12.0018, 398.125, 0.214785, -0.0303196, 0.976191
27.64, 16.17, -12.0018, 403.591, 0.20903, -0.0202864, 0.977699
27.76, 16.2516, -12.0018, 409.057, 0.21172, -0.0311615, 0.976833
27.88, 16.3752, -12.0018, 415.14, 0.230183, -0.0364042, 0.972466
28.001, 16.5086, -12.0018, 421.274, 0.226085, -0.0243904, 0.973802
28.121, 16.6409, -12.0018, 427.357, 0.217386, -0.034677, 0.97547
28.241, 16.7849, -12.0018, 433.121, 0.18656, -0.00510622, 0.98243
28.361, 16.8874, -12.0018, 438.568, 0.165764, 0.0125814, 0.986085
28.481, 16.9773, -12.0018, 444.014, 0.177682, -0.00933026, 0.984044
28.601, 17.0579, -12.0018, 450.186, 0.212637, -0.0124217, 0.977052
28.722, 17.1369, -12.0018, 457.139, 0.246335, 0.0258352, 0.96884
28.842, 17.2149, -12.0018, 464.035, 0.24779, -0.0140347, 0.968712
28.962, 15.4237, -12.0018, 468.343, 0.242356, -0.00367808, 0.97018
29.082, 15.4776, -12.0018, 469.365, 0.222465, 0.0100921, 0.974889
29.202, 15.5163, -12.0018, 473.468, 0.201139, 0.00233745, 0.97956
29.322, 15.5593, -12.0018, 477.57, 0.218194, -0.0315021, 0.975397
29.443, 15.6191, -12.0018, 483.597, 0.251837, -0.0386141, 0.966999
29.563, 15.7449, -12.0018, 491.479, 0.274183, -0.0457796, 0.960587
29.683, 15.8782, -12.0018, 499.361, 0.268804, -0.0782357, 0.960012
29.803, 14.3338, -12.0018, 502.4, 0.241961, -0.0704038, 0.967728
29.923, 14.4622, -12.0018, 506.065, 0.176968, -0.0674856, 0.9819
30.043, 14.5718, -12.0018, 510.984, 0.103845, -0.0772949, 0.991585
30.164, 14.6814, -12.0018, 515.944, 0.0847496, -0.0747047, 0.993598
30.284, 14.7883, -12.0018, 520.995, 0.127396, -0.0804475, 0.988584
30.404, 14.8795, -12.0018, 526.441, 0.261458, -0.0843194, 0.961525
30.524, 14.9587, -12.0018, 531.888, 0.325325, -0.0746003, 0.942655
30.644, 15.0379, -12.0018, 537.335, 0.344807, -0.0672368, 0.936262
30.765, 13.7152, -12.0018, 542.156, 0.332632, -0.0560478, 0.94139
30.885, 13.7676, -12.0018, 546.648, 0.244298, -0.0602851, 0.967825
31.005, 13.8176, -12.0018, 551.139, 0.0797617, -0.0923937, 0.992523
31.125, 13.849, -12.0018, 556.225, 0.00847283, -0.0670258, 0.997715
31.245, 13.8458, -12.0018, 563.092, -0.013858, -0.0499196, 0.998657
31.365, 13.8538, -12.0018, 569.959, -0.0496438, -0.0633045, 0.996759
31.486, 13.8619, -12.0018, 576.883, -0.0231393, -0.0497254, 0.998495
31.606, 12.2237, -12.0018, 581.63, 0.00516165, -0.0541795, 0.998518
31.726, 12.2383, -12.0018, 587.096, 0.0925797, -0.0382693, 0.99497
31.846, 12.2539, -12.0018, 592.563, 0.204028, -0.041355, 0.978091
31.966, 12.2687, -12.0018, 598.025, 0.307513, -0.0454081, 0.95046
32.086, 12.2911, -12.0018, 603.472, 0.403181, -0.0597687, 0.913166
32.207, 12.3237, -12.0018, 608.964, 0.480852, -0.065041, 0.874386
32.327, 12.3561, -12.0018, 614.412, 0.47033, -0.0519189, 0.880962
32.447, 12.3792, -12.0018, 619.595, 0.396252, -0.0424069, 0.917162
32.567, 12.4102, -12.0018, 624.516, 0.155017, -0.0595058, 0.986118
32.687, 12.4456, -12.0018, 629.436, -0.0143044, -0.077807, 0.996866
32.807, 12.4805, -12.0018, 634.356, -0.0761039, -0.0848447, 0.993484
32.928, 12.5341, -12.0018, 639.868, -0.0434666, -0.0803929, 0.995815
33.048, 12.5984, -12.0018, 645.334, -0.0255169, -0.0861186, 0.995958
33.168, 12.6626, -12.0018, 650.801, -0.00205728, -0.0917365, 0.995781
33.288, 11.0831, -12.0018, 655.59, 0.00800346, -0.0525593, 0.998586
33.408, 11.1201, -12.0018, 660.51, 0.0306007, -0.0407111, 0.998702
33.528, 11.1577, -12.0018, 665.431, 0.0905314, -0.0656221, 0.993729
33.649, 11.216, -12.0018, 671.873, 0.152157, -0.0617983, 0.986422
33.769, 11.3172, -12.0018, 679.756, 0.226035, -0.0540144, 0.97262
33.889, 11.4216, -12.0018, 687.638, 0.243601, -0.073809, 0.967063
34.009, 10.0639, -12.0018, 690.667, 0.231227, -0.06674, 0.970608
34.129, 10.1225, -12.0018, 696.114, 0.180695, -0.0628085, 0.981532
34.25, 10.1902, -12.0018, 701.606, 0.162719, -0.0707765, 0.984131
34.37, 10.2556, -12.0018, 707.662, 0.155514, -0.0734637, 0.985098
34.49, 10.3264, -12.0018, 715.545, 0.15748, -0.0569084, 0.985881
34.61, 10.3987, -12.0018, 723.428, 0.153178, -0.0646258, 0.986083
34.73, 9.08538, -12.0018, 728.211, 0.141555, -0.0397643, 0.989131
34.85, 9.15597, -12.0018, 730.657, 0.117525, -0.0115633, 0.993003
34.971, 9.17912, -12.0018, 735.618, 0.0972365, 0.0237661, 0.994977
35.091, 9.20273, -12.0018, 740.538, 0.099044, 0.0336447, 0.994514
35.211, 9.22428, -12.0018, 745.458, 0.105966, 0.0344024, 0.993774
35.331, 9.26113, -12.0018, 750.905, 0.150917, 0.0307997, 0.988067
35.451, 9.3145, -12.0018, 756.352, 0.182561, 0.024518, 0.982889
35.571, 9.36786, -12.0018, 761.799, 0.191308, 0.0228818, 0.981263
35.692, 9.40773, -12.0018, 767.793, 0.172133, 0.0309994, 0.984586
35.812, 9.45671, -12.0018, 773.901, 0.174316, 0.0329185, 0.984139
35.932, 9.50568, -12.0018, 780.009, 0.194013, -0.00247757, 0.980996
36.052, 9.52979, -12.0018, 786.686, 0.235209, -0.0102173, 0.971891
36.172, 9.59079, -12.0018, 793.553, 0.24808, -0.024456, 0.968431
36.292, 9.65179, -12.0018, 800.42, 0.241222, -0.0297483, 0.970014
36.413, 8.66726, -12.0018, 806.259, 0.230281, -0.0199325, 0.97292
36.533, 8.73911, -12.0018, 811.725, 0.187832, -0.0302986, 0.981734
36.653, 8.8011, -12.0018, 817.192, 0.174786, -0.0458339, 0.983539
36.773, 8.86309, -12.0018, 822.658, 0.173454, -0.0440437, 0.983857
36.893, 8.92485, -12.0018, 828.11, 0.207127, -0.0583274, 0.976574
37.013, 8.98172, -12.0018, 833.557, 0.236006, -0.0630503, 0.969704
37.134, 9.03701, -12.0018, 839.049, 0.26197, -0.0809935, 0.961671
37.254, 9.09842, -12.0018, 844.496, 0.250818, -0.08042, 0.964688
37.374, 9.15554, -12.0018, 849.943, 0.22642, -0.0549192, 0.97248
37.494, 9.20452, -12.0018, 855.39, 0.214902, -0.0487708, 0.975417
37.614, 9.2535, -12.0018, 860.837, 0.214331, -0.0295473, 0.976314
37.735, 9.2757, -12.0018, 866.996, 0.231365, -0.0177365, 0.972705
37.855, 9.31911, -12.0018, 873.104, 0.215849, -0.00883848, 0.976387
37.975, 9.36252, -12.0018, 879.212, 0.196152, -0.0257476, 0.980235
38.095, 8.36453, -12.0018, 882.843, 0.158805, -0.0272985, 0.986932
38.215, 8.40804, -12.0018, 887.763, 0.109492, -0.0367077, 0.99331
38.335, 8.45307, -12.0018, 892.683, 0.115171, -0.0570472, 0.991706
38.456, 8.49847, -12.0018, 897.644, 0.166122, -0.0429296, 0.98517
38.576, 8.53632, -12.0018, 902.974, 0.217456, -0.0288902, 0.975643
38.696, 8.58515, -12.0018, 908.44, 0.271012, -0.015008, 0.962459
38.816, 8.63398, -12.0018, 913.907, 0.287821, -0.0323236, 0.957139
38.936, 7.65723, -12.0018, 919.133, 0.264267, -0.0222429, 0.964193
39.056, 7.75778, -12.0018, 924.052, 0.182938, -0.0337368, 0.982545
39.177, 7.87287, -12.0018, 929.012, 0.150992, -0.065053, 0.986392
39.297, 7.98701, -12.0018, 933.931, 0.119058, -0.0871745, 0.989053
39.417, 8.1082, -12.0018, 939.113, 0.134461, -0.0773375, 0.987896
39.537, 8.24277, -12.0018, 944.559, 0.211196, -0.0598959, 0.975607
39.657, 8.37777, -12.0018, 950.005, 0.301606, -0.0498411, 0.952129
39.777, 8.51276, -12.0018, 955.45, 0.330869, -0.0298893, 0.943203
39.898, 8.64515, -12.0018, 960.558, 0.313583, -0.0204438, 0.949341
40.018, 8.74549, -12.0018, 965.493, 0.29639, -0.0286016, 0.954639
40.138, 8.84381, -12.0018, 970.429, 0.280538, -0.0288072, 0.959411
40.258, 8.94213, -12.0018, 975.364, 0.271855, -0.0253984, 0.962003
40.378, 9.03393, -12.0018, 980.283, 0.266007, -0.0292704, 0.963527
40.499, 9.1221, -12.0018, 985.244, 0.25886, -0.0399773, 0.965087
40.619, 9.20953, -12.0018, 990.163, 0.2666, -0.0429221, 0.962851
40.739, 9.29168, -12.0018, 995.083, 0.271369, -0.0146074, 0.962364
40.859, 9.37035, -12.0018, 1000, 0.255488, 0.0132915, 0.966721
40.979, 9.44479, -12.0018, 1004.92, 0.251817, -0.00601089, 0.967756
41.099, 9.51838, -12.0018, 1009.84, 0.244142, -0.0240875, 0.96944
41.22, 9.59222, -12.0018, 1016, 0.265443, -0.0312507, 0.96362
41.34, 9.65983, -12.0018, 1022.11, 0.261556, -0.0120059, 0.965114
41.46, 9.72744, -12.0018, 1028.22, 0.240197, -0.0093784, 0.970679
41.58, 9.79299, -12.0018, 1034.31, 0.184962, 0.00481311, 0.982734
41.7, 9.87601, -12.0018, 1040.39, 0.166226, -0.015302, 0.985969
41.82, 9.95902, -12.0018, 1046.47, 0.16914, -0.0267691, 0.985229
41.941, 10.0422, -12.0018, 1052.62, 0.20515, -0.0335483, 0.978155
42.061, 10.1249, -12.0018, 1058.73, 0.260627, -0.0495771, 0.964166
42.181, 10.2079, -12.0018, 1064.83, 0.286148, -0.066518, 0.955874
42.301, 9.0955, -12.0018, 1070.32, 0.294454, -0.0556749, 0.954042
42.421, 9.16319, -12.0018, 1072.53, 0.255083, -0.0385581, 0.96615
42.541, 9.22908, -12.0018, 1077.01, 0.215412, -0.0411043, 0.975658
42.662, 9.29751, -12.0018, 1081.52, 0.177037, -0.0482766, 0.983019
42.782, 9.36511, -12.0018, 1087.2, 0.168906, -0.0280602, 0.985233
42.902, 9.44815, -12.0018, 1094.06, 0.172719, -0.0142024, 0.984869
43.022, 9.53376, -12.0018, 1100.93, 0.17361, -0.0157337, 0.984689
43.142, 8.1292, -12.0018, 1106.76, 0.178616, -0.0123574, 0.983841
43.262, 8.22333, -12.0018, 1109.02, 0.194443, -0.00885698, 0.980874
43.383, 8.30386, -12.0018, 1113.54, 0.188785, -0.014965, 0.981904
43.503, 8.38147, -12.0018, 1118.04, 0.195436, -0.0299671, 0.980259
43.623, 8.4609, -12.0018, 1122.93, 0.215887, -0.0323495, 0.975882
43.743, 8.55382, -12.0018, 1129.01, 0.247338, -0.0372486, 0.968213
43.863, 8.65284, -12.0018, 1135.09, 0.253947, -0.0467382, 0.966088
43.984, 8.75268, -12.0018, 1141.23, 0.255998, -0.0403953, 0.965833
44.104, 8.84342, -12.0018, 1146.85, 0.242365, -0.0335964, 0.969603
44.224, 8.89682, -12.0018, 1152.31, 0.230195, -0.044273, 0.972137
44.344, 8.94733, -12.0018, 1157.78, 0.241875, -0.0510539, 0.968964
44.464, 8.42007, -12.0018, 1162.79, 0.236373, -0.0577177, 0.969947
44.584, 8.46294, -12.0018, 1167.71, 0.239078, -0.0454956, 0.969934
44.705, 8.50555, -12.0018, 1172.67, 0.211979, -0.044439, 0.976263
44.825, 8.54781, -12.0018, 1177.59, 0.191459, -0.0525421, 0.980093
44.945, 8.5774, -11.994, 1182.78, 0.175171, -0.0362496, 0.983871
45.065, 8.6027, -11.9722, 1188.22, 0.169114, -0.0452579, 0.984557
45.185, 8.62995, -11.9472, 1193.67, 0.176174, -0.0496, 0.983109
45.305, 8.65806, -11.9271, 1199.12, 0.188651, -0.057698, 0.980348
45.426, 8.00967, -11.9229, 1203.53, 0.228595, -0.0532034, 0.972067
45.546, 8.06103, -11.9229, 1208.02, 0.265368, -0.056036, 0.962517
45.666, 8.11674, -11.9229, 1212.52, 0.265293, -0.0636783, 0.962063
45.786, 8.1713, -11.9186, 1217.01, 0.259426, -0.0471903, 0.964609
45.906, 8.24658, -11.9081, 1221.82, 0.227362, -0.0216527, 0.97357
46.026, 8.29279, -11.9003, 1226.74, 0.188498, 0.0101699, 0.982021
46.147, 8.33764, -11.8976, 1231.7, 0.192415, -0.00881981, 0.981274
46.267, 8.3854, -11.8976, 1237.2, 0.220538, -0.0308452, 0.974891
46.387, 8.42659, -11.8976, 1243.29, 0.279122, -0.0249951, 0.95993
46.507, 8.46594, -11.8976, 1249.37, 0.287852, 0.0128608, 0.957589
46.627, 8.49066, -11.8976, 1255.46, 0.291767, 0.0517064, 0.955091
46.747, 8.49316, -11.8976, 1260.92, 0.25755, 0.0622461, 0.964258
46.868, 8.50704, -11.8976, 1266.43, 0.256803, 0.0361878, 0.965786
46.988, 8.5203, -11.8976, 1271.9, 0.259976, 0.0461902, 0.96451
47.108, 8.54915, -11.8976, 1278.77, 0.300485, 0.0420449, 0.952859
47.228, 8.59766, -11.8976, 1285.64, 0.31248, 0.0404643, 0.949062
47.348, 8.64616, -11.8976, 1292.5, 0.298724, 0.0117394, 0.954267
47.469, 7.65802, -11.8976, 1297.81, 0.248348, 0.0260881, 0.968319
47.589, 7.73672, -11.8976, 1303.28, 0.174875, 0.0238378, 0.984302
47.709, 7.82506, -11.8976, 1308.75, 0.156423, 0.0162795, 0.987556
47.829, 7.93692, -11.8976, 1314.37, 0.160678, 0.0138838, 0.986909
47.949, 8.07813, -11.8976, 1320.45, 0.180751, 0.016496, 0.98339
48.069, 8.21331, -11.8976, 1326.53, 0.187952, 0.0343469, 0.981578
48.19, 8.34783, -11.8976, 1332.67, 0.195843, 0.0205596, 0.98042
48.31, 8.44706, -11.8976, 1338.77, 0.167484, 0.00702518, 0.98585
48.43, 8.5279, -11.8976, 1344.88, 0.157226, -0.0145205, 0.987456
48.55, 8.60874, -11.8976, 1350.99, 0.165017, -0.0220297, 0.986045
48.67, 8.69765, -11.8976, 1357.08, 0.193513, -0.0144041, 0.980992
48.79, 8.80614, -11.8976, 1363.16, 0.226636, -0.00315458, 0.973974
48.911, 8.91598, -11.8976, 1369.3, 0.238461, -0.0175937, 0.970993
49.031, 9.01237, -11.8976, 1375.22, 0.2232, 0.0194153, 0.974579
49.151, 9.09454, -11.8976, 1380.67, 0.183801, 0.0408155, 0.982116
49.271, 9.17728, -11.8976, 1386.11, 0.163773, 0.0298682, 0.986046
49.391, 9.26002, -11.8976, 1391.56, 0.140286, 0.0415788, 0.989238
49.511, 9.34176, -11.8976, 1397.02, 0.147351, 0.0527924, 0.987674
49.632, 9.43078, -11.8976, 1402.53, 0.152763, 0.056896, 0.986624
49.752, 9.51906, -11.8976, 1408, 0.144667, 0.0341419, 0.988891
49.872, 9.60618, -11.8976, 1413.77, 0.116797, 0.0670146, 0.990892
49.992, 9.65846, -11.8976, 1419.86, 0.0705276, 0.0551784, 0.995983
50.112, 9.70562, -11.8976, 1425.94, 0.0646719, 0.0430699, 0.996977
50.233, 9.74771, -11.8976, 1432.08, 0.084664, 0.041465, 0.995546
50.353, 9.77234, -11.8976, 1438.19, 0.130177, 0.0475929, 0.990348
50.473, 9.79574, -11.8976, 1444.3, 0.141678, 0.0208172, 0.989694
50.593, 9.81914, -11.8976, 1450.41, 0.135027, 0.0296994, 0.990397
50.713, 9.87558, -11.8976, 1456.49, 0.0729593, 0.0347264, 0.99673
50.833, 9.92666, -11.8976, 1462.58, 0.0406968, 0.0235043, 0.998895
50.954, 9.97818, -11.8976, 1468.71, 0.0304136, 0.0219376, 0.999297
51.074, 9.99982, -11.8976, 1474.81, 0.0792722, 0.0274721, 0.996474
51.194, 10.0226, -11.8976, 1480.92, 0.0972303, 0.0337594, 0.994689
51.314, 10.0468, -11.8976, 1487.03, 0.102402, 0.0253446, 0.99442
51.434, 8.96593, -11.8976, 1492.44, 0.0877379, 0.0363105, 0.995482
51.554, 8.97558, -11.8976, 1497.88, 0.0512177, 0.0396928, 0.997898
51.675, 8.98327, -11.8976, 1503.38, 0.0397905, 0.0560739, 0.997633
51.795, 8.98973, -11.8976, 1508.82, 0.0489526, 0.0652675, 0.996666
51.915, 9.00064, -11.8976, 1514.91, 0.0788734, 0.0523497, 0.995509
52.035, 9.01775, -11.8976, 1520.99, 0.0792976, 0.0398871, 0.996053
52.155, 9.03486, -11.8976, 1527.08, 0.0807592, 0.0486983, 0.995543
52.275, 9.0583, -11.8976, 1532.85, 0.0172907, 0.0562112, 0.998269
52.396, 9.10411, -11.8976, 1538.37, 0.000829168, 0.0349706, 0.999388
52.516, 9.15309, -11.8976, 1543.83, 0.0394502, 0.0290304, 0.9988
52.636, 9.20154, -11.8976, 1550, 0.078141, 0.0181743, 0.996777
52.756, 9.26473, -11.8976, 1556.87, 0.156466, 0.0308467, 0.987201
52.876, 9.33469, -11.8976, 1563.73, 0.182343, 0.0341202, 0.982643
52.996, 8.35326, -11.8976, 1569.78, 0.177437, 0.0399699, 0.98332
53.117, 8.40846, -11.8976, 1575.29, 0.1435, 0.0371756, 0.988952
53.237, 8.47605, -11.8976, 1580.75, 0.131663, 0.0147949, 0.991184
53.357, 8.54364, -11.8976, 1586.22, 0.127422, 0.0111629, 0.991786
53.477, 8.61309, -11.8976, 1591.68, 0.146015, 0.0165722, 0.989144
53.597, 8.69638, -11.8976, 1597.12, 0.133741, 0.016983, 0.990871
53.718, 8.7808, -11.8976, 1602.62, 0.111959, 0.00408132, 0.993704
53.838, 8.87902, -11.8976, 1608.23, 0.0666258, -0.0113642, 0.997713
53.958, 9.02463, -11.8976, 1614.33, 0.0059396, -0.00352219, 0.999976
54.078, 9.16469, -11.8976, 1620.44, -0.037031, -0.0233427, 0.999041
54.198, 9.30476, -11.8976, 1626.55, -0.027273, -0.0243406, 0.999332
54.318, 8.68637, -11.8976, 1628.68, 0.073062, -0.0116171, 0.99726
54.439, 8.76534, -11.8976, 1633.2, 0.166361, -0.0225775, 0.985806
54.559, 8.84131, -11.8976, 1637.67, 0.195089, -0.0341382, 0.980191
54.679, 8.91728, -11.8976, 1642.15, 0.199717, -0.0226695, 0.979591
54.799, 9.04698, -11.8976, 1648.23, 0.140266, -0.00925989, 0.990071
54.919, 9.13223, -11.8976, 1654.32, 0.0910249, -0.0279364, 0.995457
55.039, 9.20376, -11.8976, 1660.4, 0.0878678, -0.0146467, 0.996024
55.16, 9.26619, -11.8976, 1666.23, 0.115497, -0.0124905, 0.993229
55.28, 9.31421, -11.8976, 1671.69, 0.162414, -0.0237136, 0.986438
55.4, 9.36235, -11.8976, 1677.16, 0.180046, -0.0351069, 0.983032
55.52, 9.41048, -11.8976, 1682.63, 0.171764, -0.036719, 0.984454
55.64, 8.21817, -11.8976, 1686.17, 0.101422, -0.034406, 0.994248
55.76, 8.25208, -11.8976, 1690.65, 0.0668523, -0.0479708, 0.996609
55.881, 8.28864, -11.8976, 1695.17, 0.0607878, -0.0609447, 0.996288
56.001, 8.32475, -11.8976, 1699.65, 0.0996298, -0.0526416, 0.993631
56.121, 8.35993, -11.8976, 1705.09, 0.132992, -0.0340665, 0.990531
56.241, 8.39068, -11.8976, 1710.54, 0.177676, -0.0316142, 0.983581
56.301, 8.40605, -11.8976, 1713.26, 0.199822, -0.0433993, 0.978871
56.421, 8.4368, -11.8976, 1718.71, 0.220929, -0.0464937, 0.974181
56.481, 8.4686, -11.8976, 1721.44, 0.216044, -0.0349178, 0.975759
56.582, 8.50401, -11.8976, 1726.05, 0.188014, -0.0220877, 0.981918
56.702, 8.54215, -11.8976, 1731.51, 0.178621, -0.028607, 0.983502
56.822, 8.58634, -11.8976, 1737.26, 0.182328, -0.0234208, 0.982959
56.942, 8.675, -11.8976, 1743.85, 0.231534, -0.0239498, 0.972532
57.062, 8.76886, -11.8976, 1750.43, 0.244968, -0.0293065, 0.969088
57.182, 8.86271, -11.8976, 1757.02, 0.235747, -0.0287356, 0.971389
57.303, 8.02025, -11.8976, 1762.54, 0.175738, -0.0088182, 0.984397
57.423, 8.10362, -11.8976, 1768.01, 0.161867, -0.0136261, 0.986719
57.543, 8.18836, -11.8976, 1773.48, 0.149564, -0.0358764, 0.988101
57.663, 7.64474, -11.8976, 1778.8, 0.143029, -0.0272124, 0.989344
57.783, 7.6879, -11.8976, 1783.72, 0.140742, -0.0231873, 0.989775
57.904, 7.72005, -11.8976, 1788.68, 0.111277, -0.0326187, 0.993254
58.024, 7.75193, -11.8976, 1793.6, 0.10667, -0.0334817, 0.993731
58.144, 7.8003, -11.8976, 1799.39, 0.0698355, -0.00601371, 0.99754
58.264, 7.8709, -11.8976, 1805.48, 0.0549335, -0.00343507, 0.998484
58.384, 7.94259, -11.8976, 1811.56, 0.0817143, -0.0120961, 0.996582
58.504, 8.01232, -11.8976, 1817.49, 0.150898, -0.00232468, 0.988547
58.625, 8.10353, -11.8976, 1823, 0.205511, -0.0102836, 0.978601
58.745, 8.20761, -11.8976, 1828.47, 0.226808, -0.0150418, 0.973823
58.865, 8.3117, -11.8976, 1833.93, 0.223461, -0.00582929, 0.974695
58.985, 8.41885, -11.8976, 1839.39, 0.192055, 0.0219061, 0.98114
59.105, 8.51257, -11.8976, 1844.83, 0.158086, 0.0235455, 0.987145
59.225, 8.60628, -11.8976, 1850.28, 0.147095, -0.00158118, 0.989121
59.346, 8.69514, -11.8976, 1856.1, 0.172145, -0.00609356, 0.985053
59.466, 8.76358, -11.8976, 1862.21, 0.218854, -0.00468473, 0.975746
59.586, 8.83229, -11.8976, 1868.32, 0.22944, -0.0120074, 0.973249
59.706, 7.91399, -11.8976, 1874.08, 0.225311, 0.017299, 0.974133
59.826, 7.95871, -11.8976, 1879.53, 0.197978, 0.0421476, 0.9793
59.946, 8.01765, -11.8976, 1884.97, 0.192945, 0.0239637, 0.980917
60.067, 8.07865, -11.8976, 1890.47, 0.205103, 0.0184403, 0.978567
60.187, 8.11236, -11.8976, 1897.36, 0.244064, 0.019746, 0.969558
60.307, 8.15395, -11.8976, 1904.26, 0.286696, 0.024113, 0.957718
60.427, 8.19555, -11.8976, 1911.15, 0.306482, 0.0448677, 0.950818
60.547, 7.22243, -11.8976, 1915.11, 0.269653, 0.0978095, 0.957977
60.668, 7.28074, -11.8976, 1920.61, 0.247076, 0.123742, 0.961063
60.788, 7.34472, -11.8976, 1926.05, 0.234874, 0.135552, 0.962528
60.908, 7.40651, -11.8976, 1931.66, 0.227088, 0.155659, 0.961354
61.028, 7.50097, -11.8976, 1937.74, 0.237212, 0.150158, 0.959783
61.148, 7.60286, -11.8976, 1943.83, 0.251235, 0.140758, 0.957637
61.268, 7.70475, -11.8976, 1949.91, 0.233826, 0.141837, 0.961877
61.389, 7.78238, -11.8976, 1956.07, 0.197829, 0.141894, 0.969912
61.509, 7.85498, -11.8976, 1962.17, 0.188602, 0.130691, 0.973319
61.629, 7.92758, -11.8976, 1968.28, 0.205042, 0.114933, 0.971982
61.749, 7.35369, -11.8976, 1972.31, 0.246202, 0.0978184, 0.96427
61.869, 7.42765, -11.8976, 1977.23, 0.297521, 0.0741807, 0.951829
61.989, 7.50707, -11.8976, 1982.15, 0.294058, 0.0466557, 0.954648
62.11, 7.58715, -11.8976, 1987.11, 0.259059, 0.0534844, 0.96438
62.23, 7.74353, -11.8976, 1993.22, 0.215814, 0.0511279, 0.975095
62.35, 7.90428, -11.8976, 1999.32, 0.207937, 0.0239897, 0.977848
62.47, 8.06503, -11.8976, 2005.43, 0.232916, 0.00593659, 0.972479
62.59, 8.18006, -11.8976, 2011.52, 0.266739, -0.0129233, 0.963682
62.71, 8.2813, -11.8976, 2017.6, 0.306932, -0.0271167, 0.951345
62.831, 8.38339, -11.8976, 2023.74, 0.315075, -0.0453166, 0.947984
62.951, 8.49591, -11.8976, 2029.82, 0.294247, -0.039646, 0.954907
63.071, 8.62613, -11.8976, 2035.9, 0.257714, -0.0254172, 0.965887
63.191, 8.75984, -11.8976, 2041.99, 0.247538, -0.0310896, 0.968379
63.311, 8.83988, -11.8976, 2048.48, 0.26246, -0.0383916, 0.964179
63.431, 8.90764, -11.8976, 2055.37, 0.286269, -0.0115843, 0.958079
63.552, 8.98409, -11.8976, 2062.32, 0.290619, -0.00510243, 0.956825
63.672, 8.02946, -11.8976, 2066.76, 0.287605, 0.0280644, 0.957338
63.792, 8.08645, -11.8976, 2072.21, 0.263399, 0.0495606, 0.963413
63.912, 8.14093, -11.8976, 2077.66, 0.255923, 0.0531242, 0.965236
64.032, 8.1954, -11.8976, 2083.1, 0.271949, 0.0452007, 0.961249
64.153, 8.24812, -11.8976, 2090.06, 0.315673, 0.0445825, 0.94782
64.273, 8.30447, -11.8976, 2096.95, 0.343925, 0.00487846, 0.938985
64.393, 8.36082, -11.8976, 2103.85, 0.320946, 0.00988711, 0.947046
64.513, 7.45338, -11.8976, 2106.33, 0.256894, 0.0216141, 0.966198
64.633, 7.48536, -11.8976, 2111.25, 0.19486, 0.0066441, 0.980809
64.753, 7.51703, -11.8976, 2116.17, 0.195188, 0.00551355, 0.98075
64.874, 7.54868, -11.8976, 2121.13, 0.220861, 0.00204044, 0.975303
64.994, 7.59983, -11.8976, 2127.24, 0.292398, -0.0165298, 0.956154
65.114, 7.66988, -11.8976, 2133.35, 0.339719, -0.0273949, 0.940128
65.234, 7.73993, -11.8976, 2139.45, 0.352008, -0.0410409, 0.935097
65.354, 7.06764, -11.8976, 2145.05, 0.323123, -0.0339968, 0.945746
65.474, 7.38957, -11.8976, 2150.48, 0.274403, 0.000831716, 0.961614
65.595, 7.7306, -11.8976, 2155.97, 0.228121, -0.0151883, 0.973514
65.715, 8.05346, -11.8976, 2161.56, 0.203793, -0.00598136, 0.978996
65.835, 8.31557, -11.8976, 2167.64, 0.191196, 0.033126, 0.980993
65.955, 8.58875, -11.8976, 2173.72, 0.179657, 0.0762761, 0.980768
66.085, 8.8847, -11.8976, 2180.31, 0.124106, 0.134595, 0.983098
66.205, 8.07127, -11.8976, 2185.27, 0.0481239, 0.153933, 0.986909
66.326, 8.26463, -11.8976, 2190.58, 0.0352766, 0.138716, 0.989704
66.446, 8.45639, -11.8976, 2195.86, 0.0483703, 0.124881, 0.990992
66.566, 8.63925, -11.8976, 2201.54, 0.100466, 0.0914688, 0.990727
66.686, 8.81271, -11.8976, 2207.62, 0.152467, 0.0696217, 0.985853
66.806, 8.98589, -11.8976, 2213.7, 0.200835, 0.0381768, 0.978881
66.927, 9.16052, -11.8976, 2219.84, 0.227109, 0.0487925, 0.972646
67.047, 8.02694, -11.8976, 2222.05, 0.216592, 0.0580314, 0.974536
67.167, 8.18669, -11.8976, 2226.16, 0.188307, 0.0673377, 0.979799
67.287, 8.34073, -11.8976, 2230.28, 0.186918, 0.0579609, 0.980664
67.407, 8.49411, -11.8976, 2234.39, 0.213074, 0.035328, 0.976397
67.527, 8.67802, -11.8976, 2240.47, 0.262093, 0.0261928, 0.964687
67.648, 8.86069, -11.8976, 2246.6, 0.278543, 0.0288065, 0.959992
67.768, 9.04184, -11.8976, 2252.68, 0.287096, 0.0188653, 0.957716
67.888, 8.18838, -11.8976, 2256.77, 0.273696, 0.0148702, 0.961701
68.008, 8.32533, -11.8976, 2261.24, 0.233862, 0.0134314, 0.972177
68.128, 8.49937, -11.8976, 2265.72, 0.21494, 0.0195658, 0.976431
68.248, 8.67341, -11.8976, 2270.19, 0.21374, 0.0246036, 0.976581
68.369, 8.86635, -11.8976, 2275.94, 0.260432, 0.0325325, 0.964944
68.489, 9.10499, -11.8976, 2282.05, 0.279135, 0.0598465, 0.958385
68.609, 9.34363, -11.8976, 2288.15, 0.264555, 0.0776869, 0.961236
68.729, 8.61231, -11.8976, 2292.14, 0.201721, 0.115394, 0.972622
68.849, 8.81233, -11.8976, 2297.06, 0.124912, 0.139179, 0.982358
68.969, 8.96961, -11.8976, 2301.98, 0.0651516, 0.170026, 0.983283
69.09, 9.12821, -11.8976, 2306.94, 0.0383352, 0.183486, 0.982275
69.21, 8.93878, -11.8976, 2311.61, 0.0505677, 0.180834, 0.982213
69.33, 8.96098, -11.8976, 2314.7, 0.0897681, 0.183747, 0.978866
69.45, 9.08346, -11.8976, 2318.8, 0.101718, 0.185912, 0.977287
69.57, 9.2056, -11.8976, 2322.91, 0.102946, 0.176148, 0.978966
69.69, 9.33813, -11.8976, 2327.35, 0.0639732, 0.173588, 0.982738
69.811, 9.52166, -11.8976, 2332.86, 0.0452164, 0.171756, 0.984101
69.931, 9.70392, -11.8976, 2338.32, 0.0573588, 0.144365, 0.987861
70.051, 9.88618, -11.8976, 2343.78, 0.0885722, 0.129872, 0.987567
70.171, 10.0737, -11.8976, 2349.23, 0.152106, 0.110794, 0.982135
70.291, 10.3076, -11.8976, 2354.68, 0.204454, 0.0912817, 0.974611
70.412, 10.5434, -11.8976, 2360.16, 0.222713, 0.0576957, 0.973175
70.532, 10.7431, -11.8976, 2365.61, 0.215606, 0.0348125, 0.97586
70.652, 10.9775, -11.8976, 2370.52, 0.18179, 0.0303353, 0.982869
70.772, 11.3216, -11.8976, 2375.43, 0.160026, 0.00812005, 0.987079
70.892, 11.6726, -11.8976, 2380.34, 0.168479, -0.0185684, 0.98553
71.012, 11.9294, -11.8976, 2387.23, 0.195344, -0.0152239, 0.980617
71.133, 12.1334, -11.8976, 2394.18, 0.217714, -0.0099699, 0.975962
71.253, 12.3357, -11.8976, 2401.07, 0.222718, -0.0111954, 0.974819
71.373, 11.1416, -11.8976, 2403.32, 0.209039, 0.00202514, 0.977905
71.493, 11.3102, -11.8976, 2408.24, 0.161602, 0.0126194, 0.986775
71.613, 11.4833, -11.8976, 2413.16, 0.149388, -0.00868605, 0.988741
71.733, 11.655, -11.8976, 2418.07, 0.138644, -0.00425075, 0.990333
71.854, 11.8382, -11.8976, 2424.23, 0.17772, 0.00565896, 0.984065
71.974, 12.0712, -11.8976, 2430.33, 0.195069, 0.000134526, 0.980789
72.094, 12.3041, -11.8976, 2436.44, 0.201576, -0.00776528, 0.979442
72.214, 11.3894, -11.8976, 2441.83, 0.181562, -0.00625136, 0.98336
72.334, 11.6895, -11.8976, 2447.27, 0.151042, -0.0169177, 0.988383
72.454, 11.9768, -11.8976, 2452.71, 0.14469, -0.0125872, 0.989397
72.575, 12.2657, -11.8976, 2458.2, 0.164951, 0.00558727, 0.986286
72.695, 12.5247, -11.8976, 2463.66, 0.225062, 0.0191927, 0.974155
72.815, 12.7939, -11.8976, 2469.12, 0.251555, 0.0211999, 0.967611
72.935, 13.063, -11.8976, 2474.58, 0.260787, 0.0150488, 0.965279
73.055, 12.0677, -11.8976, 2479.8, 0.220476, 0.0418916, 0.974492
73.175, 12.2303, -11.8976, 2484.72, 0.190976, 0.0925258, 0.977224
73.296, 12.3775, -11.8976, 2489.68, 0.174965, 0.10102, 0.979379
73.416, 12.5234, -11.8976, 2494.6, 0.170197, 0.0720729, 0.982771
73.536, 12.6706, -11.8976, 2500.68, 0.206191, 0.0554816, 0.976938
73.656, 12.8088, -11.8976, 2506.76, 0.215894, 0.0474298, 0.975264
73.776, 12.947, -11.8976, 2512.85, 0.216885, 0.0320494, 0.975671
73.897, 11.7803, -11.8976, 2518.47, 0.216823, 0.026966, 0.975838
74.017, 11.9478, -11.8976, 2523.4, 0.198345, 0.0439325, 0.979147
74.137, 12.0975, -11.8976, 2528.34, 0.190096, 0.0157706, 0.981639
74.257, 12.2473, -11.8976, 2533.27, 0.207282, 0.0133263, 0.97819
74.377, 12.3889, -11.8976, 2538.59, 0.255679, 0.0213449, 0.966526
74.497, 12.5434, -11.8976, 2544.03, 0.309139, 0.0465585, 0.949877
74.618, 12.6991, -11.8976, 2549.52, 0.325035, 0.0713188, 0.943009
74.738, 12.8536, -11.8976, 2554.97, 0.287728, 0.0951502, 0.952974
74.858, 11.5091, -11.8976, 2559.61, 0.232375, 0.111971, 0.96616
74.978, 11.6039, -11.8976, 2564.09, 0.217761, 0.111004, 0.969669
75.098, 11.6987, -11.8976, 2568.57, 0.235605, 0.0927412, 0.967414
75.218, 11.8357, -11.8976, 2574.86, 0.289778, 0.10943, 0.950818
75.339, 11.9546, -11.8976, 2581.81, 0.291101, 0.110634, 0.950274
75.459, 12.0726, -11.8976, 2588.71, 0.274042, 0.0902111, 0.957477
75.579, 10.981, -11.8976, 2594.68, 0.220228, 0.088392, 0.971435
75.699, 11.076, -11.8976, 2600.77, 0.161925, 0.0947377, 0.982245
75.819, 11.1746, -11.8976, 2606.85, 0.124199, 0.0712992, 0.989692
75.939, 11.2962, -11.8976, 2613.34, 0.118659, 0.0873833, 0.989083
76.06, 11.4858, -11.8976, 2620.29, 0.105823, 0.129895, 0.985864
76.18, 11.6788, -11.8976, 2627.19, 0.0812911, 0.0967428, 0.991984
76.3, 10.4798, -11.8976, 2631.75, 0.0477555, 0.0919084, 0.994622
76.42, 10.6808, -11.8976, 2637.2, -0.00649416, 0.0517843, 0.998637
76.54, 10.8948, -11.8976, 2642.64, -0.010242, 0.0322249, 0.999428
76.661, 11.1084, -11.8976, 2648.13, 0.0101029, 0.0155635, 0.999828
76.781, 11.3936, -11.8976, 2655.02, 0.0652559, 0.0142992, 0.997766
76.901, 11.6723, -11.8976, 2661.91, 0.116347, 0.0261789, 0.992864
77.021, 11.951, -11.8976, 2668.8, 0.107448, 0.000156899, 0.994211
77.141, 10.7616, -11.8976, 2672.75, 0.0778873, -0.0107332, 0.996904
77.261, 10.9989, -11.8976, 2678.2, 0.0559739, 0.016569, 0.998295
77.382, 11.2397, -11.8976, 2683.68, 0.0812462, -0.00752319, 0.996666
77.502, 11.5003, -11.8976, 2689.85, 0.124089, 0.00204835, 0.992269
77.622, 11.7556, -11.8976, 2696.74, 0.189143, 0.00269512, 0.981946
77.742, 12.0079, -11.8976, 2703.63, 0.208901, -0.0235419, 0.977654
77.862, 10.9256, -11.8976, 2708.44, 0.20357, -0.0307017, 0.978579
77.982, 11.0694, -11.8976, 2713.88, 0.18594, -0.0265865, 0.982201
78.103, 11.1913, -11.8976, 2719.37, 0.186883, -0.0345448, 0.981775
78.223, 11.3099, -11.8976, 2724.82, 0.19976, -0.0331447, 0.979284
78.343, 11.4273, -11.8976, 2731.69, 0.227293, -0.019112, 0.973639
78.463, 11.5511, -11.8976, 2738.55, 0.237431, -0.0102986, 0.97135
78.583, 11.6749, -11.8976, 2745.42, 0.224418, 0.0124891, 0.974413
78.703, 11.7605, -11.8976, 2751.72, 0.19446, 0.0226688, 0.980649
78.824, 11.8297, -11.8976, 2757.87, 0.190346, 0.0246585, 0.981407
78.944, 11.8983, -11.8976, 2763.98, 0.194085, 0.0190702, 0.980799
79.064, 11.9766, -11.8976, 2770.66, 0.226401, 0.0178611, 0.97387
79.184, 12.0716, -11.8976, 2777.52, 0.200068, 0.0118316, 0.979711
79.304, 12.1665, -11.8976, 2784.39, 0.139242, 0.0012657, 0.990258
79.424, 12.286, -11.8976, 2791.28, 0.0416447, 0.0234435, 0.998857
79.545, 12.5301, -11.8976, 2798.23, 0.0191208, 0.0238103, 0.999534
79.665, 12.7722, -11.8976, 2805.12, 0.00344842, 0.0109518, 0.999934
79.785, 13.0192, -11.8976, 2811.99, 0.00525564, 0.0634671, 0.99797
79.905, 13.2803, -11.8976, 2818.85, -0.0160326, 0.105581, 0.994281
80.025, 13.5414, -11.8976, 2825.71, -0.0424958, 0.10374, 0.993696
80.146, 12.4583, -11.8976, 2831.54, -0.0658432, 0.109587, 0.991794
80.266, 12.6277, -11.8976, 2837.01, -0.0642165, 0.0970915, 0.993202
80.386, 12.7833, -11.8976, 2842.47, -0.0219016, 0.0757721, 0.996885
80.506, 12.9486, -11.8976, 2848.29, 0.0303008, 0.0668975, 0.9973
80.626, 13.1537, -11.8976, 2855.15, 0.139347, 0.0653271, 0.988086
80.746, 13.3671, -11.8976, 2862.02, 0.233065, 0.0499769, 0.971176
80.867, 13.5822, -11.8976, 2868.94, 0.264217, 0.0401451, 0.963628
80.987, 12.6338, -11.8976, 2874.39, 0.260244, 0.061309, 0.963594
81.107, 12.823, -11.8976, 2879.86, 0.262125, 0.0747864, 0.962132
81.227, 13.0145, -11.8976, 2885.32, 0.280127, 0.0510556, 0.958604
81.347, 13.2737, -11.8976, 2891.83, 0.326692, 0.0546638, 0.943549
81.467, 13.5867, -11.8976, 2898.69, 0.34079, 0.0423192, 0.939187
81.588, 13.9022, -11.8976, 2905.61, 0.318303, 0.0208519, 0.94776
81.708, 14.1962, -11.8976, 2912.49, 0.270692, 0.0180358, 0.962497
81.828, 14.4155, -11.8976, 2919.39, 0.229286, -0.00994775, 0.973308
81.948, 14.6347, -11.8976, 2926.28, 0.234079, -0.0272966, 0.971834
82.068, 14.0187, -11.8976, 2932.58, 0.270041, -0.0268014, 0.962476
82.188, 14.164, -11.8976, 2938.66, 0.305296, -0.0133209, 0.952164
82.309, 14.3103, -11.8976, 2944.8, 0.304548, -0.0468791, 0.951343
82.429, 14.4688, -11.8976, 2950.88, 0.263317, -0.0284338, 0.96429
82.549, 14.6575, -11.8976, 2956.96, 0.207185, -0.0390774, 0.977521
82.669, 14.8386, -11.8976, 2963.04, 0.191743, -0.0514647, 0.980095
82.789, 15.0232, -11.8976, 2969.12, 0.203961, -0.0445641, 0.977964
82.909, 15.1643, -11.8976, 2975.23, 0.240273, -0.0388246, 0.969929
83.03, 15.2791, -11.8976, 2981.39, 0.253081, -0.040391, 0.966601
83.15, 15.393, -11.8976, 2987.5, 0.253473, -0.034247, 0.966736
83.27, 14.0778, -11.8976, 2990.39, 0.229058, -0.0288163, 0.972986
83.39, 14.1505, -11.8976, 2994.87, 0.18013, -0.0196632, 0.983446
83.51, 14.2283, -11.8976, 2999.35, 0.169892, -0.031498, 0.984959
83.631, 14.3252, -11.8976, 3004.74, 0.177086, -0.0359544, 0.983538
83.751, 14.5487, -11.8976, 3012.62, 0.226082, -0.0342054, 0.973508
83.871, 14.7861, -11.8976, 3020.5, 0.235627, -0.0525319, 0.970423
83.991, 13.8313, -11.8976, 3025.93, 0.219781, -0.053853, 0.974062
84.111, 13.9868, -11.8976, 3032.01, 0.188611, -0.0654032, 0.979872
84.231, 14.1456, -11.8976, 3038.1, 0.185015, -0.0850628, 0.979047
84.352, 14.3058, -11.8976, 3044.23, 0.199464, -0.0745561, 0.977065
84.472, 14.4642, -11.8976, 3050.33, 0.229938, -0.0764183, 0.9702
84.592, 14.6451, -11.8976, 3056.43, 0.263118, -0.0839886, 0.961101
84.712, 14.826, -11.8976, 3062.54, 0.266764, -0.0902415, 0.959528
84.832, 13.9215, -11.8976, 3068.38, 0.247129, -0.0729765, 0.966231
84.952, 14.008, -11.8976, 3073.82, 0.218886, -0.0585125, 0.973994
85.073, 14.0892, -11.8976, 3079.32, 0.222071, -0.0758803, 0.972073
85.193, 14.1797, -11.8976, 3085.12, 0.25807, -0.0812119, 0.962707
85.313, 14.3169, -11.8976, 3091.98, 0.318405, -0.0753998, 0.944951
85.433, 14.4589, -11.8976, 3098.85, 0.326903, -0.0823848, 0.94146
85.553, 14.6008, -11.8976, 3105.71, 0.325896, -0.0971378, 0.940402
85.673, 13.6089, -11.8976, 3109.7, 0.297038, -0.111566, 0.948326
85.794, 13.6845, -11.8976, 3114.68, 0.264024, -0.095037, 0.959822
85.914, 13.7582, -11.8976, 3119.62, 0.233503, -0.090324, 0.968152
86.034, 13.8346, -11.8976, 3124.84, 0.22752, -0.077314, 0.970699
86.154, 13.947, -11.8976, 3130.92, 0.208583, -0.0374033, 0.977289
86.274, 14.0674, -11.8976, 3137.01, 0.178252, -0.0440687, 0.982998
86.395, 14.1889, -11.8976, 3143.14, 0.156841, -0.0383539, 0.986879
86.515, 14.2739, -11.8976, 3148.76, 0.104376, -0.00897221, 0.994497
86.635, 14.3943, -11.8976, 3154.23, 0.0967209, 0.0152601, 0.995195
86.755, 14.5147, -11.8976, 3159.69, 0.131634, 0.034604, 0.990694
86.875, 14.6555, -11.8976, 3166.21, 0.184057, 0.0737369, 0.980146
86.995, 14.8384, -11.8976, 3173.07, 0.205366, 0.09827, 0.973739
87.116, 15.0261, -11.8976, 3179.99, 0.194759, 0.0905471, 0.976663
87.236, 14.1472, -11.8976, 3186.18, 0.162881, 0.0776834, 0.983583
87.356, 14.2827, -11.8976, 3191.64, 0.128958, 0.0488463, 0.990446
87.476, 14.3856, -11.8976, 3197.11, 0.132051, 0.0212933, 0.991014
87.596, 14.4884, -11.8976, 3202.57, 0.152908, 0.023195, 0.987968
87.716, 14.6059, -11.8976, 3208.66, 0.183122, 0.0205159, 0.982876
87.837, 14.7282, -11.8976, 3214.79, 0.181558, 0.00685603, 0.983356
87.957, 14.8494, -11.8976, 3220.87, 0.169375, 0.00329034, 0.985546
88.077, 15.0236, -11.8976, 3226.96, 0.118638, 0.00301838, 0.992933
88.197, 15.2225, -11.8976, 3233.04, 0.106594, 0.0032658, 0.994297
88.317, 15.4214, -11.8976, 3239.12, 0.107578, -0.000170585, 0.994197
88.437, 15.5739, -11.8976, 3245.21, 0.131446, -0.00566547, 0.991307
88.558, 15.6939, -11.8976, 3251.37, 0.15987, 0.00460676, 0.987127
88.678, 15.817, -11.8976, 3257.48, 0.15525, 0.00875711, 0.987836
88.798, 15.9365, -11.8976, 3263.58, 0.146929, -0.0127809, 0.989065
88.918, 16.0719, -11.8976, 3269.66, 0.112858, -0.0199951, 0.99341
89.038, 16.2109, -11.8976, 3275.74, 0.112365, -0.033498, 0.993102
89.158, 16.35, -11.8976, 3281.83, 0.116107, -0.0335229, 0.992671
89.279, 16.4847, -11.8976, 3287.98, 0.145857, -0.0376345, 0.98859
89.399, 16.6697, -11.8976, 3294.09, 0.162054, -0.0309933, 0.986295
89.519, 16.8547, -11.8976, 3300.19, 0.151615, -0.0344666, 0.987839
89.639, 16.0836, -11.8976, 3305.59, 0.101989, -0.0334326, 0.994223
89.759, 16.2109, -11.8976, 3311.04, 0.0870607, -0.0521443, 0.994837
89.88, 16.3391, -11.8976, 3316.53, 0.0832769, -0.0548592, 0.995015
90, 16.4568, -11.8976, 3322.14, 0.0930727, -0.0487298, 0.994466
90.12, 16.5739, -11.8976, 3328.25, 0.133868, -0.0319643, 0.990484
90.24, 16.7044, -11.8976, 3334.36, 0.142291, -0.0514131, 0.988489
90.36, 16.8131, -11.8976, 3340.46, 0.133876, -0.0386294, 0.990245
90.48, 16.8807, -11.8976, 3346.55, 0.099386, -0.0423098, 0.994149
90.601, 16.9381, -11.8976, 3352.68, 0.0913295, -0.0397857, 0.995026
90.721, 16.995, -11.8976, 3358.77, 0.0898074, -0.0414894, 0.995095
90.841, 17.0395, -11.8976, 3364.85, 0.127974, -0.0266604, 0.991419
90.961, 17.0983, -11.8976, 3370.94, 0.147924, -0.0406044, 0.988165
91.081, 17.1571, -11.8976, 3377.02, 0.156369, -0.0420423, 0.986803
91.201, 17.1963, -11.8976, 3382.95, 0.135363, -0.0275431, 0.990413
91.322, 17.2539, -11.8976, 3388.46, 0.0881013, -0.0463049, 0.995035
91.442, 17.3319, -11.8976, 3393.93, 0.0876759, -0.0424902, 0.995242
91.562, 17.3537, -11.8976, 3400.58, 0.0969269, -0.0465614, 0.994202
91.682, 17.3633, -11.8976, 3408.43, 0.110509, -0.0326931, 0.993337
91.802, 17.3812, -11.8976, 3416.28, 0.0942982, -0.0323534, 0.995018
91.922, 15.8923, -11.8976, 3421.24, 0.0961087, -0.0263556, 0.995022
92.043, 15.9392, -11.8976, 3423.46, 0.0628972, -0.0237988, 0.997736
92.163, 15.9481, -11.8976, 3427.95, 0.046903, -0.0168021, 0.998758
92.283, 15.9573, -11.8976, 3432.45, 0.0788049, -0.0552445, 0.995358
92.403, 15.9888, -11.8976, 3438.13, 0.136187, -0.0637026, 0.988633
92.523, 16.1044, -11.8976, 3444.99, 0.156445, -0.0778941, 0.98461
92.643, 16.2319, -11.8976, 3451.86, 0.152442, -0.0905133, 0.984159
92.764, 15.1095, -11.8976, 3458.23, 0.145401, -0.0791027, 0.986205
92.884, 15.2321, -11.8976, 3461.91, 0.103945, -0.0938428, 0.990146
93.004, 15.3269, -11.8976, 3466.83, 0.103129, -0.0860318, 0.99094
93.124, 15.4218, -11.8976, 3471.75, 0.113517, -0.0989402, 0.988597
93.244, 15.5115, -11.8976, 3476.81, 0.127885, -0.0902231, 0.987677
93.365, 15.6038, -11.8976, 3482.32, 0.134091, -0.0963583, 0.986273
93.485, 15.6999, -11.8976, 3487.78, 0.10527, -0.092348, 0.990147
93.605, 15.7924, -11.8976, 3493.6, 0.0808906, -0.0902408, 0.992629
93.725, 15.8345, -11.8976, 3500.47, 0.062985, -0.0952846, 0.993455
93.845, 15.8615, -11.8976, 3507.33, 0.0733544, -0.0922769, 0.993028
93.965, 15.8937, -11.8976, 3514.21, 0.081259, -0.0963223, 0.992028
94.086, 15.9895, -11.8976, 3521.16, 0.11551, -0.102972, 0.987954
94.206, 16.1029, -11.8976, 3528.06, 0.116256, -0.13055, 0.984602
94.326, 14.8811, -11.8976, 3534.6, 0.118768, -0.112182, 0.986564
94.446, 14.9256, -11.8976, 3537.05, 0.0964221, -0.100116, 0.990293
94.566, 14.9144, -11.8976, 3541.97, 0.0845684, -0.119703, 0.989201
94.686, 14.9105, -11.8976, 3546.89, 0.102064, -0.114115, 0.988211
94.807, 14.9112, -11.8976, 3552.84, 0.137233, -0.103625, 0.985103
94.927, 14.9511, -11.8976, 3559.74, 0.15192, -0.110168, 0.982234
95.047, 15.0059, -11.8976, 3566.63, 0.146556, -0.117866, 0.982155
95.167, 13.5778, -11.8976, 3570.99, 0.159223, -0.149523, 0.975854
95.287, 13.5922, -11.8976, 3573.23, 0.156276, -0.149989, 0.976259
95.407, 13.6329, -11.8976, 3577.7, 0.129814, -0.127861, 0.98326
95.528, 13.6762, -11.8976, 3582.22, 0.129769, -0.155423, 0.979287
95.648, 13.6445, -11.8976, 3587.89, 0.14293, -0.14906, 0.978444
95.768, 13.5969, -11.8976, 3594.76, 0.171259, -0.0876594, 0.981319
95.888, 13.5622, -11.8976, 3601.63, 0.157239, -0.0744305, 0.984752
96.008, 13.5398, -11.8976, 3608.51, 0.134287, -0.0565476, 0.989328
96.128, 13.5198, -11.8976, 3615.4, 0.0945252, -0.0474479, 0.994391
96.249, 13.5047, -11.8976, 3622.36, 0.0948162, -0.0552586, 0.99396
96.369, 13.4863, -11.8976, 3629.24, 0.1068, -0.0553926, 0.992736
96.489, 13.5632, -11.8976, 3636.11, 0.130344, -0.0378963, 0.990744
96.609, 13.6636, -11.8976, 3642.97, 0.140396, -0.0326171, 0.989558
96.729, 13.7703, -11.8976, 3649.65, 0.139026, -0.0147112, 0.990179
96.85, 13.8149, -11.8976, 3655.81, 0.131612, -0.00909459, 0.99126
96.97, 13.8402, -11.8976, 3661.92, 0.14788, -0.03798, 0.988276
97.09, 13.8638, -11.8976, 3668.02, 0.184154, -0.0421638, 0.981993
97.21, 13.8773, -11.8976, 3674.11, 0.249201, -0.0651413, 0.966259
97.33, 13.8949, -11.8976, 3680.19, 0.21964, -0.0813623, 0.972182
97.45, 13.9126, -11.8976, 3686.28, 0.153944, -0.0900719, 0.983966
97.571, 13.9174, -11.8976, 3692.43, 0.0422838, -0.0864683, 0.995357
97.691, 13.9865, -11.8976, 3698.54, 0.0122612, -0.083149, 0.996462
97.811, 14.0607, -11.8976, 3704.65, 0.0136285, -0.0948215, 0.995401
97.931, 14.1366, -11.8976, 3710.74, 0.0636995, -0.0801746, 0.994743
98.051, 14.2131, -11.8976, 3716.83, 0.111461, -0.0738824, 0.991019
98.171, 14.2911, -11.8976, 3722.91, 0.128161, -0.0839849, 0.988191
98.292, 14.3697, -11.8976, 3729.05, 0.133081, -0.0861017, 0.987358
98.412, 13.1616, -11.8976, 3733.95, 0.120108, -0.0934894, 0.988349
98.532, 13.2122, -11.8976, 3738.89, 0.13831, -0.096194, 0.985706
98.652, 13.2628, -11.8976, 3743.82, 0.15406, -0.0993446, 0.983055
98.772, 13.3094, -11.8976, 3750.21, 0.203757, -0.0742664, 0.976201
98.892, 13.3437, -11.8976, 3757.08, 0.226636, -0.07512, 0.971078
99.013, 13.3783, -11.8976, 3764, 0.223322, -0.0706477, 0.972181
99.133, 12.2991, -11.8976, 3768.09, 0.192421, -0.0770719, 0.978281
99.253, 12.3157, -11.8976, 3773.54, 0.160692, -0.0561829, 0.985404
99.373, 12.3345, -11.8976, 3778.98, 0.139528, -0.0672761, 0.98793
99.493, 12.3495, -11.8976, 3784.79, 0.127311, -0.0930111, 0.987492
99.614, 12.395, -11.8976, 3791.75, 0.141326, -0.0635807, 0.987919
99.734, 12.4499, -11.8976, 3798.64, 0.124499, -0.0714817, 0.989642
99.854, 12.4831, -11.8976, 3805.53, 0.0876996, -0.0512032, 0.99483
99.974, 12.5498, -11.8976, 3812.4, 0.0411193, -0.0595854, 0.997376
100.094, 12.6222, -11.8976, 3819.27, 0.0433159, -0.0694054, 0.996648
100.214, 12.6947, -11.8976, 3826.14, 0.0523274, -0.0501053, 0.997372
100.335, 12.8049, -11.8976, 3833.09, 0.10309, -0.0334198, 0.99411
100.455, 12.9308, -11.8976, 3839.99, 0.130351, -0.0300592, 0.991012
100.575, 13.0853, -11.8976, 3846.88, 0.107591, -0.0439576, 0.993223
100.695, 13.2778, -11.8976, 3853.74, 0.0773235, -0.0687227, 0.994635
100.815, 13.4614, -11.8976, 3860.6, 0.0972985, -0.0671871, 0.992985
100.935, 13.6451, -11.8976, 3867.47, 0.129763, -0.0706112, 0.989028
101.056, 13.781, -11.8976, 3873.63, 0.17465, -0.0653845, 0.982457
101.176, 13.9259, -11.8976, 3879.73, 0.210196, -0.0639089, 0.975568
101.296, 14.0708, -11.8976, 3885.84, 0.202762, -0.0580373, 0.977507
101.416, 12.9119, -11.8976, 3891.35, 0.162725, -0.0402307, 0.985851
101.536, 13.0439, -11.8976, 3896.79, 0.113203, -0.0122966, 0.993496
101.656, 13.1756, -11.8976, 3902.24, 0.107485, -0.00906671, 0.994165
101.777, 13.282, -11.8976, 3908.46, 0.126688, 0.0128999, 0.991859
101.897, 13.3614, -11.8976, 3915.35, 0.154528, 0.00802846, 0.987956
102.017, 13.4393, -11.8976, 3922.25, 0.168574, 0.00233074, 0.985686
102.137, 12.2222, -11.8976, 3926.92, 0.173565, -0.0136857, 0.984727
102.257, 12.2449, -11.8976, 3932.36, 0.153256, -0.0252571, 0.987864
102.377, 12.2345, -11.8976, 3937.81, 0.155232, -0.0342771, 0.987283
102.498, 12.2237, -11.8976, 3943.3, 0.163098, -0.0732919, 0.983884
102.618, 11.3835, -11.8976, 3948.65, 0.178818, -0.0795733, 0.980659
102.738, 11.3983, -11.8976, 3953.12, 0.206423, -0.0840279, 0.974848
102.858, 11.432, -11.8976, 3957.6, 0.206161, -0.09022, 0.97435
102.978, 11.4657, -11.8976, 3962.08, 0.217963, -0.0957062, 0.971253
103.099, 11.4979, -11.8976, 3966.59, 0.206456, -0.0906845, 0.974245
103.219, 10.3219, -11.8976, 3968.91, 0.197097, -0.0954205, 0.975729
103.339, 10.4189, -11.8976, 3968.9, 0.174527, -0.11045, 0.978438
103.459, 10.5182, -11.8976, 3968.88, 0.149203, -0.111034, 0.982553
103.579, 10.616, -11.8976, 3968.88, 0.146347, -0.131042, 0.980515
103.699, 10.72, -11.8976, 3968.91, 0.175484, -0.152315, 0.972628
103.82, 10.7823, -11.8976, 3968.99, 0.215457, -0.246188, 0.944971
103.94, 10.8893, -11.8976, 3969.16, 0.278439, -0.304693, 0.910843
104.06, 10.9532, -11.8976, 3969.38, 0.315449, -0.429868, 0.845994
104.18, 11.0204, -11.8976, 3969.53, 0.344467, -0.485233, 0.803674
104.3, 11.0735, -11.8976, 3969.71, 0.401865, -0.506904, 0.762596
104.42, 11.1043, -11.8976, 3969.87, 0.423622, -0.576878, 0.698395
104.541, 11.2182, -11.8976, 3969.91, 0.453655, -0.624499, 0.635765
104.661, 11.4731, -11.8976, 3969.82, 0.457043, -0.6699, 0.585103
104.781, 11.4766, -11.8976, 3970.51, 0.449803, -0.70658, 0.54628
104.901, 11.4831, -11.8976, 3971.19, 0.449301, -0.74463, 0.493615
105.021, 11.4895, -11.8976, 3971.88, 0.464298, -0.748998, 0.472683
105.141, 11.5029, -11.8976, 3973.63, 0.506567, -0.734382, 0.451744
