0, -10.8515, -11.941, 3081.32, 0, 0, 1
23.144, -10.8515, -11.941, 3081.32, 0, 0, 1
23.264, -10.8515, -11.941, 3081.32, 0, 0, 1
23.384, -10.8515, -11.941, 3081.32, 0, 0, 1
23.504, -10.8515, -11.941, 3081.32, 0, 0, 1
23.624, -10.8515, -11.941, 3081.32, 0, 0, 1
23.745, -10.8515, -11.941, 3081.32, 0, 0, 1
23.865, -10.8515, -11.941, 3081.32, 0, 0, 1
23.985, -10.8515, -11.941, 3081.32, 0, 0, 1
24.105, -10.8515, -11.941, 3081.32, 0, 0, 1
24.225, -10.8515, -11.941, 3081.32, 0, 0, 1
24.345, -10.8515, -11.941, 3081.32, 0, 0, 1
24.466, -10.8515, -11.941, 3081.32, 0, 0, 1
24.586, -10.8515, -11.941, 3081.32, 0, 0, 1
24.706, -10.8515, -11.941, 3081.32, 0, 0, 1
24.826, -10.8515, -11.941, 3081.32, 0, 0, 1
24.946, -10.8515, -11.941, 3081.32, 0, 0, 1
25.067, -10.8515, -11.941, 3081.32, 0, 0, 1
25.187, -10.8515, -11.941, 3081.32, 0, 0, 1
25.307, -10.8515, -11.941, 3081.32, 0, 0, 1
25.427, -10.8515, -11.941, 3081.32, 0, 0, 1
25.547, -10.8515, -11.941, 3081.32, 0, 0, 1
25.597, -10.8515, -11.941, 3081.32, 0, 0, 1
25.617, -10.8515, -11.941, 3081.32, 0, 0, 1
25.637, -10.8515, -11.941, 3081.32, 0, 0, 1
25.667, -10.8515, -11.941, 3081.32, 0, 0, 1
25.687, -10.8515, -11.941, 3081.32, 0, 0, 1
25.717, -10.8515, -11.941, 3081.32, 0, 0, 1
25.737, -10.8515, -11.941, 3081.32, 0, 0, 1
25.758, -10.8515, -11.941, 3081.32, 0, 0, 1
25.788, -10.8515, -11.941, 3081.32, 0, 0, 1
25.878, -10.8515, -11.941, 3081.32, 0, 0, 1
25.968, -10.8515, -11.941, 3081.32, 0, 0, 1
26.008, -10.8515, -11.941, 3081.32, 0, 0, 1
26.108, -10.8515, -11.941, 3081.32, 0, 0, 1
26.128, -10.8515, -11.941, 3081.32, 0, 0, 1
26.158, -10.8515, -11.941, 3081.32, 0, 0, 1
26.178, -10.8515, -11.941, 3081.32, 0, 0, 1
26.198, -10.8515, -11.941, 3081.32, 0, 0, 1
26.228, -10.8515, -11.941, 3081.32, 0, 0, 1
26.248, -10.8515, -11.941, 3081.32, 0, 0, 1
26.268, -10.8515, -11.941, 3081.32, 0, 0, 1
26.298, -10.8515, -11.941, 3081.32, 0, 0, 1
26.318, -10.8515, -11.941, 3081.32, 0, 0, 1
26.338, -10.8515, -11.941, 3081.32, 0, 0, 1
26.368, -10.8515, -11.941, 3081.32, 0, 0, 1
26.408, -10.8515, -11.941, 3081.32, 0, 0, 1
26.438, -10.8515, -11.941, 3081.32, 0, 0, 1
26.459, -10.8515, -11.941, 3081.32, 0, 0, 1
26.489, -10.8515, -11.941, 3081.32, 0, 0, 1
26.579, 0, -0.0086436, 0.2, 0, 0, 1
26.699, 0, -0.126248, 0.2, 0, 0, 1
26.819, 0, -0.368926, 0.2, 0, 0, 1
26.939, 0, -0.726969, 0.2, 0, 0, 1
27.059, 0, -1.18579, 0.2, 0, 0, 1
27.18, 0, -1.66979, 0.2, 0, 0, 1
27.3, 0, -2.14979, 0.2, 0, 0, 1
27.42, 0, -2.62979, 0.2, 0, 0, 1
27.54, 0, -3.10979, 0.2, 0, 0, 1
27.66, 0, -3.58979, 0.2, 0, 0, 1
27.78, 0, -4.06979, 0.2, 0, 0, 1
27.901, 0, -4.55379, 0.2, 0, 0, 1
28.021, 0, -5.03379, 0.2, 0, 0, 1
28.141, 0, -5.51379, 0.2, 0, 0, 1
28.261, 0, -5.99379, 0.2, 0, 0, 1
28.381, 0, -6.47379, 0.2, 0, 0, 1
28.501, 0, -6.95379, 0.2, 0, 0, 1
28.622, 0, -7.43779, 0.2, 0, 0, 1
28.742, 0, -7.91779, 0.2, 0, 0, 1
28.862, 0, -8.39779, 0.2, 0, 0, 1
28.982, 0, -8.87779, 0.2, 0, 0, 1
29.102, 0, -9.35779, 0.2, 0, 0, 1
29.222, 3.79429, -9.83779, 1.90619, 0, 0, 1
29.343, 0.654757, -10.3218, 2.51354, 0, 0, 1
29.463, 0.504214, -10.8018, 2.57502, 0, 0, 1
29.583, 0.443495, -11.2818, 2.59102, 0, 0, 1
29.703, 0.950622, -11.7618, 4.68079, 0, 0, 1
29.823, 1.09332, -12.0018, 4.87104, 0, 0, 1
29.944, 1.13548, -12.0018, 5.25829, 0, 0, 1
30.064, 1.04196, -12.0018, 5.68133, 0, 0, 1
30.184, 0.925735, -12.0018, 6.05335, 0, 0, 1
30.304, 0.684633, -12.0018, 6.32303, 0, 0, 1
30.424, 0.0835529, -12.0018, 6.72999, 0, 0, 1
30.544, -0.506028, -12.0018, 7.26952, 0, 0, 1
30.665, -1.05725, -12.0018, 7.46048, 0, 0, 1
30.785, -1.67555, -12.0018, 7.44287, 0, 0, 1
30.905, -1.97552, -12.0018, 7.43987, 0.496968, -0.861345, 0.105396
31.025, -2.37061, -12.0018, 7.63293, 0.453712, -0.869194, 0.196591
31.145, -2.89685, -12.0018, 8.10599, 0, 0, 1
31.265, -3.48082, -12.0018, 8.45765, 0, 0, 1
31.386, -4.08449, -12.0018, 8.99296, 0, 0, 1
31.506, -4.60751, -12.0018, 9.46312, 0, 0, 1
31.626, -5.05874, -12.0018, 9.60904, 0, 0, 1
31.746, -5.63878, -12.0018, 9.67716, 0, 0, 1
31.866, -5.94962, -12.0018, 9.20669, 0.788371, -0.0312374, -0.614406
31.986, -6.35743, -12.0018, 9.6212, -0.000359028, -0.899137, 0.437668
32.107, -6.62302, -12.0018, 9.54276, 0.0479705, -0.907316, 0.417703
32.227, -6.69881, -12.0018, 9.57505, 0.0261415, -0.907078, 0.420149
32.347, -6.8494, -12.0018, 9.59249, -0.0332499, -0.928516, 0.3698
32.467, -7.0165, -12.0018, 9.58153, 0, 0, 1
32.587, -7.25527, -12.0018, 9.55178, 0, 0, 1
32.708, -7.55735, -12.0018, 9.46266, -0.0223795, -0.928549, 0.370534
32.828, -7.75982, -12.0018, 9.39263, -0.0486618, -0.958645, 0.280415
32.948, -8.084, -12.0018, 9.33036, -0.063555, -0.955587, 0.287774
33.068, -8.23915, -12.0018, 9.29911, -0.0623008, -0.955701, 0.28767
33.188, -8.38401, -12.0018, 9.27914, -0.0971743, -0.912493, 0.397383
33.308, -8.51894, -12.0018, 9.27058, -0.115703, -0.926916, 0.356985
33.429, -8.57851, -12.0018, 9.27693, -0.106473, -0.947121, 0.302698
33.549, -8.67712, -12.0018, 9.26729, -0.0997654, -0.964125, 0.245989
33.669, -8.7184, -12.0018, 9.2686, -0.102059, -0.94555, 0.309062
33.789, -8.80148, -12.0018, 9.26015, -0.125292, -0.961421, 0.24489
33.909, -8.89466, -12.0018, 9.26626, -0.136441, -0.942587, 0.304819
34.029, -8.89444, -12.0018, 9.27843, -0.148198, -0.921774, 0.358288
34.15, -8.78333, -12.0018, 9.24223, -0.144188, -0.925165, 0.351111
34.27, -8.83878, -12.0018, 9.2492, -0.128056, -0.895277, 0.426709
34.39, -8.80366, -12.0018, 9.23834, -0.0724076, -0.864172, 0.497959
34.51, -8.80345, -12.0018, 9.25052, -0.030034, -0.808568, 0.587635
34.63, -8.73396, -12.0018, 9.19482, 0.0150301, -0.714596, 0.699376
34.75, -8.73648, -12.0018, 9.12014, 0.0355656, -0.715373, 0.697837
34.871, -8.73626, -12.0018, 9.13242, 0.0488974, -0.733426, 0.678009
34.991, -8.73604, -12.0018, 9.14459, 0.0466351, -0.716202, 0.696333
35.111, -8.77986, -12.0018, 9.0465, 0.0615423, -0.690213, 0.720985
35.231, -8.77965, -12.0018, 9.05868, 0.0664281, -0.663319, 0.745382
35.351, -8.79978, -12.0018, 8.90969, 0.0639731, -0.629559, 0.774314
35.471, -8.81182, -12.0018, 8.72783, 0.0895415, -0.518992, 0.850076
35.592, -8.83447, -12.0018, 8.70185, 0.0942415, -0.466782, 0.879337
35.712, -8.83425, -12.0018, 8.71403, 0.104405, -0.421437, 0.900827
35.832, -8.83403, -12.0018, 8.7262, 0.1172, -0.41495, 0.902264
35.952, -8.83381, -12.0018, 8.73837, 0.123732, -0.385113, 0.914537
36.072, -8.86186, -12.0018, 8.71915, 0.111821, -0.300464, 0.947216
36.193, -8.86164, -12.0018, 8.73143, 0.126903, -0.278316, 0.952069
36.313, -8.89086, -12.0018, 8.71198, 0.106956, -0.254015, 0.961268
36.433, -8.89064, -12.0018, 8.72415, 0.110678, -0.226937, 0.9676
36.553, -8.89043, -12.0018, 8.73632, 0.120403, -0.215224, 0.969114
36.673, -8.89021, -12.0018, 8.7485, 0.11839, -0.197424, 0.973143
36.793, -8.88999, -12.0018, 8.76067, 0.118788, -0.162705, 0.979498
36.914, -8.88977, -12.0018, 8.77294, 0.128476, -0.139437, 0.981861
37.034, -8.88955, -12.0018, 8.78511, 0.128331, -0.129505, 0.983239
37.154, -8.88934, -12.0018, 8.79729, 0.138183, -0.112095, 0.984043
37.274, -8.88912, -12.0018, 8.80946, 0.158179, -0.11744, 0.980402
37.394, -8.8889, -12.0018, 8.82163, 0.175324, -0.120803, 0.977071
37.514, -8.88868, -12.0018, 8.83381, 0.183028, -0.13878, 0.973263
37.635, -8.88846, -12.0018, 8.84608, 0.185346, -0.162434, 0.969155
37.755, -8.88825, -12.0018, 8.85825, 0.172942, -0.175799, 0.969116
37.875, -8.88803, -12.0018, 8.87042, 0.160616, -0.198401, 0.966871
37.995, -8.88781, -12.0018, 8.8826, 0.165033, -0.186342, 0.968525
38.115, -8.8876, -12.0018, 8.89477, 0.171108, -0.177875, 0.969063
38.235, -8.88738, -12.0018, 8.90694, 0.191425, -0.154461, 0.969277
38.356, -8.88716, -12.0018, 8.91922, 0.20522, -0.12597, 0.970575
38.476, -8.97972, -12.0018, 8.92718, 0.196051, -0.161934, 0.967131
38.596, -9.02281, -12.0018, 8.94193, 0.182178, -0.164712, 0.969371
38.716, -9.02259, -12.0018, 8.9541, 0.185963, -0.159411, 0.969539
38.836, -9.02237, -12.0018, 8.96627, 0.209077, -0.159583, 0.96479
38.956, -9.02215, -12.0018, 8.97844, 0.216009, -0.0727391, 0.973678
39.077, -9.02193, -12.0018, 8.99072, 0.231517, -0.120974, 0.96528
39.197, -9.02172, -12.0018, 9.00289, 0.222224, -0.169927, 0.960074
39.317, -40.1098, -12.0018, -14.7977, 0.236237, -0.43047, 0.871142
39.437, -8.93955, -12.0018, 9.11029, 0.224004, -0.150499, 0.962898
39.557, -8.89131, -12.0018, 9.12591, 0.210533, -0.306304, 0.928361
39.678, -40.002, -12.0018, -14.679, 0.908656, -0.380449, -0.172055
39.798, -8.74658, -12.0018, 9.17836, 0.224218, -0.211322, 0.951351
39.918, -8.63112, -12.0018, 9.18419, 0.188353, -0.197228, 0.962094
40.038, -8.42736, -12.0018, 9.23839, 0.182458, -0.212052, 0.960074
40.158, -8.21859, -12.0018, 9.37868, 0.195035, -0.335474, 0.921639
40.278, -8.0429, -12.0018, 9.45899, 0.218981, -0.397419, 0.891126
40.399, -8.00108, -12.0018, 9.46823, 0.196082, -0.322593, 0.926005
40.519, -8.00086, -12.0018, 9.4804, 0.154447, -0.229036, 0.961087
40.639, -8.00064, -12.0018, 9.49258, 0.131964, -0.175154, 0.975657
40.759, -8.00043, -12.0018, 9.50475, 0.158143, -0.156412, 0.974949
40.879, -8.10654, -12.0018, 9.53046, 0.205998, -0.145039, 0.967744
40.999, -8.30719, -12.0018, 9.53738, 0.249849, -0.109002, 0.96213
41.12, -8.5216, -12.0018, 9.54356, 0.270657, -0.0738354, 0.95984
41.24, -8.63864, -12.0018, 9.55404, 0.273521, -0.0502788, 0.960551
41.36, -8.63843, -12.0018, 9.56621, 0.266862, -0.0563884, 0.962084
41.48, -8.53952, -12.0018, 9.56933, 0.246033, -0.0604162, 0.967377
41.6, -8.46949, -12.0018, 9.63241, 0.21134, -0.0659376, 0.975186
41.72, -8.46724, -12.0018, 9.74814, 0.191548, -0.0806855, 0.978161
41.841, -8.46497, -12.0018, 9.86483, 0.168942, -0.100367, 0.980502
41.961, -8.46271, -12.0018, 9.98056, 0.157079, -0.110074, 0.981433
42.081, -8.46046, -12.0018, 10.0963, 0.157377, -0.111835, 0.981186
42.201, -8.4582, -12.0018, 10.212, 0.173615, -0.11487, 0.978091
42.321, -8.45523, -12.0018, 10.3277, 0.186892, -0.11458, 0.975676
42.441, -8.45215, -12.0018, 10.4434, 0.192849, -0.136328, 0.971712
42.562, -8.44904, -12.0018, 10.5601, 0.194636, -0.134928, 0.971551
42.682, -8.44605, -12.0018, 10.6758, 0.208135, -0.111607, 0.971712
42.802, -8.44399, -12.0018, 10.7916, 0.225197, -0.0974417, 0.969428
42.922, -8.44198, -12.0018, 10.9073, 0.23386, -0.107386, 0.966322
43.042, -8.43997, -12.0018, 11.023, 0.240615, -0.113783, 0.963928
43.163, -8.43794, -12.0018, 11.1397, 0.266662, -0.110683, 0.957414
43.283, -8.41408, -12.0018, 12.0426, 0.283033, -0.106178, 0.953215
43.403, -8.38891, -12.0018, 12.9454, 0.292834, -0.0912511, 0.951799
43.523, -8.36374, -12.0018, 13.8482, 0.26795, -0.114375, 0.95662
43.643, -8.33857, -12.0018, 14.751, 0.215835, -0.0982433, 0.971475
43.763, -8.19431, -12.0018, 19.2404, 0.159489, -0.0875387, 0.983311
43.884, -8.03897, -12.0018, 23.7668, 0.128373, -0.0829616, 0.98825
44.004, -7.88492, -12.0018, 28.2558, 0.120126, -0.0900861, 0.988663
44.124, -7.73087, -12.0018, 32.7448, 0.11342, -0.0822871, 0.990134
44.244, -8.69309, -12.0018, 33.33, 0.125241, -0.0591895, 0.990359
44.364, -8.80478, -12.0018, 33.341, 0.14911, -0.0559436, 0.987237
44.484, -8.80478, -12.0018, 33.341, 0.16256, -0.0561402, 0.9851
44.605, -8.687, -12.0018, 33.3454, 0.180173, -0.0357343, 0.982985
44.725, -8.65236, -12.0018, 34.5926, 0.172733, -0.0338329, 0.984387
44.845, -8.61352, -12.0018, 36.2556, 0.177279, -0.0525608, 0.982756
44.965, -8.57469, -12.0018, 37.9187, 0.19543, -0.0694188, 0.978258
45.085, -8.53586, -12.0018, 39.5817, 0.212544, -0.0693174, 0.97469
45.205, -8.3258, -12.0018, 44.5134, 0.239896, -0.0929032, 0.966343
45.326, -8.06063, -12.0018, 49.4837, 0.256775, -0.0823189, 0.962959
45.446, -7.79764, -12.0018, 54.413, 0.263762, -0.0945087, 0.959947
45.566, -7.53756, -12.0018, 59.3384, 0.258949, -0.0944979, 0.961257
45.686, -7.33869, -12.0018, 64.2546, 0.244054, -0.0944123, 0.965155
45.806, -7.15247, -12.0018, 69.1713, 0.233631, -0.0941056, 0.967761
45.927, -6.96469, -12.0018, 74.1289, 0.243994, -0.0892622, 0.96566
46.047, -7.30809, -12.0018, 78.7902, 0.253957, -0.0931263, 0.962722
46.167, -7.12147, -12.0018, 83.2644, 0.257125, -0.107284, 0.960405
46.287, -6.93954, -12.0018, 87.7388, 0.250779, -0.0947882, 0.963393
46.407, -6.75761, -12.0018, 92.2132, 0.238182, -0.09193, 0.96686
46.527, -6.58907, -12.0018, 96.9173, 0.214367, -0.0905515, 0.972547
46.648, -6.41849, -12.0018, 101.892, 0.199297, -0.0987046, 0.974955
46.768, -6.24932, -12.0018, 106.825, 0.193699, -0.128599, 0.972596
46.888, -6.08014, -12.0018, 111.759, 0.198993, -0.122457, 0.97232
47.008, -5.86143, -12.0018, 117.202, 0.219716, -0.128442, 0.967072
47.128, -5.62386, -12.0018, 122.644, 0.237797, -0.125701, 0.963147
47.248, -5.38629, -12.0018, 128.086, 0.243944, -0.127672, 0.961349
47.369, -5.15757, -12.0018, 133.574, 0.246194, -0.107313, 0.963261
47.489, -5.00955, -12.0018, 139.019, 0.244036, -0.0791834, 0.966528
47.609, -4.86153, -12.0018, 144.465, 0.247672, -0.0825619, 0.96532
47.729, -4.70519, -12.0018, 149.91, 0.275857, -0.0945549, 0.956537
47.849, -4.57376, -12.0018, 155.375, 0.30929, -0.0899177, 0.946707
47.969, -4.45405, -12.0018, 160.84, 0.338852, -0.0812359, 0.937326
48.09, -4.33333, -12.0018, 166.351, 0.339962, -0.0703398, 0.937805
48.21, -5.125, -12.0018, 170.3, 0.319367, -0.0610172, 0.945664
48.33, -5.06027, -12.0018, 174.777, 0.256255, -0.0644411, 0.964459
48.45, -5.00529, -12.0018, 179.255, 0.185817, -0.0659726, 0.980367
48.57, -4.95032, -12.0018, 183.733, 0.0913907, -0.0738105, 0.993076
48.69, -4.88767, -12.0018, 188.21, 0.0465882, -0.0683533, 0.996573
48.811, -4.74486, -12.0018, 192.723, -0.0054528, -0.064237, 0.99792
48.931, -4.57472, -12.0018, 197.198, -0.0205261, -0.045865, 0.998737
49.051, -4.40457, -12.0018, 201.673, 0.0316633, -0.0589964, 0.997756
49.171, -4.25142, -12.0018, 207.372, 0.23053, -0.0518005, 0.971685
49.291, -4.12607, -12.0018, 213.478, 0.355346, -0.0254298, 0.934389
49.412, -3.99967, -12.0018, 219.636, 0.378936, -0.0429187, 0.924427
49.532, -3.9613, -12.0018, 223.901, 0.369354, -0.0556142, 0.927623
49.652, -3.96228, -12.0018, 225.957, 0.339896, -0.0579185, 0.938678
49.772, -3.80792, -12.0018, 230.057, 0.293264, -0.0678235, 0.953623
49.892, -3.65454, -12.0018, 234.157, 0.245372, -0.0707546, 0.966844
50.012, -3.4725, -12.0018, 238.757, 0.191647, -0.0684167, 0.979076
50.133, -3.2453, -12.0018, 244.912, 0.132001, -0.0655156, 0.989082
50.253, -3.03441, -12.0018, 251.017, 0.105543, -0.0762136, 0.99149
50.373, -2.82352, -12.0018, 257.121, 0.0751028, -0.0910218, 0.993013
50.493, -3.28684, -12.0018, 259.472, 0.0862305, -0.0777782, 0.993235
50.613, -3.16165, -12.0018, 263.949, 0.104579, -0.0772475, 0.991512
50.733, -3.04218, -12.0018, 268.425, 0.107994, -0.0754671, 0.991283
50.854, -2.92172, -12.0018, 272.939, 0.104431, -0.0839574, 0.990982
50.974, -2.82881, -12.0018, 278.143, 0.0776613, -0.0589776, 0.995234
51.094, -2.7592, -12.0018, 283.59, 0.0967754, -0.0521046, 0.993941
51.214, -2.6896, -12.0018, 289.037, 0.146321, -0.0647641, 0.987115
51.334, -2.61999, -12.0018, 294.484, 0.180045, -0.0642463, 0.981558
51.454, -3.00002, -12.0018, 297.432, 0.209722, -0.0570178, 0.976097
51.575, -2.93813, -12.0018, 301.58, 0.216433, -0.0410126, 0.975436
51.695, -2.87497, -12.0018, 305.694, 0.166337, -0.0285599, 0.985655
51.815, -2.81181, -12.0018, 309.808, 0.127361, -0.0212418, 0.991629
51.935, -2.71077, -12.0018, 315.255, 0.0421179, -0.00994412, 0.999063
52.055, -2.61761, -12.0018, 320.701, -0.0496667, -0.0128039, 0.998684
52.175, -2.52446, -12.0018, 326.148, -0.0787782, -0.029759, 0.996448
52.296, -3.05647, -12.0018, 331.014, -0.0875184, -0.0335496, 0.995598
52.416, -3.1125, -12.0018, 331.895, -0.0621964, -0.0332438, 0.99751
52.536, -3.03381, -12.0018, 335.396, 0.0165228, -0.0259375, 0.999527
52.656, -2.94878, -12.0018, 338.898, 0.0845763, -0.0283677, 0.996013
52.776, -2.86375, -12.0018, 342.399, 0.124546, -0.0452203, 0.991183
52.897, -2.76681, -12.0018, 346.181, 0.236566, -0.0229872, 0.971343
53.017, -2.65533, -12.0018, 350.658, 0.267113, -0.0138858, 0.963565
53.137, -2.54677, -12.0018, 355.135, 0.263121, -0.0305288, 0.96428
53.257, -2.4382, -12.0018, 359.611, 0.23222, -0.048944, 0.971431
53.377, -2.32064, -12.0018, 364.091, 0.195647, -0.047403, 0.979528
53.497, -2.1516, -12.0018, 368.58, 0.137451, -0.038102, 0.989775
53.618, -1.96745, -12.0018, 373.105, 0.130472, -0.037248, 0.990752
53.738, -1.78484, -12.0018, 377.593, 0.147622, -0.0510518, 0.987725
53.858, -1.60648, -12.0018, 382.078, 0.146497, -0.0399568, 0.988404
53.978, -1.50468, -12.0018, 386.555, 0.129712, -0.0497494, 0.990303
54.098, -1.43217, -12.0018, 391.032, 0.13598, -0.0635336, 0.988672
54.218, -1.35966, -12.0018, 395.51, 0.158079, -0.0799235, 0.984187
54.339, -1.77826, -12.0018, 399.999, 0.196592, -0.0747182, 0.977634
54.459, -1.78966, -12.0018, 402.828, 0.24471, -0.0560502, 0.967975
54.579, -1.72285, -12.0018, 406.608, 0.25596, -0.051262, 0.965327
54.699, -1.65603, -12.0018, 410.389, 0.236813, -0.0503034, 0.970252
54.819, -1.59612, -12.0018, 414.591, 0.199991, -0.0525018, 0.97839
54.939, -1.50926, -12.0018, 420.057, 0.170919, -0.068813, 0.982879
55.06, -1.41701, -12.0018, 425.568, 0.165428, -0.0827389, 0.982745
55.18, -1.32626, -12.0018, 431.034, 0.189487, -0.0749649, 0.979017
55.3, -1.22273, -12.0018, 437.118, 0.231176, -0.0514083, 0.971553
55.42, -1.09007, -12.0018, 443.201, 0.247276, -0.0409321, 0.96808
55.54, -0.957409, -12.0018, 449.284, 0.246744, -0.0417497, 0.968181
55.661, -0.834066, -12.0018, 455.104, 0.220452, -0.0398665, 0.974583
55.781, -0.720152, -12.0018, 460.569, 0.203625, -0.0352939, 0.978413
55.901, -0.604695, -12.0018, 466.035, 0.191574, -0.0500376, 0.980202
56.021, -0.489237, -12.0018, 471.5, 0.17088, -0.0524618, 0.983894
56.141, -1.04242, -12.0018, 473.606, 0.194781, -0.0362975, 0.980175
56.261, -0.971875, -12.0018, 477.708, 0.25982, -0.0432933, 0.964686
56.382, -0.906622, -12.0018, 481.845, 0.289807, -0.0333732, 0.956503
56.502, -0.841907, -12.0018, 485.947, 0.309115, -0.0130734, 0.950935
56.622, -0.787366, -12.0018, 490.458, 0.293548, 0.0118032, 0.955871
56.742, -0.757593, -12.0018, 495.378, 0.275169, 0.0242814, 0.961089
56.862, -0.729961, -12.0018, 500.299, 0.217524, -0.000540986, 0.976055
56.982, -0.702329, -12.0018, 505.219, 0.159406, -0.00309792, 0.987208
57.103, -0.679871, -12.0018, 509.955, 0.133678, 0.0147501, 0.990915
57.223, -0.64624, -12.0018, 514.433, 0.158113, 0.0413023, 0.986557
57.343, -0.61175, -12.0018, 518.911, 0.165423, 0.0321831, 0.985697
57.463, -0.577259, -12.0018, 523.389, 0.176051, 0.0217189, 0.984141
57.583, -0.544961, -12.0018, 527.776, 0.161846, 0.017948, 0.986653
57.703, -0.527083, -12.0018, 531.891, 0.13521, 0.00448497, 0.990807
57.824, -0.504965, -12.0018, 536.039, 0.120048, -0.00894208, 0.992728
57.944, -0.48303, -12.0018, 540.154, 0.125078, -0.0302607, 0.991685
58.064, -0.460517, -12.0018, 544.359, 0.158411, -0.0323524, 0.986843
58.184, -0.41472, -12.0018, 548.837, 0.21977, -0.0318772, 0.975031
58.304, -0.359059, -12.0018, 553.314, 0.236043, -0.0311595, 0.971243
58.424, -0.303399, -12.0018, 557.792, 0.224929, -0.0440002, 0.973381
58.545, -0.24848, -12.0018, 562.307, 0.18077, -0.0448222, 0.982504
58.665, -0.221651, -12.0018, 566.785, 0.0959774, -0.0588905, 0.99364
58.785, -0.20504, -12.0018, 571.263, 0.0537731, -0.0537497, 0.997105
58.905, -0.188429, -12.0018, 575.741, 0.0492902, -0.0583231, 0.99708
59.025, -0.170997, -12.0018, 580.223, 0.132062, -0.044021, 0.990264
59.146, -0.128356, -12.0018, 584.752, 0.239505, -0.0552517, 0.969322
59.266, -0.0820963, -12.0018, 589.243, 0.324806, -0.0657205, 0.943495
59.386, -0.0358367, -12.0018, 593.734, 0.320698, -0.066695, 0.94483
59.506, 0.00839757, -12.0018, 598.222, 0.285078, -0.0710968, 0.955864
59.626, 0.0484293, -12.0018, 602.7, 0.200084, -0.0761802, 0.976813
59.746, 0.0918048, -12.0018, 607.178, 0.132438, -0.069366, 0.988761
59.867, 0.135542, -12.0018, 611.693, 0.0897992, -0.0877512, 0.992087
59.987, -0.579424, -12.0018, 616.066, 0.0897233, -0.0590447, 0.994215
60.107, -0.506991, -12.0018, 620.168, 0.0836095, -0.0524092, 0.995119
60.227, -0.412164, -12.0018, 624.27, 0.0716067, -0.0459999, 0.996372
60.347, -0.317338, -12.0018, 628.372, 0.064308, -0.0342515, 0.997342
60.467, -0.222511, -12.0018, 632.473, 0.0569865, -0.0358089, 0.997733
60.588, -0.122963, -12.0018, 637.001, 0.0159305, -0.0378337, 0.999157
60.708, -0.0203949, -12.0018, 641.492, 0.00167136, -0.0388696, 0.999243
60.828, 0.082173, -12.0018, 645.982, 0.0444103, -0.0526119, 0.997627
60.948, 0.184741, -12.0018, 650.473, 0.105612, -0.0404248, 0.993585
61.068, -0.448604, -12.0018, 654.762, 0.151752, -0.0437778, 0.987449
61.188, -0.297908, -12.0018, 658.862, 0.188917, -0.053166, 0.980553
61.309, -0.145956, -12.0018, 662.996, 0.183449, -0.0776049, 0.979961
61.429, 0.00473926, -12.0018, 667.097, 0.164729, -0.0897022, 0.982251
61.549, 0.161902, -12.0018, 671.478, 0.135534, -0.0799094, 0.987545
61.669, 0.29067, -12.0018, 675.954, 0.11306, -0.0973996, 0.988803
61.789, 0.419437, -12.0018, 680.431, 0.110672, -0.114722, 0.987213
61.909, 0.548205, -12.0018, 684.907, 0.125129, -0.117608, 0.985145
62.03, 0.650537, -12.0018, 689.867, 0.163709, -0.117852, 0.979444
62.15, 0.750948, -12.0018, 694.786, 0.184603, -0.112395, 0.976365
62.27, 0.851359, -12.0018, 699.706, 0.194797, -0.112742, 0.974343
62.39, 0.951769, -12.0018, 704.625, 0.200664, -0.0938187, 0.975157
62.51, -0.0628914, -12.0018, 705.876, 0.185353, -0.0891989, 0.978615
62.631, 0.094249, -12.0018, 705.869, 0.180315, -0.0960806, 0.978905
62.751, 0.14933, -12.0018, 705.863, 0.148752, -0.116687, 0.981966
62.871, 0.107429, -12.0018, 705.841, 0.138779, -0.100117, 0.98525
62.991, 0.0707689, -12.0018, 707.08, 0.163095, -0.0922722, 0.982286
63.111, 0.0934981, -12.0018, 708.745, 0.177419, -0.0969729, 0.979346
63.231, 0.11512, -12.0018, 710.411, 0.177027, -0.0938494, 0.979721
63.352, 0.136923, -12.0018, 712.09, 0.179947, -0.0974418, 0.978838
63.472, 0.190512, -12.0018, 715.865, 0.162382, -0.0919016, 0.982439
63.592, 0.238223, -12.0018, 720.343, 0.144439, -0.0961013, 0.984836
63.712, 0.285934, -12.0018, 724.82, 0.142104, -0.104108, 0.984362
63.832, 0.333645, -12.0018, 729.298, 0.155039, -0.092008, 0.983615
63.952, 0.401264, -12.0018, 734.234, 0.189344, -0.0954816, 0.977257
64.073, 0.481323, -12.0018, 739.211, 0.204009, -0.0946187, 0.974386
64.193, 0.56072, -12.0018, 744.146, 0.215353, -0.11149, 0.970151
64.313, -0.606734, -12.0018, 749.204, 0.211531, -0.116361, 0.97042
64.433, -0.501161, -12.0018, 753.681, 0.189732, -0.120452, 0.974419
64.553, -0.398626, -12.0018, 758.158, 0.176468, -0.117812, 0.977231
64.673, -0.296091, -12.0018, 762.635, 0.170667, -0.114731, 0.978626
64.794, -0.192702, -12.0018, 767.149, 0.177409, -0.0884349, 0.980156
64.914, -0.869988, -12.0018, 770.279, 0.208642, -0.0728242, 0.975277
65.034, -0.792838, -12.0018, 774.059, 0.227109, -0.0665267, 0.971595
65.154, -0.714934, -12.0018, 777.839, 0.246551, -0.0781427, 0.965974
65.274, -0.637029, -12.0018, 781.619, 0.263495, -0.0700177, 0.962116
65.395, -0.558252, -12.0018, 785.431, 0.248756, -0.0518847, 0.967175
65.515, -0.492328, -12.0018, 789.211, 0.218226, -0.0612098, 0.973977
65.635, -0.436673, -12.0018, 792.992, 0.212744, -0.0590454, 0.975322
65.755, -0.381017, -12.0018, 796.772, 0.17986, -0.0756468, 0.980779
65.875, -0.323153, -12.0018, 801.396, 0.178905, -0.0654081, 0.98169
65.995, -0.249651, -12.0018, 806.862, 0.22414, -0.0584149, 0.972805
66.116, -0.172159, -12.0018, 812.374, 0.279383, -0.0685362, 0.957731
66.236, -0.0953075, -12.0018, 817.84, 0.296881, -0.0692726, 0.952399
66.356, -0.942943, -12.0018, 821.431, 0.290058, -0.0688096, 0.954532
66.476, -0.894853, -12.0018, 825.909, 0.286393, -0.0574744, 0.956387
66.596, -0.846763, -12.0018, 830.387, 0.286497, -0.0529407, 0.956617
66.716, -0.798674, -12.0018, 834.865, 0.291908, -0.0332947, 0.955867
66.837, -0.719837, -12.0018, 840.376, 0.283243, -0.0341785, 0.958439
66.957, -0.62123, -12.0018, 845.842, 0.222827, -0.0181556, 0.974689
67.077, -0.522623, -12.0018, 851.308, 0.180201, -0.0161592, 0.983497
67.197, -1.56314, -12.0018, 855.143, 0.146048, -0.0101187, 0.989226
67.317, -1.42318, -12.0018, 855.108, 0.0912369, -0.00767828, 0.9958
67.437, -1.35288, -12.0018, 855.096, 0.064262, -0.00436465, 0.997924
67.558, -1.29796, -12.0018, 855.087, 0.0554958, -0.0236815, 0.998178
67.678, -1.34591, -12.0018, 855.086, 0.0768885, -0.0151424, 0.996925
67.798, -1.32049, -12.0018, 856.333, 0.136827, -0.00920922, 0.990552
67.918, -1.28958, -12.0018, 857.996, 0.232651, -0.0152052, 0.972441
68.038, -1.25868, -12.0018, 859.66, 0.25576, -0.0269466, 0.966365
68.158, -1.22778, -12.0018, 861.323, 0.25224, -0.0299528, 0.967201
68.279, -1.16481, -12.0018, 865.111, 0.229087, -0.0206517, 0.973187
68.399, -1.10016, -12.0018, 869.588, 0.216794, 0.000672437, 0.976217
68.519, -1.03552, -12.0018, 874.066, 0.214489, 0.00434144, 0.976717
68.639, -0.970881, -12.0018, 878.543, 0.226664, 0.00651643, 0.973951
68.759, -0.910751, -12.0018, 883.031, 0.250818, -0.00713427, 0.968008
68.88, -0.832291, -12.0018, 887.56, 0.264354, -0.0309847, 0.963928
69, -0.754479, -12.0018, 892.051, 0.258267, -0.0474642, 0.964907
69.12, -0.665295, -12.0018, 896.78, 0.249974, -0.0494492, 0.966989
69.24, -0.539056, -12.0018, 902.226, 0.238432, -0.0461495, 0.970062
69.36, -0.414008, -12.0018, 907.672, 0.240919, -0.0407561, 0.969689
69.48, -0.288959, -12.0018, 913.118, 0.25616, -0.0527663, 0.965193
69.601, -0.164123, -12.0018, 918.35, 0.282301, -0.0622453, 0.957304
69.721, -0.0347235, -12.0018, 923.285, 0.304111, -0.0664842, 0.950314
69.841, 0.0909653, -12.0018, 928.219, 0.315989, -0.0588175, 0.946938
69.961, 0.216654, -12.0018, 933.154, 0.306284, -0.0623444, 0.949897
70.081, -0.637472, -12.0018, 937.922, 0.25966, -0.0651444, 0.9635
70.201, -0.503997, -12.0018, 942.398, 0.212508, -0.064315, 0.975041
70.322, -0.366884, -12.0018, 946.912, 0.16803, -0.0691974, 0.98335
70.442, -0.230904, -12.0018, 951.388, 0.16028, -0.0667818, 0.98481
70.562, -0.0899805, -12.0018, 956.195, 0.174485, -0.0630534, 0.982639
70.682, 0.0475305, -12.0018, 961.114, 0.191097, -0.0596932, 0.979754
70.802, 0.185042, -12.0018, 966.032, 0.187643, -0.0607639, 0.980356
70.922, 0.322553, -12.0018, 970.95, 0.156861, -0.0569754, 0.985976
71.043, 0.422658, -12.0018, 975.926, 0.111397, -0.0532426, 0.992349
71.163, 0.506641, -12.0018, 980.862, 0.0933978, -0.0324601, 0.9951
71.283, 0.590624, -12.0018, 985.798, 0.0992928, -0.04695, 0.99395
71.403, 0.681481, -12.0018, 990.989, 0.115147, -0.0246127, 0.993043
71.523, 0.775346, -12.0018, 996.435, 0.128918, -0.0249597, 0.991341
71.643, 0.862637, -12.0018, 1001.88, 0.111788, -0.0351127, 0.993112
71.764, 0.950655, -12.0018, 1007.37, 0.0814774, -0.0454945, 0.995636
71.884, 1.05523, -12.0018, 1012.42, 0.0407873, -0.0403089, 0.998354
72.004, 1.17275, -12.0018, 1017.34, 0.0308742, -0.0390123, 0.998762
72.124, 1.29027, -12.0018, 1022.26, 0.06134, -0.0507025, 0.996828
72.244, 1.40779, -12.0018, 1027.18, 0.162863, -0.0651515, 0.984495
72.365, 1.56596, -12.0018, 1032.16, 0.238588, -0.0673938, 0.96878
72.485, 1.73331, -12.0018, 1037.09, 0.28971, -0.0482643, 0.955897
72.605, 1.90067, -12.0018, 1042.02, 0.29319, -0.044902, 0.954999
72.725, 2.0528, -12.0018, 1046.95, 0.261298, -0.025369, 0.964925
72.845, 2.15228, -12.0018, 1051.87, 0.149817, -0.0253541, 0.988389
72.965, 2.24933, -12.0018, 1056.79, 0.0824095, -0.0191891, 0.996414
73.086, 2.3472, -12.0018, 1061.75, 0.0638954, -0.04333, 0.997015
73.206, 2.40341, -12.0018, 1066.67, 0.074803, -0.030299, 0.996738
73.326, 2.41006, -12.0018, 1071.59, 0.0940654, -0.0464602, 0.994481
73.446, 2.41456, -12.0018, 1076.51, 0.0946177, -0.0607106, 0.993661
73.566, 2.41906, -12.0018, 1081.43, 0.0933981, -0.0561396, 0.994045
73.686, 2.41363, -12.0018, 1086.37, 0.0537654, -0.0508259, 0.997259
73.807, 2.42679, -12.0018, 1091.34, 0.0277111, -0.0451145, 0.998597
73.927, 2.43983, -12.0018, 1096.28, 0.0206069, -0.0473918, 0.998664
74.047, 2.45288, -12.0018, 1101.22, 0.0356477, -0.0552988, 0.997833
74.167, 2.45865, -12.0018, 1106.14, 0.088141, -0.0603361, 0.994279
74.287, 2.47389, -12.0018, 1111.06, 0.17578, -0.0566907, 0.982796
74.407, 2.48913, -12.0018, 1115.98, 0.2589, -0.0575651, 0.964187
74.528, 1.4429, -12.0018, 1120.99, 0.289481, -0.0516979, 0.955786
74.648, 1.44516, -12.0018, 1124.07, 0.298387, -0.0401785, 0.953599
74.768, 1.44408, -12.0018, 1128.17, 0.284264, -0.0261956, 0.958388
74.888, 1.443, -12.0018, 1132.27, 0.260263, -0.0382984, 0.964778
75.008, 1.44192, -12.0018, 1136.38, 0.240444, -0.0542712, 0.969145
75.129, 1.44847, -12.0018, 1140.81, 0.252465, -0.0377534, 0.966869
75.249, 1.47257, -12.0018, 1145.3, 0.277173, -0.0589307, 0.959011
75.369, 1.49668, -12.0018, 1149.79, 0.262197, -0.068225, 0.9626
75.489, 1.52079, -12.0018, 1154.28, 0.233922, -0.0566653, 0.970603
75.609, 1.53542, -12.0018, 1158.76, 0.18436, -0.0543384, 0.981356
75.729, 1.53768, -12.0018, 1163.24, 0.173502, -0.0617809, 0.982894
75.85, 1.53995, -12.0018, 1167.76, 0.189433, -0.076381, 0.978918
75.97, 1.53899, -12.0018, 1172.48, 0.229291, -0.0693651, 0.970883
76.09, 1.5372, -12.0018, 1177.92, 0.26796, -0.0650872, 0.961229
76.21, 1.53418, -12.0018, 1183.37, 0.293274, -0.0861482, 0.952139
76.33, 1.53117, -12.0018, 1188.82, 0.288146, -0.0879275, 0.953541
76.45, 1.54694, -12.0018, 1194.28, 0.251925, -0.0713576, 0.965113
76.571, 1.61398, -12.0018, 1199.79, 0.221775, -0.0695587, 0.972614
76.691, 1.68047, -12.0018, 1205.26, 0.200254, -0.0624147, 0.977754
76.811, 1.11117, -12.0018, 1210.25, 0.195599, -0.0563251, 0.979065
76.931, 1.18872, -12.0018, 1215.17, 0.208955, -0.0439803, 0.976936
77.051, 1.28825, -12.0018, 1220.09, 0.223674, -0.0413945, 0.973785
77.171, 1.38777, -12.0018, 1225.01, 0.209191, -0.0445001, 0.976862
77.292, 0.360021, -12.0018, 1229.76, 0.203192, -0.047154, 0.978003
77.412, 0.444025, -12.0018, 1234.24, 0.179982, -0.0394322, 0.982879
77.532, 0.521376, -12.0018, 1238.72, 0.188482, -0.0466109, 0.98097
77.652, 0.598726, -12.0018, 1243.2, 0.219135, -0.0559943, 0.974086
77.772, 0.722533, -12.0018, 1248.9, 0.262919, -0.044239, 0.963803
77.892, 0.88107, -12.0018, 1255, 0.273184, -0.0373783, 0.961235
78.013, 1.04093, -12.0018, 1261.16, 0.258464, -0.0466759, 0.964893
78.133, 0.158498, -12.0018, 1266.59, 0.243923, -0.0344808, 0.969181
78.253, 0.281855, -12.0018, 1272.04, 0.219062, -0.0314312, 0.975205
78.373, 0.396762, -12.0018, 1277.48, 0.192093, -0.0516227, 0.980018
78.493, 0.511669, -12.0018, 1282.93, 0.194661, -0.0526357, 0.979457
78.614, 0.594349, -12.0018, 1288.44, 0.240595, -0.0429807, 0.969674
78.734, 0.653113, -12.0018, 1293.9, 0.265958, -0.0373244, 0.963262
78.854, 0.711876, -12.0018, 1299.37, 0.261759, -0.0388999, 0.964349
78.974, -0.326809, -12.0018, 1304.36, 0.25016, -0.0154663, 0.968081
79.094, -0.274297, -12.0018, 1309.28, 0.224957, 0.00252854, 0.974365
79.214, -0.221012, -12.0018, 1314.2, 0.217927, -0.00600592, 0.975947
79.335, -0.167284, -12.0018, 1319.16, 0.237436, -0.0273852, 0.971017
79.455, -0.105989, -12.0018, 1324.34, 0.264852, -0.0242591, 0.963984
79.575, -0.00184483, -12.0018, 1329.79, 0.292582, -0.0264675, 0.955874
79.695, 0.102299, -12.0018, 1335.23, 0.29119, -0.0263581, 0.956302
79.815, 0.206443, -12.0018, 1340.68, 0.272457, 0.00250715, 0.962165
79.935, 0.293108, -12.0018, 1346.15, 0.232105, 0.0287942, 0.972264
80.056, 0.37619, -12.0018, 1351.66, 0.222326, 0.0407946, 0.974118
80.176, 0.458586, -12.0018, 1357.12, 0.223183, 0.0480249, 0.973593
80.296, 0.565343, -12.0018, 1363.99, 0.243279, 0.0466839, 0.968832
80.416, 0.667891, -12.0018, 1370.86, 0.244655, 0.0342394, 0.969005
80.536, 0.770439, -12.0018, 1377.72, 0.243278, 0.0301579, 0.969488
80.656, -0.211128, -12.0018, 1381.81, 0.234477, 0.0291734, 0.971684
80.777, -0.15603, -12.0018, 1386.79, 0.236529, 0.00505638, 0.971611
80.897, -0.104406, -12.0018, 1391.73, 0.266438, -0.0023098, 0.963849
81.017, -0.0527813, -12.0018, 1396.66, 0.300432, -0.0065351, 0.953781
81.137, 0.0119408, -12.0018, 1401.98, 0.352616, -0.013928, 0.935665
81.257, 0.0968269, -12.0018, 1407.43, 0.368591, -0.0181763, 0.929414
81.377, 0.181713, -12.0018, 1412.87, 0.334791, -0.0454519, 0.941195
81.498, 0.24931, -12.0018, 1418.37, 0.278065, -0.0360683, 0.959885
81.618, 0.328802, -12.0018, 1423.81, 0.238214, -0.0325146, 0.970668
81.738, 0.413099, -12.0018, 1429.26, 0.221317, -0.0327973, 0.97465
81.858, 0.497396, -12.0018, 1434.71, 0.228574, -0.0341236, 0.972928
81.978, 0.602859, -11.9902, 1440.17, 0.275073, -0.0272059, 0.961038
82.099, 0.728864, -11.9576, 1445.68, 0.311538, -0.0202067, 0.950019
82.219, 0.853855, -11.9345, 1451.14, 0.302833, -0.0104284, 0.952987
82.339, 0.00614071, -11.9195, 1456.44, 0.267933, -0.0259717, 0.963088
82.459, 0.109144, -11.9195, 1461.36, 0.222387, -0.0158421, 0.97483
82.579, 0.186872, -11.9195, 1466.28, 0.179079, -0.0329562, 0.983283
82.699, 0.264599, -11.9195, 1471.2, 0.173404, -0.0353035, 0.984218
82.82, 0.339767, -11.9041, 1477.06, 0.187014, -0.0177458, 0.982197
82.94, 0.399183, -11.8972, 1483.17, 0.201543, -0.0447561, 0.978456
83.06, 0.458315, -11.8967, 1489.28, 0.189688, -0.0642595, 0.979739
83.18, -0.490793, -11.8967, 1493.28, 0.188631, -0.0509427, 0.980726
83.3, -0.43324, -11.8967, 1498.2, 0.174991, -0.0177699, 0.98441
83.42, -0.376422, -11.8928, 1503.12, 0.167986, -0.00542735, 0.985775
83.541, -0.318682, -11.8914, 1508.08, 0.166192, -0.0396381, 0.985296
83.661, -0.93963, -11.8913, 1512.9, 0.203935, -0.0275155, 0.978598
83.781, -0.878987, -11.8913, 1517.38, 0.250476, -0.0440119, 0.967122
83.901, -0.810066, -11.8906, 1521.85, 0.289312, -0.0597456, 0.955369
84.021, -0.741075, -11.8901, 1526.33, 0.299323, -0.0625224, 0.952101
84.141, -0.666379, -11.8901, 1531.3, 0.29105, -0.0377681, 0.955962
84.262, -0.589149, -11.8901, 1536.81, 0.287534, -0.0404738, 0.956915
84.382, -0.512556, -11.8901, 1542.28, 0.290286, -0.050861, 0.955587
84.502, -0.440817, -11.8901, 1547.75, 0.299506, -0.0557881, 0.952462
84.622, -0.376416, -11.8901, 1553.19, 0.315236, -0.0671572, 0.946634
84.742, -0.318931, -11.8901, 1558.64, 0.31496, -0.0825414, 0.945509
84.862, -0.261447, -11.8901, 1564.09, 0.289961, -0.0815052, 0.953561
84.983, -0.206049, -11.8901, 1569.45, 0.249519, -0.0645494, 0.966216
85.103, -0.179868, -11.8901, 1574.37, 0.164297, -0.0658533, 0.98421
85.223, -0.154322, -11.8901, 1579.29, 0.112894, -0.0695681, 0.991169
85.343, -0.128776, -11.8901, 1584.21, 0.0984976, -0.0767349, 0.992174
85.463, -0.109905, -11.8901, 1589.54, 0.148, -0.0550933, 0.987451
85.584, -0.0876646, -11.8901, 1595.05, 0.191175, -0.0366468, 0.980872
85.704, -0.0656079, -11.8901, 1600.52, 0.2208, -0.0334705, 0.974745
85.824, -0.044311, -11.8901, 1605.98, 0.224503, 0.00417749, 0.974464
85.944, -0.0200352, -11.8901, 1611.43, 0.220842, 0.0243525, 0.975006
86.064, 0.00408055, -11.8901, 1616.88, 0.219586, 0.0446824, 0.974569
86.184, 0.0281963, -11.8901, 1622.32, 0.211352, 0.0432077, 0.976454
86.305, 0.0533321, -11.8901, 1627.55, 0.211989, 0.0456616, 0.976205
86.425, 0.0669432, -11.8901, 1632.47, 0.198128, 0.0256823, 0.97984
86.545, 0.0795049, -11.8901, 1637.39, 0.176845, 0.0103221, 0.984185
86.665, 0.0920666, -11.8988, 1642.31, 0.149857, 0.00755976, 0.988679
86.785, 0.0948217, -11.8988, 1647.24, 0.127639, 0.00525961, 0.991807
86.905, 0.0985618, -11.8988, 1652.18, 0.104959, 0.00388916, 0.994469
87.026, 0.102333, -11.8988, 1657.15, 0.0877909, -0.0209143, 0.995919
87.146, 0.106338, -11.8988, 1662.09, 0.0820803, -0.0262631, 0.99628
87.266, 0.147658, -11.8988, 1667.01, 0.0912889, -0.0445377, 0.994828
87.386, 0.199331, -11.8988, 1671.93, 0.0817263, -0.0437254, 0.995695
87.506, 0.251003, -11.8988, 1676.85, 0.0659483, -0.0479863, 0.996668
87.626, 0.3023, -11.8988, 1682.66, 0.0395533, -0.0525984, 0.997832
87.747, 0.350789, -11.8988, 1688.82, 0.0775093, -0.0533596, 0.995563
87.867, 0.398877, -11.8988, 1694.93, 0.173705, -0.0501284, 0.983521
87.987, 0.0841778, -11.8988, 1699.16, 0.245128, -0.057451, 0.967787
88.107, 0.11548, -11.8988, 1702.52, 0.31458, -0.0535892, 0.947717
88.227, 0.153543, -11.8988, 1706.99, 0.317683, -0.0399642, 0.947354
88.348, 0.191923, -11.8988, 1711.51, 0.303637, -0.0395141, 0.951968
88.468, 0.234163, -11.8988, 1716.23, 0.2782, -0.0208804, 0.960296
88.588, 0.265612, -11.8988, 1721.68, 0.240571, -0.0107835, 0.970572
88.708, 0.293623, -11.8988, 1727.12, 0.223485, -0.0144956, 0.9746
88.828, 0.321635, -11.8988, 1732.57, 0.224103, -0.0156363, 0.97444
88.948, 0.346926, -11.8988, 1737.76, 0.236243, -0.0135451, 0.9716
89.069, 0.378007, -11.8988, 1742.74, 0.243528, -0.00824703, 0.969859
89.189, 0.408831, -11.8988, 1747.68, 0.229835, -0.00240137, 0.973227
89.309, 0.447021, -11.8988, 1752.9, 0.210397, 0.0283332, 0.977205
89.429, 0.497198, -11.8988, 1758.98, 0.167672, 0.0602246, 0.984002
89.549, 0.542811, -11.8988, 1765.07, 0.148679, 0.0784937, 0.985765
89.669, 0.588423, -11.8988, 1771.15, 0.129699, 0.0720088, 0.988935
89.79, 0.0649079, -11.8988, 1773.56, 0.151801, 0.0609434, 0.98653
89.91, 0.0939195, -11.8988, 1777.67, 0.183563, 0.0427183, 0.982079
90.03, 0.122394, -11.8988, 1781.77, 0.202296, 0.0303138, 0.978855
90.15, 0.150868, -11.8988, 1785.87, 0.196137, 0.0165383, 0.980437
90.27, 0.180752, -11.8988, 1790.18, 0.187481, 0.011666, 0.982199
90.39, 0.218898, -11.8988, 1795.12, 0.164548, -0.00150182, 0.986368
90.511, 0.25745, -11.8988, 1800.1, 0.162594, 0.00743104, 0.986665
90.631, 0.295683, -11.8988, 1805.03, 0.158412, 0.00363212, 0.987366
90.751, -0.353043, -11.8988, 1809.62, 0.166928, 0.0203413, 0.985759
90.871, -0.302699, -11.8988, 1814.1, 0.18838, 0.0175181, 0.98194
90.991, -0.257, -11.8988, 1818.58, 0.193239, 0.0266267, 0.98079
91.111, -0.211302, -11.8988, 1823.06, 0.191127, 0.0235728, 0.981282
91.232, -1.22515, -11.8988, 1827.53, 0.169015, 0.0335138, 0.985043
91.352, -1.17452, -11.8988, 1831.63, 0.143234, 0.0294533, 0.98925
91.472, -1.11869, -11.8988, 1835.73, 0.144479, 0.017333, 0.989356
91.592, -1.06287, -11.8988, 1839.83, 0.166106, -0.00861074, 0.98607
91.712, -1.00039, -11.8988, 1844.14, 0.194399, -0.00707262, 0.980897
91.833, -0.889772, -11.8988, 1849.12, 0.232646, -0.0346205, 0.971945
91.953, -0.775593, -11.8988, 1854.06, 0.254232, -0.043482, 0.966165
92.073, -0.661415, -11.8988, 1858.99, 0.247509, -0.0538188, 0.96739
92.193, -0.544778, -11.8988, 1863.92, 0.188557, -0.0469836, 0.980938
92.313, -0.457137, -11.8988, 1868.84, 0.141347, -0.0433293, 0.989011
92.433, -0.378864, -11.8988, 1873.76, 0.113699, -0.05031, 0.992241
92.554, -0.299939, -11.8988, 1878.72, 0.110908, -0.0575, 0.992166
92.674, -0.750416, -11.8988, 1881.06, 0.143069, -0.0480615, 0.988545
92.794, -0.71303, -11.8988, 1883.68, 0.229229, -0.0536822, 0.971891
92.914, -0.676694, -11.8988, 1887.19, 0.267661, -0.0543303, 0.96198
93.034, -0.640932, -11.8988, 1890.69, 0.297112, -0.0562125, 0.953187
93.154, -0.605169, -11.8988, 1894.19, 0.296693, -0.0470654, 0.953812
93.275, -0.572526, -11.8988, 1898.47, 0.271221, -0.0462609, 0.961405
93.395, -0.542078, -11.8988, 1902.96, 0.255181, -0.0501827, 0.96559
93.515, -0.511629, -11.8988, 1907.46, 0.252534, -0.062385, 0.965575
93.635, -0.478229, -11.8988, 1911.95, 0.247409, -0.0585828, 0.967138
93.755, -0.450492, -11.8988, 1916.87, 0.244516, -0.05755, 0.967936
93.875, -0.441239, -11.8988, 1921.79, 0.21115, -0.0646784, 0.975311
93.996, -0.431908, -11.8988, 1926.75, 0.141135, -0.0795853, 0.986786
94.116, -1.62663, -11.8988, 1931.65, 0.104045, -0.0641059, 0.992504
94.236, -1.61842, -11.8988, 1934.73, 0.0416141, -0.057918, 0.997454
94.356, -1.61281, -11.8988, 1938.83, -0.00378247, -0.0738504, 0.997262
94.476, -1.6072, -11.8988, 1942.94, -0.0101179, -0.0701288, 0.997487
94.596, -1.60159, -11.8988, 1947.04, 0.0121949, -0.0672645, 0.997661
94.717, -1.58126, -11.8988, 1951.46, 0.073309, -0.0749267, 0.994491
94.837, -1.55817, -11.8988, 1955.93, 0.111299, -0.0789254, 0.990648
94.957, -1.53508, -11.8988, 1960.41, 0.127119, -0.0911721, 0.987688
95.077, -1.51199, -11.8988, 1964.89, 0.117133, -0.0865622, 0.989337
95.197, -1.47878, -11.8988, 1969.83, 0.0656308, -0.0752059, 0.995006
95.318, -1.45159, -11.8988, 1974.8, 0.0414704, -0.0652826, 0.997005
95.438, -1.42462, -11.8988, 1979.74, 0.0471128, -0.0816981, 0.995543
95.558, -1.85844, -11.8988, 1984.52, 0.0818902, -0.0567577, 0.995024
95.678, -1.89476, -11.8988, 1986.42, 0.137748, -0.0549904, 0.98894
95.798, -1.86756, -11.8988, 1990.2, 0.264692, -0.0656223, 0.962098
95.918, -1.84004, -11.8988, 1993.98, 0.301431, -0.0632138, 0.95139
96.039, -1.81229, -11.8988, 1997.79, 0.28636, -0.0521834, 0.9567
96.159, -1.77592, -11.8988, 2002.43, 0.211951, -0.0493183, 0.976035
96.279, -1.73314, -11.8988, 2007.35, 0.152851, -0.0579759, 0.986547
96.399, -1.69035, -11.8988, 2012.27, 0.0356659, -0.0729823, 0.996695
96.519, -1.6433, -11.8988, 2017.32, 0.0200035, -0.0513879, 0.998478
96.639, -1.59153, -11.8988, 2022.79, 0.135447, -0.0682765, 0.988429
96.76, -1.54289, -11.8988, 2028.3, 0.328707, -0.0700024, 0.941834
96.88, -1.49465, -11.8988, 2033.77, 0.396174, -0.0583494, 0.916319
97, -2.1399, -11.8988, 2037.61, 0.408807, -0.025499, 0.912264
97.12, -2.10577, -11.8988, 2042.09, 0.377399, -0.0183489, 0.925869
97.24, -2.07113, -11.8988, 2046.56, 0.361366, -0.0204476, 0.9322
97.36, -2.03649, -11.8988, 2051.04, 0.350774, -0.0325469, 0.935895
97.481, -2.00091, -11.8988, 2055.78, 0.365275, -0.0364227, 0.930187
97.601, -1.96302, -11.8988, 2060.7, 0.37546, -0.03878, 0.926027
97.721, -1.92462, -11.8988, 2065.62, 0.38596, -0.0279136, 0.922093
97.841, -1.88622, -11.8988, 2070.54, 0.376253, -0.0250586, 0.926178
97.961, -1.8468, -11.8988, 2075.47, 0.352316, -0.0111366, 0.935815
98.082, -1.79713, -11.8988, 2080.45, 0.341616, -0.0147494, 0.939724
98.202, -1.74787, -11.8988, 2085.38, 0.33621, -0.0241846, 0.941476
98.322, -1.69771, -11.8988, 2090.45, 0.348862, -0.0193238, 0.936975
98.442, -1.64863, -11.8988, 2095.9, 0.376609, -0.0246677, 0.926044
98.562, -1.60046, -11.8988, 2101.34, 0.389965, -0.0279024, 0.920407
98.682, -1.55229, -11.8988, 2106.79, 0.377801, -0.0382205, 0.925098
98.803, -1.51082, -11.8988, 2112.02, 0.343969, -0.0204389, 0.938759
98.923, -1.46329, -11.8988, 2116.96, 0.293498, -0.0112317, 0.955894
99.043, -1.41142, -11.8988, 2121.89, 0.281243, -0.0216701, 0.959392
99.163, -1.35956, -11.8988, 2126.83, 0.28645, -0.0304494, 0.957611
99.283, -1.31479, -11.8988, 2131.75, 0.345496, -0.0316143, 0.937888
99.403, -1.26629, -11.8988, 2136.67, 0.379196, -0.0272045, 0.924916
99.524, -1.21739, -11.8988, 2141.64, 0.38297, -0.0292336, 0.923298
99.644, -1.18237, -11.8988, 2147.14, 0.367365, -0.016026, 0.929939
99.764, -1.15277, -11.8988, 2153.22, 0.330902, -0.024447, 0.943348
99.884, -1.12121, -11.8988, 2159.31, 0.29116, -0.0461115, 0.955562
100.004, -1.08966, -11.8988, 2165.39, 0.261445, -0.0602111, 0.963339
100.124, -1.55148, -11.8988, 2168.77, 0.215944, -0.0515831, 0.975042
100.245, -1.5257, -11.8988, 2173.3, 0.191494, -0.0508126, 0.980178
100.365, -1.50056, -11.8988, 2177.79, 0.140815, -0.0514184, 0.9887
100.485, -1.47393, -11.8988, 2182.28, 0.0780332, -0.0664965, 0.994731
100.605, -1.43752, -11.8988, 2187.73, 0.0696323, -0.0656974, 0.995407
100.725, -1.40729, -11.8988, 2193.18, 0.112985, -0.0499856, 0.992338
100.845, -1.37707, -11.8988, 2198.62, 0.151891, -0.0746768, 0.985572
100.966, -1.34419, -11.8988, 2203.98, 0.200794, -0.0630152, 0.977605
101.086, -1.29521, -11.8988, 2208.9, 0.279224, -0.0563439, 0.958571
101.206, -1.24062, -11.8988, 2213.82, 0.316667, -0.0457782, 0.947431
101.326, -1.18603, -11.8988, 2218.74, 0.324662, -0.0414062, 0.944923
101.446, -1.13077, -11.8988, 2223.67, 0.302491, -0.0191798, 0.952959
101.567, -1.10316, -11.8988, 2228.65, 0.279194, -0.00605758, 0.960216
101.687, -1.07822, -11.8988, 2233.59, 0.257571, -0.0221022, 0.966007
101.807, -1.05329, -11.8988, 2238.52, 0.257108, -0.0275409, 0.96599
101.927, -1.31615, -11.8988, 2243.3, 0.275675, -0.0286447, 0.960824
102.047, -1.29367, -11.8988, 2247.78, 0.290162, -0.00608114, 0.956958
102.167, -1.27385, -11.8988, 2252.26, 0.279507, -0.0107783, 0.960083
102.288, -1.25774, -11.8988, 2257.18, 0.255431, -0.0103102, 0.966772
102.408, -1.22446, -11.8988, 2263.26, 0.234339, -0.00298983, 0.97215
102.528, -1.18418, -11.8988, 2269.34, 0.220873, -0.0125769, 0.975221
102.648, -1.14391, -11.8988, 2275.43, 0.209524, -0.0174405, 0.977648
102.768, -1.1069, -11.8988, 2281.05, 0.213231, 0.01692, 0.976855
102.888, -1.06529, -11.8988, 2286.52, 0.217998, 0.0554486, 0.974373
103.009, -1.02513, -11.8988, 2292.03, 0.204113, 0.070497, 0.976406
103.129, -0.972525, -11.8988, 2297.8, 0.178821, 0.0803056, 0.980599
103.249, -0.901111, -11.8988, 2303.89, 0.136589, 0.0913795, 0.986404
103.369, -0.828405, -11.8988, 2309.97, 0.121055, 0.0810656, 0.98933
103.489, -0.755699, -11.8988, 2316.06, 0.110541, 0.066423, 0.99165
103.609, -1.22821, -11.8988, 2320.71, 0.116291, 0.075347, 0.990353
103.73, -1.15686, -11.8988, 2325.69, 0.121808, 0.064713, 0.990442
103.85, -1.0861, -11.8988, 2330.62, 0.118292, 0.0535763, 0.991532
103.97, -1.00315, -11.8988, 2337.01, 0.106451, 0.0528874, 0.99291
104.09, -0.915827, -11.8988, 2343.87, 0.113004, 0.0481861, 0.992425
104.21, -0.828504, -11.8988, 2350.74, 0.145602, -0.00214158, 0.989341
104.33, -1.24213, -11.8988, 2356.63, 0.184745, 0.0075933, 0.982757
104.451, -1.13995, -11.8988, 2362.14, 0.240511, 0.00815244, 0.970612
104.571, -1.03956, -11.8988, 2367.6, 0.246499, 0.0110203, 0.96908
104.691, -0.939168, -11.8988, 2373.07, 0.226028, 0.0181971, 0.973951
104.811, -0.841995, -11.8988, 2378.52, 0.190563, 0.035482, 0.981034
104.931, -0.75829, -11.8988, 2383.97, 0.174078, 0.0438736, 0.983754
105.052, -0.673887, -11.8988, 2389.46, 0.162407, 0.0154026, 0.986604
105.172, -0.590181, -11.8988, 2394.9, 0.166036, 0.0182906, 0.98595
105.292, -0.783953, -11.8988, 2397.99, 0.205447, 0.0280367, 0.978267
105.412, -0.730271, -11.8988, 2402.1, 0.242141, 0.0152944, 0.970121
105.532, -0.677564, -11.8988, 2406.2, 0.243824, 0.00189765, 0.969818
105.652, -0.604393, -11.8988, 2411.7, 0.23074, -0.0084382, 0.972979
105.773, -0.516937, -11.8988, 2418.65, 0.224724, -0.0153579, 0.974301
105.893, -0.430204, -11.8988, 2425.55, 0.233003, -0.0334569, 0.9719
106.013, -0.757693, -11.8988, 2430.18, 0.249593, -0.0311391, 0.96785
106.133, -0.690747, -11.8988, 2435.63, 0.273076, -0.0246683, 0.961676
106.253, -0.620997, -11.8988, 2441.08, 0.300852, -0.0331035, 0.953096
106.373, -0.551246, -11.8988, 2446.52, 0.303584, -0.023431, 0.952516
106.494, -0.487985, -11.8988, 2451.88, 0.296867, -0.0163975, 0.954778
106.614, -0.462693, -11.8988, 2456.8, 0.28305, -0.0140527, 0.959002
106.734, -0.435166, -11.8988, 2461.72, 0.295052, -0.0182705, 0.955306
106.854, -0.407639, -11.8988, 2466.64, 0.316138, -0.0208869, 0.948483
106.974, -0.378593, -11.8988, 2471.57, 0.357393, -0.0195214, 0.93375
107.094, -0.359968, -11.8988, 2476.51, 0.382435, -0.0209574, 0.923745
107.215, -0.340916, -11.8988, 2481.49, 0.386115, -0.0229255, 0.922166
107.335, -0.308737, -11.8988, 2487.39, 0.379718, -0.00976803, 0.925051
107.455, -0.254973, -11.8988, 2494.26, 0.340268, -0.00622255, 0.940308
107.575, -0.204119, -11.8988, 2501.12, 0.318042, -0.0168023, 0.947928
107.695, -0.48482, -11.8988, 2507.62, 0.320859, -0.019333, 0.94693
107.816, -0.438413, -11.8988, 2513.13, 0.270237, -0.0113522, 0.962727
107.936, -0.391706, -11.8988, 2518.59, 0.179211, 0.000641572, 0.98381
108.056, -0.344999, -11.8988, 2524.06, 0.103612, -0.000780228, 0.994617
108.176, -0.296843, -11.8988, 2529.52, 0.0458916, -0.0023506, 0.998944
108.296, -0.249473, -11.8988, 2534.97, 0.0293689, -0.00321279, 0.999564
108.416, -0.20295, -11.8988, 2540.41, 0.0546997, -0.0200571, 0.998301
108.537, -0.15604, -11.8988, 2545.91, 0.120916, -0.00992208, 0.992613
108.657, -0.105691, -11.8988, 2551.35, 0.179561, -0.000450713, 0.983747
108.777, -0.0679323, -11.8988, 2556.8, 0.225198, -0.00706236, 0.974287
108.897, -0.0301735, -11.8988, 2562.25, 0.223877, -0.00872852, 0.974578
109.017, 0.0015491, -11.8988, 2568.19, 0.202611, -0.00470461, 0.979248
109.137, 0.0364, -11.8988, 2574.3, 0.19478, -0.0120477, 0.980773
109.258, 0.0715414, -11.8988, 2580.46, 0.198061, -0.022979, 0.97992
109.378, -0.288057, -11.8988, 2584.73, 0.248144, -0.0178112, 0.968559
109.498, -0.267067, -11.8988, 2589.65, 0.296929, -0.030554, 0.954411
109.618, -0.246363, -11.8988, 2594.57, 0.323664, -0.0212105, 0.945934
109.738, -0.225659, -11.8988, 2599.49, 0.311819, -0.0291935, 0.949693
109.858, -0.185561, -11.8988, 2605.3, 0.280908, -0.0193571, 0.95954
109.979, -0.139972, -11.8988, 2611.46, 0.24831, -0.024268, 0.968377
110.099, -0.0929054, -11.8988, 2617.57, 0.242604, -0.0467768, 0.968997
110.219, -0.572294, -11.8988, 2623.16, 0.245904, -0.0432634, 0.968328
110.339, -0.510375, -11.8988, 2628.61, 0.26208, -0.0584251, 0.963276
110.459, -0.439567, -11.8988, 2634.06, 0.254557, -0.0524508, 0.965634
110.579, -0.36876, -11.8988, 2639.5, 0.227058, -0.0488242, 0.972657
110.7, -0.290924, -11.8988, 2645, 0.186205, -0.0489341, 0.981292
110.82, -0.213287, -11.8988, 2650.44, 0.142771, -0.0536865, 0.988299
110.94, -0.135651, -11.8988, 2655.89, 0.116231, -0.0595676, 0.991434
111.06, -0.0560028, -11.8988, 2661.34, 0.111599, -0.0454684, 0.992713
111.18, 0.0229294, -11.8988, 2666.27, 0.128214, -0.0405616, 0.990917
111.301, 0.105934, -11.8988, 2671.25, 0.127587, -0.0216991, 0.99159
111.421, 0.188253, -11.8988, 2676.19, 0.117146, -0.0307119, 0.99264
111.541, 0.27796, -11.8988, 2683.05, 0.0838402, -0.0232847, 0.996207
111.661, 0.343374, -11.8988, 2689.92, 0.0762127, -0.0247871, 0.996783
111.781, 0.408787, -11.8988, 2696.79, 0.0951687, -0.0495218, 0.994229
111.901, 0.0686562, -11.8988, 2701.12, 0.171952, -0.0478223, 0.983944
112.022, 0.120722, -11.8988, 2706.1, 0.235221, -0.0565801, 0.970294
112.142, 0.174574, -11.8988, 2711.03, 0.268231, -0.067106, 0.961015
112.262, 0.228426, -11.8988, 2715.97, 0.266401, -0.0624823, 0.961835
112.382, 0.28199, -11.8988, 2721.29, 0.247217, -0.0594064, 0.967138
112.502, 0.364889, -11.8988, 2726.73, 0.244259, -0.0703169, 0.967157
112.622, 0.447788, -11.8988, 2732.18, 0.25145, -0.0641322, 0.965743
112.743, 0.556233, -11.8988, 2738.77, 0.276997, -0.0557124, 0.959254
112.863, 0.676889, -11.8988, 2745.67, 0.294642, -0.0454066, 0.954528
112.983, 0.797545, -11.8988, 2752.56, 0.294406, -0.0372063, 0.954956
113.103, 0.166537, -11.8988, 2756.89, 0.280496, -0.0211235, 0.959623
113.223, 0.265266, -11.8988, 2762.34, 0.272345, -0.0114004, 0.962132
113.343, 0.364347, -11.8988, 2767.78, 0.273211, -0.00870985, 0.961915
113.464, 0.459689, -11.8988, 2773.28, 0.282854, -0.0140439, 0.95906
113.584, 0.570873, -11.8988, 2779.36, 0.317645, -0.0103808, 0.948153
113.704, 0.683486, -11.8988, 2785.44, 0.32384, -0.0224702, 0.945845
113.824, 0.796098, -11.8988, 2791.53, 0.303637, -0.0256693, 0.952442
113.944, 0.885582, -11.8988, 2797.3, 0.260565, -0.0097929, 0.965407
114.064, 0.945751, -11.8988, 2802.77, 0.239896, -0.0167418, 0.970654
114.185, 1.00642, -11.8988, 2808.28, 0.236311, -0.0264004, 0.971319
114.305, 1.06659, -11.8988, 2813.75, 0.264949, -0.0217668, 0.964017
114.425, 1.15278, -11.8988, 2819.19, 0.298808, -0.00784894, 0.954281
114.545, 1.25631, -11.8988, 2824.64, 0.294134, -0.015253, 0.955642
114.665, 1.35984, -11.8988, 2830.09, 0.260248, -0.0163248, 0.965404
114.786, 1.45064, -11.8988, 2835.45, 0.220244, -0.0092369, 0.975401
114.906, 1.52293, -11.8988, 2840.38, 0.158617, -0.0103781, 0.987286
115.026, 1.59476, -11.8988, 2845.32, 0.138839, -0.0163166, 0.990181
115.146, 1.66658, -11.8988, 2850.25, 0.13446, -0.0157857, 0.990793
115.266, 1.72224, -11.8988, 2855.18, 0.158873, -0.00743997, 0.987271
115.386, 1.77421, -11.8988, 2860.1, 0.185705, -0.0181349, 0.982438
115.507, 1.8266, -11.8988, 2865.06, 0.20787, -0.0201975, 0.977948
115.627, 1.88302, -11.8988, 2870.27, 0.223289, -0.0232002, 0.974476
115.747, 1.93571, -11.8988, 2876.36, 0.232221, -0.0187954, 0.972481
115.867, 1.9862, -11.8988, 2882.44, 0.232792, -0.0309238, 0.972035
115.987, 2.03669, -11.8988, 2888.53, 0.240235, -0.0400836, 0.969887
116.107, 2.06512, -11.8988, 2894.15, 0.265178, -0.0179472, 0.964032
116.228, 2.08649, -11.8988, 2899.66, 0.251267, -0.0198314, 0.967715
116.348, 2.10768, -11.8988, 2905.13, 0.189689, -0.0356257, 0.981198
116.468, 2.13139, -11.8988, 2910.59, 0.124853, -0.00955069, 0.992129
116.588, 2.13434, -11.8988, 2916.03, 0.0459573, -0.0186953, 0.998768
116.708, 2.12976, -11.8988, 2921.48, -0.0327231, -0.0236874, 0.999184
116.828, 2.12518, -11.8988, 2926.93, -0.0462084, -0.0217621, 0.998695
116.949, 1.30788, -11.8988, 2931.99, -0.0223296, -0.0186728, 0.999576
117.069, 1.32055, -11.8988, 2936.47, 0.0504823, -0.0277119, 0.99834
117.189, 1.33394, -11.8988, 2940.95, 0.130897, -0.0423561, 0.990491
117.309, 1.34734, -11.8988, 2945.42, 0.208929, -0.0564135, 0.976302
117.429, 1.35935, -11.8988, 2950.13, 0.218725, -0.0365404, 0.975102
117.549, 1.36435, -11.8988, 2955.07, 0.221807, -0.0367437, 0.974398
117.67, 1.37432, -11.8988, 2960.05, 0.224948, -0.0413656, 0.973492
117.79, 1.38518, -11.8988, 2965.27, 0.247378, -0.0491008, 0.967674
117.91, 1.39076, -11.8988, 2971.35, 0.300226, -0.0304978, 0.953381
118.03, 1.39562, -11.8988, 2977.44, 0.306012, -0.0347085, 0.951395
118.15, 1.40048, -11.8988, 2983.52, 0.30119, -0.0301906, 0.953086
118.271, 0.54132, -11.8988, 2988.81, 0.259389, -0.02154, 0.965533
118.391, 0.527349, -11.8988, 2993.74, 0.233117, -0.00215212, 0.972446
118.511, 0.513466, -11.8988, 2998.68, 0.234721, -0.00570317, 0.972046
118.631, 0.499582, -11.8988, 3003.62, 0.259478, 0.00283667, 0.965745
118.751, -0.0257619, -11.8988, 3008.27, 0.304309, 0.00651307, 0.952551
118.871, -0.0261823, -11.8988, 3012.75, 0.345816, -0.00839361, 0.938265
118.992, -0.0266062, -11.8988, 3017.27, 0.350344, -0.0122331, 0.936541
119.112, -0.0270266, -11.8988, 3021.74, 0.331543, -0.0168125, 0.94329
119.232, -0.0325881, -11.8988, 3026.22, 0.272795, -0.00767794, 0.962041
119.352, -0.0267851, -11.8988, 3030.7, 0.239093, -0.0267394, 0.970628
119.472, -0.0197342, -11.8988, 3035.18, 0.220841, -0.0383474, 0.974556
119.592, -0.0126832, -11.8988, 3039.66, 0.217377, -0.0456887, 0.975018
119.713, 0.00676996, -11.8988, 3044.52, 0.24119, -0.0575639, 0.968769
119.833, 0.0426143, -11.8988, 3049.46, 0.269331, -0.0788991, 0.95981
119.953, 0.0784586, -11.8988, 3054.39, 0.265945, -0.0878936, 0.959973
120.073, 0.108297, -11.8988, 3059.46, 0.238648, -0.0667441, 0.96881
120.193, 0.128604, -11.8988, 3064.91, 0.200117, -0.0466289, 0.978662
120.313, 0.149634, -11.8988, 3070.35, 0.188448, -0.0471162, 0.980952
120.434, 0.17084, -11.8988, 3075.85, 0.194066, -0.0595982, 0.979176
120.554, 0.206235, -11.8988, 3081.29, 0.226678, -0.0554646, 0.972389
120.674, 0.230605, -11.8988, 3086.74, 0.268545, -0.0522364, 0.96185
120.794, 0.254975, -11.8988, 3092.19, 0.260675, -0.0779616, 0.962274
120.914, 0.295787, -11.8988, 3097.96, 0.229102, -0.059013, 0.971612
121.035, 0.38207, -11.892, 3104.12, 0.190818, -0.0495468, 0.980374
121.155, 0.470217, -11.892, 3110.23, 0.185747, -0.0537965, 0.981124
121.275, 0.559287, -11.892, 3116.33, 0.211257, -0.0600212, 0.975586
121.395, 0.651098, -11.892, 3122.42, 0.266872, -0.0578179, 0.961996
121.515, 0.731815, -11.892, 3128.5, 0.289685, -0.061932, 0.955116
121.635, 0.812532, -11.892, 3134.58, 0.281581, -0.0640964, 0.957394
121.756, -0.0907646, -11.892, 3139.72, 0.239799, -0.0525115, 0.969401
121.876, -0.0597859, -11.892, 3144.66, 0.174858, -0.0459545, 0.983521
121.996, -0.0316452, -11.892, 3149.6, 0.149802, -0.0514115, 0.987378
122.116, -0.00252837, -11.892, 3154.53, 0.152523, -0.0343836, 0.987702
122.236, 0.0211862, -11.892, 3159.98, 0.216439, -0.014775, 0.976184
122.356, 0.0454115, -11.892, 3165.43, 0.243613, -0.014314, 0.969767
122.477, 0.0698386, -11.892, 3170.92, 0.249519, -0.0122901, 0.968292
122.597, 0.0877488, -11.892, 3177.79, 0.241641, -0.0131481, 0.970277
122.717, 0.0693079, -11.892, 3184.66, 0.248926, -0.0269312, 0.968148
122.837, 0.0489022, -11.892, 3191.52, 0.257726, -0.029869, 0.965756
122.957, -0.497698, -11.892, 3195.65, 0.27114, -0.0377683, 0.961799
123.077, -0.502044, -11.892, 3200.59, 0.304034, -0.0392088, 0.951854
123.198, -0.50507, -11.892, 3205.56, 0.301886, -0.0458184, 0.952242
123.318, -0.508071, -11.892, 3210.5, 0.276271, -0.0492031, 0.959819
123.438, -0.512899, -11.892, 3215.43, 0.202343, -0.0319893, 0.978792
123.558, -0.50052, -11.892, 3220.35, 0.123555, -0.0374857, 0.991629
123.678, -0.484124, -11.892, 3225.27, 0.0955352, -0.0353261, 0.994799
123.798, -0.467728, -11.892, 3230.19, 0.105385, -0.0357131, 0.99379
123.919, -0.444667, -11.892, 3235.15, 0.143396, -0.0516265, 0.988318
124.039, -0.415397, -11.892, 3240.07, 0.204614, -0.0533582, 0.977387
124.159, -0.386128, -11.892, 3244.99, 0.216063, -0.0633104, 0.974325
124.279, -0.355746, -11.892, 3250.05, 0.206968, -0.058725, 0.976584
124.399, -0.325704, -11.892, 3255.51, 0.178546, -0.0534325, 0.98248
124.52, -0.313736, -11.892, 3261.02, 0.172034, -0.0588066, 0.983334
124.64, -0.301867, -11.892, 3266.49, 0.165447, -0.0711132, 0.983651
124.76, -0.685665, -11.892, 3269, 0.192588, -0.0544632, 0.979767
124.88, -0.677287, -11.892, 3271.84, 0.23419, -0.0594663, 0.97037
125, -0.667229, -11.892, 3275.62, 0.26304, -0.0524849, 0.963356
125.12, -0.657731, -11.892, 3279.4, 0.249536, -0.0719572, 0.965688
125.241, -0.643318, -11.892, 3284.4, 0.204631, -0.0464703, 0.977736
125.361, -0.612682, -11.892, 3290.51, 0.157588, -0.044962, 0.986481
125.481, -0.580885, -11.892, 3296.61, 0.138513, -0.07098, 0.987814
125.601, -0.988119, -11.892, 3302.22, 0.154752, -0.066985, 0.98568
125.721, -1.02918, -11.892, 3304.44, 0.197114, -0.06232, 0.978398
125.841, -1.03192, -11.892, 3308.92, 0.2395, -0.0614407, 0.96895
125.962, -1.03451, -11.892, 3313.44, 0.237776, -0.0543387, 0.969799
126.082, -1.03537, -11.892, 3318.32, 0.233286, -0.0427704, 0.971467
126.202, -1.03144, -11.892, 3324.4, 0.198309, -0.037792, 0.979411
126.322, -1.03268, -11.892, 3330.49, 0.182801, -0.0302148, 0.982685
126.442, -1.03392, -11.892, 3336.57, 0.180272, -0.035483, 0.982976
126.562, -1.53407, -11.892, 3341.68, 0.215989, -0.035502, 0.97575
126.683, -1.5137, -11.892, 3346.66, 0.245309, -0.0309874, 0.968949
126.803, -1.4923, -11.892, 3351.6, 0.24369, -0.0507549, 0.968524
126.923, -1.48375, -11.892, 3356.82, 0.214975, -0.0437046, 0.975641
127.043, -1.48468, -11.892, 3362.91, 0.194212, -0.0361715, 0.980292
127.163, -1.48542, -11.892, 3368.99, 0.177172, -0.0539356, 0.982701
127.283, -1.48665, -11.892, 3375.08, 0.193568, -0.0405912, 0.980247
127.404, -1.4723, -11.892, 3381.21, 0.2577, -0.0374535, 0.965499
127.524, -1.44546, -11.892, 3387.3, 0.283529, -0.0426737, 0.958014
127.644, -1.41862, -11.892, 3393.38, 0.26767, -0.0475984, 0.962334
127.764, -1.40043, -11.892, 3399.48, 0.221373, -0.028525, 0.974772
127.884, -1.38936, -11.892, 3405.59, 0.200014, -0.0332261, 0.97923
128.005, -1.3782, -11.892, 3411.75, 0.194191, -0.0565839, 0.97933
128.125, -1.36661, -11.892, 3417.85, 0.215398, -0.0470206, 0.975394
128.245, -1.35327, -11.892, 3423.93, 0.244166, -0.0471433, 0.968587
128.365, -1.33883, -11.892, 3430.02, 0.240885, -0.0660094, 0.968306
128.485, -1.3244, -11.892, 3436.1, 0.228286, -0.0604653, 0.971715
128.605, -1.28804, -11.892, 3441.57, 0.196746, -0.063322, 0.978408
128.726, -1.23332, -11.892, 3447.08, 0.190495, -0.0643946, 0.979574
128.846, -1.17905, -11.892, 3452.55, 0.195046, -0.0604365, 0.97893
128.966, -1.10579, -11.892, 3458.48, 0.240358, -0.0415078, 0.969796
129.086, -1.02481, -11.892, 3464.56, 0.281485, -0.0346606, 0.95894
129.206, -0.943837, -11.892, 3470.65, 0.277727, -0.0338949, 0.960062
129.326, -0.863735, -11.892, 3476.74, 0.235418, -0.0110928, 0.971831
129.447, -0.811714, -11.892, 3482.9, 0.189933, -0.0154117, 0.981676
129.567, -0.764193, -11.892, 3489.01, 0.161214, -0.0310214, 0.986432
129.687, -1.13331, -11.892, 3494.74, 0.163435, -0.0256834, 0.98622
129.807, -1.10673, -11.892, 3498.43, 0.197193, -0.0287592, 0.979943
129.927, -1.0709, -11.892, 3503.35, 0.223774, -0.0389998, 0.97386
130.047, -1.03506, -11.892, 3508.27, 0.218394, -0.0537961, 0.974377
130.168, -0.993173, -11.892, 3514.7, 0.176974, -0.0458301, 0.983148
130.288, -0.948344, -11.892, 3521.56, 0.152488, -0.0643339, 0.986209
130.408, -0.902872, -11.892, 3528.43, 0.163056, -0.0636075, 0.984564
130.528, -0.855013, -11.892, 3536.31, 0.202719, -0.0549963, 0.977691
130.648, -0.813589, -11.892, 3544.2, 0.224361, -0.0685944, 0.972089
130.769, -0.77182, -11.892, 3552.14, 0.226032, -0.0669194, 0.971819
130.889, -1.46024, -11.892, 3557.96, 0.215223, -0.0360028, 0.975901
131.009, -1.41845, -11.892, 3564.04, 0.211643, -0.0270776, 0.976972
131.129, -1.37665, -11.892, 3570.13, 0.220599, -0.0330732, 0.974804
131.249, -1.32989, -11.892, 3576.22, 0.23813, -0.0202544, 0.971022
131.369, -1.27753, -11.892, 3582.33, 0.270097, -0.0218875, 0.962584
131.49, -1.22477, -11.892, 3588.49, 0.26564, -0.0303843, 0.963593
131.61, -2.13222, -11.892, 3594.3, 0.240626, -0.0239624, 0.970322
131.73, -2.09004, -11.892, 3599.75, 0.179642, -0.013668, 0.983637
131.85, -2.04923, -11.892, 3605.2, 0.155215, -0.0342429, 0.987287
131.97, -2.01012, -11.892, 3610.65, 0.144835, -0.0402797, 0.988636
132.09, -2.61645, -11.892, 3615.88, 0.172773, -0.0390284, 0.984188
132.211, -2.59382, -11.892, 3620.41, 0.21338, -0.0507892, 0.975648
132.331, -2.57203, -11.892, 3624.9, 0.23728, -0.0492496, 0.970192
132.451, -2.55023, -11.892, 3629.39, 0.246587, -0.0458196, 0.968037
132.571, -2.51766, -11.892, 3635.07, 0.235426, -0.0393811, 0.971094
132.691, -2.48407, -11.892, 3641.16, 0.209905, -0.049135, 0.976486
132.811, -2.45053, -11.892, 3647.24, 0.197325, -0.0553304, 0.978775
132.932, -2.7894, -11.892, 3653.06, 0.17416, -0.0514417, 0.983373
133.052, -2.83477, -11.892, 3656.42, 0.185033, -0.0404805, 0.981898
133.172, -2.80394, -11.892, 3660.9, 0.181604, -0.0524444, 0.981972
133.292, -2.7731, -11.892, 3665.38, 0.167322, -0.0734998, 0.983159
133.412, -2.70208, -11.892, 3671.67, 0.136502, -0.0503235, 0.989361
133.532, -2.6492, -11.892, 3678.57, 0.121769, -0.0498314, 0.991307
133.653, -2.5979, -11.892, 3685.52, 0.126265, -0.0482045, 0.990825
133.773, -3.09171, -11.892, 3688.57, 0.151455, -0.0371144, 0.987767
133.893, -3.06725, -11.892, 3691.93, 0.208743, -0.0629906, 0.97594
134.013, -3.02717, -11.892, 3696.4, 0.248236, -0.0816852, 0.965249
134.133, -2.98709, -11.892, 3700.88, 0.264959, -0.0827071, 0.960706
134.254, -2.94751, -11.892, 3705.4, 0.250919, -0.0709734, 0.965403
134.374, -2.90724, -11.892, 3710.32, 0.230283, -0.0742417, 0.970288
134.494, -2.87323, -11.892, 3715.24, 0.221383, -0.085444, 0.971436
134.614, -2.83923, -11.892, 3720.16, 0.218884, -0.0948435, 0.97113
134.734, -2.80518, -11.892, 3725.08, 0.241146, -0.109071, 0.96434
134.854, -2.78699, -11.892, 3730.02, 0.284502, -0.112117, 0.952097
134.975, -2.77237, -11.892, 3734.99, 0.287594, -0.0972334, 0.952804
135.095, -2.75764, -11.892, 3739.93, 0.248966, -0.0739217, 0.965687
135.215, -2.70783, -11.892, 3746.02, 0.189182, -0.0439513, 0.980958
135.335, -2.66059, -11.892, 3752.1, 0.15511, -0.0735401, 0.985156
135.455, -2.61305, -11.892, 3758.18, 0.109523, -0.0865903, 0.990205
135.575, -2.5644, -11.892, 3763.96, 0.101003, -0.0964124, 0.990203
135.696, -2.52251, -11.892, 3769.47, 0.110799, -0.120295, 0.986536
135.816, -2.48376, -11.892, 3774.94, 0.113273, -0.127008, 0.985413
135.936, -2.44814, -11.892, 3780.4, 0.128157, -0.0998924, 0.98671
136.056, -2.41804, -11.892, 3785.85, 0.12424, -0.0852148, 0.988586
136.176, -2.38965, -11.892, 3791.3, 0.115899, -0.0784243, 0.99016
136.296, -2.36126, -11.892, 3796.75, 0.115519, -0.0830988, 0.989823
136.417, -2.3349, -11.892, 3802.11, 0.159683, -0.0681231, 0.984815
136.537, -2.32027, -11.892, 3807.03, 0.207587, -0.0505031, 0.976912
136.657, -2.29988, -11.892, 3811.95, 0.235744, -0.0503741, 0.970509
136.777, -2.28, -11.892, 3816.87, 0.24026, -0.0406033, 0.969859
136.897, -2.27236, -11.892, 3822.98, 0.21224, -0.00154214, 0.977216
137.017, -2.28766, -11.892, 3829.08, 0.19115, 0.0231861, 0.981287
137.138, -2.30308, -11.892, 3835.24, 0.194248, 0.0373586, 0.980241
137.258, -2.31957, -11.892, 3841.33, 0.227437, 0.062953, 0.971756
137.378, -2.32813, -11.892, 3847.42, 0.275418, 0.0694461, 0.958813
137.498, -2.33668, -11.892, 3853.5, 0.276123, 0.0504688, 0.959796
137.618, -2.34244, -11.892, 3859.6, 0.233516, 0.0662729, 0.970092
137.739, -2.33645, -11.892, 3865.76, 0.196718, 0.0708511, 0.977897
137.859, -2.32933, -11.892, 3871.87, 0.19022, 0.0376475, 0.981019
137.979, -2.31936, -11.892, 3878.36, 0.2236, 0.0399604, 0.973862
138.099, -2.32079, -11.892, 3885.22, 0.257542, 0.0424928, 0.965332
138.219, -2.32139, -11.892, 3892.09, 0.266609, 0.0185086, 0.963627
138.339, -3.18985, -11.892, 3898.21, 0.264412, 0.0168571, 0.964262
138.46, -3.17685, -11.892, 3903.72, 0.22262, 0.0234462, 0.974623
138.58, -3.15478, -11.892, 3909.19, 0.20142, -0.00446447, 0.979495
138.7, -3.13406, -11.892, 3914.65, 0.205293, -0.0171778, 0.97855
138.82, -3.0925, -11.892, 3921.52, 0.259264, -0.0042839, 0.965797
138.94, -3.04679, -11.892, 3928.39, 0.288536, -0.0042345, 0.95746
139.06, -2.97012, -11.892, 3935.51, 0.272571, -0.0323434, 0.961592
139.181, -2.81639, -11.892, 3943.46, 0.231787, -0.017916, 0.972602
139.301, -2.68221, -11.892, 3951.34, 0.222992, -0.0345034, 0.974209
139.421, -3.1581, -11.892, 3956.37, 0.225251, -0.038545, 0.973538
139.541, -3.06018, -11.892, 3962.45, 0.251001, -0.0326212, 0.967437
139.661, -2.97988, -11.892, 3968.54, 0.258862, -0.0310707, 0.965415
139.781, -2.89855, -11.892, 3974.62, 0.219074, -0.0365214, 0.975025
139.902, -2.80194, -11.892, 3981.57, 0.165505, -0.0211613, 0.985982
140.022, -2.73496, -11.892, 3988.47, 0.132424, -0.0228734, 0.990929
140.142, -2.66933, -11.892, 3995.37, 0.140498, -0.0372709, 0.989379
140.262, -3.30492, -11.892, 4000.92, 0.184888, -0.0215209, 0.982524
140.382, -3.26439, -11.892, 4007.01, 0.201055, -0.0121615, 0.979504
140.503, -3.22352, -11.892, 4013.14, 0.187342, -0.0350247, 0.98167
140.623, -3.1986, -11.892, 4019.23, 0.130804, -0.0210215, 0.991185
140.743, -3.17891, -11.892, 4025.31, 0.0866465, -0.0261211, 0.995897
140.863, -3.15846, -11.892, 4031.4, 0.0922146, -0.03656, 0.995068
140.983, -3.1423, -11.892, 4037.49, 0.146533, -0.033813, 0.988628
141.103, -3.11228, -11.892, 4043.6, 0.181214, -0.0425411, 0.982523
141.224, -3.07948, -11.892, 4049.76, 0.188542, -0.0601084, 0.980224
141.344, -3.04642, -11.892, 4055.86, 0.172022, -0.0514787, 0.983747
141.464, -3.01649, -11.892, 4061.95, 0.145106, -0.0498112, 0.988162
141.584, -2.98443, -11.892, 4068.03, 0.136024, -0.0652177, 0.988557
141.704, -2.95219, -11.892, 4074.12, 0.137988, -0.0465156, 0.989341
141.824, -2.90818, -11.892, 4081.02, 0.166721, -0.0372839, 0.985299
141.945, -2.85295, -11.892, 4087.97, 0.195786, -0.0390504, 0.979869
142.065, -2.79818, -11.892, 4094.87, 0.189762, -0.0502656, 0.980543
142.185, -3.58132, -11.892, 4100.76, 0.145011, -0.0448043, 0.988415
142.305, -3.55317, -11.892, 4106.85, 0.118914, -0.0592987, 0.991132
142.425, -3.52519, -11.892, 4112.93, 0.127326, -0.0658832, 0.98967
142.545, -3.49711, -11.892, 4119.03, 0.176204, -0.0524981, 0.982953
142.666, -3.46962, -11.892, 4125.18, 0.217459, -0.0470417, 0.974935
142.786, -3.44235, -11.892, 4131.29, 0.243891, -0.0579719, 0.968068
142.906, -3.42584, -11.892, 4137.39, 0.235707, -0.0351697, 0.971188
143.026, -3.41224, -11.892, 4143.48, 0.222313, -0.0275417, 0.974586
143.146, -3.39575, -11.892, 4149.56, 0.230415, -0.0453466, 0.972035
143.266, -3.37925, -11.892, 4155.65, 0.230477, -0.0386812, 0.972309
143.387, -3.37076, -11.892, 4161.3, 0.240686, -0.0311018, 0.970105
143.507, -3.36867, -11.892, 4166.75, 0.240075, -0.037238, 0.97004
143.627, -3.36657, -11.892, 4172.2, 0.22838, -0.0464065, 0.972465
143.747, -3.37173, -11.892, 4177.97, 0.209109, -0.0285199, 0.977476
143.867, -3.35684, -11.892, 4184.08, 0.191136, -0.0159149, 0.981435
143.988, -3.33982, -11.892, 4190.24, 0.181545, -0.0474536, 0.982237
144.108, -3.32277, -11.892, 4196.73, 0.199283, -0.0518411, 0.97857
144.228, -3.26375, -11.892, 4203.6, 0.225973, -0.0384262, 0.973375
144.348, -3.20055, -11.892, 4210.46, 0.22995, -0.0585698, 0.971438
144.468, -3.12629, -11.892, 4217.34, 0.203817, -0.0542228, 0.977506
144.588, -3.0589, -11.892, 4224.24, 0.167607, -0.0570876, 0.9842
144.709, -2.99331, -11.892, 4231.19, 0.181004, -0.0761093, 0.980533
144.829, -2.93259, -11.892, 4238.08, 0.218396, -0.067114, 0.97355
144.949, -2.88693, -11.892, 4244.94, 0.261387, -0.053878, 0.963729
145.069, -2.84382, -11.892, 4251.81, 0.26239, -0.0630421, 0.9629
145.189, -2.80739, -11.892, 4258.69, 0.237001, -0.0481377, 0.970316
145.309, -2.77062, -11.892, 4265.59, 0.200152, -0.0450993, 0.978726
145.43, -2.73715, -11.892, 4272.54, 0.195317, -0.0517452, 0.979374
145.55, -3.3727, -11.892, 4277.11, 0.206076, -0.040276, 0.977707
145.67, -3.35716, -11.892, 4282.55, 0.239886, -0.037494, 0.970077
145.79, -3.34797, -11.892, 4288, 0.243511, -0.0570763, 0.968217
145.91, -3.33879, -11.892, 4293.45, 0.241735, -0.0466226, 0.969222
146.03, -3.32677, -11.892, 4298.77, 0.220482, -0.00996595, 0.97534
146.151, -3.30918, -11.892, 4303.74, 0.181522, 0.0083771, 0.983351
146.271, -3.29563, -11.892, 4308.68, 0.190576, 0.00130979, 0.981671
146.391, -3.28208, -11.892, 4313.62, 0.215419, -0.00678888, 0.976498
146.511, -3.26682, -11.892, 4318.94, 0.289647, -0.0269565, 0.956754
146.631, -3.24146, -11.892, 4324.38, 0.311554, -0.0417134, 0.949312
146.751, -3.21609, -11.892, 4329.83, 0.301158, -0.0480079, 0.952365
146.872, -3.18991, -11.892, 4335.32, 0.272734, -0.0143022, 0.961983
146.992, -3.17054, -11.892, 4340.24, 0.235398, 0.0014059, 0.971898
147.112, -3.1643, -11.892, 4345.16, 0.208147, 0.0047806, 0.978086
147.232, -3.15817, -11.892, 4350.08, 0.202402, -0.0210331, 0.979077
147.352, -3.16718, -11.892, 4355.89, 0.220918, -0.0126931, 0.97521
147.473, -3.17881, -11.892, 4362.05, 0.228342, -0.0185669, 0.973404
147.593, -3.19045, -11.892, 4368.16, 0.232783, -0.0257732, 0.972187
147.713, -3.14462, -11.892, 4376, 0.215693, 0.0144301, 0.976355
147.833, -3.09097, -11.892, 4383.85, 0.215876, 0.0232002, 0.976145
147.953, -3.03908, -11.892, 4391.7, 0.234772, 0.0211789, 0.97182
148.073, -2.97469, -11.892, 4398.59, 0.28548, 0.0332179, 0.957809
148.194, -2.90651, -11.892, 4405.55, 0.302271, 0.0249441, 0.952896
148.314, -2.83888, -11.892, 4412.44, 0.301722, 0.0122349, 0.953317
148.434, -3.73303, -11.892, 4418.18, 0.279738, 0.0411247, 0.959195
148.554, -3.66654, -11.892, 4424.27, 0.239653, 0.0627541, 0.968828
148.674, -3.60162, -11.892, 4430.35, 0.218963, 0.0218914, 0.975487
148.794, -3.53824, -11.892, 4436.45, 0.22078, 0.0190825, 0.975137
148.915, -3.47933, -11.892, 4442.6, 0.222566, 0.0210665, 0.97469
149.035, -3.4209, -11.892, 4448.71, 0.186169, -0.00823249, 0.982483
149.155, -3.3626, -11.892, 4454.81, 0.14214, -0.00330013, 0.989841
149.275, -3.32025, -11.892, 4460.9, 0.0784825, -0.00859738, 0.996878
149.395, -3.28274, -11.892, 4466.98, 0.0574799, -0.0278371, 0.997959
149.515, -3.2485, -11.892, 4473.27, 0.0516791, -0.014862, 0.998553
149.636, -3.21529, -11.892, 4480.22, 0.0888196, 0.00530102, 0.996034
149.756, -3.17945, -11.892, 4487.12, 0.138074, 0.00341254, 0.990416
149.876, -4.13668, -11.892, 4493.51, 0.205423, 0.00726696, 0.978646
149.996, -4.07631, -11.892, 4497.58, 0.234721, 0.012328, 0.971985
150.116, -4.06436, -11.892, 4503.03, 0.245315, 0.0108302, 0.969383
150.237, -4.05232, -11.892, 4508.52, 0.251009, -0.00139072, 0.967984
150.357, -4.03954, -11.892, 4515.03, 0.258674, 0.00103386, 0.965964
150.477, -4.02106, -11.892, 4521.9, 0.263161, -0.00236547, 0.964749
150.597, -4.00259, -11.892, 4528.77, 0.254496, -0.0172994, 0.966919
150.717, -4.90467, -11.892, 4534.66, 0.24221, 0.00905658, 0.970182
150.837, -4.87718, -11.892, 4540.13, 0.198664, 0.0373453, 0.979356
150.958, -4.8528, -11.892, 4545.64, 0.190813, 0.0079655, 0.981594
151.078, -4.82863, -11.892, 4551.11, 0.198104, 0.00211573, 0.980179
151.198, -5.36165, -11.892, 4556.08, 0.237976, -0.00474351, 0.971259
151.318, -5.35008, -11.892, 4561, 0.28053, -0.0164516, 0.959704
151.438, -5.33851, -11.892, 4565.92, 0.284137, -0.025532, 0.958444
151.558, -5.31212, -11.892, 4571.82, 0.265437, -0.0229844, 0.963854
151.679, -5.27568, -11.892, 4578.78, 0.229525, -0.0166059, 0.973161
151.799, -5.23585, -11.892, 4585.68, 0.223134, -0.0303658, 0.974315
151.919, -5.63995, -11.892, 4590.26, 0.233468, -0.0118033, 0.972293
152.039, -5.59402, -11.892, 4595.71, 0.272607, -0.0111577, 0.962061
152.159, -5.53956, -11.892, 4601.16, 0.276185, -0.0291901, 0.960661
152.279, -5.4851, -11.892, 4606.61, 0.247617, -0.021153, 0.968627
152.4, -5.43217, -11.892, 4612.6, 0.203903, -0.00343824, 0.978985
152.52, -5.38972, -11.892, 4618.71, 0.178354, -0.0113692, 0.983901
152.64, -5.34873, -11.892, 4624.81, 0.171357, -0.0269248, 0.984841
152.76, -5.3109, -11.892, 4630.91, 0.197868, -0.0283476, 0.979819
152.88, -5.2844, -11.892, 4636.99, 0.237152, -0.0281811, 0.971064
153, -5.25805, -11.8909, 4643.08, 0.240729, -0.0425446, 0.969659
153.121, -5.22468, -11.8902, 4649.21, 0.23354, -0.0288957, 0.971918
153.241, -5.17167, -11.8902, 4655.3, 0.229622, 0.00505776, 0.973267
153.361, -5.12929, -11.8902, 4661.38, 0.238669, -0.001198, 0.9711
153.481, -5.08496, -11.8902, 4667.67, 0.262028, -0.000330343, 0.96506
153.601, -5.04453, -11.8902, 4674.56, 0.293445, 0.000436927, 0.955976
153.722, -5.0056, -11.8902, 4681.52, 0.291289, -0.0138223, 0.956535
153.842, -6.10685, -11.8902, 4687.86, 0.276593, -0.0122651, 0.960909
153.962, -6.05261, -11.8902, 4690.31, 0.232155, -0.000372221, 0.972679
154.082, -6.03692, -11.8902, 4695.23, 0.183917, -0.0197055, 0.982744
154.202, -6.02031, -11.8902, 4700.15, 0.180733, -0.021797, 0.983291
154.322, -6.00568, -11.8902, 4705.36, 0.201922, -0.0174026, 0.979247
154.443, -5.96968, -11.8902, 4711.52, 0.244566, -0.0231406, 0.969356
154.563, -5.93296, -11.8902, 4717.63, 0.26068, -0.046598, 0.9643
154.683, -5.89623, -11.8902, 4723.74, 0.256704, -0.0493438, 0.96523
154.803, -6.82848, -11.8902, 4729.15, 0.225024, -0.0321652, 0.973822
154.923, -6.80461, -11.8902, 4734.59, 0.214233, -0.0389218, 0.976007
155.043, -6.77989, -11.8902, 4740.04, 0.231528, -0.0595611, 0.971003
155.164, -6.7459, -11.8902, 4746.63, 0.275987, -0.0491319, 0.959905
155.284, -6.70005, -11.8902, 4753.53, 0.309635, -0.0379291, 0.950099
155.404, -6.65421, -11.8902, 4760.43, 0.313996, -0.0505501, 0.948078
155.524, -7.37984, -11.8902, 4766.53, 0.290394, -0.0368241, 0.956199
155.644, -7.31738, -11.8902, 4772.62, 0.279796, -0.0195401, 0.959861
155.764, -7.24882, -11.8902, 4778.7, 0.306305, -0.0413459, 0.951035
155.885, -7.16514, -11.8902, 4785.23, 0.328551, -0.0420471, 0.94355
156.005, -7.06647, -11.8902, 4792.1, 0.343341, -0.038015, 0.938441
156.125, -6.96612, -11.8902, 4798.96, 0.321289, -0.0403225, 0.946122
156.245, -7.57459, -11.8902, 4805.28, 0.235118, -0.0353799, 0.971323
156.365, -7.52162, -11.8902, 4810.75, 0.165491, -0.0193483, 0.986021
156.485, -7.48405, -11.8902, 4816.22, 0.162672, -0.0137008, 0.986585
156.606, -7.44617, -11.8902, 4821.73, 0.210228, -0.0385133, 0.976894
156.726, -7.4085, -11.8902, 4827.66, 0.261065, -0.033547, 0.964738
156.846, -7.37529, -11.8902, 4833.74, 0.305746, -0.0320455, 0.951574
156.966, -7.34209, -11.8902, 4839.83, 0.305341, -0.0397694, 0.951412
157.086, -7.32055, -11.8902, 4845.92, 0.290622, -0.0324366, 0.956288
157.207, -7.31007, -11.8902, 4852.08, 0.269981, -0.0228948, 0.962594
157.327, -7.30079, -11.8902, 4858.19, 0.279897, -0.0335986, 0.959442
157.447, -7.29156, -11.8902, 4864.68, 0.320386, -0.0286824, 0.946853
157.567, -7.28552, -11.8902, 4871.54, 0.355778, -0.0268731, 0.934184
157.687, -7.27838, -11.8902, 4878.41, 0.356927, -0.0466036, 0.932969
157.807, -8.16483, -11.8902, 4884.91, 0.349501, -0.0447382, 0.935867
157.928, -8.11636, -11.8902, 4888.65, 0.32058, -0.0482801, 0.94599
158.048, -8.12986, -11.8902, 4893.58, 0.304243, -0.0529546, 0.951121
158.168, -8.14348, -11.8902, 4898.52, 0.272418, -0.0572982, 0.960472
158.288, -8.15668, -11.8902, 4903.58, 0.219681, -0.0536517, 0.974095
158.408, -8.17131, -11.8902, 4909.03, 0.190897, -0.045101, 0.980573
158.528, -8.17812, -11.8902, 4914.48, 0.203641, -0.0559915, 0.977443
158.649, -8.18498, -11.8902, 4919.97, 0.219311, -0.0600462, 0.973805
158.769, -8.18971, -11.8902, 4925.15, 0.224472, -0.0390675, 0.973697
158.889, -8.17825, -11.8902, 4930.07, 0.219967, -0.0349214, 0.974882
159.009, -8.16297, -11.8902, 4934.99, 0.225517, -0.0541747, 0.972732
159.129, -8.14769, -11.8902, 4939.91, 0.26044, -0.0467746, 0.964356
159.249, -8.12997, -11.8902, 4944.85, 0.300744, -0.0596809, 0.951836
159.37, -8.09371, -11.8902, 4949.82, 0.328437, -0.0771332, 0.941371
159.49, -8.05709, -11.8902, 4954.76, 0.330915, -0.0955527, 0.93881
159.61, -8.01874, -11.8902, 4959.82, 0.310438, -0.0605404, 0.948664
159.73, -7.98883, -11.8902, 4965.27, 0.27445, -0.0194613, 0.961405
159.85, -7.96486, -11.8902, 4970.72, 0.256721, -0.0220724, 0.966234
159.97, -7.94094, -11.8902, 4976.16, 0.265547, -0.0217891, 0.963852
160.091, -7.91207, -11.8902, 4982.3, 0.307618, -0.0363111, 0.950817
160.211, -7.886, -11.8902, 4988.38, 0.340026, -0.0401631, 0.939558
160.331, -7.85993, -11.8902, 4994.47, 0.320973, -0.0672572, 0.944697
160.451, -7.78306, -11.8902, 5001.36, 0.286515, -0.0584981, 0.956288
160.571, -7.69985, -11.8902, 5008.26, 0.265174, -0.0552689, 0.962615
160.692, -7.61729, -11.8902, 5015.21, 0.274593, -0.0614372, 0.959596
160.812, -8.00575, -11.8902, 5019.19, 0.309522, -0.0393098, 0.950079
160.932, -7.93686, -11.8902, 5024.64, 0.34152, -0.0316859, 0.93934
161.052, -7.86683, -11.8902, 5030.09, 0.327422, -0.053898, 0.94334
161.172, -7.79955, -11.8902, 5035.54, 0.28342, -0.0266808, 0.958625
161.292, -7.73218, -11.8902, 5041, 0.22287, -0.00717788, 0.974822
161.413, -7.65418, -11.8902, 5046.52, 0.203913, -0.00053448, 0.978989
161.533, -7.57682, -11.8902, 5051.98, 0.217673, -0.0249632, 0.975703
161.653, -7.49208, -11.8902, 5057.91, 0.257959, -0.0125509, 0.966074
161.773, -7.40631, -11.8902, 5064, 0.298725, -0.0107598, 0.954279
161.893, -7.32034, -11.8902, 5070.08, 0.306975, -0.0268043, 0.95134
162.013, -7.23801, -11.8902, 5076.18, 0.297878, -0.00108667, 0.954603
162.134, -7.16918, -11.8902, 5082.33, 0.276071, 0.0267297, 0.960766
162.254, -7.10289, -11.8902, 5088.44, 0.272514, 0.029527, 0.961699
162.374, -7.03625, -11.8902, 5094.54, 0.296735, 0.0216831, 0.954714
162.494, -6.96232, -11.8902, 5100.63, 0.34017, 0.027803, 0.939953
162.614, -6.88675, -11.8902, 5106.71, 0.345674, 0.0173824, 0.938194
162.734, -6.81118, -11.8902, 5112.79, 0.329155, 0.0466667, 0.943122
162.855, -6.73683, -11.8902, 5118.95, 0.292391, 0.0903633, 0.95202
162.975, -6.69238, -11.8902, 5125.06, 0.258303, 0.089195, 0.961938
163.095, -6.65025, -11.8902, 5131.17, 0.271186, 0.0841396, 0.958842
163.215, -7.37796, -11.8902, 5136.71, 0.312268, 0.0824573, 0.946409
163.335, -7.34892, -11.8902, 5142.16, 0.364695, 0.0807779, 0.927616
163.456, -7.32037, -11.8902, 5147.65, 0.378587, 0.0487352, 0.924282
163.576, -7.29206, -11.8902, 5153.1, 0.361115, 0.0488937, 0.931239
163.696, -8.3381, -11.8902, 5158.11, 0.301809, 0.0652567, 0.951132
163.816, -8.31736, -11.8902, 5162.59, 0.265501, 0.0588662, 0.962312
163.936, -8.2966, -11.8902, 5167.07, 0.249719, 0.0526119, 0.966888
164.056, -8.27125, -11.8902, 5171.95, 0.254767, 0.052171, 0.965594
164.177, -8.23618, -11.8902, 5178.11, 0.280778, 0.0413877, 0.95888
164.297, -8.20717, -11.8902, 5184.22, 0.289117, 0.0280866, 0.956882
164.417, -8.17816, -11.8902, 5190.33, 0.26781, 0.0393713, 0.962667
164.537, -9.1349, -11.8902, 5195.53, 0.210894, 0.055197, 0.975949
164.657, -9.10913, -11.8902, 5200.98, 0.176143, 0.0646257, 0.982241
164.777, -9.08336, -11.8902, 5206.42, 0.170478, 0.0520162, 0.983988
164.898, -9.05831, -11.8902, 5212.24, 0.20011, 0.073041, 0.977047
165.018, -9.02152, -11.8902, 5218.32, 0.23913, 0.0760566, 0.968004
165.138, -8.98445, -11.8902, 5224.41, 0.257892, 0.053666, 0.964682
165.258, -8.94992, -11.8902, 5230.49, 0.246931, 0.0602096, 0.967161
165.378, -8.92547, -11.8902, 5235.96, 0.225876, 0.074936, 0.97127
165.498, -8.89756, -11.8902, 5241.42, 0.22867, 0.0677437, 0.971144
165.619, -8.86941, -11.8902, 5246.94, 0.244442, 0.0623024, 0.96766
165.739, -8.8413, -11.8902, 5252.39, 0.298885, 0.0614696, 0.952307
165.859, -8.80477, -11.8902, 5257.84, 0.335816, 0.0416028, 0.941008
165.979, -8.76789, -11.8902, 5263.29, 0.327815, 0.00957303, 0.944693
166.099, -8.73386, -11.8902, 5268.74, 0.295773, 0.0061112, 0.955239
166.219, -8.68516, -11.8902, 5274.2, 0.229015, 0.010431, 0.973367
166.34, -8.59658, -11.8902, 5279.71, 0.19015, 0.00640658, 0.981734
166.46, -8.50872, -11.8902, 5285.18, 0.176001, 0.00687402, 0.984366
166.58, -8.40094, -11.8902, 5291.11, 0.225246, 0.0146327, 0.974192
166.7, -8.26716, -11.8902, 5297.19, 0.300087, 0.0232292, 0.953629
166.82, -8.13275, -11.8902, 5303.28, 0.341167, 0.0204222, 0.939781
166.941, -7.98325, -11.8902, 5309.42, 0.324495, 0.0411806, 0.94499
167.061, -7.87724, -11.8902, 5315.53, 0.28329, 0.0467631, 0.957894
167.181, -7.78006, -11.8902, 5321.64, 0.260619, 0.0360002, 0.96477
167.301, -8.40509, -11.8902, 5327.54, 0.256159, 0.0242324, 0.966331
167.421, -8.32325, -11.8902, 5332.99, 0.292466, 0.0272968, 0.955886
167.541, -8.23899, -11.8902, 5338.43, 0.317501, 0.0259806, 0.947902
167.662, -8.15402, -11.8902, 5343.93, 0.311157, 0.00197167, 0.950356
167.782, -8.08333, -11.8902, 5349.85, 0.282626, 0.0111577, 0.959165
167.902, -8.00031, -11.8902, 5355.93, 0.277534, -0.00923888, 0.960671
168.022, -7.91655, -11.8902, 5362.02, 0.293313, -0.0124929, 0.955935
168.142, -7.83058, -11.8902, 5368.11, 0.333679, -0.0121767, 0.942608
168.262, -7.74697, -11.8902, 5374.22, 0.376105, -0.015868, 0.926441
168.383, -7.66273, -11.8902, 5380.38, 0.378988, -0.0400309, 0.924536
168.503, -8.33145, -11.8902, 5386.18, 0.339513, -0.0311084, 0.940087
168.623, -8.26513, -11.8902, 5391.63, 0.266317, -0.00947447, 0.963839
168.743, -8.19432, -11.8902, 5397.08, 0.252646, -0.025801, 0.967215
168.863, -8.1235, -11.8902, 5402.52, 0.258292, -0.0427494, 0.96512
168.983, -8.71509, -11.8902, 5407.69, 0.295854, -0.0231057, 0.954954
169.104, -8.67248, -11.8902, 5412.22, 0.349113, 0.0278094, 0.936668
169.224, -8.6106, -11.8902, 5416.72, 0.358605, 0.0400574, 0.93263
169.344, -8.54872, -11.8902, 5421.21, 0.348977, 0.0361686, 0.936433
169.464, -8.48127, -11.8902, 5426.18, 0.310922, 0.0774429, 0.947275
169.584, -8.42332, -11.8902, 5431.62, 0.270841, 0.109277, 0.956401
169.704, -8.36808, -11.8902, 5437.07, 0.271158, 0.0840504, 0.958858
169.825, -8.31239, -11.8902, 5442.56, 0.297659, 0.046752, 0.953527
169.945, -8.26153, -11.8902, 5447.62, 0.345327, 0.0305359, 0.937985
170.065, -8.20393, -11.8902, 5452.54, 0.388485, 0.0133231, 0.921359
170.185, -8.14641, -11.8902, 5457.46, 0.369159, 0.0197433, 0.929157
170.305, -8.06025, -11.8902, 5463.86, 0.319017, 0.0486992, 0.946497
170.426, -7.97357, -11.8902, 5470.81, 0.29294, 0.0497998, 0.954833
170.546, -7.88722, -11.8902, 5477.71, 0.291807, 0.0249016, 0.956153
170.666, -8.386, -11.8902, 5483.74, 0.332375, 0.0330525, 0.942568
170.786, -8.30232, -11.8902, 5489.82, 0.38106, 0.0417381, 0.923608
170.906, -8.21891, -11.8902, 5495.9, 0.393788, 0.0297835, 0.918719
171.026, -8.13104, -11.8902, 5501.99, 0.3631, 0.0131818, 0.931657
171.147, -7.99108, -11.8902, 5508.15, 0.316001, 0.0184279, 0.94858
171.267, -7.8371, -11.8902, 5514.26, 0.288574, -0.0111093, 0.957393
171.387, -7.68541, -11.8902, 5520.36, 0.291439, -0.0109054, 0.956527
171.507, -7.5422, -11.8902, 5526.44, 0.330844, -0.0021049, 0.943683
171.627, -7.39984, -11.8902, 5532.53, 0.351921, 0.00937587, 0.935983
171.747, -7.25747, -11.8902, 5538.61, 0.357722, 0.00922549, 0.933782
171.868, -7.11885, -11.8902, 5544.76, 0.336576, 0.0223713, 0.94139
171.988, -6.99992, -11.8902, 5550.87, 0.306619, 0.0480162, 0.95062
172.108, -6.88073, -11.8902, 5556.97, 0.311466, 0.0496459, 0.94896
172.228, -6.73792, -11.8902, 5563.65, 0.356153, 0.0540488, 0.932863
172.348, -6.58664, -11.8902, 5570.52, 0.388212, 0.0602008, 0.919602
172.468, -6.43535, -11.8902, 5577.38, 0.383854, 0.0321711, 0.922833
172.589, -7.27279, -11.8902, 5580.53, 0.341697, 0.036593, 0.939097
172.709, -7.18924, -11.8902, 5585.45, 0.292569, 0.0304234, 0.95576
172.829, -7.118, -11.8902, 5590.37, 0.268621, 0.00755808, 0.963216
172.949, -7.04803, -11.8902, 5595.29, 0.283612, -0.0121716, 0.958862
173.069, -6.97555, -11.8902, 5601.1, 0.317657, -0.00483173, 0.948194
173.19, -6.88892, -11.8902, 5607.26, 0.32569, -0.0153431, 0.945352
173.31, -6.80301, -11.8902, 5613.37, 0.306261, -0.0365776, 0.951244
173.43, -6.72038, -11.8902, 5619.46, 0.24219, -0.0233787, 0.969947
173.55, -6.66335, -11.8902, 5625.55, 0.174715, -0.0166958, 0.984477
173.67, -6.60604, -11.8902, 5631.63, 0.157015, -0.0275625, 0.987212
173.79, -6.54874, -11.8902, 5637.71, 0.190517, -0.0239126, 0.981393
173.911, -6.49493, -11.8902, 5643.23, 0.25362, -0.026705, 0.966935
174.031, -6.43938, -11.8902, 5648.69, 0.311101, -0.0556645, 0.948745
174.151, -6.38384, -11.8902, 5654.16, 0.322954, -0.0611616, 0.944436
174.271, -6.33018, -11.8902, 5659.62, 0.294453, -0.0494593, 0.954385
174.391, -6.27211, -11.8902, 5665.06, 0.258341, -0.0460651, 0.964955
174.511, -6.20988, -11.8902, 5670.51, 0.253056, -0.0685767, 0.965018
174.632, -6.14638, -11.8902, 5676, 0.283923, -0.0597013, 0.956987
174.752, -6.0745, -11.8902, 5681.45, 0.336494, -0.0363622, 0.940983
174.872, -5.99397, -11.8902, 5686.9, 0.354311, -0.0446992, 0.934059
174.992, -5.91344, -11.8902, 5692.35, 0.343963, -0.0514748, 0.937571
175.112, -5.83253, -11.8902, 5698.29, 0.292358, -0.0453242, 0.955234
175.232, -5.75898, -11.8902, 5704.4, 0.270063, -0.043714, 0.96185
175.353, -5.68481, -11.8902, 5710.55, 0.283024, -0.0530091, 0.957647
175.473, -5.5857, -11.8902, 5717.23, 0.327269, -0.052092, 0.943494
175.593, -5.47602, -11.8902, 5724.1, 0.380824, -0.0427506, 0.923659
175.713, -5.36635, -11.8902, 5730.96, 0.379009, -0.0627932, 0.92326
175.833, -6.08844, -11.8902, 5737.19, 0.352025, -0.0479883, 0.934759
175.953, -6.03524, -11.8902, 5742.65, 0.306119, -0.0393681, 0.951179
176.074, -5.98222, -11.8902, 5748.17, 0.300796, -0.0550794, 0.952097
176.194, -5.92948, -11.8902, 5753.63, 0.325271, -0.053036, 0.944132
176.314, -5.87323, -11.8902, 5759.72, 0.366536, -0.058045, 0.928591
176.434, -5.81166, -11.8902, 5765.8, 0.372725, -0.0645775, 0.925692
176.554, -5.75009, -11.8902, 5771.88, 0.374494, -0.0431289, 0.926226
176.675, -5.6933, -11.8902, 5777.7, 0.364642, -0.00730075, 0.931119
176.795, -5.62882, -11.8902, 5783.17, 0.338339, 0.0105125, 0.940965
176.915, -5.56569, -11.8902, 5788.64, 0.339131, -0.0121273, 0.940661
177.035, -5.50329, -11.8902, 5794.1, 0.337438, -0.0175247, 0.941185
177.155, -5.44359, -11.8902, 5799.55, 0.356792, -0.0181849, 0.934007
177.275, -5.39382, -11.8902, 5805, 0.352155, -0.019214, 0.935744
177.396, -5.34365, -11.8902, 5810.49, 0.348589, -0.0316807, 0.93674
177.516, -5.30397, -11.8902, 5815.81, 0.336616, 0.00322533, 0.941636
177.636, -5.26078, -11.8902, 5820.73, 0.302494, 0.0292654, 0.952702
177.756, -5.21368, -11.8902, 5825.65, 0.302954, 0.000885962, 0.953005
177.876, -5.16657, -11.8902, 5830.57, 0.296891, -0.00548603, 0.954895
177.996, -5.11415, -11.8902, 5835.9, 0.316843, -0.0172112, 0.948322
178.117, -5.03294, -11.8902, 5841.41, 0.335376, -0.0227059, 0.941811
178.237, -4.95036, -11.8902, 5846.88, 0.336684, -0.0319689, 0.941075
178.357, -5.85376, -11.8902, 5852.26, 0.331289, -0.0099045, 0.943477
178.477, -5.79016, -11.8902, 5857.18, 0.282421, -0.0125444, 0.959208
178.597, -5.73949, -11.8902, 5862.1, 0.269897, -0.0343435, 0.962277
178.717, -5.68883, -11.8902, 5867.02, 0.274048, -0.0419955, 0.960799
178.838, -5.61976, -11.8902, 5872.86, 0.277514, -0.0343859, 0.960106
178.958, -5.54793, -11.8902, 5878.94, 0.278901, -0.0310305, 0.959819
179.078, -5.4761, -11.8902, 5885.03, 0.26505, -0.040683, 0.963376
179.198, -5.40912, -11.8902, 5891.12, 0.231891, -0.0295274, 0.972293
179.318, -5.37069, -11.8902, 5897.23, 0.200915, -0.0274663, 0.979223
179.438, -5.33355, -11.8902, 5903.34, 0.210505, -0.0430599, 0.976644
179.559, -5.6538, -11.8902, 5909.36, 0.252734, -0.0402892, 0.966697
179.679, -5.6728, -11.8902, 5913.06, 0.327242, -0.0361674, 0.944248
179.799, -5.63071, -11.8902, 5917.98, 0.362534, -0.0342414, 0.931341
179.919, -5.58861, -11.8902, 5922.9, 0.371382, -0.0481652, 0.92723
180.039, -5.55296, -11.8902, 5929.3, 0.338521, -0.0475029, 0.939759
180.16, -5.50387, -11.8902, 5936.25, 0.300611, -0.0446855, 0.952699
180.28, -5.45519, -11.8902, 5943.15, 0.302277, -0.0585493, 0.95142
180.4, -5.70877, -11.8902, 5949.13, 0.383771, -0.0603961, 0.921451
180.52, -5.66558, -11.8902, 5955.21, 0.533713, -0.0629334, 0.843321
180.64, -5.62239, -11.8902, 5961.29, 0.604918, -0.0720971, 0.793017
180.76, -5.5792, -11.8902, 5967.38, 0.605518, -0.0684592, 0.792882
180.881, -5.97564, -11.8902, 5968.55, 0.581162, -0.0714192, 0.810648
181.001, -5.97564, -11.8902, 5968.55, 0.555887, -0.0759256, 0.827783
181.121, -6.02835, -11.8902, 5968.55, 0.475751, -0.0626783, 0.877344
181.241, -6.02835, -11.8902, 5968.55, 0.456307, -0.0716948, 0.886929
181.361, -5.92625, -11.8902, 5968.57, 0.465485, -0.0930783, 0.880148
181.481, -5.84385, -11.8902, 5968.61, 0.483116, -0.129303, 0.865956
181.602, -5.84385, -11.8902, 5968.61, 0.504081, -0.146896, 0.851072
181.722, -5.72605, -11.8902, 5968.7, 0.553438, -0.213338, 0.805105
181.842, -5.47593, -11.8902, 5968.9, 0.608806, -0.360051, 0.706908
181.962, -5.20582, -11.8902, 5969.02, 0.675233, -0.452507, 0.582493
182.082, -4.91917, -11.8902, 5969.16, 0.694875, -0.575308, 0.431474
182.202, -4.74665, -11.8902, 5969.24, 0.667969, -0.658826, 0.346073
182.323, -4.45996, -11.8902, 5969.22, 0.616198, -0.73751, 0.276369
182.443, -4.4558, -11.8902, 5969.94, 0.622093, -0.723027, 0.300387
182.563, -4.45011, -11.8902, 5970.65, 0.644484, -0.706645, 0.292049
182.683, -4.43091, -11.8902, 5973.16, 0.684367, -0.687654, 0.242433
182.803, -4.32943, -11.8902, 5981.04, -0.701475, 0.695427, -0.15593
182.924, -4.22515, -11.8902, 5988.99, -0.730644, 0.673779, -0.110372
183.044, -1.92045, -11.8902, 5993.63, -0.738798, 0.670321, -0.0696165
183.164, -1.70215, -11.8902, 5993.33, -0.73785, 0.672827, -0.0536781
183.284, -1.20224, -11.8902, 5992.69, -0.726008, 0.687508, -0.0156295
183.404, -0.299978, -11.8902, 5991.86, -0.78008, 0.61533, -0.113333
183.524, 0.419002, -11.8902, 5991.19, -0.717695, 0.666985, -0.200112
183.645, 1.08067, -11.8902, 5991.17, 0, 0, 1
183.765, 1.31234, -11.8902, 5990.84, 0, 0, 1
183.885, 1.20547, -11.8902, 5990.46, 0, 0, 1
184.005, 0.872175, -11.8902, 5989.95, 0, 0, 1
184.125, 0.570859, -11.8902, 5989.51, 0, 0, 1
184.245, 0.309566, -11.8902, 5988.94, 0, 0, 1
184.366, -33.8002, -11.8902, 5967.1, 0, 0, 1
184.486, -33.8193, -11.8902, 5967.02, 0, 0, 1
184.606, -33.8193, -11.8902, 5967.02, 0, 0, 1
184.726, -33.8193, -11.8902, 5967.02, 0, 0, 1
184.846, -33.8193, -11.8902, 5967.02, 0, 0, 1
184.966, -33.8193, -11.8902, 5967.02, 0, 0, 1
185.087, -33.8193, -11.8902, 5967.02, 0, 0, 1
