0, 9.71729, -11.8912, 6238.42, 0, 0, 1
9.864, 9.71729, -11.8912, 6238.42, 0, 0, 1
9.984, 9.71729, -11.8912, 6238.42, 0, 0, 1
10.104, 9.71729, -11.8912, 6238.42, 0, 0, 1
10.224, 9.71729, -11.8912, 6238.42, 0, 0, 1
10.344, 9.71729, -11.8912, 6238.42, 0, 0, 1
10.465, 9.71729, -11.8912, 6238.42, 0, 0, 1
10.585, 9.71729, -11.8912, 6238.42, 0, 0, 1
10.705, 9.71729, -11.8912, 6238.42, 0, 0, 1
10.825, 9.71729, -11.8912, 6238.42, 0, 0, 1
10.945, 9.71729, -11.8912, 6238.42, 0, 0, 1
11.065, 9.71729, -11.8912, 6238.42, 0, 0, 1
11.186, 9.71729, -11.8912, 6238.42, 0, 0, 1
11.306, 9.71729, -11.8912, 6238.42, 0, 0, 1
11.426, 9.71729, -11.8912, 6238.42, 0, 0, 1
11.546, 9.71729, -11.8912, 6238.42, 0, 0, 1
11.666, 9.71729, -11.8912, 6238.42, 0, 0, 1
11.786, 9.71729, -11.8912, 6238.42, 0, 0, 1
11.907, 9.71729, -11.8912, 6238.42, 0, 0, 1
12.027, 9.71729, -11.8912, 6238.42, 0, 0, 1
12.147, 9.71729, -11.8912, 6238.42, 0, 0, 1
12.267, 9.71729, -11.8912, 6238.42, 0, 0, 1
12.387, 9.71729, -11.8912, 6238.42, 0, 0, 1
12.417, 9.71729, -11.8912, 6238.42, 0, 0, 1
12.437, 9.71729, -11.8912, 6238.42, 0, 0, 1
12.467, 9.71729, -11.8912, 6238.42, 0, 0, 1
12.487, 9.71729, -11.8912, 6238.42, 0, 0, 1
12.508, 9.71729, -11.8912, 6238.42, 0, 0, 1
12.538, 9.71729, -11.8912, 6238.42, 0, 0, 1
12.558, 9.71729, -11.8912, 6238.42, 0, 0, 1
12.578, 9.71729, -11.8912, 6238.42, 0, 0, 1
12.608, 9.71729, -11.8912, 6238.42, 0, 0, 1
12.678, 9.71729, -11.8912, 6238.42, 0, 0, 1
12.778, 9.71729, -11.8912, 6238.42, 0, 0, 1
12.868, 9.71729, -11.8912, 6238.42, 0, 0, 1
12.958, 9.71729, -11.8912, 6238.42, 0, 0, 1
12.988, 9.71729, -11.8912, 6238.42, 0, 0, 1
13.008, 9.71729, -11.8912, 6238.42, 0, 0, 1
13.038, 9.71729, -11.8912, 6238.42, 0, 0, 1
13.058, 9.71729, -11.8912, 6238.42, 0, 0, 1
13.078, 9.71729, -11.8912, 6238.42, 0, 0, 1
13.108, 9.71729, -11.8912, 6238.42, 0, 0, 1
13.128, 9.71729, -11.8912, 6238.42, 0, 0, 1
13.148, 9.71729, -11.8912, 6238.42, 0, 0, 1
13.178, 9.71729, -11.8912, 6238.42, 0, 0, 1
13.199, 9.71729, -11.8912, 6238.42, 0, 0, 1
13.229, 9.71729, -11.8912, 6238.42, 0, 0, 1
13.269, 9.71729, -11.8912, 6238.42, 0, 0, 1
13.299, 9.71729, -11.8912, 6238.42, 0, 0, 1
13.329, 9.71729, -11.8912, 6238.42, 0, 0, 1
13.349, 9.71729, -11.8912, 6238.42, 0, 0, 1
13.479, 9.71729, -11.8912, 6238.42, 0, 0, 1
13.599, 9.71729, -11.8912, 6238.42, 0, 0, 1
13.719, 9.71729, -11.8912, 6238.42, 0, 0, 1
13.839, 9.71729, -11.8912, 6238.42, 0, 0, 1
13.96, 9.71729, -11.8912, 6238.42, 0, 0, 1
14.08, 9.71729, -11.8912, 6238.42, 0, 0, 1
14.2, 9.71729, -11.8912, 6238.42, 0, 0, 1
14.32, 9.71729, -11.8912, 6238.42, 0, 0, 1
14.44, 9.71729, -11.8912, 6238.42, 0, 0, 1
14.56, 9.71729, -11.8912, 6238.42, 0, 0, 1
14.651, 0, 0, 0.2, 0, 0, 1
14.771, 0, -0.0847245, 0.2, 0, 0, 1
14.891, 0, -0.297075, 0.2, 0, 0, 1
15.011, 0, -0.627145, 0.2, 0, 0, 1
15.131, 0, -1.06579, 0.2, 0, 0, 1
15.251, 0, -1.54579, 0.2, 0, 0, 1
15.372, 0, -2.02979, 0.2, 0, 0, 1
15.492, 0, -2.50979, 0.2, 0, 0, 1
15.612, 0, -2.98979, 0.2, 0, 0, 1
15.732, 0, -3.46979, 0.2, 0, 0, 1
15.852, 0, -3.94979, 0.2, 0, 0, 1
15.973, 0, -4.43379, 0.2, 0, 0, 1
16.093, 0, -4.91379, 0.2, 0, 0, 1
16.213, 0, -5.39379, 0.2, 0, 0, 1
16.333, 0, -5.87379, 0.2, 0, 0, 1
16.453, 0, -6.35379, 0.2, 0, 0, 1
16.573, 0, -6.83379, 0.2, 0, 0, 1
16.694, 0, -7.31779, 0.2, 0, 0, 1
16.814, 0, -7.79779, 0.2, 0, 0, 1
16.934, 0, -8.27779, 0.2, 0, 0, 1
17.054, 0, -8.75779, 0.2, 0, 0, 1
17.174, 0, -9.23779, 0.2, 0, 0, 1
17.294, 0, -9.71779, 0.2, 0, 0, 1
17.415, 0, -10.2018, 0.2, 0, 0, 1
17.535, 0, -10.6818, 0.2, 0, 0, 1
17.655, 0, -11.1618, 0.2, 0, 0, 1
17.775, 0, -11.6418, 0.2, 0, 0, 1
17.895, 4.22046e-016, -12.0018, 0.2, 0, 0, 1
18.015, 5.45699e-016, -12.0018, 0.2, 0, 0, 1
18.136, 6.71968e-016, -12.0018, 0.2, 0, 0, 1
18.256, 7.96718e-016, -12.0018, 0.2, 0, 0, 1
18.376, 9.22016e-016, -12.0018, 0.2, 0, 0, 1
18.496, 1.04786e-015, -12.0018, 0.2, 0, 0, 1
18.616, 1.17426e-015, -12.0018, 0.2, 0, 0, 1
18.736, 1.30122e-015, -12.0018, 0.2, 0, 0, 1
18.857, 1.43086e-015, -12.0018, 0.2, 0, 0, 1
18.977, 1.55894e-015, -12.0018, 0.2, 0, 0, 1
19.097, 1.68759e-015, -12.0018, 0.2, 0, 0, 1
19.217, 1.8168e-015, -12.0018, 0.2, 0, 0, 1
19.337, 1.94657e-015, -12.0018, 0.2, 0, 0, 1
19.458, 2.07801e-015, -12.0018, 0.2, 0, 0, 1
19.578, 2.21002e-015, -12.0018, 0.2, 0, 0, 1
19.698, 2.34152e-015, -12.0018, 0.2, 0, 0, 1
19.818, 2.4736e-015, -12.0018, 0.2, 0, 0, 1
19.938, 2.60626e-015, -12.0018, 0.2, 0, 0, 1
20.058, 2.73951e-015, -12.0018, 0.2, 0, 0, 1
20.179, 2.87557e-015, -12.0018, 0.2, 0, 0, 1
20.299, 3.00999e-015, -12.0018, 0.2, 0, 0, 1
20.419, 3.14501e-015, -12.0018, 0.2, 0, 0, 1
20.539, 3.28061e-015, -12.0018, 0.2, 0, 0, 1
20.659, 3.41682e-015, -12.0018, 0.2, 0, 0, 1
20.779, 3.55362e-015, -12.0018, 0.2, 0, 0, 1
20.9, 3.69331e-015, -12.0018, 0.2, 0, 0, 1
21.02, 3.83133e-015, -12.0018, 0.2, 0, 0, 1
21.14, 3.96995e-015, -12.0018, 0.2, 0, 0, 1
21.26, 4.10918e-015, -12.0018, 0.2, 0, 0, 1
21.38, 4.24902e-015, -12.0018, 0.2, 0, 0, 1
21.5, 4.38947e-015, -12.0018, 0.2, 0, 0, 1
21.621, 4.5329e-015, -12.0018, 0.2, 0, 0, 1
21.741, 4.6746e-015, -12.0018, 0.2, 0, 0, 1
21.861, 4.81692e-015, -12.0018, 0.2, 0, 0, 1
21.981, 4.95987e-015, -12.0018, 0.2, 0, 0, 1
22.101, 5.10344e-015, -12.0018, 0.2, 0, 0, 1
22.221, 5.24765e-015, -12.0018, 0.2, 0, 0, 1
22.342, 5.3949e-015, -12.0018, 0.2, 0, 0, 1
22.462, 5.54039e-015, -12.0018, 0.2, 0, 0, 1
22.582, 5.68651e-015, -12.0018, 0.2, 0, 0, 1
22.702, 5.83328e-015, -12.0018, 0.2, 0, 0, 1
22.822, -0.000675069, -12.0018, 0.216172, 0, 0, 1
22.943, -0.00158266, -12.0018, 0.237914, 0, 0, 1
23.063, -0.00248275, -12.0018, 0.259476, 0, 0, 1
23.183, -0.00338285, -12.0018, 0.281039, 0, 0, 1
23.303, -0.0040601, -12.0018, 0.302609, 0, 0, 1
23.423, -0.00385598, -12.0018, 0.324187, 0, 0, 1
23.543, -0.00326603, -12.0018, 0.34576, 0, 0, 1
23.664, -0.00267117, -12.0018, 0.367513, 0, 0, 1
23.784, -0.00208122, -12.0018, 0.389086, 0, 0, 1
23.904, -0.00148345, -12.0018, 0.410659, 0, 0, 1
24.024, 0.01571, -12.0018, 1.05345, 0, 0, 1
24.144, 0.0400174, -12.0018, 2.31767, 0, 0, 1
24.264, 0.0634329, -12.0018, 3.58187, 0, 0, 1
24.385, 0.106151, -12.0018, 4.85615, 0.826928, -0.274179, 0.490933
24.505, 0.148515, -12.0018, 6.1199, 0.827629, -0.20765, 0.521452
24.625, 0.19088, -12.0018, 7.38366, 0.778506, -0.240813, 0.579601
24.745, 0.233245, -12.0018, 8.64741, 0.793188, -0.175014, 0.583286
24.865, 0.275609, -12.0018, 9.91116, 0.757767, -0.181329, 0.626824
24.985, 0.317974, -12.0018, 11.1749, 0.729935, -0.162299, 0.663968
25.106, 0.356151, -12.0018, 12.4493, 0.711438, -0.150831, 0.686371
25.226, 0.392461, -12.0018, 13.7133, 0.682436, -0.126912, 0.719843
25.346, 3.79774, -12.0018, 16.363, 0.6484, -0.174968, 0.74092
25.466, 3.62348, -12.0018, 16.3393, 0.599563, -0.148281, 0.786471
25.586, 3.35792, -12.0018, 16.3603, 0.512215, -0.155455, 0.844671
25.706, 2.96931, -12.0018, 16.5653, 0.325212, -0.489159, 0.809297
25.827, 2.27474, -12.0018, 16.7472, 0.0422915, -0.784101, 0.619191
25.947, 1.38953, -12.0018, 16.7287, -0.374668, -0.895205, 0.241312
26.067, 0.55578, -12.0018, 16.6772, -0.510175, -0.813165, 0.28015
26.187, 0.136662, -12.0018, 16.5692, -0.464393, -0.859297, 0.214353
26.307, 0.082056, -12.0018, 16.5677, 0, 0, 1
26.428, 0.0121226, -12.0018, 16.5526, 0, 0, 1
26.548, -0.0809102, -12.0018, 16.5462, 0, 0, 1
26.668, -0.157917, -12.0018, 16.5399, -0.100712, -0.961577, 0.255394
26.788, -0.214573, -12.0018, 16.2847, -0.111272, -0.98832, 0.104126
26.908, -0.253708, -12.0018, 16.2532, -0.116984, -0.963594, 0.240419
27.028, -0.17803, -12.0018, 16.1112, 0.0282751, -0.992653, 0.117643
27.149, -0.233311, -12.0018, 15.9419, 0.0992536, -0.964067, 0.246422
27.269, -0.370019, -12.0018, 15.6486, 0.0169843, -0.941072, 0.337779
27.389, -0.41114, -12.0018, 15.5447, 0.0230176, -0.906195, 0.422233
27.509, -0.41114, -12.0018, 15.5447, 0.0130791, -0.907404, 0.420056
27.629, -0.390216, -12.0018, 15.5064, 0.0246106, -0.849155, 0.52757
27.749, -0.430702, -12.0018, 15.3708, 0.0302961, -0.808538, 0.587664
27.87, -0.474456, -12.0018, 15.215, 0.0141091, -0.740512, 0.671895
27.99, -0.40239, -12.0018, 15.1903, 0.0572227, -0.622325, 0.780664
28.11, -0.40239, -12.0018, 15.1903, 0.0815789, -0.610909, 0.787486
28.23, -0.40239, -12.0018, 15.1903, 0.107805, -0.570361, 0.814289
28.35, -0.40239, -12.0018, 15.1903, 0.131968, -0.524152, 0.841338
28.47, -0.40239, -12.0018, 15.1903, 0.122852, -0.525014, 0.84218
28.591, -0.40239, -12.0018, 15.1903, 0.137776, -0.48384, 0.864244
28.711, -0.353741, -12.0018, 15.2008, 0.168806, -0.483504, 0.858911
28.831, -0.231637, -12.0018, 15.2388, 0.229861, -0.508561, 0.829777
28.951, -0.00841179, -12.0018, 15.3031, 0.311141, -0.554967, 0.771493
29.071, 0.205639, -12.0018, 15.3342, 0.391431, -0.542379, 0.743375
29.192, 0.516143, -12.0018, 15.3955, 0.464168, -0.546957, 0.696696
29.312, 0.77573, -12.0018, 15.4289, 0.514465, -0.517827, 0.683506
29.432, 1.06274, -12.0018, 15.3682, 0.523384, -0.551313, 0.649711
29.552, 1.11402, -12.0018, 15.3452, 0.437362, -0.506514, 0.743074
29.672, 1.01036, -12.0018, 15.3044, 0.337643, -0.288459, 0.895985
29.792, 0.910326, -12.0018, 15.3101, 0.245949, -0.208694, 0.94655
29.913, 0.850465, -12.0018, 15.3183, 0.209343, -0.187506, 0.959696
30.033, 0.709554, -12.0018, 15.3314, 0.163755, -0.152151, 0.974697
30.153, 0.597083, -12.0018, 15.3494, 0.155688, -0.136881, 0.978276
30.273, 0.471498, -12.0018, 15.3576, 0.148963, -0.132443, 0.979933
30.393, 0.338234, -12.0018, 15.377, 0.140838, -0.129115, 0.981577
30.513, 0.265505, -12.0018, 15.3815, 0.153598, -0.117565, 0.981115
30.634, 0.0322633, -12.0018, 15.4104, 0.168212, -0.0902113, 0.981614
30.754, -0.108249, -12.0018, 15.4372, 0.181904, -0.109509, 0.977199
30.874, -0.207424, -12.0018, 15.4261, 0.189567, -0.0988959, 0.976875
30.994, -0.207424, -12.0018, 15.4261, 0.192727, -0.0974585, 0.9764
31.114, -0.207424, -12.0018, 15.4261, 0.196461, -0.097522, 0.97565
31.234, -0.251887, -12.0018, 15.4209, 0.213135, -0.0708239, 0.974452
31.355, -0.367824, -12.0018, 15.4413, 0.228121, -0.0891554, 0.969542
31.475, -0.470584, -12.0018, 15.4399, 0.234215, -0.110348, 0.965902
31.595, -0.470584, -12.0018, 15.4399, 0.231404, -0.12581, 0.964689
31.715, -0.338317, -12.0018, 15.3606, 0.217305, -0.134329, 0.966817
31.835, -0.33881, -12.0018, 15.5202, 0.203481, -0.133224, 0.969973
31.955, -0.339017, -12.0018, 15.6797, 0.198035, -0.144477, 0.969489
32.076, -0.339226, -12.0018, 15.8406, 0.190997, -0.144613, 0.97088
32.196, -0.339433, -12.0018, 16.0002, 0.171168, -0.153105, 0.973273
32.316, -0.339641, -12.0018, 16.1597, 0.166882, -0.154884, 0.973736
32.436, -0.339848, -12.0018, 16.3193, 0.178031, -0.162106, 0.970581
32.556, -0.340055, -12.0018, 16.4788, 0.154909, -0.152003, 0.976165
32.677, -0.340966, -12.0018, 16.6397, 0.149434, -0.133344, 0.979739
32.797, -0.342257, -12.0018, 16.7992, 0.157898, -0.119068, 0.980251
32.917, -0.378589, -12.0018, 17.2535, 0.174401, -0.13227, 0.975751
33.037, -0.533818, -12.0018, 18.5896, 0.201234, -0.131422, 0.970687
33.157, -0.623306, -12.0018, 19.9325, 0.22211, -0.144758, 0.964216
33.277, -0.712794, -12.0018, 21.2754, 0.23425, -0.153509, 0.95998
33.398, -0.803029, -12.0018, 22.6295, 0.215907, -0.146343, 0.965385
33.518, -1.12668, -12.0018, 25.0309, 0.170136, -0.12898, 0.976943
33.638, -1.39272, -12.0018, 28.5179, 0.146885, -0.122942, 0.981484
33.758, -1.40866, -12.0018, 32.0202, 0.147462, -0.115189, 0.982337
33.878, -1.42459, -12.0018, 35.5225, 0.142245, -0.129374, 0.98134
33.998, -1.58837, -12.0018, 40.0966, 0.180514, -0.126637, 0.975386
34.119, -1.49589, -12.0018, 45.0731, 0.221908, -0.131465, 0.966164
34.239, -1.39046, -12.0018, 50.0082, 0.234107, -0.136418, 0.962592
34.359, -1.28502, -12.0018, 54.9434, 0.217928, -0.138606, 0.966072
34.479, -1.94867, -12.0018, 57.8787, 0.18755, -0.115903, 0.975393
34.599, -2.0114, -12.0018, 61.9806, 0.154379, -0.119933, 0.980705
34.719, -2.00062, -12.0018, 66.0834, 0.153339, -0.110969, 0.981923
34.84, -1.99949, -12.0018, 70.2205, 0.154273, -0.120209, 0.980688
34.96, -2.38354, -12.0018, 74.4777, 0.195065, -0.113377, 0.974215
35.08, -2.90189, -12.0018, 78.9241, 0.224027, -0.113414, 0.967961
35.2, -3.28937, -12.0018, 83.3854, 0.245374, -0.12368, 0.961507
35.32, -3.67685, -12.0018, 87.8467, 0.263456, -0.131793, 0.955626
35.44, -4.88862, -12.0018, 92.0491, 0.256473, -0.135164, 0.957054
35.561, -5.02015, -12.0018, 94.6785, 0.219414, -0.124577, 0.967646
35.681, -5.13648, -12.0018, 98.1852, 0.181857, -0.0913689, 0.979071
35.801, -5.13345, -12.0018, 101.696, 0.173181, -0.0896695, 0.9808
35.921, -5.13465, -12.0018, 105.207, 0.166433, -0.0971283, 0.981257
36.041, -5.12308, -12.0018, 109.443, 0.19091, -0.0913419, 0.977348
36.162, -4.9476, -12.0018, 113.955, 0.21907, -0.107506, 0.969769
36.282, -4.75355, -12.0018, 118.429, 0.246374, -0.138187, 0.959273
36.402, -4.5595, -12.0018, 122.903, 0.243732, -0.159229, 0.956682
36.522, -5.24906, -12.0018, 126.041, 0.216732, -0.154469, 0.963933
36.642, -5.20747, -12.0018, 129.821, 0.199851, -0.142133, 0.969463
36.762, -5.06803, -12.0018, 133.6, 0.185433, -0.126646, 0.974461
36.883, -4.92743, -12.0018, 137.409, 0.179081, -0.12011, 0.976475
37.003, -4.79801, -12.0018, 141.363, 0.192886, -0.126938, 0.972976
37.123, -4.62311, -12.0018, 145.837, 0.23302, -0.111426, 0.966067
37.243, -4.44777, -12.0018, 150.312, 0.242554, -0.138723, 0.960168
37.363, -4.27243, -12.0018, 154.786, 0.245556, -0.152682, 0.957283
37.483, -4.08762, -12.0018, 159.261, 0.215333, -0.16369, 0.962724
37.604, -4.79958, -12.0018, 163.221, 0.183551, -0.16331, 0.96935
37.724, -4.70996, -12.0018, 167.01, 0.153654, -0.146938, 0.977138
37.844, -4.53023, -12.0018, 170.797, 0.147634, -0.140623, 0.978994
37.964, -4.3505, -12.0018, 174.583, 0.164189, -0.15303, 0.974486
38.084, -4.12079, -12.0018, 178.883, 0.202492, -0.151471, 0.967499
38.204, -3.81015, -12.0018, 183.351, 0.212979, -0.147308, 0.965888
38.325, -3.49268, -12.0018, 187.855, 0.230807, -0.131699, 0.964045
38.445, -3.17785, -12.0018, 192.322, 0.225002, -0.144788, 0.96354
38.565, -4.06774, -12.0018, 195.455, 0.201642, -0.145615, 0.968575
38.685, -3.9563, -12.0018, 199.234, 0.156836, -0.147414, 0.976561
38.805, -3.7449, -12.0018, 203.009, 0.138666, -0.139498, 0.980465
38.926, -3.52578, -12.0018, 206.815, 0.145761, -0.143119, 0.978913
39.046, -3.45261, -12.0018, 210.762, 0.17343, -0.151181, 0.973173
39.166, -3.55848, -12.0018, 215.238, 0.20336, -0.146083, 0.968145
39.286, -3.56323, -12.0018, 219.716, 0.229411, -0.134829, 0.963946
39.406, -3.56799, -12.0018, 224.194, 0.236813, -0.135004, 0.96213
39.526, -3.5512, -12.0018, 228.672, 0.207143, -0.141927, 0.967961
39.647, -3.69714, -12.0018, 232.818, 0.158976, -0.131017, 0.978551
39.767, -3.85107, -12.0018, 236.929, 0.140374, -0.121357, 0.982633
39.887, -3.99439, -12.0018, 241.041, 0.136841, -0.122276, 0.983017
40.007, -4.14655, -12.0018, 245.153, 0.160876, -0.136105, 0.977545
40.127, -4.25415, -12.0018, 249.629, 0.201535, -0.128076, 0.971072
40.247, -4.29786, -12.0018, 254.107, 0.22478, -0.129586, 0.965754
40.368, -4.34193, -12.0018, 258.622, 0.241634, -0.13355, 0.961133
40.488, -4.38563, -12.0018, 263.1, 0.2196, -0.152766, 0.963555
40.608, -5.20653, -12.0018, 267.487, 0.175255, -0.152997, 0.972562
40.728, -5.31423, -12.0018, 271.589, 0.136714, -0.165617, 0.976668
40.848, -5.37996, -12.0018, 275.691, 0.114993, -0.147375, 0.982373
40.968, -5.44569, -12.0018, 279.793, 0.109951, -0.158587, 0.981204
41.089, -5.49149, -12.0018, 284.225, 0.166293, -0.137988, 0.976374
41.209, -5.45377, -12.0018, 288.716, 0.205908, -0.129712, 0.969936
41.329, -5.45501, -12.0018, 293.208, 0.232347, -0.125443, 0.96451
41.449, -5.45626, -12.0018, 297.7, 0.231829, -0.149549, 0.961192
41.569, -6.3049, -12.0018, 299.991, 0.20602, -0.142336, 0.968141
41.689, -6.28709, -12.0018, 303.493, 0.161487, -0.125095, 0.978914
41.81, -6.2003, -12.0018, 307.023, 0.14078, -0.127661, 0.981776
41.93, -6.11324, -12.0018, 310.525, 0.140628, -0.137999, 0.980398
42.05, -6.00524, -12.0018, 314.38, 0.181148, -0.12928, 0.974922
42.17, -5.70892, -12.0018, 319.291, 0.212927, -0.12961, 0.968433
42.29, -5.34919, -12.0018, 324.198, 0.242342, -0.134185, 0.960867
42.411, -4.99093, -12.0018, 329.146, 0.250497, -0.138629, 0.958141
42.531, -5.71359, -12.0018, 334.161, 0.236, -0.131568, 0.962805
42.651, -5.5435, -12.0018, 334.092, 0.19958, -0.119536, 0.972563
42.771, -5.31827, -12.0018, 334.05, 0.173109, -0.123125, 0.977176
42.891, -5.16932, -12.0018, 334.034, 0.153498, -0.124883, 0.980226
43.011, -5.16932, -12.0018, 334.034, 0.153139, -0.126217, 0.980111
43.132, -5.14994, -12.0018, 334.406, 0.175388, -0.1248, 0.976557
43.252, -5.06152, -12.0018, 335.894, 0.220694, -0.127458, 0.966979
43.372, -4.96947, -12.0018, 337.381, 0.252026, -0.132453, 0.958613
43.492, -4.87741, -12.0018, 338.869, 0.259192, -0.138208, 0.955886
43.612, -4.78536, -12.0018, 340.356, 0.226674, -0.130883, 0.965136
43.732, -4.64715, -12.0018, 342.849, 0.188763, -0.119105, 0.974773
43.853, -4.53586, -12.0018, 346.379, 0.153311, -0.128402, 0.9798
43.973, -4.42535, -12.0018, 349.879, 0.141183, -0.130984, 0.98128
44.093, -4.31485, -12.0018, 353.38, 0.146597, -0.119897, 0.981903
44.213, -4.2195, -12.0018, 356.881, 0.19095, -0.111558, 0.97524
44.333, -4.91304, -12.0018, 360.011, 0.228843, -0.102439, 0.968058
44.453, -5.064, -12.0018, 360.066, 0.258296, -0.116944, 0.958962
44.574, -5.064, -12.0018, 360.066, 0.256342, -0.130178, 0.95778
44.694, -4.98495, -12.0018, 360.003, 0.231209, -0.11044, 0.966616
44.814, -4.94996, -12.0018, 361.604, 0.1746, -0.110796, 0.978386
44.934, -4.91106, -12.0018, 363.204, 0.141269, -0.1112, 0.983706
45.054, -4.86282, -12.0018, 364.805, 0.121054, -0.107792, 0.986776
45.174, -4.81459, -12.0018, 366.405, 0.132507, -0.107939, 0.985287
45.295, -4.70599, -12.0018, 369.903, 0.170484, -0.106879, 0.979547
45.415, -4.52384, -12.0018, 374.013, 0.21761, -0.111479, 0.969648
45.535, -4.33542, -12.0018, 378.123, 0.241548, -0.144427, 0.959581
45.655, -4.14701, -12.0018, 382.233, 0.245078, -0.136532, 0.959842
45.775, -4.00566, -12.0018, 386.339, 0.208738, -0.142502, 0.967534
45.896, -4.09192, -12.0018, 390.475, 0.175954, -0.127061, 0.976164
46.016, -4.18807, -12.0018, 394.577, 0.149013, -0.118813, 0.981671
46.136, -4.28423, -12.0018, 398.678, 0.138615, -0.126042, 0.982293
46.256, -4.37283, -12.0018, 402.78, 0.168591, -0.121977, 0.97811
46.376, -4.35764, -12.0018, 406.883, 0.224805, -0.113135, 0.967814
46.496, -4.31779, -12.0018, 410.986, 0.248275, -0.113763, 0.961986
46.617, -4.27761, -12.0018, 415.123, 0.262499, -0.126584, 0.956593
46.737, -4.23777, -12.0018, 419.225, 0.232366, -0.105001, 0.966944
46.857, -5.05383, -12.0018, 423.48, 0.201171, -0.0875098, 0.975639
46.977, -4.98567, -12.0018, 427.261, 0.159051, -0.0787534, 0.984124
47.097, -4.89107, -12.0018, 431.04, 0.144823, -0.0773242, 0.986432
47.217, -4.79647, -12.0018, 434.82, 0.158493, -0.103333, 0.981938
47.338, -4.63092, -12.0018, 439.168, 0.233944, -0.0885722, 0.968207
47.458, -4.37344, -12.0018, 443.653, 0.257164, -0.101794, 0.960992
47.578, -4.12481, -11.9185, 448.136, 0.265857, -0.0912713, 0.959682
47.698, -3.8696, -11.8915, 452.621, 0.244244, -0.0774048, 0.966619
47.818, -4.61577, -11.8915, 454.991, 0.198609, -0.069402, 0.977618
47.938, -4.43954, -11.89, 458.489, 0.164431, -0.0938807, 0.981911
48.059, -4.27243, -11.8974, 462.017, 0.151577, -0.101262, 0.983245
48.179, -4.1067, -11.8974, 465.515, 0.154723, -0.112657, 0.981514
48.299, -3.94508, -11.8974, 469.014, 0.177238, -0.119898, 0.976837
48.419, -3.77538, -11.8974, 473.488, 0.226471, -0.0978323, 0.969092
48.539, -3.57549, -11.8974, 477.962, 0.254321, -0.0955984, 0.962383
48.66, -3.37393, -11.8974, 482.473, 0.262489, -0.116211, 0.957911
48.78, -3.17403, -11.8974, 486.947, 0.240585, -0.138091, 0.960755
48.9, -3.94992, -11.8974, 490.397, 0.198818, -0.133833, 0.970855
49.02, -3.89369, -11.8974, 494.178, 0.166554, -0.13364, 0.976934
49.14, -3.84571, -11.8974, 497.959, 0.156518, -0.12665, 0.979521
49.26, -3.79772, -11.8974, 501.739, 0.164223, -0.127663, 0.978127
49.381, -3.73271, -11.8974, 505.912, 0.207584, -0.116998, 0.971195
49.501, -3.59905, -11.8974, 510.402, 0.2515, -0.116722, 0.960793
49.621, -3.46445, -11.8974, 514.892, 0.271709, -0.110533, 0.956011
49.741, -3.32984, -11.8974, 519.381, 0.267801, -0.120341, 0.955929
49.861, -4.0092, -11.8974, 523.144, 0.229834, -0.118127, 0.966034
49.981, -3.91502, -11.8974, 526.924, 0.171585, -0.117134, 0.978181
50.102, -3.78661, -11.8974, 530.734, 0.152971, -0.107786, 0.982335
50.222, -3.65233, -11.8974, 534.513, 0.149859, -0.11321, 0.982205
50.342, -3.51805, -11.8974, 538.291, 0.170973, -0.116973, 0.978307
50.462, -3.25573, -11.8974, 542.762, 0.216643, -0.108902, 0.970158
50.582, -2.98759, -11.8974, 547.232, 0.253666, -0.0993709, 0.962174
50.702, -2.71945, -11.8974, 551.701, 0.270724, -0.113307, 0.955965
50.823, -2.44908, -11.8974, 556.209, 0.259054, -0.11163, 0.95939
50.943, -3.13426, -11.8974, 560.856, 0.209862, -0.115666, 0.970865
51.063, -3.07768, -11.8974, 564.637, 0.163786, -0.128184, 0.978132
51.183, -2.98858, -11.8974, 568.417, 0.135709, -0.139528, 0.980875
51.303, -2.89949, -11.8974, 572.197, 0.129127, -0.164816, 0.977835
51.423, -2.78786, -11.8974, 576.332, 0.162263, -0.176815, 0.970777
51.544, -2.62021, -11.8974, 580.858, 0.228384, -0.175887, 0.957551
51.664, -2.48094, -11.8974, 585.347, 0.254775, -0.171103, 0.951742
51.784, -2.34167, -11.8974, 589.837, 0.253342, -0.172369, 0.951896
51.904, -3.16102, -11.8974, 593.762, 0.230676, -0.140691, 0.962806
52.024, -3.11448, -11.8974, 597.543, 0.191421, -0.128979, 0.972997
52.145, -3.04632, -11.8974, 601.355, 0.160967, -0.131219, 0.978198
52.265, -2.97189, -11.8974, 605.135, 0.147442, -0.121849, 0.981536
52.385, -2.8982, -11.8974, 608.915, 0.161212, -0.131917, 0.978064
52.505, -3.06282, -11.8974, 612.932, 0.219117, -0.102073, 0.970345
52.625, -3.21536, -11.8974, 617.032, 0.243181, -0.1233, 0.962112
52.745, -3.34014, -11.8974, 621.133, 0.274993, -0.136127, 0.951761
52.866, -3.46595, -11.8974, 625.268, 0.281258, -0.159287, 0.94632
52.986, -4.46721, -11.8974, 628.935, 0.256349, -0.152267, 0.954516
53.106, -4.48026, -11.8974, 631.361, 0.194995, -0.128941, 0.972292
53.226, -4.61606, -11.8974, 634.617, 0.167178, -0.120898, 0.978486
53.346, -4.72587, -11.8974, 637.875, 0.159639, -0.11614, 0.98032
53.466, -4.83567, -11.8974, 641.132, 0.160029, -0.121182, 0.979646
53.587, -4.94227, -11.8974, 644.549, 0.192327, -0.113831, 0.974707
53.707, -5.00911, -11.8974, 648.34, 0.242911, -0.104472, 0.964406
53.827, -5.08373, -11.8974, 652.13, 0.26048, -0.125464, 0.957292
53.947, -5.16205, -11.8974, 655.92, 0.269235, -0.145457, 0.952027
54.067, -5.24037, -11.8974, 659.71, 0.253364, -0.150864, 0.955535
54.187, -5.37854, -11.8974, 663.491, 0.220198, -0.145642, 0.964521
54.308, -5.56276, -11.8974, 667.299, 0.146592, -0.109574, 0.983109
54.428, -5.72203, -11.8974, 671.076, 0.115097, -0.102104, 0.988093
54.548, -5.88131, -11.8974, 674.854, 0.124198, -0.111427, 0.985981
54.668, -6.0375, -11.8974, 678.792, 0.176156, -0.0997897, 0.979291
54.788, -6.12135, -11.8974, 682.894, 0.223416, -0.0997248, 0.969608
54.908, -6.2151, -11.8974, 686.996, 0.271572, -0.129502, 0.953666
55.029, -6.32365, -11.8974, 691.131, 0.283472, -0.161981, 0.945201
55.149, -7.3663, -11.8974, 695.833, 0.262509, -0.141861, 0.954445
55.269, -7.34724, -11.8974, 697.435, 0.198889, -0.110958, 0.973721
55.389, -7.4361, -11.8974, 700.693, 0.161446, -0.101844, 0.981613
55.509, -7.48321, -11.8974, 703.952, 0.17113, -0.102207, 0.979933
55.63, -7.5307, -11.8974, 707.238, 0.188576, -0.125657, 0.973986
55.75, -7.57554, -11.8974, 711.754, 0.222969, -0.108826, 0.968732
55.87, -7.56426, -11.8974, 716.691, 0.253083, -0.125598, 0.959257
55.99, -7.54937, -11.8974, 721.627, 0.270701, -0.136916, 0.952877
56.11, -7.53449, -11.8974, 726.563, 0.264259, -0.156736, 0.951631
56.23, -8.25704, -11.8974, 728.976, 0.209597, -0.139565, 0.967776
56.351, -8.2258, -11.8974, 732.788, 0.174607, -0.124008, 0.976798
56.471, -8.07193, -11.8974, 736.566, 0.16608, -0.107829, 0.980199
56.591, -7.91807, -11.8974, 740.343, 0.15821, -0.107588, 0.981527
56.711, -7.75234, -11.8974, 744.295, 0.194126, -0.100118, 0.975854
56.831, -7.44992, -11.8974, 748.763, 0.260515, -0.110823, 0.959088
56.951, -7.14081, -11.8974, 753.23, 0.297859, -0.113992, 0.947779
57.072, -6.83148, -11.8974, 757.735, 0.320078, -0.126544, 0.938902
57.192, -7.49181, -11.8974, 762.712, 0.308492, -0.131565, 0.942084
57.312, -7.31615, -11.8974, 763.508, 0.272066, -0.136325, 0.952573
57.432, -7.17254, -11.8974, 766.764, 0.215616, -0.123931, 0.968582
57.552, -7.04921, -11.8974, 770.021, 0.185128, -0.111435, 0.976376
57.672, -6.92587, -11.8974, 773.277, 0.163879, -0.11553, 0.979692
57.793, -6.78883, -11.8974, 776.869, 0.190201, -0.113402, 0.975174
57.913, -6.57816, -11.8974, 781.356, 0.235224, -0.110978, 0.965585
58.033, -6.39968, -11.8974, 785.844, 0.24733, -0.115303, 0.962046
58.153, -6.2212, -11.8974, 790.332, 0.256115, -0.12523, 0.9585
58.273, -6.79757, -11.8974, 795.188, 0.252293, -0.123114, 0.959787
58.393, -6.67651, -11.8974, 798.02, 0.228651, -0.150391, 0.961822
58.514, -6.56651, -11.8974, 801.831, 0.20302, -0.14692, 0.96809
58.634, -6.45114, -11.8974, 805.61, 0.178779, -0.132057, 0.974987
58.754, -6.33577, -11.8974, 809.39, 0.186029, -0.120975, 0.975068
58.874, -6.14946, -11.8974, 813.689, 0.242167, -0.109186, 0.964071
58.994, -5.88976, -11.8974, 818.16, 0.281142, -0.109876, 0.953355
59.115, -5.63516, -11.8974, 822.668, 0.301724, -0.114159, 0.946536
59.235, -5.38266, -11.8974, 827.139, 0.297162, -0.135895, 0.945107
59.355, -6.09234, -11.8974, 830.771, 0.266038, -0.121024, 0.956335
59.475, -5.91553, -11.8974, 834.547, 0.20382, -0.105051, 0.973356
59.595, -5.75843, -11.8974, 838.325, 0.164287, -0.10352, 0.980966
59.715, -5.59454, -11.8974, 842.102, 0.159506, -0.112144, 0.980807
59.836, -5.4471, -11.8974, 845.912, 0.196158, -0.10505, 0.974929
59.956, -5.2476, -11.8974, 850.021, 0.257471, -0.109173, 0.960099
60.076, -5.04136, -11.8974, 854.13, 0.295882, -0.112482, 0.948579
60.196, -4.83512, -11.8974, 858.24, 0.30009, -0.131715, 0.944774
60.316, -4.62888, -11.8974, 862.349, 0.279562, -0.147437, 0.94874
60.436, -4.46096, -11.8974, 866.451, 0.236946, -0.130583, 0.962707
60.557, -4.32749, -11.8974, 870.586, 0.206443, -0.101482, 0.973182
60.677, -4.19293, -11.8974, 874.686, 0.202611, -0.0854757, 0.975522
60.797, -4.0629, -11.8974, 878.787, 0.208842, -0.0812303, 0.97457
60.917, -3.92672, -11.8974, 883.169, 0.239995, -0.0745192, 0.96791
61.037, -3.73294, -11.8974, 887.643, 0.274757, -0.0689859, 0.959036
61.157, -3.55738, -11.8974, 892.117, 0.296524, -0.0853522, 0.951204
61.278, -3.38036, -11.8974, 896.629, 0.293559, -0.0842425, 0.952222
61.398, -4.39045, -11.8974, 899.388, 0.265606, -0.0586802, 0.962294
61.518, -4.29626, -11.8974, 902.889, 0.242672, -0.00884648, 0.970068
61.638, -4.20759, -11.8974, 906.391, 0.212925, 0.0236756, 0.976782
61.758, -4.11221, -11.8974, 909.892, 0.18704, -0.000167743, 0.982352
61.879, -4.01767, -11.8974, 913.422, 0.198139, -0.0142104, 0.980071
61.999, -3.85421, -11.8974, 917.91, 0.249198, -0.0162484, 0.968316
62.119, -3.6709, -11.8974, 922.398, 0.276608, -0.0383366, 0.960218
62.239, -3.49022, -11.8974, 926.886, 0.309286, -0.0536076, 0.949457
62.359, -3.30953, -11.8974, 931.374, 0.29228, -0.0577567, 0.954587
62.479, -4.25067, -11.8974, 933.668, 0.248921, -0.0550786, 0.966956
62.6, -4.17315, -11.8974, 937.199, 0.190151, -0.0620777, 0.97979
62.72, -4.0986, -11.8974, 940.7, 0.170128, -0.0583609, 0.983692
62.84, -4.0221, -11.8974, 944.202, 0.162465, -0.0881729, 0.982767
62.96, -3.9321, -11.8974, 947.947, 0.203547, -0.0703279, 0.976536
63.08, -3.71443, -11.8974, 952.419, 0.244076, -0.0609101, 0.967841
63.2, -3.46714, -11.8974, 956.891, 0.272082, -0.0765299, 0.959226
63.321, -3.2178, -11.8974, 961.399, 0.290255, -0.112241, 0.950344
63.441, -3.99582, -11.8974, 966.309, 0.283457, -0.125104, 0.95079
63.561, -3.81429, -11.8974, 968.01, 0.239095, -0.106566, 0.965131
63.681, -3.77173, -11.8974, 971.512, 0.188639, -0.0811527, 0.978688
63.801, -3.73723, -11.8974, 975.014, 0.1585, -0.0760356, 0.984427
63.921, -3.70273, -11.8974, 978.516, 0.147608, -0.0845362, 0.985426
64.042, -3.6618, -11.8974, 982.201, 0.185065, -0.0760243, 0.979781
64.162, -3.53213, -11.8974, 986.313, 0.261932, -0.0834552, 0.961471
64.282, -3.4451, -11.8974, 990.426, 0.2975, -0.111996, 0.94813
64.402, -3.37179, -11.8974, 994.54, 0.317372, -0.166426, 0.933583
64.522, -3.29973, -11.8974, 998.654, 0.283934, -0.145133, 0.947796
64.642, -4.2006, -11.8974, 1003.33, 0.231223, -0.097656, 0.967987
64.763, -4.13705, -11.8974, 1007.14, 0.216194, -0.0408138, 0.975497
64.883, -4.06305, -11.8974, 1010.92, 0.229307, -0.0699602, 0.970837
65.003, -3.99509, -11.8974, 1014.7, 0.242391, -0.0842337, 0.966515
65.123, -3.90295, -11.8974, 1019.62, 0.316123, -0.0940589, 0.944044
65.243, -3.84639, -11.8974, 1024.54, 0.330491, -0.09084, 0.939427
65.364, -3.80342, -11.8974, 1029.5, 0.337927, -0.0982514, 0.93603
65.484, -4.6805, -11.8974, 1034.89, 0.31693, -0.100966, 0.94306
65.604, -4.64401, -11.8974, 1037.94, 0.271551, -0.0635741, 0.960322
65.724, -4.63307, -11.8974, 1042.04, 0.235577, -0.0657735, 0.969627
65.844, -4.60874, -11.8974, 1046.14, 0.22003, -0.079134, 0.972278
65.964, -4.58529, -11.8974, 1050.24, 0.23309, -0.0826484, 0.968937
66.085, -4.52683, -11.8974, 1055.22, 0.291749, -0.0757229, 0.953493
66.205, -4.47669, -11.8974, 1060.16, 0.311441, -0.0838875, 0.946556
66.325, -4.42656, -11.8974, 1065.09, 0.31709, -0.0975406, 0.943366
66.445, -5.26048, -11.8974, 1070.24, 0.29984, -0.0886297, 0.949863
66.565, -5.21153, -11.8974, 1073.31, 0.245973, -0.0683162, 0.966866
66.685, -5.24305, -11.8974, 1077.41, 0.185105, -0.0712747, 0.980131
66.806, -5.26352, -11.8974, 1081.55, 0.163166, -0.0659443, 0.984392
66.926, -5.28363, -11.8974, 1085.65, 0.181031, -0.0915091, 0.979211
67.046, -5.29876, -11.8974, 1090.04, 0.235849, -0.0649021, 0.96962
67.166, -5.2531, -11.8974, 1094.52, 0.276795, -0.0549469, 0.959357
67.286, -5.20959, -11.8974, 1098.99, 0.304134, -0.0698049, 0.950068
67.406, -5.16608, -11.8974, 1103.47, 0.317274, -0.0748665, 0.945374
67.527, -5.97232, -11.8974, 1108.14, 0.277232, -0.0974444, 0.955849
67.647, -5.96738, -11.8974, 1111.93, 0.229676, -0.0882993, 0.969253
67.767, -5.94657, -11.8974, 1115.72, 0.193477, -0.0718625, 0.978469
67.887, -5.92576, -11.8974, 1119.51, 0.166399, -0.0818857, 0.982653
68.007, -5.91805, -11.8974, 1123.31, 0.173847, -0.0784452, 0.981643
68.127, -5.88687, -11.8974, 1127.41, 0.22089, -0.0653426, 0.973107
68.248, -5.83298, -11.8974, 1131.54, 0.240383, -0.0552934, 0.969102
68.368, -5.77954, -11.8974, 1135.65, 0.242981, -0.0710725, 0.967424
68.488, -5.7261, -11.8974, 1139.75, 0.230348, -0.075425, 0.970181
68.608, -6.66694, -11.8974, 1143.07, 0.19689, -0.0693992, 0.977966
68.728, -6.70613, -11.8974, 1146.58, 0.147879, -0.0734171, 0.986277
68.849, -6.69165, -11.8974, 1150.11, 0.123782, -0.0871669, 0.988473
68.969, -6.67729, -11.8974, 1153.61, 0.130268, -0.107321, 0.985653
69.089, -6.66378, -11.8974, 1157.36, 0.188854, -0.102158, 0.976677
69.209, -6.53411, -11.8974, 1161.83, 0.247124, -0.0988181, 0.963932
69.329, -6.39084, -11.8974, 1166.31, 0.292131, -0.103656, 0.950744
69.449, -6.24756, -11.8974, 1170.78, 0.281311, -0.124485, 0.951508
69.57, -6.09452, -11.8974, 1175.3, 0.254866, -0.109825, 0.960719
69.69, -6.03117, -11.8974, 1179.41, 0.211055, -0.0864747, 0.973642
69.81, -6.01151, -11.8974, 1183.52, 0.190428, -0.0847836, 0.978033
69.93, -5.97737, -11.8974, 1187.64, 0.178232, -0.0965877, 0.979236
70.05, -5.94323, -11.8974, 1191.75, 0.195127, -0.0899052, 0.976649
70.17, -6.39479, -11.8974, 1196.14, 0.222267, -0.0983718, 0.97001
70.291, -6.26986, -11.8974, 1199.95, 0.259043, -0.0960955, 0.961074
70.411, -6.1471, -11.8974, 1203.73, 0.26366, -0.120103, 0.95711
70.531, -6.02433, -11.8974, 1207.5, 0.251148, -0.153439, 0.95571
70.651, -5.89644, -11.8974, 1211.36, 0.221072, -0.133971, 0.966012
70.771, -5.79766, -11.8974, 1215.46, 0.180367, -0.100995, 0.978401
70.891, -5.67551, -11.8974, 1219.57, 0.160145, -0.0961496, 0.9824
71.012, -5.55235, -11.8974, 1223.7, 0.155068, -0.106772, 0.982117
71.132, -5.44092, -11.8974, 1227.8, 0.184979, -0.0992703, 0.977716
71.252, -5.25065, -11.8974, 1231.9, 0.231394, -0.105134, 0.967163
71.372, -5.13231, -11.8974, 1236, 0.253408, -0.114138, 0.960602
71.492, -5.04392, -11.8974, 1240.1, 0.271063, -0.115179, 0.955646
71.613, -4.95479, -11.8974, 1244.24, 0.251779, -0.114475, 0.96099
71.733, -4.88774, -11.8974, 1248.19, 0.218182, -0.118446, 0.968693
71.853, -4.83649, -11.8974, 1251.98, 0.173843, -0.110716, 0.97853
71.973, -4.75159, -11.8974, 1255.77, 0.156682, -0.102819, 0.982282
72.093, -4.66669, -11.8974, 1259.56, 0.155268, -0.112264, 0.981473
72.213, -4.56628, -11.8974, 1263.69, 0.200905, -0.0928845, 0.975197
72.334, -4.36804, -11.8974, 1268.2, 0.23582, -0.101397, 0.966492
72.454, -4.13499, -11.8974, 1272.67, 0.2633, -0.0907272, 0.960438
72.574, -3.90194, -11.8974, 1277.15, 0.266856, -0.097445, 0.958797
72.694, -4.77895, -11.8974, 1281.09, 0.241834, -0.09479, 0.965677
72.814, -4.59872, -11.8974, 1283.69, 0.18302, -0.0949932, 0.978509
72.934, -4.48073, -11.8974, 1287.19, 0.147245, -0.108579, 0.983122
73.055, -4.35555, -11.8974, 1290.72, 0.133751, -0.12253, 0.983411
73.175, -4.23141, -11.8974, 1294.22, 0.138572, -0.128156, 0.982025
73.295, -4.13446, -11.8974, 1298.03, 0.183472, -0.131078, 0.974247
73.415, -4.01669, -11.8974, 1302.13, 0.226344, -0.118972, 0.966754
73.535, -3.91034, -11.8974, 1306.23, 0.249055, -0.119303, 0.961113
73.655, -3.80399, -11.8974, 1310.33, 0.245106, -0.113575, 0.962821
73.776, -3.69693, -11.8974, 1314.47, 0.214102, -0.111214, 0.97046
73.896, -3.67221, -11.8974, 1318.58, 0.155036, -0.112166, 0.98152
74.016, -3.63736, -11.8974, 1322.7, 0.124484, -0.131075, 0.983526
74.136, -3.6025, -11.8974, 1326.81, 0.12724, -0.145798, 0.981098
74.256, -3.56965, -11.8974, 1331.02, 0.181479, -0.15297, 0.971424
74.376, -3.504, -11.8974, 1335.49, 0.240965, -0.13634, 0.96091
74.497, -3.46732, -11.8974, 1340.01, 0.282366, -0.120157, 0.951752
74.617, -3.43094, -11.8974, 1344.49, 0.27751, -0.133289, 0.951432
74.737, -4.34085, -11.8974, 1349.47, 0.268645, -0.132605, 0.954068
74.857, -4.30995, -11.8974, 1352.3, 0.230216, -0.111022, 0.966786
74.977, -4.24649, -11.8974, 1356.08, 0.198237, -0.0950881, 0.975531
75.098, -4.17061, -11.8974, 1359.89, 0.180525, -0.11149, 0.977231
75.218, -4.09868, -11.8974, 1363.68, 0.195769, -0.112264, 0.974203
75.338, -3.98199, -11.8974, 1367.98, 0.225496, -0.0959056, 0.969512
75.458, -3.76527, -11.8974, 1372.45, 0.261694, -0.0935816, 0.960603
75.578, -3.55174, -11.8974, 1376.92, 0.276103, -0.116888, 0.953994
75.698, -3.3382, -11.8974, 1381.4, 0.266197, -0.110693, 0.957542
75.819, -3.2022, -11.8974, 1385.92, 0.219368, -0.11298, 0.969079
75.939, -3.13241, -11.8974, 1390.41, 0.180773, -0.0980225, 0.978628
76.059, -3.03409, -11.8974, 1394.9, 0.140823, -0.0930281, 0.985654
76.179, -2.93577, -11.8974, 1399.39, 0.12946, -0.112779, 0.98515
76.299, -3.30787, -11.8974, 1404.21, 0.169819, -0.101872, 0.980196
76.419, -3.1451, -11.8974, 1408.31, 0.224522, -0.106718, 0.968608
76.54, -2.97982, -11.8974, 1412.44, 0.242807, -0.113024, 0.963468
76.66, -2.81591, -11.8974, 1416.54, 0.25885, -0.126459, 0.957604
76.78, -3.57728, -11.8974, 1421.29, 0.241274, -0.111194, 0.964066
76.9, -3.44999, -11.8974, 1423.89, 0.216901, -0.0928088, 0.971772
77.02, -3.36403, -11.8974, 1427.39, 0.18913, -0.0950822, 0.977338
77.14, -3.27398, -11.8974, 1430.89, 0.171543, -0.0879575, 0.981242
77.261, -3.1797, -11.8974, 1434.42, 0.184675, -0.0792537, 0.979599
77.381, -2.91975, -11.8974, 1439.33, 0.243931, -0.0767059, 0.966754
77.501, -2.5941, -11.8974, 1444.24, 0.256886, -0.064394, 0.964294
77.621, -2.26845, -11.8974, 1449.15, 0.275812, -0.0884631, 0.957132
77.741, -1.9428, -11.8974, 1454.06, 0.259182, -0.0968625, 0.960959
77.861, -2.83865, -11.8974, 1456.62, 0.233855, -0.0787757, 0.969075
77.982, -2.69403, -11.8974, 1460.16, 0.202503, -0.0597411, 0.977458
78.102, -2.5657, -11.8974, 1463.67, 0.194388, -0.0566121, 0.97929
78.222, -2.436, -11.8974, 1467.18, 0.192141, -0.0824888, 0.977894
78.342, -2.29401, -11.8974, 1470.93, 0.229532, -0.0741268, 0.970474
78.462, -2.03176, -11.8974, 1475.4, 0.275598, -0.0598955, 0.959405
78.583, -1.76193, -11.8974, 1479.91, 0.298038, -0.0679974, 0.952129
78.703, -1.49432, -11.8974, 1484.38, 0.300133, -0.0963495, 0.949019
78.823, -2.16748, -11.8974, 1489.45, 0.27676, -0.0859704, 0.957086
78.943, -1.98228, -11.8974, 1492.26, 0.224889, -0.0913979, 0.970088
79.063, -1.86292, -11.8974, 1496.04, 0.19322, -0.0834774, 0.977598
79.183, -1.73909, -11.8974, 1499.82, 0.16389, -0.0876995, 0.982573
79.304, -1.61773, -11.8974, 1503.63, 0.182679, -0.0925842, 0.978804
79.424, -1.38714, -11.8974, 1508.56, 0.254276, -0.0822504, 0.963628
79.544, -1.20727, -11.8974, 1513.5, 0.295079, -0.107192, 0.949441
79.664, -1.06899, -11.8974, 1518.43, 0.306219, -0.105825, 0.946061
79.784, -1.78754, -11.8974, 1523.78, 0.286989, -0.108807, 0.951735
79.904, -1.66325, -11.8974, 1524.59, 0.258209, -0.104796, 0.960388
80.025, -1.55782, -11.8974, 1528.12, 0.209964, -0.101153, 0.972462
80.145, -1.39605, -11.8974, 1531.62, 0.183789, -0.108944, 0.97691
80.265, -1.23429, -11.8974, 1535.12, 0.166239, -0.103531, 0.980635
80.385, -1.05443, -11.8974, 1538.86, 0.192519, -0.0845659, 0.977643
80.505, -0.69507, -11.8974, 1543.32, 0.21869, -0.0854888, 0.972042
80.625, -0.304703, -11.8974, 1547.78, 0.231184, -0.0803685, 0.969585
80.746, 0.0889166, -11.8974, 1552.28, 0.215524, -0.102214, 0.971134
80.866, -0.4018, -11.8974, 1557.32, 0.199022, -0.0959265, 0.975289
80.986, -0.12921, -11.8974, 1561.41, 0.15238, -0.0869051, 0.984494
81.106, 0.114692, -11.8974, 1565.5, 0.13219, -0.0908554, 0.987052
81.226, 0.36903, -11.8974, 1569.6, 0.131796, -0.085641, 0.987571
81.347, 0.625488, -11.8974, 1573.73, 0.130371, -0.0966456, 0.986744
81.467, 0.871605, -11.8974, 1577.67, 0.166443, -0.0864336, 0.982256
81.587, 1.14701, -11.8974, 1581.45, 0.208307, -0.0999558, 0.972943
81.707, 1.39259, -11.8974, 1585.23, 0.233951, -0.119826, 0.964836
81.827, 1.63816, -11.8974, 1589.01, 0.22018, -0.131114, 0.966607
81.947, 1.87975, -11.8974, 1592.88, 0.17856, -0.118288, 0.976793
82.068, 2.00746, -11.8974, 1597.01, 0.139098, -0.0919511, 0.986
82.188, 2.1071, -11.8974, 1601.11, 0.110714, -0.0895863, 0.989806
82.308, 2.20884, -11.8974, 1605.21, 0.0899286, -0.0857347, 0.992251
82.428, 2.30481, -11.8974, 1609.32, 0.104519, -0.0825233, 0.991093
82.548, 2.45215, -11.8974, 1613.42, 0.186228, -0.0722267, 0.979848
82.668, 2.62652, -11.8974, 1617.51, 0.230365, -0.0825146, 0.969599
82.789, 2.80212, -11.8974, 1621.65, 0.236119, -0.117084, 0.964645
82.909, 2.97627, -11.8974, 1625.75, 0.222218, -0.12398, 0.967082
83.029, 2.17901, -11.8974, 1629.4, 0.177899, -0.107909, 0.978114
83.149, 2.34012, -11.8974, 1632.9, 0.116841, -0.0542554, 0.991668
83.269, 2.52668, -11.8974, 1636.4, 0.12821, -0.0422338, 0.990847
83.389, 2.71324, -11.8974, 1639.9, 0.131653, -0.044168, 0.990311
83.51, 2.92252, -11.8974, 1643.67, 0.182967, -0.0443771, 0.982117
83.63, 3.29077, -11.8974, 1648.15, 0.216549, -0.0437198, 0.975292
83.75, 3.67533, -11.8974, 1652.62, 0.251966, -0.0656259, 0.965508
83.87, 4.05435, -11.8974, 1657.1, 0.261465, -0.0839546, 0.961555
83.99, 3.16051, -11.8974, 1662.16, 0.252891, -0.0715762, 0.964844
84.11, 3.33917, -11.8974, 1662.1, 0.224961, -0.069664, 0.971874
84.231, 3.58632, -11.8974, 1665.16, 0.206247, -0.0514947, 0.977144
84.351, 3.84401, -11.8974, 1668.19, 0.180758, -0.0469406, 0.982407
84.471, 4.1017, -11.8974, 1671.23, 0.176066, -0.0523254, 0.982987
84.591, 4.36379, -11.8974, 1674.73, 0.228293, -0.0526448, 0.972168
84.711, 4.74411, -11.8974, 1679.64, 0.29974, -0.0492257, 0.95275
84.832, 5.14263, -11.8974, 1684.58, 0.310552, -0.0516413, 0.949153
84.952, 5.53785, -11.8974, 1689.49, 0.299193, -0.0876248, 0.950161
85.072, 4.50582, -11.8974, 1693.85, 0.248998, -0.089734, 0.964338
85.192, 4.69873, -11.8974, 1695.58, 0.203316, -0.0885284, 0.975103
85.312, 4.84912, -11.8974, 1699.08, 0.155615, -0.088395, 0.983855
85.432, 4.97646, -11.8974, 1702.58, 0.142195, -0.104746, 0.984281
85.553, 5.10487, -11.8974, 1706.11, 0.149373, -0.0885602, 0.984807
85.673, 5.23653, -11.8974, 1710.1, 0.185665, -0.0917843, 0.978317
85.793, 5.43767, -11.8974, 1714.57, 0.190124, -0.0451039, 0.980724
85.913, 5.60948, -11.8974, 1719.05, 0.202075, -0.0828939, 0.975856
86.033, 5.7813, -11.8974, 1723.52, 0.196317, -0.105257, 0.974875
86.153, 5.95244, -11.8974, 1727.9, 0.161701, -0.0923657, 0.982508
86.274, 6.00674, -11.8974, 1732.05, 0.109351, -0.0858264, 0.990291
86.394, 6.09215, -11.8974, 1736.17, 0.101521, -0.092041, 0.990566
86.514, 6.17755, -11.8974, 1740.28, 0.116583, -0.104413, 0.987677
86.634, 6.26225, -11.8974, 1744.39, 0.153303, -0.0885111, 0.984207
86.754, 6.37023, -11.8974, 1748.5, 0.187531, -0.0897425, 0.97815
86.874, 6.46659, -11.8974, 1752.6, 0.211032, -0.0950314, 0.972849
86.995, 6.51452, -11.8974, 1756.73, 0.228085, -0.0995557, 0.968538
87.115, 6.56206, -11.8974, 1760.84, 0.209983, -0.118679, 0.970475
87.235, 5.5718, -11.8974, 1764.29, 0.159139, -0.106982, 0.981443
87.355, 5.52452, -11.8974, 1767.79, 0.110747, -0.105163, 0.988269
87.475, 5.49142, -11.8974, 1771.29, 0.108931, -0.101153, 0.988889
87.595, 5.45833, -11.8974, 1774.8, 0.129242, -0.109416, 0.985558
87.716, 5.44329, -11.8974, 1779.04, 0.191447, -0.0901079, 0.977358
87.836, 5.5397, -11.8974, 1783.98, 0.221804, -0.0895998, 0.970966
87.956, 5.64042, -11.8974, 1788.91, 0.237361, -0.0872867, 0.967492
88.076, 5.74114, -11.8974, 1793.85, 0.226126, -0.091722, 0.96977
88.196, 4.7578, -11.8974, 1796.59, 0.19941, -0.0879983, 0.975957
88.317, 4.7671, -11.8974, 1799.25, 0.151883, -0.0855596, 0.984688
88.437, 4.79892, -11.8974, 1802.75, 0.129742, -0.0692162, 0.989129
88.557, 4.83593, -11.8974, 1806.25, 0.121157, -0.0811659, 0.989309
88.677, 4.87094, -11.8974, 1809.75, 0.147138, -0.0862829, 0.985345
88.797, 5.04717, -11.8974, 1814.67, 0.214727, -0.0760854, 0.973706
88.917, 5.31849, -11.8974, 1819.58, 0.243209, -0.0888784, 0.965893
89.038, 5.59207, -11.8974, 1824.54, 0.262594, -0.100125, 0.959698
89.158, 4.61233, -11.8974, 1830.04, 0.264027, -0.103935, 0.958899
89.278, 4.70313, -11.8974, 1830, 0.227841, -0.104195, 0.968107
89.398, 4.88306, -11.8974, 1832.26, 0.172782, -0.106393, 0.979197
89.518, 5.07005, -11.8974, 1835.3, 0.154511, -0.103502, 0.982555
89.638, 5.26403, -11.8974, 1838.34, 0.140568, -0.131891, 0.981247
89.759, 5.4496, -11.8974, 1841.4, 0.164286, -0.120888, 0.978977
89.879, 5.83056, -11.8974, 1846.32, 0.234017, -0.102684, 0.966795
89.999, 6.2348, -11.8974, 1851.24, 0.264518, -0.0890111, 0.960264
90.119, 6.63905, -11.8974, 1856.16, 0.269889, -0.0971656, 0.957976
90.239, 5.91997, -11.8974, 1861.65, 0.24964, -0.0985224, 0.963314
90.359, 6.11301, -11.8974, 1863.51, 0.210638, -0.080327, 0.974258
90.48, 6.28596, -11.8974, 1867.32, 0.155517, -0.0547768, 0.986313
90.6, 6.44853, -11.8974, 1871.1, 0.132901, -0.072396, 0.988482
90.72, 6.61111, -11.8974, 1874.88, 0.116109, -0.0865598, 0.989458
90.84, 6.78166, -11.8974, 1878.73, 0.132097, -0.0791429, 0.988072
90.96, 7.03446, -11.8974, 1882.83, 0.181373, -0.0589531, 0.981646
91.081, 7.3014, -11.8974, 1886.96, 0.218775, -0.0742796, 0.972944
91.201, 7.56614, -11.8974, 1891.05, 0.228995, -0.0875194, 0.969485
91.321, 7.83088, -11.8974, 1895.15, 0.224615, -0.0788824, 0.97125
91.441, 6.75973, -11.8974, 1897.55, 0.196989, -0.0724857, 0.977722
91.561, 6.8211, -11.8974, 1900.81, 0, 0, 1
91.681, 6.90029, -11.8974, 1904.07, 0.156397, -0.0839996, 0.984116
91.802, 6.98014, -11.8974, 1907.35, 0.171545, -0.0781471, 0.982072
91.922, 7.10141, -11.8974, 1911.45, 0.212408, -0.0734263, 0.974418
92.042, 7.37972, -11.8974, 1916.38, 0.253878, -0.0796913, 0.963948
92.162, 7.65803, -11.8974, 1921.31, 0.271631, -0.0942269, 0.957778
92.282, 7.93634, -11.8974, 1926.23, 0.268936, -0.101252, 0.957821
92.402, 6.98718, -11.8974, 1929.2, 0.227855, -0.0768716, 0.970656
92.523, 7.12223, -11.8974, 1933.01, 0.188465, -0.0667751, 0.979807
92.643, 7.24698, -11.8974, 1936.79, 0.158687, -0.0734148, 0.984596
92.763, 7.37173, -11.8974, 1940.56, 0.149002, -0.0926701, 0.984485
92.883, 7.51732, -11.8974, 1944.63, 0.175998, -0.0888609, 0.980372
93.003, 7.75855, -11.8974, 1949.54, 0.238502, -0.0882961, 0.96712
93.123, 7.92494, -11.8974, 1954.46, 0.261377, -0.0999062, 0.960052
93.244, 8.08226, -11.8974, 1959.42, 0.25584, -0.120106, 0.959229
93.364, 7.45239, -11.8974, 1963.63, 0.226545, -0.104734, 0.968353
93.484, 7.49208, -11.8974, 1966.46, 0.19098, -0.093981, 0.977085
93.604, 7.51954, -11.8974, 1970.24, 0.149806, -0.0823162, 0.985283
93.724, 7.54815, -11.8974, 1974.02, 0.141452, -0.0986115, 0.985021
93.844, 7.57927, -11.8974, 1977.8, 0.160216, -0.0848364, 0.983429
93.965, 7.63742, -11.8974, 1982.78, 0.215993, -0.088941, 0.972336
94.085, 7.65795, -11.8974, 1987.72, 0.241354, -0.0858619, 0.966631
94.205, 7.643, -11.8974, 1992.65, 0.259761, -0.109405, 0.959455
94.325, 6.39389, -11.8974, 1998, 0.263973, -0.107061, 0.95857
94.445, 6.4438, -11.8974, 1997.96, 0.221498, -0.102737, 0.969734
94.566, 6.41815, -11.8974, 2000.23, 0.15811, -0.0870789, 0.983574
94.686, 6.42345, -11.8974, 2003.27, 0.13842, -0.0796517, 0.987165
94.806, 6.43861, -11.8974, 2006.32, 0.120377, -0.0895218, 0.988684
94.926, 6.449, -11.8974, 2009.36, 0.145762, -0.082056, 0.985911
95.046, 6.48621, -11.8974, 2013.48, 0.192839, -0.0761468, 0.978271
95.166, 6.57991, -11.8974, 2017.96, 0.226684, -0.0735804, 0.971185
95.287, 6.6744, -11.8974, 2022.47, 0.240177, -0.104534, 0.965084
95.407, 6.7681, -11.8974, 2026.95, 0.23897, -0.100486, 0.965814
95.527, 5.80235, -11.8974, 2030.64, 0.198667, -0.0843536, 0.97643
95.647, 5.80262, -11.8974, 2034.42, 0.164293, -0.0671074, 0.984126
95.767, 5.80422, -11.8974, 2038.2, 0.135923, -0.0727862, 0.988042
95.887, 5.80581, -11.8974, 2041.98, 0.119113, -0.0941865, 0.988403
96.008, 5.78303, -11.8974, 2045.79, 0.152156, -0.084578, 0.984731
96.128, 5.76103, -11.8974, 2049.91, 0.204402, -0.0848541, 0.975202
96.248, 5.73151, -11.8974, 2054.02, 0.231003, -0.0989105, 0.967912
96.368, 5.70199, -11.8974, 2058.14, 0.215371, -0.144891, 0.965724
96.488, 5.67545, -11.8974, 2062.25, 0.199012, -0.129761, 0.971368
96.608, 5.52981, -11.8974, 2066.73, 0.126699, -0.109963, 0.985827
96.729, 5.39883, -11.8974, 2071.24, 0.0788659, -0.0805949, 0.993622
96.849, 5.26893, -11.8974, 2075.72, 0.0710712, -0.0799592, 0.994261
96.969, 5.13902, -11.8974, 2080.19, 0.111553, -0.0877014, 0.989881
97.089, 5.07667, -11.8974, 2084.67, 0.175776, -0.0884155, 0.980452
97.209, 5.07908, -11.8974, 2089.15, 0.227123, -0.112649, 0.967329
97.329, 5.0815, -11.8974, 2093.63, 0.247118, -0.137547, 0.959173
97.45, 5.08393, -11.8974, 2098.14, 0.238492, -0.134265, 0.961818
97.57, 3.99789, -11.8974, 2100.84, 0.199284, -0.111309, 0.9736
97.69, 3.98708, -11.8974, 2104.34, 0.143511, -0.0927689, 0.985291
97.81, 4.04902, -11.8974, 2107.85, 0.123172, -0.0727757, 0.989713
97.93, 4.11615, -11.8974, 2111.35, 0.109685, -0.103226, 0.988592
98.051, 4.19435, -11.8974, 2115.13, 0.14178, -0.100161, 0.984818
98.171, 4.41008, -11.8974, 2119.62, 0.211592, -0.0916251, 0.973054
98.291, 4.63922, -11.8974, 2124.11, 0.237161, -0.0764503, 0.968458
98.411, 4.86836, -11.8974, 2128.59, 0.254409, -0.101043, 0.961804
98.531, 4.05657, -11.8974, 2133.66, 0.231641, -0.0971083, 0.967942
98.651, 4.216, -11.8974, 2136.47, 0.180822, -0.0863377, 0.979719
98.772, 4.28819, -11.8974, 2140.28, 0.123215, -0.0743069, 0.989594
98.892, 4.3606, -11.8974, 2144.06, 0.112276, -0.0910007, 0.989501
99.012, 4.43301, -11.8974, 2147.84, 0.13272, -0.0937291, 0.986712
99.132, 4.52989, -11.8974, 2152.14, 0.199987, -0.0761644, 0.976834
99.252, 4.63573, -11.8974, 2156.62, 0.230441, -0.069831, 0.970577
99.372, 4.70354, -11.8974, 2161.1, 0.245158, -0.0788128, 0.966274
99.493, 4.77192, -11.8974, 2165.61, 0.235958, -0.0874904, 0.967817
99.613, 3.98862, -11.8974, 2168.34, 0.205197, -0.0882106, 0.974737
99.733, 4.04317, -11.8974, 2171.84, 0.151247, -0.0595312, 0.986702
99.853, 4.09667, -11.8974, 2175.34, 0.128677, -0.0707054, 0.989163
99.973, 4.15016, -11.8974, 2178.84, 0.111739, -0.0889888, 0.989745
100.093, 4.22527, -11.8974, 2183.33, 0.171343, -0.0936356, 0.980752
100.214, 4.38574, -11.8974, 2188.84, 0.219651, -0.0703642, 0.973038
100.334, 4.542, -11.8974, 2194.3, 0.247442, -0.0604893, 0.967013
100.454, 4.69594, -11.8974, 2199.76, 0.239768, -0.0824006, 0.967327
100.574, 3.7721, -11.8974, 2201.58, 0.220234, -0.0792466, 0.972223
100.694, 3.7975, -11.8974, 2204.21, 0.160156, -0.0644104, 0.984988
100.814, 3.82677, -11.8974, 2207.71, 0.135223, -0.0537071, 0.989359
100.935, 3.85983, -11.8974, 2211.24, 0.130607, -0.0868866, 0.98762
101.055, 3.89262, -11.8974, 2214.75, 0.184186, -0.0811395, 0.979537
101.175, 3.94289, -11.8974, 2218.98, 0.235654, -0.0769495, 0.968786
101.295, 3.97837, -11.8974, 2223.46, 0.259792, -0.0891962, 0.961536
101.415, 3.98556, -11.8974, 2227.94, 0.262349, -0.106784, 0.959046
101.536, 3.99281, -11.8974, 2232.45, 0.250839, -0.10424, 0.9624
101.656, 3.20702, -11.8974, 2236.44, 0.195708, -0.0846615, 0.977001
101.776, 3.17093, -11.8974, 2239.95, 0.146245, -0.0718017, 0.986639
101.896, 3.12156, -11.8974, 2243.45, 0.108652, -0.0883425, 0.990147
102.016, 3.07219, -11.8974, 2246.95, 0.109946, -0.0961585, 0.989275
102.136, 3.04075, -11.8974, 2251.44, 0.18375, -0.0902603, 0.97882
102.257, 3.05767, -11.8974, 2256.95, 0.256215, -0.0927651, 0.962158
102.377, 3.01676, -11.8974, 2262.41, 0.278499, -0.112055, 0.953877
102.497, 2.96389, -11.8974, 2267.88, 0.280521, -0.116816, 0.952713
102.617, 1.91367, -11.8974, 2269.86, 0.263675, -0.109663, 0.958358
102.737, 1.91235, -11.8974, 2272.47, 0.215525, -0.0731978, 0.973751
102.857, 1.79119, -11.8974, 2275.97, 0.166172, -0.08412, 0.982502
102.978, 1.67156, -11.8974, 2279.5, 0.145926, -0.0868991, 0.985471
103.098, 1.54744, -11.8974, 2283, 0.166442, -0.0873317, 0.982176
103.218, 1.50621, -11.8974, 2287.92, 0.255638, -0.0703031, 0.964213
103.338, 1.50796, -11.8974, 2292.84, 0.281566, -0.105075, 0.953771
103.458, 1.45869, -11.8974, 2297.76, 0.287912, -0.123594, 0.949648
103.578, 1.40942, -11.8974, 2302.68, 0.282901, -0.113934, 0.952358
103.699, 0.543419, -11.8974, 2305.47, 0.25241, -0.103169, 0.962105
103.819, 0.511062, -11.8974, 2308.98, 0.198479, -0.106018, 0.974354
103.939, 0.517009, -11.8974, 2312.49, 0.176542, -0.129114, 0.975788
104.059, 0.522956, -11.8974, 2316, 0.170259, -0.162301, 0.971941
104.179, 0.548464, -11.8974, 2320.22, 0.20826, -0.151191, 0.966317
104.3, 0.651819, -11.8974, 2325.18, 0.248545, -0.123669, 0.960693
104.42, 0.741342, -11.8974, 2330.1, 0.252562, -0.0972761, 0.962678
104.54, 0.830866, -11.8974, 2335.02, 0.250571, -0.0978937, 0.963136
104.66, -0.0132154, -11.8974, 2338.22, 0.215014, -0.0792872, 0.973387
104.78, -0.0178559, -11.8974, 2342, 0.171965, -0.0491764, 0.983875
104.9, -0.00221342, -11.8974, 2345.78, 0.12847, -0.0445283, 0.990713
105.021, 0.0207574, -11.8974, 2349.59, 0.128833, -0.0655565, 0.989497
105.141, 0.0386791, -11.8974, 2353.66, 0.171097, -0.0606736, 0.983384
105.261, 0.0618554, -11.8974, 2358.58, 0.234468, -0.0623599, 0.970122
105.381, 0.0667467, -11.8974, 2363.5, 0.238036, -0.076331, 0.968252
105.501, 0.071638, -11.8974, 2368.42, 0.240991, -0.0815098, 0.967098
105.621, -0.760421, -11.8974, 2373.72, 0.200851, -0.0798896, 0.976359
105.742, -0.744083, -11.8974, 2376.58, 0.159721, -0.0593138, 0.985379
105.862, -0.759833, -11.8974, 2380.37, 0.127633, -0.0671962, 0.989543
105.982, -0.774624, -11.8974, 2384.16, 0.108028, -0.0910786, 0.989967
106.102, -0.789414, -11.8974, 2387.95, 0.129107, -0.0987284, 0.986704
106.222, -0.790336, -11.8974, 2392.26, 0.175509, -0.0968485, 0.979702
106.342, -0.748226, -11.8974, 2396.74, 0.201458, -0.0937162, 0.975004
106.463, -0.722266, -11.8974, 2401.25, 0.223758, -0.11447, 0.967899
106.583, -0.696521, -11.8974, 2405.73, 0.222886, -0.114367, 0.968112
106.703, -1.54399, -11.8974, 2408.52, 0.209925, -0.105595, 0.971998
106.823, -1.56422, -11.8974, 2412.02, 0.166152, -0.0997656, 0.98104
106.943, -1.57198, -11.8974, 2415.52, 0.164079, -0.0992067, 0.981446
107.063, -1.57974, -11.8974, 2419.03, 0.160179, -0.0947139, 0.982533
107.184, -1.5737, -11.8974, 2423.54, 0.208501, -0.0711118, 0.975433
107.304, -1.49333, -11.8974, 2429.01, 0.246071, -0.0585353, 0.967483
107.424, -1.41225, -11.8974, 2434.47, 0.268736, -0.0826077, 0.959665
107.544, -1.33117, -11.8974, 2439.94, 0.273969, -0.102248, 0.956288
107.664, -2.1631, -11.8974, 2441.86, 0.227496, -0.0870424, 0.969881
107.785, -2.0625, -11.8974, 2444.49, 0.180354, -0.0894011, 0.979531
107.905, -2.03224, -11.8974, 2447.99, 0.148489, -0.104655, 0.983361
108.025, -1.99927, -11.8974, 2451.5, 0.149157, -0.133417, 0.979771
108.145, -1.97017, -11.8974, 2455, 0.172246, -0.135894, 0.975635
108.265, -1.92766, -11.8974, 2459.23, 0.235502, -0.149903, 0.960244
108.385, -1.82478, -11.8974, 2463.71, 0.28161, -0.141667, 0.949013
108.506, -1.73989, -11.8974, 2468.22, 0.293789, -0.161332, 0.942157
108.626, -1.6557, -11.8974, 2472.7, 0.234425, -0.156114, 0.959517
108.746, -2.30136, -11.8974, 2477.89, 0.164067, -0.113709, 0.979874
108.866, -2.26155, -11.8974, 2481.99, 0.137183, -0.104919, 0.984973
108.986, -2.21097, -11.8974, 2486.09, 0.131483, -0.112956, 0.984862
109.106, -2.16039, -11.8974, 2490.2, 0.149201, -0.105818, 0.983128
109.227, -2.1021, -11.8974, 2494.53, 0.194173, -0.100364, 0.97582
109.347, -2.03684, -11.8974, 2499.02, 0.2336, -0.0722303, 0.969646
109.467, -2.0048, -11.8974, 2503.51, 0.240126, -0.0728207, 0.968007
109.587, -1.97277, -11.8974, 2508, 0.229976, -0.063192, 0.971143
109.707, -2.75749, -11.8974, 2512.16, 0.206153, -0.0554737, 0.976946
109.827, -2.74773, -11.8974, 2515.94, 0.165119, -0.0489411, 0.985059
109.948, -2.70747, -11.8974, 2519.75, 0.137177, -0.0453354, 0.989509
110.068, -2.66755, -11.8974, 2523.54, 0.140552, -0.0481853, 0.9889
110.188, -2.63809, -11.8974, 2527.32, 0.180647, -0.0507768, 0.982236
110.308, -2.57527, -11.8974, 2531.79, 0.211264, -0.0606368, 0.975546
110.428, -2.51632, -11.8974, 2536.27, 0.237104, -0.0735773, 0.968694
110.548, -2.45913, -11.8974, 2540.75, 0.23683, -0.0991952, 0.966474
110.669, -2.40147, -11.8974, 2545.26, 0.222855, -0.080811, 0.971496
110.789, -3.29067, -11.8974, 2548.86, 0.174767, -0.0618082, 0.982668
110.909, -3.21081, -11.8974, 2552.64, 0.142409, -0.0568475, 0.988174
111.029, -3.09995, -11.8974, 2556.42, 0.126896, -0.0695105, 0.989477
111.149, -2.98909, -11.8974, 2560.2, 0.145248, -0.071156, 0.986833
111.27, -2.86075, -11.8974, 2564.37, 0.19271, -0.0589856, 0.979481
111.39, -2.68939, -11.8974, 2568.86, 0.250619, -0.0550381, 0.96652
111.51, -2.53517, -11.8974, 2573.35, 0.264932, -0.0693237, 0.961772
111.63, -2.38096, -11.8974, 2577.84, 0.260293, -0.0902466, 0.961303
111.75, -3.13867, -11.8974, 2581.63, 0.218663, -0.075945, 0.972841
111.87, -3.0432, -11.8974, 2585.41, 0.163704, -0.0716438, 0.983905
111.991, -2.90595, -11.8974, 2589.22, 0.127057, -0.0570335, 0.990254
112.111, -2.76079, -11.8974, 2593, 0.106634, -0.0703972, 0.991803
112.231, -2.62253, -11.8974, 2596.78, 0.132318, -0.080341, 0.987946
112.351, -2.445, -11.8974, 2601.26, 0.209011, -0.0597391, 0.976087
112.471, -2.28579, -11.8974, 2605.73, 0.24731, -0.0757337, 0.965972
112.591, -2.16704, -11.8974, 2610.21, 0.266165, -0.106547, 0.958021
112.712, -2.04729, -11.8974, 2614.72, 0.250256, -0.106778, 0.962274
112.832, -2.7506, -11.895, 2619.5, 0.211317, -0.0893858, 0.973322
112.952, -2.71433, -11.895, 2623.28, 0.158049, -0.0742541, 0.984635
113.072, -2.67542, -11.895, 2627.06, 0.138047, -0.0806032, 0.98714
113.192, -2.63651, -11.895, 2630.84, 0.143467, -0.0892466, 0.985623
113.312, -2.54528, -11.8928, 2635.49, 0.20459, -0.077328, 0.975789
113.433, -2.36609, -11.8904, 2640.46, 0.242931, -0.0847252, 0.966336
113.553, -2.20919, -11.899, 2645.39, 0.267132, -0.0801603, 0.96032
113.673, -2.05229, -11.899, 2650.33, 0.253338, -0.09122, 0.963067
113.793, -2.75779, -11.899, 2654.3, 0.194307, -0.0813187, 0.977564
113.913, -2.71783, -11.899, 2658.41, 0.128846, -0.0681651, 0.989319
114.034, -2.6594, -11.899, 2662.54, 0.113392, -0.0539567, 0.992084
114.154, -2.60145, -11.899, 2666.64, 0.109985, -0.0697044, 0.991486
114.274, -2.55388, -11.899, 2670.75, 0.132588, -0.0876849, 0.987285
114.394, -2.50515, -11.899, 2674.85, 0.190068, -0.0722025, 0.979112
114.514, -2.47237, -11.899, 2678.95, 0.237559, -0.08095, 0.967994
114.634, -2.44765, -11.899, 2683.05, 0.244479, -0.0919444, 0.965286
114.755, -2.42272, -11.899, 2687.19, 0.20582, -0.0794316, 0.975361
114.875, -2.40084, -11.899, 2691.06, 0.146375, -0.0676926, 0.98691
114.995, -2.37382, -11.899, 2694.85, 0.133151, -0.0570818, 0.989451
115.115, -2.3468, -11.899, 2698.64, 0.133039, -0.0657692, 0.988926
115.235, -2.32466, -11.899, 2702.43, 0.16478, -0.0777395, 0.983262
115.355, -2.23053, -11.899, 2707.35, 0.235338, -0.103839, 0.966351
115.476, -2.10286, -11.899, 2712.31, 0.27966, -0.10902, 0.953889
115.596, -1.97625, -11.899, 2717.23, 0.304628, -0.121589, 0.944679
115.716, -2.91663, -11.899, 2722.76, 0.290572, -0.116619, 0.94972
115.836, -2.82429, -11.899, 2723.57, 0.239953, -0.0906525, 0.966543
115.956, -2.74197, -11.899, 2727.08, 0.172079, -0.0508063, 0.983772
116.076, -2.6058, -11.899, 2730.58, 0.145966, -0.0544674, 0.987789
116.197, -2.46849, -11.899, 2734.11, 0.138441, -0.0676438, 0.988058
116.317, -2.29655, -11.899, 2738.31, 0.185152, -0.0693, 0.980263
116.437, -2.04109, -11.899, 2743.23, 0.218106, -0.0673119, 0.973601
116.557, -1.90686, -11.899, 2748.15, 0.23261, -0.0595455, 0.970746
116.677, -1.78282, -11.899, 2753.06, 0.21915, -0.0605554, 0.97381
116.797, -2.51391, -11.899, 2757.33, 0.194652, -0.0402659, 0.980045
116.918, -2.47202, -11.899, 2761.15, 0.141169, -0.0563346, 0.988381
117.038, -2.46915, -11.899, 2764.94, 0.123748, -0.0554303, 0.990764
117.158, -2.46443, -11.899, 2768.73, 0.117641, -0.0349045, 0.992443
117.278, -2.46528, -11.899, 2772.53, 0.152595, -0.0304126, 0.987821
117.398, -2.39333, -11.899, 2777, 0.205209, -0.0134224, 0.978626
117.519, -2.30996, -11.899, 2781.52, 0.254308, -0.013483, 0.967029
117.639, -2.26424, -11.899, 2786, 0.269429, -0.038482, 0.962251
117.759, -2.21853, -11.899, 2790.47, 0.26339, -0.0480427, 0.963493
117.879, -3.07606, -11.899, 2792.21, 0.227563, -0.0381162, 0.973017
117.999, -3.05513, -11.899, 2795.47, 0.191247, -0.0238929, 0.981251
118.119, -3.01101, -11.899, 2798.72, 0.164128, -0.0153481, 0.98632
118.24, -2.9626, -11.899, 2802.01, 0.146399, -0.0667043, 0.986974
118.36, -2.91765, -11.899, 2805.27, 0.163717, -0.0827455, 0.983031
118.48, -2.79032, -11.899, 2809.74, 0.224234, -0.0753451, 0.971618
118.6, -2.68097, -11.899, 2814.22, 0.249187, -0.08673, 0.964564
118.72, -2.62581, -11.899, 2818.7, 0.283217, -0.097258, 0.954112
118.84, -2.57066, -11.899, 2823.18, 0.27595, -0.141665, 0.950675
118.961, -3.3037, -11.899, 2826.16, 0.25095, -0.143709, 0.957273
119.081, -3.30597, -11.899, 2829.42, 0.208768, -0.109456, 0.971821
119.201, -3.32007, -11.899, 2832.69, 0.202025, -0.0812734, 0.976002
119.321, -3.33317, -11.899, 2835.96, 0.194362, -0.0904142, 0.976754
119.441, -3.34815, -11.899, 2839.64, 0.235413, -0.124141, 0.963935
119.561, -3.1976, -11.899, 2844.55, 0.286319, -0.12764, 0.949594
119.682, -3.09432, -11.899, 2849.51, 0.314201, -0.0916414, 0.944923
119.802, -3.06644, -11.899, 2854.43, 0.321076, -0.107386, 0.940945
119.922, -4.04036, -11.899, 2858.88, 0.296724, -0.149495, 0.943189
120.042, -3.94429, -11.899, 2859.57, 0.232747, -0.0970658, 0.967681
120.162, -3.93196, -11.899, 2862.83, 0.180284, -0.0517733, 0.982251
120.282, -3.8601, -11.899, 2866.09, 0.157803, -0.0805596, 0.984179
120.403, -3.78765, -11.899, 2869.38, 0.169125, -0.0994131, 0.980568
120.523, -3.63942, -11.899, 2874.27, 0.21597, -0.100073, 0.971258
120.643, -3.42147, -11.899, 2879.72, 0.25473, -0.0833385, 0.963414
120.763, -3.206, -11.899, 2885.16, 0.267537, -0.092407, 0.959106
120.883, -2.99053, -11.899, 2890.6, 0.266206, -0.0896182, 0.959741
121.004, -3.81413, -11.899, 2893.22, 0.22257, -0.0837883, 0.97131
121.124, -3.72265, -11.899, 2897.01, 0.181731, -0.0763236, 0.980382
121.244, -3.61774, -11.899, 2900.8, 0.153209, -0.0790359, 0.985028
121.364, -3.51283, -11.899, 2904.59, 0.146117, -0.0871281, 0.985423
121.484, -3.39846, -11.899, 2908.55, 0.206269, -0.0765005, 0.9755
121.604, -3.2255, -11.899, 2913.03, 0.262479, -0.0589311, 0.963136
121.725, -3.06437, -11.899, 2917.54, 0.275946, -0.0624228, 0.959144
121.845, -2.90457, -11.899, 2922.01, 0.278287, -0.115271, 0.953556
121.965, -3.60787, -11.899, 2927.03, 0.262227, -0.114014, 0.958247
122.085, -3.53003, -11.899, 2929.87, 0.207152, -0.0758988, 0.97536
122.205, -3.43156, -11.899, 2933.65, 0.17234, -0.0530153, 0.98361
122.325, -3.32337, -11.899, 2937.43, 0.164119, -0.0728285, 0.983748
122.446, -3.20712, -11.899, 2941.66, 0.187113, -0.0927672, 0.977948
122.566, -2.95878, -11.899, 2947.12, 0.243342, -0.0888549, 0.965862
122.686, -2.70224, -11.899, 2952.58, 0.278363, -0.0846396, 0.956739
122.806, -2.4457, -11.899, 2958.04, 0.273477, -0.12098, 0.95424
122.926, -3.1718, -11.899, 2961.35, 0.239698, -0.119253, 0.963495
123.046, -3.09235, -11.899, 2965.45, 0.201927, -0.0968484, 0.9746
123.167, -3.07603, -11.899, 2969.58, 0.169703, -0.0735966, 0.982743
123.287, -3.05965, -11.899, 2973.69, 0.160241, -0.0788473, 0.983924
123.407, -3.04531, -11.899, 2977.79, 0.182922, -0.0972704, 0.978304
123.527, -3.02564, -11.899, 2981.89, 0.232294, -0.0910331, 0.968376
123.647, -3.02775, -11.899, 2986, 0.271266, -0.0875504, 0.958514
123.768, -3.07982, -11.899, 2990.13, 0.289861, -0.115198, 0.95011
123.888, -3.13147, -11.899, 2994.23, 0.281138, -0.124353, 0.951576
124.008, -3.95478, -11.899, 2998.09, 0.246765, -0.0992117, 0.963983
124.128, -3.99243, -11.899, 3001.59, 0.206115, -0.0797071, 0.975276
124.248, -3.98298, -11.899, 3005.09, 0.173677, -0.0620551, 0.982846
124.368, -3.96804, -11.899, 3008.59, 0.16456, -0.0919966, 0.982068
124.489, -3.96763, -11.899, 3012.49, 0.20309, -0.0937596, 0.974661
124.609, -3.88167, -11.899, 3017.43, 0.26639, -0.0890311, 0.959745
124.729, -3.7766, -11.899, 3022.37, 0.28106, -0.09677, 0.954799
124.849, -3.67154, -11.899, 3027.3, 0.280857, -0.113359, 0.953032
124.969, -4.25943, -11.899, 3032.83, 0.246352, -0.117508, 0.96203
125.089, -4.25349, -11.899, 3037.31, 0.209153, -0.0682208, 0.9755
125.21, -4.22168, -11.899, 3041.83, 0.184246, -0.023539, 0.982598
125.33, -4.1877, -11.899, 3046.3, 0.181191, -0.0621007, 0.981485
125.45, -4.14854, -11.899, 3050.78, 0.196189, -0.107024, 0.974708
125.57, -4.01201, -11.899, 3055.26, 0.259962, -0.0978739, 0.960646
125.69, -3.8851, -11.899, 3059.73, 0.280777, -0.0951256, 0.955047
125.81, -3.75819, -11.899, 3064.21, 0.273345, -0.123259, 0.953986
125.931, -3.63022, -11.899, 3068.72, 0.253086, -0.101709, 0.962082
126.051, -4.35241, -11.899, 3073.34, 0.217997, -0.0834303, 0.972377
126.171, -4.3152, -11.899, 3077.12, 0.180523, -0.0838421, 0.979991
126.291, -4.27815, -11.899, 3080.9, 0.166613, -0.0938211, 0.981549
126.411, -4.24109, -11.899, 3084.68, 0.188524, -0.0828149, 0.978571
126.531, -4.1714, -11.899, 3089, 0.248153, -0.0681479, 0.966321
126.652, -4.09691, -11.899, 3093.53, 0.270592, -0.0833808, 0.959076
126.772, -4.0313, -11.899, 3098.02, 0.296873, -0.104922, 0.949135
126.892, -3.96568, -11.899, 3102.51, 0.30447, -0.135105, 0.942892
127.012, -4.712, -11.899, 3106.38, 0.259811, -0.106332, 0.959788
127.132, -4.73899, -11.899, 3110.16, 0.212278, -0.0654237, 0.975017
127.253, -4.74027, -11.899, 3113.98, 0.205933, -0.0554378, 0.976994
127.373, -4.74153, -11.899, 3117.76, 0.200837, -0.0957493, 0.974934
127.493, -4.74347, -11.899, 3121.71, 0.225046, -0.0949354, 0.969712
127.613, -4.70876, -11.899, 3126.19, 0.277652, -0.0714991, 0.958017
127.733, -4.66014, -11.899, 3130.67, 0.282663, -0.0833844, 0.955588
127.853, -4.61259, -11.899, 3135.15, 0.276445, -0.101482, 0.955656
127.974, -4.55053, -11.899, 3139.66, 0.250143, -0.0903367, 0.963985
128.094, -4.56687, -11.899, 3143.77, 0.213208, -0.0702606, 0.974477
128.214, -4.56724, -11.899, 3147.89, 0.15626, -0.0604668, 0.985863
128.334, -4.55814, -11.899, 3152, 0.13113, -0.0607214, 0.989504
128.454, -4.54409, -11.899, 3156.32, 0.159993, -0.0713677, 0.984535
128.574, -4.47709, -11.899, 3161.24, 0.253807, -0.0963523, 0.962444
128.695, -4.43235, -11.899, 3166.2, 0.300371, -0.106201, 0.947892
128.815, -4.38798, -11.899, 3171.12, 0.301877, -0.138745, 0.943197
128.935, -5.20051, -11.899, 3175.41, 0.258372, -0.122476, 0.95825
129.055, -5.14802, -11.899, 3178.18, 0.204466, -0.11927, 0.97158
129.175, -5.0632, -11.899, 3181.96, 0.156296, -0.0924659, 0.983373
129.295, -4.9596, -11.899, 3185.74, 0.142631, -0.0722121, 0.987138
129.416, -4.85513, -11.899, 3189.55, 0.154883, -0.0736966, 0.98518
129.536, -4.74195, -11.899, 3193.49, 0.220384, -0.0638847, 0.973319
129.656, -4.57317, -11.899, 3197.59, 0.255386, -0.085523, 0.963049
129.776, -4.40894, -11.899, 3201.69, 0.285533, -0.11132, 0.951882
129.896, -4.24471, -11.899, 3205.79, 0.279922, -0.128705, 0.951356
130.016, -4.07911, -11.899, 3209.89, 0.242561, -0.115613, 0.963223
130.137, -4.01511, -11.899, 3214.04, 0.177468, -0.0857117, 0.980387
130.257, -3.97773, -11.899, 3218.16, 0.160177, -0.065427, 0.984918
130.377, -3.94036, -11.899, 3222.27, 0.150098, -0.0818847, 0.985274
130.497, -3.88879, -11.899, 3226.79, 0.194366, -0.091769, 0.976627
130.617, -3.71966, -11.899, 3231.7, 0.233197, -0.0842007, 0.968777
130.738, -3.56628, -11.899, 3236.66, 0.253863, -0.0933755, 0.962722
130.858, -3.41969, -11.899, 3241.58, 0.252594, -0.109539, 0.961352
130.978, -4.21121, -11.899, 3244.86, 0.223843, -0.102009, 0.969272
131.098, -4.13646, -11.899, 3248.64, 0.17251, -0.097449, 0.980175
131.218, -4.09125, -11.899, 3252.42, 0.1442, -0.106541, 0.983796
131.338, -4.03998, -11.899, 3256.2, 0.125125, -0.115526, 0.985392
131.459, -3.99263, -11.899, 3260.01, 0.136462, -0.125083, 0.982717
131.579, -3.97182, -11.899, 3264.04, 0.21195, -0.118933, 0.970017
131.699, -3.97007, -11.899, 3268.16, 0.258604, -0.123619, 0.958041
131.819, -4.01565, -11.899, 3272.27, 0.263358, -0.129865, 0.955917
131.939, -4.06122, -11.899, 3276.38, 0.234241, -0.123482, 0.964305
132.059, -4.12148, -11.899, 3280.49, 0.17853, -0.115974, 0.977076
132.18, -4.18048, -11.899, 3284.63, 0.130946, -0.127825, 0.983114
132.3, -4.19124, -11.899, 3288.73, 0.115103, -0.119026, 0.986197
132.42, -4.202, -11.899, 3292.83, 0.10546, -0.127065, 0.986272
132.54, -4.55319, -11.899, 3297.75, 0.149321, -0.116685, 0.98188
132.66, -4.52904, -11.899, 3301.53, 0.202715, -0.115055, 0.972455
132.78, -4.48428, -11.899, 3305.32, 0.232381, -0.119752, 0.965225
132.901, -4.448, -11.899, 3309.13, 0.239368, -0.138162, 0.961048
133.021, -4.41376, -11.899, 3312.91, 0.226336, -0.12907, 0.96546
133.141, -4.38162, -11.899, 3317.39, 0.167789, -0.110695, 0.979588
133.261, -4.30333, -11.899, 3321.86, 0.127097, -0.0936976, 0.987455
133.381, -4.21971, -11.899, 3326.34, 0.112379, -0.0981731, 0.988804
133.501, -4.14093, -11.899, 3330.82, 0.12828, -0.100709, 0.986611
133.622, -3.99635, -11.899, 3335.35, 0.1672, -0.0978166, 0.981059
133.742, -3.83143, -11.899, 3339.83, 0.210717, -0.0946213, 0.972957
133.862, -3.69039, -11.899, 3344.32, 0.235249, -0.111696, 0.965496
133.982, -3.54934, -11.899, 3348.81, 0.223958, -0.118152, 0.96741
134.102, -4.37123, -11.899, 3352.54, 0.172836, -0.110215, 0.978765
134.223, -4.31074, -11.899, 3356.35, 0.141306, -0.103585, 0.984532
134.343, -4.22912, -11.899, 3360.13, 0.123282, -0.112084, 0.986022
134.463, -4.14749, -11.899, 3363.91, 0.138858, -0.113889, 0.983742
134.583, -4.0489, -11.899, 3368.04, 0.188808, -0.0967323, 0.977238
134.703, -3.8967, -11.899, 3372.51, 0.236796, -0.0959561, 0.966809
134.823, -3.77117, -11.899, 3376.99, 0.241908, -0.117388, 0.963172
134.944, -3.6446, -11.899, 3381.5, 0.241247, -0.133013, 0.961305
135.064, -4.31557, -11.899, 3386.67, 0.208041, -0.114517, 0.971393
135.184, -4.29027, -11.899, 3390.77, 0.16583, -0.105342, 0.980512
135.304, -4.26152, -11.899, 3394.87, 0.127432, -0.0975271, 0.987041
135.424, -4.23277, -11.899, 3398.97, 0.123239, -0.12192, 0.984859
135.544, -4.21173, -11.899, 3403.17, 0.169065, -0.126166, 0.977496
135.665, -4.08355, -11.899, 3407.7, 0.242368, -0.123177, 0.962333
135.785, -4.0156, -11.899, 3412.19, 0.26702, -0.130081, 0.954871
135.905, -3.95638, -11.899, 3416.68, 0.265694, -0.146371, 0.952881
136.025, -4.66571, -11.899, 3422.02, 0.237013, -0.129393, 0.962851
136.145, -4.56543, -11.899, 3424.82, 0.206894, -0.105648, 0.972642
136.265, -4.52897, -11.899, 3428.6, 0.171534, -0.0914062, 0.980929
136.386, -4.48141, -11.899, 3432.41, 0.146713, -0.105935, 0.98349
136.506, -4.43424, -11.899, 3436.19, 0.146329, -0.113387, 0.982716
136.626, -4.35639, -11.899, 3440.13, 0.201927, -0.105432, 0.973709
136.746, -4.22179, -11.899, 3444.23, 0.237631, -0.100996, 0.966091
136.866, -4.11317, -11.899, 3448.34, 0.258437, -0.104657, 0.960342
136.987, -4.00365, -11.899, 3452.47, 0.264405, -0.11251, 0.957827
137.107, -3.90181, -11.899, 3456.57, 0.217288, -0.0984175, 0.971133
137.227, -3.91088, -11.899, 3460.68, 0.139719, -0.106225, 0.984477
137.347, -3.92896, -11.899, 3464.78, 0.11826, -0.0967854, 0.988255
137.467, -3.94705, -11.899, 3468.88, 0.112781, -0.121468, 0.986167
137.587, -3.96944, -11.899, 3473.08, 0.170531, -0.12626, 0.97723
137.708, -3.84565, -11.899, 3477.61, 0.225517, -0.116306, 0.967272
137.828, -3.75572, -11.899, 3482.1, 0.254247, -0.124795, 0.959054
137.948, -3.71244, -11.899, 3486.59, 0.259126, -0.146173, 0.954718
138.068, -4.44819, -11.899, 3492.02, 0.239869, -0.1426, 0.960275
138.188, -4.3267, -11.899, 3493.71, 0.195772, -0.123362, 0.972859
138.308, -4.31444, -11.899, 3497.21, 0.163943, -0.100872, 0.981299
138.429, -4.29839, -11.899, 3500.75, 0.150169, -0.101913, 0.983394
138.549, -4.28248, -11.899, 3504.25, 0.157886, -0.113359, 0.980929
138.669, -4.26275, -11.899, 3508.24, 0.219297, -0.130423, 0.966902
138.789, -4.2253, -11.899, 3512.72, 0.271792, -0.107638, 0.956317
138.909, -4.20911, -11.899, 3517.19, 0.281944, -0.11919, 0.951999
139.029, -4.19291, -11.899, 3521.67, 0.264494, -0.133691, 0.955076
139.15, -4.84508, -11.899, 3526.74, 0.237426, -0.123785, 0.963486
139.27, -4.85924, -11.899, 3530.53, 0.183551, -0.0999823, 0.977912
139.39, -4.85092, -11.899, 3534.32, 0.16981, -0.101627, 0.980223
139.51, -4.84261, -11.899, 3538.11, 0.161378, -0.112676, 0.980439
139.63, -4.83941, -11.899, 3541.91, 0.181347, -0.0903102, 0.979264
139.75, -4.78249, -11.899, 3546.38, 0.229004, -0.0756853, 0.970479
139.871, -4.67925, -11.899, 3550.9, 0.264581, -0.0627612, 0.962319
139.991, -4.5816, -11.899, 3555.37, 0.271647, -0.0878707, 0.958377
140.111, -4.48395, -11.899, 3559.85, 0.258477, -0.0958393, 0.961251
140.231, -5.26157, -11.899, 3562.51, 0.202622, -0.0869392, 0.97539
140.351, -5.18553, -11.899, 3566.01, 0.136273, -0.0889295, 0.986672
140.472, -5.09852, -11.899, 3569.55, 0.11938, -0.103105, 0.987481
140.592, -5.01223, -11.899, 3573.05, 0.100301, -0.138542, 0.985264
140.712, -4.92836, -11.899, 3576.55, 0.120165, -0.134993, 0.983533
140.832, -4.80209, -11.899, 3580.65, 0.194725, -0.118338, 0.973693
140.952, -4.70832, -11.899, 3584.75, 0.24028, -0.113539, 0.964041
141.072, -4.64999, -11.899, 3588.85, 0.251092, -0.129551, 0.959255
141.193, -4.59117, -11.899, 3592.99, 0.220663, -0.139373, 0.965341
141.313, -4.5572, -11.899, 3597.1, 0.185758, -0.13013, 0.973941
141.433, -4.58366, -11.899, 3601.21, 0.152935, -0.106759, 0.982453
141.553, -4.61135, -11.899, 3605.33, 0.140737, -0.107632, 0.984179
141.673, -4.63904, -11.899, 3609.44, 0.138772, -0.117251, 0.983359
141.793, -4.85376, -11.899, 3614.22, 0.198468, -0.107413, 0.974204
141.914, -4.80418, -11.899, 3618.03, 0.246917, -0.115246, 0.962159
142.034, -4.76074, -11.899, 3621.81, 0.267387, -0.112359, 0.957016
142.154, -4.72304, -11.899, 3625.59, 0.273033, -0.154449, 0.949525
142.274, -4.68533, -11.899, 3629.37, 0.257957, -0.148594, 0.954661
142.394, -5.41363, -11.899, 3633.92, 0.212906, -0.116629, 0.970087
142.514, -5.40016, -11.899, 3637.42, 0.184613, -0.099752, 0.977736
142.635, -5.38319, -11.899, 3640.96, 0.172773, -0.117937, 0.977875
142.755, -5.36907, -11.899, 3644.46, 0.202329, -0.118083, 0.972173
142.875, -5.32546, -11.899, 3649.02, 0.25988, -0.106818, 0.959715
142.995, -5.17319, -11.899, 3653.94, 0.290286, -0.0923089, 0.952477
143.115, -5.01816, -11.899, 3658.86, 0.29717, -0.117507, 0.947566
143.235, -4.86314, -11.899, 3663.78, 0.291982, -0.139539, 0.94619
143.356, -5.75107, -11.899, 3667.04, 0.247689, -0.118874, 0.961519
143.476, -5.59398, -11.899, 3669.47, 0.19085, -0.0768591, 0.978606
143.596, -5.47526, -11.899, 3672.72, 0.152746, -0.073715, 0.985512
143.716, -5.35419, -11.899, 3675.98, 0.138007, -0.124821, 0.982534
143.836, -5.23312, -11.899, 3679.24, 0.15411, -0.130173, 0.979441
143.957, -5.05462, -11.899, 3683.46, 0.230498, -0.105175, 0.967372
144.077, -4.85036, -11.899, 3687.94, 0.257021, -0.0879217, 0.962398
144.197, -4.68139, -11.899, 3692.43, 0.265488, -0.0959481, 0.959328
144.317, -4.51243, -11.899, 3696.92, 0.250676, -0.117311, 0.960937
144.437, -5.21124, -11.899, 3700.9, 0.215052, -0.109968, 0.970391
144.557, -5.12673, -11.899, 3704.68, 0.144617, -0.0765175, 0.986525
144.678, -5.03511, -11.899, 3708.49, 0.132271, -0.0633242, 0.989189
144.798, -4.94424, -11.899, 3712.27, 0.119347, -0.0964189, 0.98816
144.918, -4.85338, -11.899, 3716.05, 0.153053, -0.107162, 0.98239
145.038, -4.68068, -11.899, 3720.15, 0.217151, -0.0786055, 0.972968
145.158, -4.51058, -11.899, 3724.25, 0.272886, -0.0472764, 0.960884
145.278, -4.36746, -11.899, 3728.35, 0.287425, -0.0735571, 0.954974
145.399, -4.22313, -11.899, 3732.49, 0.287544, -0.125772, 0.949474
145.519, -4.88044, -11.899, 3735.3, 0.244938, -0.117946, 0.962338
145.639, -4.78481, -11.899, 3738.56, 0.198205, -0.0745864, 0.977319
145.759, -4.67721, -11.899, 3741.81, 0.181059, -0.0650901, 0.981316
145.879, -4.56962, -11.899, 3745.07, 0.165662, -0.101944, 0.980899
145.999, -4.46809, -11.899, 3748.33, 0.191723, -0.0929335, 0.977039
146.12, -4.2535, -11.899, 3752.85, 0.276061, -0.03708, 0.960424
146.24, -4.02671, -11.899, 3757.34, 0.29176, -0.0246006, 0.956175
146.36, -3.80767, -11.899, 3761.82, 0.295565, -0.0758218, 0.952309
146.48, -3.58864, -11.899, 3766.31, 0.28107, -0.0872983, 0.955708
146.6, -4.20142, -11.899, 3769.9, 0.251385, -0.0543141, 0.966362
146.721, -4.10354, -11.899, 3773.71, 0.213026, -0.0276634, 0.976655
146.841, -4.01037, -11.899, 3777.49, 0.216465, -0.0771633, 0.973236
146.961, -3.91719, -11.899, 3781.27, 0.22364, -0.107286, 0.968749
147.081, -3.7644, -11.899, 3785.91, 0.288016, -0.0985545, 0.952541
147.201, -3.62766, -11.899, 3790.82, 0.330307, -0.104287, 0.938095
147.321, -3.60807, -11.899, 3795.74, 0.366544, -0.141203, 0.919623
147.442, -3.59428, -11.899, 3800.7, 0.346275, -0.140239, 0.927592
147.562, -4.08185, -11.899, 3805.98, 0.276299, -0.0817162, 0.957591
147.682, -4.10727, -11.899, 3810.08, 0.21734, -0.08848, 0.972077
147.802, -4.12474, -11.899, 3814.19, 0.189102, -0.109829, 0.975796
147.922, -4.14221, -11.899, 3818.29, 0.154279, -0.169372, 0.973402
148.042, -4.19251, -11.899, 3822.39, 0.178855, -0.157247, 0.971228
148.163, -4.21313, -11.899, 3826.54, 0.239237, -0.131386, 0.962031
148.283, -4.27627, -11.899, 3830.66, 0.260472, -0.133571, 0.956197
148.403, -4.35303, -11.899, 3834.77, 0.242228, -0.167414, 0.955666
148.523, -4.43367, -11.899, 3838.88, 0.211773, -0.14471, 0.966546
148.643, -4.49501, -11.899, 3842.99, 0.168364, -0.110508, 0.979511
148.763, -4.51426, -11.899, 3847.09, 0.14414, -0.105452, 0.983923
148.884, -4.51894, -11.899, 3851.22, 0.118326, -0.133604, 0.983946
149.004, -4.52359, -11.899, 3855.33, 0.120239, -0.135515, 0.983452
149.124, -4.82628, -11.899, 3859.78, 0.174142, -0.112432, 0.978281
149.244, -4.80466, -11.899, 3863.56, 0.214919, -0.0993599, 0.971564
149.364, -4.81609, -11.899, 3867.34, 0.234681, -0.116005, 0.965126
149.484, -4.82751, -11.899, 3871.12, 0.237667, -0.158378, 0.958348
149.605, -4.84633, -11.899, 3874.94, 0.232599, -0.154253, 0.960262
149.725, -4.92074, -11.899, 3878.72, 0.207205, -0.126772, 0.970049
149.845, -4.98457, -11.899, 3882.5, 0.187633, -0.120275, 0.974848
149.965, -5.04425, -11.899, 3886.28, 0.18832, -0.122374, 0.974454
150.085, -5.11997, -11.899, 3890.06, 0.217161, -0.12165, 0.968526
150.206, -5.16179, -11.899, 3894.59, 0.269583, -0.100546, 0.957713
150.326, -5.18115, -11.899, 3899.08, 0.304447, -0.122511, 0.944618
150.446, -5.20444, -11.899, 3903.57, 0.332063, -0.144284, 0.932157
150.566, -5.22774, -11.899, 3908.06, 0.324766, -0.134289, 0.936212
150.686, -6.02961, -11.899, 3910.73, 0.279749, -0.0916202, 0.955692
150.806, -6.05486, -11.899, 3914.23, 0.238623, -0.0767274, 0.968076
150.927, -6.0711, -11.899, 3917.76, 0.192098, -0.0646846, 0.979242
151.047, -6.0851, -11.899, 3921.26, 0.163293, -0.104584, 0.981019
151.167, -6.10462, -11.899, 3924.77, 0.18585, -0.111981, 0.976176
151.287, -6.05694, -11.899, 3928.87, 0.253487, -0.106346, 0.961475
151.407, -5.97628, -11.899, 3932.97, 0.29151, -0.115559, 0.949562
151.527, -5.90198, -11.899, 3937.07, 0.318271, -0.149632, 0.936116
151.648, -5.82706, -11.899, 3941.21, 0.303379, -0.142115, 0.942213
151.768, -5.79386, -11.899, 3945.31, 0.27092, -0.123493, 0.954648
151.888, -5.81088, -11.899, 3949.41, 0.267902, -0.157227, 0.95053
152.008, -5.82596, -11.899, 3953.52, 0.296696, -0.263566, 0.91788
152.128, -5.8375, -11.899, 3957.96, 0.37912, -0.426315, 0.821294
152.248, -5.83008, -11.899, 3963.43, 0, 0, 1
152.369, -5.81358, -11.899, 3968.94, 0, 0, 1
152.489, -5.79722, -11.899, 3974.41, 0, 0, 1
152.609, -4.9225, -11.899, 3978.51, 0, 0, 1
152.729, -5.51653, -11.899, 4092.33, 0, 0, 1
152.849, -3.91941, -11.899, 4092.54, 0, 0, 1
152.969, -3.8977, -11.899, 4092.5, 0, 0, 1
153.09, -3.84279, -11.899, 4092.38, 0, 0, 1
153.21, -3.74391, -11.899, 4092.19, 0, 0, 1
153.33, -3.58751, -11.899, 4091.97, 0, 0, 1
153.45, -2.90592, -11.899, 4091.61, 0, 0, 1
153.57, -2.62271, -11.899, 4091.25, 0, 0, 1
153.691, -2.32451, -11.899, 4090.87, 0, 0, 1
153.811, -2.26024, -11.899, 4090.68, 0, 0, 1
153.931, -2.31652, -11.899, 4090.6, 0, 0, 1
154.051, -2.44281, -11.899, 4090.46, 0, 0, 1
154.171, -2.63403, -11.899, 4090.37, 0, 0, 1
154.291, -2.94691, -11.899, 4090.24, 0, 0, 1
154.412, -3.09549, -11.899, 4089.66, 0, 0, 1
154.532, -3.41902, -11.899, 4089.52, 0, 0, 1
154.652, -3.62647, -11.899, 4089.39, 0, 0, 1
154.772, -3.62647, -11.899, 4089.39, 0, 0, 1
154.892, -3.62647, -11.899, 4089.39, 0, 0, 1
155.012, -3.6364, -11.899, 4089.35, 0, 0, 1
155.133, -35.6246, -11.899, 4067.64, 0, 0, 1
155.253, -35.6628, -11.899, 4067.29, 0, 0, 1
155.373, -68.3932, -11.899, 4045.49, -0.457299, 0.252694, -0.852657
155.493, -68.3932, -11.899, 4045.49, 0.611035, -0.504631, -0.609905
155.613, -35.5052, -11.899, 4067.19, 0, 0, 1
155.733, -68.4074, -11.899, 4045.55, 0, 0, 1
155.854, -68.4074, -11.899, 4045.55, 0, 0, 1
155.974, -35.4965, -11.899, 4067.14, 0, 0, 1
