0, -26.797, -12.006, -2.2799, 0, 0, 1
11.807, -27.7547, -12.006, -1.47066, 0.166671, -0.00864502, 0.985975
11.928, -27.7547, -12.006, -1.47066, 0.183126, -0.0067763, 0.983066
12.048, -27.7547, -12.006, -1.47066, 0.195587, 0.00567763, 0.98067
12.168, -27.7547, -12.006, -1.47066, 0.206759, 0.0126173, 0.978311
12.288, -27.7547, -12.006, -1.47066, 0.210437, 0.0192556, 0.977418
12.408, -27.7547, -12.006, -1.47066, 0.213151, 0.0268405, 0.976651
12.529, -27.7547, -12.006, -1.47066, 0.209236, 0.0245845, 0.977556
12.649, -27.7547, -12.006, -1.47066, 0.152533, 0.122757, 0.980645
12.769, -27.8531, -12.006, -1.37181, 0.155759, 0.117296, 0.980806
12.839, -27.7562, -12.006, -1.46361, 0.193748, 0.0125275, 0.980971
12.869, -27.7562, -12.006, -1.46361, 0.196639, 0.00942349, 0.980431
12.889, -27.7562, -12.006, -1.46361, 0.209196, 8.0849e-005, 0.977874
12.909, -27.7562, -12.006, -1.46361, 0.209196, 8.0849e-005, 0.977874
12.939, -27.7562, -12.006, -1.46361, 0.230145, -0.00545531, 0.973141
12.959, -27.7123, -12.006, -1.44067, 0.255568, -0.0177401, 0.966628
12.979, -27.7123, -12.006, -1.44067, 0.255568, -0.0177401, 0.966628
13.009, -27.7123, -12.006, -1.44067, 0.279383, -0.0235836, 0.95989
13.039, -27.7123, -12.006, -1.44067, 0.300113, -0.0230955, 0.953624
13.109, -27.7123, -12.006, -1.44067, 0.327933, -0.0228959, 0.944423
13.199, -27.7123, -12.006, -1.44067, 0.344257, -0.0328246, 0.938301
13.29, -27.7123, -12.006, -1.44067, 0.356382, -0.0400272, 0.933483
13.38, -27.7123, -12.006, -1.44067, 0.354887, -0.0427043, 0.933933
13.41, -27.7123, -12.006, -1.44067, 0.352891, -0.0473139, 0.934467
13.43, -27.7123, -12.006, -1.44067, 0.349611, -0.0439562, 0.935863
13.45, -27.7123, -12.006, -1.44067, 0.349611, -0.0439562, 0.935863
13.47, -27.7123, -12.006, -1.44067, 0.345074, -0.0440756, 0.93754
13.5, -27.7123, -12.006, -1.44067, 0.340116, -0.0448621, 0.939313
13.52, -27.7123, -12.006, -1.44067, 0.334506, -0.048655, 0.941137
13.55, -27.7123, -12.006, -1.44067, 0.334506, -0.048655, 0.941137
13.57, -27.7123, -12.006, -1.44067, 0.327303, -0.0537063, 0.943392
13.6, -27.7123, -12.006, -1.44067, 0.322182, -0.0616036, 0.944671
13.62, -27.7123, -12.006, -1.44067, 0.317696, -0.0647323, 0.945981
13.65, -27.7123, -12.006, -1.44067, 0.317696, -0.0647323, 0.945981
13.69, -27.7123, -12.006, -1.44067, 0.310951, -0.0732558, 0.947599
13.72, -27.7123, -12.006, -1.44067, 0.310809, -0.0664195, 0.948149
13.75, -27.7123, -12.006, -1.44067, 0.310809, -0.0664195, 0.948149
13.77, -27.7123, -12.006, -1.44067, 0.309766, -0.0733488, 0.947979
13.9, -27.7123, -12.006, -1.44067, 0.296508, -0.0856307, 0.951184
14.021, -27.7123, -12.006, -1.44067, 0.289097, -0.103259, 0.951714
14.141, -27.7123, -12.006, -1.44067, 0.285086, -0.130547, 0.94957
14.261, -27.7123, -12.006, -1.44067, 0.274485, -0.121654, 0.953865
14.381, -27.7123, -12.006, -1.44067, 0.267367, -0.116445, 0.956533
14.501, -27.7123, -12.006, -1.44067, 0.263601, -0.110615, 0.958269
14.591, 0, -0.0086436, 0.2, 0.272289, -0.101878, 0.956807
14.722, 0.0959911, -0.141842, 0.228546, 0.39651, -0.102335, 0.912309
14.842, 0.309804, -0.396099, 0.270607, 0.527225, -0.138962, 0.838286
14.962, 0.505002, -0.764821, 0.272876, 0.656399, -0.148603, 0.739633
15.082, 0.681368, -1.2293, 0.232005, 0.759619, -0.150076, 0.632817
15.202, 0.868478, -1.7093, 0.170526, 0.842429, -0.168201, 0.511881
15.323, 0.915741, -2.1933, 0.149999, 0.865506, -0.175469, 0.469159
15.443, 0.915741, -2.6733, 0.149999, 0.873646, -0.162258, 0.458711
15.563, 0.915741, -3.1533, 0.149999, 0.878137, -0.170732, 0.446907
15.683, 0.915741, -3.6333, 0.149999, 0.881271, -0.171227, 0.440503
15.803, 0.915741, -4.1133, 0.149999, 0.864629, -0.181669, 0.468416
15.923, 0.915741, -4.5933, 0.149999, 0.863309, -0.180868, 0.471152
16.044, 0.915741, -5.0773, 0.149999, 0.860945, -0.192458, 0.470886
16.164, 0.915741, -5.5573, 0.149999, 0.856783, -0.201978, 0.474476
16.284, 0.915741, -6.0373, 0.149999, 0.852275, -0.206814, 0.480474
16.404, 0.915741, -6.5173, 0.149999, 0.841539, -0.234216, 0.486781
16.524, 0.915741, -6.9973, 0.149999, 0.822243, -0.304917, 0.480564
16.644, 0.915741, -7.4773, 0.149999, 0.821348, -0.303314, 0.483102
16.765, 0.915741, -7.9613, 0.149999, 0.811655, -0.3114, 0.494213
16.885, 0.915741, -8.4413, 0.149999, 0.798694, -0.30909, 0.516286
17.005, 0.791831, -8.9213, 0.179535, 0.748522, -0.292113, 0.595302
17.125, 0.594166, -9.4013, 0.205076, 0.656674, -0.26057, 0.70773
17.245, 0.458504, -9.8813, 0.184496, 0.572388, -0.248545, 0.781407
17.365, 0.138202, -10.3613, 0.104691, 0.418406, -0.19823, 0.886364
17.486, -0.249572, -10.8453, 0.033899, 0.193121, -0.16784, 0.966713
17.606, -0.444236, -11.3253, -0.0230936, 0.0766986, -0.144034, 0.986596
17.726, -0.497153, -11.8053, -0.0274642, 0.00786423, -0.136387, 0.990624
17.846, -0.497153, -11.9253, -0.0274642, 0.00716548, -0.139035, 0.990261
17.966, -0.497153, -11.9253, -0.0274642, 0.0372047, -0.128986, 0.990948
18.087, -0.457654, -11.9253, -0.0199395, 0.0865188, -0.119818, 0.989019
18.207, -0.413604, -11.9253, -0.0112198, 0.136687, -0.106264, 0.984898
18.327, -0.209598, -11.9253, 0.0385781, 0.292062, -0.0943693, 0.951732
18.447, 0.119582, -11.9253, 0.0830148, 0.513947, -0.0785774, 0.854215
18.567, 0.416602, -11.9253, 0.0729615, 0.68949, -0.0649351, 0.721378
18.687, 0.542313, -11.9253, 0.0699518, 0.767131, -0.0820877, 0.636216
18.808, 0.590855, -11.9253, 0.0684633, 0.79666, -0.0999045, 0.596115
18.928, 0.590855, -11.9253, 0.0684633, 0.801598, -0.111144, 0.587442
19.048, 0.590855, -11.9253, 0.0684633, 0.781599, -0.116844, 0.612741
19.168, 0.49271, -11.9253, 0.135051, 0.572058, -0.170998, 0.80219
19.288, 0.440164, -11.9253, 0.148563, 0.311477, -0.133197, 0.940872
19.408, 0.440164, -11.9253, 0.148563, 0.198334, -0.101794, 0.974834
19.529, 0.524781, -11.9253, 0.189674, 0.112335, -0.0804698, 0.990407
19.649, 0.564658, -11.9253, 0.211602, 0.0860682, -0.0795815, 0.993106
19.769, 0.4996, -11.9253, 0.169311, 0.0819163, -0.0829858, 0.993178
19.889, 0.232153, -11.9253, 0.0182422, 0.11537, -0.049532, 0.992087
20.009, -0.111227, -11.9253, -0.0171801, 0.152476, -0.0320677, 0.987787
20.129, -0.509007, -11.9253, 0.0607642, 0.219619, -0.0303983, 0.975112
20.25, -0.691755, -11.9253, 0.125412, 0.257089, -0.0417027, 0.965487
20.37, -0.639327, -11.9253, 0.121156, 0.262503, -0.0658094, 0.962684
20.49, -0.369889, -11.9253, 0.063591, 0.259116, -0.0557454, 0.964236
20.61, -0.0563131, -11.9253, 0.0993093, 0.238131, -0.0205978, 0.971015
20.73, 0.303036, -11.9253, 0.199564, 0.176774, -0.0452181, 0.983212
20.85, 0.415769, -11.9253, 0.248077, 0.139173, -0.0450088, 0.989245
20.971, 0.360665, -11.9253, 0.303411, 0.135459, -0.0301708, 0.990323
21.091, 0.0688001, -11.9253, 2.06563, 0.154446, -0.0442577, 0.987009
21.211, -0.183753, -11.9253, 5.55881, 0.203544, -0.0365487, 0.978383
21.331, -0.449132, -11.9253, 9.05105, 0.241812, -0.0650654, 0.968139
21.451, -0.71451, -11.9253, 12.5433, 0.241914, -0.0865281, 0.966432
21.572, -0.996418, -11.9253, 16.219, 0.229588, -0.0743221, 0.970446
21.692, -1.45732, -11.9253, 20.2958, 0.202104, -0.0537957, 0.977885
21.812, -1.81738, -11.9253, 24.3828, 0.196146, -0.0460252, 0.979494
21.932, -2.17745, -11.9253, 28.4698, 0.216603, -0.0215457, 0.976022
22.052, -2.53751, -11.9253, 32.5568, 0.252766, -0.00261895, 0.967524
22.172, -2.83833, -11.9253, 36.4136, 0.271346, 0.0090923, 0.962439
22.293, -3.00095, -11.9253, 40.2326, 0.313663, 0.0101899, 0.94948
22.413, -3.16001, -11.9253, 44.0202, 0.356021, -0.00634618, 0.934457
22.533, -3.31907, -11.9253, 47.8078, 0.382165, -0.0262547, 0.923721
22.653, -3.4943, -11.9253, 51.5922, 0.365525, -0.0304, 0.930305
22.773, -3.62566, -11.9253, 55.3708, 0.344187, 0.00469955, 0.938889
22.893, -3.73113, -11.9253, 59.1503, 0.32961, 0.00454405, 0.944106
23.014, -3.83748, -11.9253, 62.9613, 0.374283, 0.00838148, 0.927277
23.134, -3.94052, -11.9253, 66.7409, 0.438672, 0.0211775, 0.898398
23.254, -3.96309, -11.9253, 70.8434, 0.509002, 0.0144888, 0.860643
23.374, -3.92826, -11.9253, 74.9461, 0.54564, 0.0151013, 0.837884
23.494, -3.90091, -11.9253, 79.0488, 0.588758, 0.0028431, 0.808304
23.614, -3.87355, -11.9253, 83.1516, 0.59958, -0.00674486, 0.800286
23.735, -4.86223, -11.9253, 85.4095, 0.590452, 0.0114271, 0.806992
23.855, -4.89487, -11.9253, 88.668, 0.556241, 0.0646744, 0.828501
23.975, -4.96421, -11.9253, 91.9263, 0.527067, 0.0692944, 0.846994
24.095, -5.0269, -11.9253, 95.1848, 0.494164, 0.0648246, 0.866948
24.215, -5.0896, -11.9253, 98.4432, 0.493455, 0.0899128, 0.865111
24.335, -5.13418, -11.9253, 102.335, 0.500835, 0.11985, 0.857205
24.456, -5.14575, -11.9253, 106.472, 0.507952, 0.169122, 0.84462
24.576, -5.16104, -11.9253, 110.575, 0.492873, 0.162039, 0.854879
24.696, -5.17634, -11.9253, 114.677, 0.436503, 0.0612735, 0.897614
24.816, -5.1964, -11.9253, 118.702, 0.273347, -0.0142904, 0.96181
24.936, -5.27966, -11.9253, 122.492, 0.182687, 0.033951, 0.982585
25.057, -5.35033, -11.9253, 126.314, 0.145207, 0.032587, 0.988864
25.177, -5.42042, -11.9253, 130.104, 0.138936, 0.0339668, 0.989719
25.297, -5.49051, -11.9253, 133.895, 0.134689, 0.0304888, 0.990419
25.417, -5.5244, -11.9253, 137.678, 0.158742, 0.0312799, 0.986825
25.537, -5.50804, -11.9253, 141.459, 0.188759, 0.0389454, 0.981251
25.657, -5.49786, -11.9253, 145.24, 0.229305, 0.00534511, 0.97334
25.778, -5.4876, -11.9253, 149.052, 0.183313, -0.0429565, 0.982116
25.898, -5.48141, -11.9253, 152.833, 0.0174148, -0.0749053, 0.997039
26.018, -5.47997, -11.9253, 156.614, -0.237655, -0.0967931, 0.966515
26.138, -5.43994, -11.9253, 160.395, -0.342856, -0.111357, 0.932764
26.258, -5.39991, -11.9253, 164.176, -0.366296, -0.110912, 0.923865
26.378, -5.35591, -11.9253, 168.131, -0.357533, -0.0870412, 0.929836
26.499, -5.23444, -11.9253, 172.644, -0.329044, -0.0549178, 0.942716
26.619, -5.144, -11.9253, 177.121, -0.267559, -0.0128702, 0.963456
26.739, -5.11218, -11.9253, 181.599, -0.227063, -0.0638372, 0.971786
26.859, -5.08037, -11.9253, 186.077, -0.227188, -0.0795344, 0.970598
26.979, -6.69173, -11.9253, 189.995, -0.279556, -0.0231681, 0.95985
27.099, -6.67431, -11.9253, 193.786, -0.335256, 0.0312444, 0.941609
27.22, -6.61092, -11.9253, 197.607, -0.362179, 0.0249592, 0.931774
27.34, -6.54804, -11.9253, 201.398, -0.369701, 0.00251387, 0.929147
27.46, -7.33534, -11.9253, 204.937, -0.321066, 0.00748013, 0.947027
27.58, -7.27236, -11.9253, 208.439, -0.266667, -0.0195149, 0.963591
27.7, -7.21146, -11.9253, 211.94, -0.220251, -0.0151856, 0.975325
27.821, -7.17085, -11.9253, 215.472, -0.157261, -0.0302391, 0.987094
27.941, -7.13058, -11.9253, 218.974, -0.180399, -0.0526153, 0.982185
28.061, -7.12528, -11.9253, 223.452, -0.269046, -0.0744468, 0.960246
28.181, -7.13552, -11.9253, 227.93, -0.3348, -0.114025, 0.935365
28.301, -7.14576, -11.9253, 232.408, -0.352894, -0.118847, 0.928085
28.421, -7.15601, -11.9253, 236.886, -0.370964, -0.105143, 0.922676
28.542, -7.07867, -11.9253, 241.4, -0.316753, -0.0923979, 0.943997
28.662, -6.94945, -11.9253, 245.877, -0.204199, -0.0896189, 0.974819
28.782, -6.82023, -11.9253, 250.353, -0.0770836, -0.107285, 0.991236
28.902, -6.69101, -11.9253, 254.829, 0.0200027, -0.115209, 0.99314
29.022, -7.93127, -11.9253, 257.954, 0.233124, -0.0861584, 0.968623
29.142, -7.86653, -11.9253, 261.465, 0.303561, -0.070845, 0.950175
29.263, -7.79804, -11.9253, 265.004, 0.31489, -0.0998459, 0.943862
29.383, -7.73013, -11.9253, 268.515, 0.342324, -0.101293, 0.934106
29.503, -7.66046, -11.9253, 272.267, 0.384201, -0.0864942, 0.919189
29.623, -7.56896, -11.9253, 276.744, 0.4814, -0.0969506, 0.871122
29.743, -7.53957, -11.9253, 281.222, 0.671314, -0.121752, 0.731105
29.863, -7.51018, -11.9253, 285.7, 0.754158, -0.127067, 0.644282
29.984, -8.06169, -11.9253, 290.29, 0.76752, -0.0934348, 0.63418
30.104, -7.76781, -11.9253, 290.204, 0.755172, -0.0685793, 0.65193
30.224, -7.34542, -11.9253, 290.151, 0.724734, -0.0390875, 0.687919
30.344, -7.22779, -11.9253, 290.117, 0.711206, -0.0668125, 0.699802
30.464, -7.42323, -11.9253, 290.033, 0.666587, -0.0867154, 0.740366
30.584, -7.50587, -11.9253, 291.21, 0.552135, -0.0553557, 0.831915
30.705, -7.47568, -11.9253, 292.824, 0.463842, -0.0149901, 0.885791
30.825, -7.44575, -11.9253, 294.425, 0.404588, 0.0227615, 0.914216
30.945, -7.41582, -11.9253, 296.026, 0.442406, -0.00425839, 0.896805
31.065, -7.38589, -11.9253, 297.626, 0.428843, -0.0287596, 0.902921
31.185, -7.44247, -11.9253, 301.137, 0.363242, -0.00504197, 0.931681
31.306, -7.45626, -11.9253, 304.677, 0.31363, -0.00710722, 0.949519
31.426, -7.46994, -11.9253, 308.188, 0.267963, -0.0473966, 0.962263
31.546, -7.47384, -11.9253, 311.699, 0.277531, -0.0583342, 0.958944
31.666, -7.53013, -11.9253, 316.177, 0.285303, -0.0351878, 0.957791
31.786, -7.42464, -11.9253, 320.653, 0.286892, -0.0058902, 0.957945
31.906, -7.30591, -11.9253, 325.13, 0.23046, -0.000830427, 0.973081
32.027, -7.1862, -11.9253, 329.644, 0.175538, -0.0261803, 0.984125
32.147, -8.39445, -11.9253, 332.712, 0.151856, -0.0612157, 0.986505
32.267, -8.47615, -11.9253, 336.492, 0.116296, -0.063473, 0.991184
32.387, -8.54444, -11.9253, 340.272, 0.0627349, -0.0772476, 0.995036
32.507, -8.61273, -11.9253, 344.053, 0.0541286, -0.0564474, 0.996937
32.627, -8.67574, -11.9253, 347.914, 0.0474637, -0.0314585, 0.998377
32.748, -8.64459, -11.9253, 352.05, 0.0675534, 0.000618481, 0.997715
32.868, -8.63427, -11.9253, 356.153, 0.0738438, 0.00234777, 0.997267
32.988, -8.62395, -11.9253, 360.256, -0.0288088, -0.0724257, 0.996958
33.108, -8.61364, -11.9253, 364.358, -0.105768, -0.0784869, 0.991289
33.228, -8.6755, -11.9253, 368.227, -0.146079, -0.0807885, 0.985969
33.348, -8.73326, -11.9253, 372.017, -0.183504, -0.0808655, 0.979687
33.469, -8.7915, -11.9253, 375.839, -0.18766, -0.0948939, 0.97764
33.589, -8.84925, -11.9253, 379.63, -0.160718, -0.0567409, 0.985368
33.709, -8.88562, -11.9253, 383.576, -0.112358, -0.0291315, 0.993241
33.829, -8.75536, -11.9253, 387.677, -0.0657692, -0.0103689, 0.997781
33.949, -8.61357, -11.9253, 391.777, -0.0157559, -0.0236574, 0.999596
34.069, -8.47178, -11.9253, 395.877, 0.00348927, -0.0453401, 0.998966
34.19, -8.3262, -11.9253, 400.012, -0.00857467, -0.0394879, 0.999183
34.31, -8.26379, -11.9253, 404.114, -0.0293844, -0.0467798, 0.998473
34.43, -8.21271, -11.9253, 408.217, -0.024048, -0.0263718, 0.999363
34.55, -8.16162, -11.9253, 412.319, 0.0527734, -0.051797, 0.997262
34.67, -8.11054, -11.9253, 416.422, 0.260318, -0.0574261, 0.963814
34.791, -8.63247, -11.9253, 420.077, 0.451965, -0.0277208, 0.891605
34.911, -8.49492, -11.9253, 423.855, 0.569059, -0.0310105, 0.821712
35.031, -8.34265, -11.9253, 427.633, 0.600253, -0.0248252, 0.799425
35.151, -8.19038, -11.9253, 431.411, 0.619488, -0.046679, 0.783617
35.271, -8.04516, -11.9253, 435.192, 0.656587, -0.0224714, 0.753915
35.391, -7.99293, -11.9253, 438.982, 0.724976, 0.000912102, 0.688774
35.512, -7.93043, -11.9253, 442.804, 0.786791, -0.00922458, 0.61715
35.632, -7.86845, -11.9253, 446.595, 0.797247, -0.0360855, 0.602573
35.752, -7.81124, -11.9253, 450.385, 0.802163, -0.0173343, 0.596853
35.872, -8.34673, -11.9253, 452.331, 0.76498, 0.00499196, 0.644034
35.992, -8.60968, -11.9253, 452.388, 0.751649, 0.0604094, 0.656791
36.112, -8.56878, -11.9253, 452.373, 0.771648, 0.0672745, 0.632482
36.233, -8.36476, -11.9253, 452.324, 0.770029, 0.0706535, 0.634085
36.353, -7.9142, -11.9253, 452.273, 0.748052, 0.0801995, 0.658777
36.473, -7.46657, -11.9253, 452.255, 0.73008, 0.055406, 0.681111
36.593, -7.35636, -11.9253, 452.255, 0.714997, 0.0372618, 0.698134
36.713, -7.46987, -11.9253, 452.267, 0.697781, 0.0377854, 0.715313
36.833, -7.69791, -11.9253, 452.295, 0.697615, 0.0374837, 0.715492
36.954, -8.09967, -11.9253, 452.417, 0.713727, 0.0105505, 0.700345
37.074, -8.32985, -11.9253, 452.53, 0.724524, -0.0176855, 0.689023
37.194, -8.36967, -11.9253, 452.544, 0.720327, -0.0229001, 0.693256
37.314, -8.18834, -11.9253, 452.499, 0.700606, -0.0145697, 0.7134
37.434, -7.85801, -11.9253, 452.436, 0.679225, 0.00883281, 0.733876
37.554, -7.71794, -11.9253, 452.427, 0.656922, 0.0249445, 0.753546
37.675, -7.71794, -11.9253, 452.427, 0.631362, 0.0187936, 0.775261
37.795, -7.85966, -11.9253, 452.424, 0.627651, 0.0114595, 0.778411
37.915, -7.8617, -11.9253, 452.957, 0.585747, -0.0132458, 0.810386
38.035, -7.85857, -11.9253, 453.489, 0.549839, -0.0221341, 0.834977
38.155, -7.85543, -11.9253, 454.022, 0.53956, -0.0227206, 0.841641
38.276, -7.85227, -11.9253, 454.559, 0.494148, -0.0405773, 0.86843
38.396, -7.86132, -11.9253, 456.715, 0.441866, -0.0479271, 0.8958
38.516, -7.93133, -11.9253, 460.496, 0.3692, -0.0273297, 0.928948
38.636, -7.9752, -11.9253, 464.276, 0.327569, -0.0366403, 0.944117
38.756, -8.01907, -11.9253, 468.057, 0.322738, -0.0366375, 0.945779
38.876, -8.06263, -11.9253, 471.918, 0.36004, -0.0229792, 0.932654
38.997, -8.0828, -11.9253, 476.055, 0.416479, -0.0323204, 0.908571
39.117, -8.09534, -11.9253, 480.158, 0.511023, -0.0469842, 0.858282
39.237, -8.10788, -11.9253, 484.261, 0.534762, -0.0867297, 0.84054
39.357, -8.12042, -11.9253, 488.364, 0.48373, -0.0914232, 0.870429
39.477, -8.1531, -11.9253, 492.232, 0.325542, -0.0750294, 0.942546
39.597, -8.1971, -11.9253, 496.023, 0.152349, -0.0659473, 0.986124
39.718, -8.23706, -11.9253, 499.845, 0.0580096, -0.0493747, 0.997094
39.838, -8.2767, -11.9253, 503.636, 0.0426241, -0.0136289, 0.998998
39.958, -8.312, -11.9253, 507.583, 0.035035, 0.00677799, 0.999363
40.078, -8.2673, -11.9253, 511.686, 0.0645915, 0.0339488, 0.997334
40.198, -8.2159, -11.9253, 515.788, 0.14097, 0.0218887, 0.989772
40.318, -8.1645, -11.9253, 519.891, 0.176553, -0.0125641, 0.984211
40.439, -9.16411, -11.9253, 524.071, 0.169864, -0.0313734, 0.984968
40.559, -9.16998, -11.9253, 527.852, 0.16263, 0.00153199, 0.986686
40.679, -9.16608, -11.9253, 531.633, 0.15493, -0.0109794, 0.987864
40.799, -9.16219, -11.9253, 535.414, 0.17987, 0.0106028, 0.983633
40.919, -9.15615, -11.9253, 539.195, 0.215845, 0.0195406, 0.976232
41.04, -9.10759, -11.9253, 543.71, 0.28385, 0.0132314, 0.958777
41.16, -9.05485, -11.9253, 548.188, 0.353306, 0.0151449, 0.935385
41.28, -9.00211, -11.9253, 552.665, 0.464083, -0.000871789, 0.885791
41.4, -8.94937, -11.9253, 557.143, 0.543031, -0.00736142, 0.839681
41.52, -8.87708, -11.9253, 561.348, 0.567257, -0.000700602, 0.823541
41.64, -8.81155, -11.9253, 565.462, 0.56461, 0.0420941, 0.824284
41.761, -8.71462, -11.9253, 569.609, 0.584013, 0.0211995, 0.811467
41.881, -8.61848, -11.9253, 573.722, 0.592414, -0.011103, 0.805557
42.001, -8.48349, -11.9253, 578.107, 0.614903, -0.0110516, 0.788526
42.121, -8.26579, -11.9253, 582.58, 0.603166, -0.0243987, 0.797243
42.241, -8.04521, -11.9253, 587.053, 0.620241, -0.0237287, 0.784052
42.361, -7.82462, -11.9253, 591.525, 0.609003, -0.0295968, 0.792615
42.482, -8.85007, -11.9253, 596.317, 0.557295, -0.0331811, 0.829651
42.602, -8.79271, -11.9253, 600.419, 0.486613, -0.0234767, 0.873302
42.722, -8.72566, -11.9253, 604.521, 0.375205, -0.0459696, 0.925801
42.842, -8.65494, -11.9253, 608.624, 0.205258, -0.0910324, 0.974465
42.962, -8.57551, -11.9253, 612.729, 0.112749, -0.089658, 0.98957
43.082, -8.43824, -11.9253, 616.841, 0.0558328, -0.0825006, 0.995026
43.203, -8.33026, -11.9253, 620.988, 0.0768401, -0.0732719, 0.994347
43.323, -8.24166, -11.9253, 625.102, 0.0837615, -0.0720934, 0.993874
43.443, -8.15306, -11.9253, 629.215, 0.0452401, -0.0367381, 0.9983
43.563, -9.17955, -11.9253, 630.408, 0.00254288, -0.0256331, 0.999668
43.683, -8.88431, -11.9253, 630.392, -0.0286943, -0.0410649, 0.998744
43.803, -8.75784, -11.9253, 630.397, -0.0602217, -0.0581098, 0.996492
43.924, -8.82591, -11.9253, 630.387, -0.0674442, -0.0585068, 0.996006
44.044, -9.03326, -11.9253, 631.28, -0.0454331, -0.0535602, 0.997531
44.164, -8.97306, -11.9253, 632.821, 0.033917, -0.0389032, 0.998667
44.284, -8.91286, -11.9253, 634.363, 0.134421, -0.0250979, 0.990606
44.404, -8.85266, -11.9253, 635.905, 0.219061, -0.0371837, 0.975002
44.525, -8.76976, -11.9253, 638.12, 0.229223, -0.040166, 0.972545
44.645, -8.64791, -11.9253, 642.221, 0.211702, -0.0318423, 0.976815
44.765, -8.52411, -11.9253, 646.322, 0.146836, -0.0676481, 0.986845
44.885, -8.40031, -11.9253, 650.424, 0.100706, -0.0814723, 0.991575
45.005, -8.27868, -11.9253, 654.525, 0.0935014, -0.0489224, 0.994416
45.125, -8.15013, -11.9253, 658.637, 0.0942764, -0.0202686, 0.99534
45.246, -7.98921, -11.9253, 662.783, 0.137782, -0.00792481, 0.990431
45.366, -7.83123, -11.9253, 666.894, 0.161903, -0.0403829, 0.98598
45.486, -7.67326, -11.9253, 671.005, 0.129036, -0.0667649, 0.98939
45.606, -8.52414, -11.9253, 673.247, 0.0317096, -0.0780467, 0.996445
45.726, -8.2664, -11.9253, 673.24, -0.00725042, -0.05332, 0.998551
45.846, -8.03631, -11.9253, 673.221, -0.0089312, -0.0415018, 0.999099
45.967, -8.06508, -11.9253, 673.167, 0.011706, -0.0231037, 0.999664
46.087, -8.1782, -11.9253, 673.903, 0.0271066, -0.0090559, 0.999592
46.207, -8.12744, -11.9253, 675.504, 0.0550113, -0.0030644, 0.998481
46.327, -8.08578, -11.9253, 677.104, 0.113321, 0.0130787, 0.993472
46.447, -8.04412, -11.9253, 678.705, 0.18535, -0.0169157, 0.982527
46.567, -8.00245, -11.9253, 680.305, 0.275009, -0.0352148, 0.960797
46.688, -7.93363, -11.9253, 684.117, 0.30741, -0.0275648, 0.951178
46.808, -7.91145, -11.9253, 687.898, 0.325402, 0.00645622, 0.945554
46.928, -7.8887, -11.9253, 691.679, 0.315455, -0.00727263, 0.948913
47.048, -7.84706, -11.9253, 696.303, 0.333943, 0.0417021, 0.94167
47.168, -7.7348, -11.9253, 701.768, 0.391622, 0.0794302, 0.916691
47.288, -7.63472, -11.9253, 707.234, 0.428395, 0.0766403, 0.900335
47.409, -7.53382, -11.9253, 712.745, 0.447224, 0.0588762, 0.892482
47.529, -8.66463, -11.9253, 713.541, 0.431644, 0.0476588, 0.900784
47.649, -8.31476, -11.9253, 713.465, 0.416633, 0.0550267, 0.907408
47.769, -7.87682, -11.9253, 713.452, 0.390081, 0.0355584, 0.920094
47.889, -7.75327, -11.9253, 713.443, 0.372048, 0.0171974, 0.928054
48.01, -7.80664, -11.9253, 713.432, 0.370044, 0.0224807, 0.928742
48.13, -7.9925, -11.9253, 714.583, 0.396517, 0.00441928, 0.918017
48.25, -8.07276, -11.9253, 716.123, 0.430441, -0.0054944, 0.902602
48.37, -8.12904, -11.9253, 717.665, 0.478091, 0.00418235, 0.8783
48.49, -8.18533, -11.9253, 719.207, 0.490714, 0.000498464, 0.871321
48.61, -8.36261, -11.9253, 722.03, 0.469848, -0.0181301, 0.882561
48.731, -8.82362, -11.9253, 726.153, 0.446459, -0.0187704, 0.894607
48.851, -9.27885, -11.9253, 730.242, 0.423577, -0.0232066, 0.905563
48.971, -9.73407, -11.9253, 734.331, 0.418328, -0.0312221, 0.907759
49.091, -10.1793, -11.9253, 738.604, 0.442263, -0.0389992, 0.896037
49.211, -10.4468, -11.9253, 743.074, 0.482854, -0.0519035, 0.874162
49.331, -10.644, -11.9253, 747.547, 0.550243, -0.0805064, 0.831114
49.452, -10.8429, -11.9253, 752.058, 0.580545, -0.096773, 0.808457
49.572, -11.7925, -11.9253, 755.769, 0.574573, -0.0779295, 0.814735
49.692, -11.4499, -11.9253, 755.627, 0.565232, -0.00902701, 0.824883
49.812, -11.2208, -11.9253, 755.566, 0.540719, 0.0207909, 0.840946
49.932, -11.1794, -11.9253, 755.543, 0.508914, -0.00681196, 0.86079
50.052, -11.3204, -11.9253, 755.926, 0.517913, -0.0169968, 0.855264
50.173, -11.3181, -11.9253, 757.604, 0.531973, 0.00238051, 0.846758
50.293, -11.3158, -11.9253, 759.267, 0.527795, 0.0219894, 0.849087
50.413, -11.3135, -11.9253, 760.931, 0.53196, 0.00585935, 0.846749
50.533, -11.3112, -11.9253, 762.594, 0.541128, -0.0278935, 0.840477
50.653, -11.3448, -11.9253, 766.709, 0.552944, -0.011467, 0.83314
50.774, -11.3326, -11.9253, 770.858, 0.547733, 0.0267523, 0.836225
50.894, -11.3155, -11.9253, 774.972, 0.541157, 0.0392021, 0.840008
51.014, -11.2972, -11.9253, 779.086, 0.563643, 0.0385427, 0.825119
51.134, -11.2292, -11.9253, 783.564, 0.639075, 0.00344287, 0.769137
51.254, -11.1801, -11.9253, 788.042, 0.672289, -0.0166549, 0.740101
51.374, -11.139, -11.9253, 792.519, 0.666851, -0.0822261, 0.74064
51.495, -11.0977, -11.9253, 797.034, 0.62336, -0.094657, 0.776184
51.615, -11.8644, -11.9253, 800.328, 0.58601, -0.0598762, 0.808089
51.735, -11.7915, -11.9253, 804.108, 0.493958, -0.0145645, 0.869364
51.855, -11.7052, -11.9253, 807.888, 0.415121, 0.0126181, 0.909679
51.975, -11.6189, -11.9253, 811.669, 0.413539, -0.00102649, 0.910486
52.095, -11.4149, -11.9253, 817.131, 0.492899, -0.0513246, 0.868572
52.216, -11.1929, -11.9253, 822.639, 0.570362, -0.0483118, 0.819972
52.336, -10.9726, -11.9253, 828.101, 0.620197, -0.0672991, 0.781554
52.456, -11.6728, -11.9253, 832.333, 0.634468, -0.0522346, 0.771182
52.576, -11.5726, -11.9253, 835.408, 0.642414, -0.0253211, 0.765939
52.696, -11.5097, -11.9253, 839.511, 0.657941, 0.0131906, 0.752954
52.816, -11.4318, -11.9253, 843.613, 0.66381, 0.00262471, 0.747897
52.937, -11.3532, -11.9253, 847.749, 0.669353, -0.0064941, 0.742917
53.057, -11.229, -11.9253, 852.131, 0.675585, -0.0236584, 0.736902
53.177, -10.976, -11.9253, 856.602, 0.628903, -0.0204479, 0.777215
53.297, -10.8074, -11.9253, 861.077, 0.470459, -0.053735, 0.880784
53.417, -10.6389, -11.9253, 865.552, 0.347903, -0.0343206, 0.936902
53.537, -11.6626, -11.9253, 869.093, 0.248868, -0.00291752, 0.968533
53.658, -11.5492, -11.9253, 872.903, 0.198458, -0.0144235, 0.980003
53.778, -11.3919, -11.9253, 876.681, 0.188237, -0.0149182, 0.98201
53.898, -11.2347, -11.9253, 880.458, 0.199964, 0.0166908, 0.979661
54.018, -11.0224, -11.9253, 884.812, 0.22272, 0.0544883, 0.973359
54.138, -10.6612, -11.9253, 889.735, 0.255241, 0.0525896, 0.965446
54.259, -10.303, -11.9253, 894.699, 0.271461, -0.013969, 0.962348
54.379, -9.94769, -11.9253, 899.623, 0.258187, -0.0574779, 0.964384
54.499, -10.7651, -11.9253, 904.531, 0.21016, -0.0469517, 0.976539
54.619, -10.4752, -11.9253, 909, 0.129242, -0.0269899, 0.991246
54.739, -10.178, -11.9253, 913.468, 0.0833333, -0.0239847, 0.996233
54.859, -9.88083, -11.9253, 917.937, 0.0656684, -0.00710558, 0.997816
54.98, -10.2274, -11.9253, 922.379, 0.0861522, 0.00692921, 0.996258
55.1, -9.87706, -11.9253, 926.467, 0.148208, 0.00941301, 0.988911
55.22, -9.53993, -11.9253, 930.556, 0.206063, -0.0257012, 0.978201
55.34, -9.20279, -11.9253, 934.644, 0.222142, -0.0581931, 0.973276
55.46, -8.86566, -11.9253, 938.733, 0.212138, -0.0642689, 0.975124
55.58, -8.54947, -11.9253, 942.589, 0.200534, -0.0572367, 0.978013
55.701, -8.23908, -11.9253, 946.399, 0.17665, -0.0185929, 0.984098
55.821, -7.93125, -11.9253, 950.177, 0.163769, -0.00913489, 0.986456
55.941, -7.62343, -11.9253, 953.956, 0.169785, 0.0206775, 0.985264
56.061, -7.2615, -11.9253, 958.247, 0.206698, 0.0383424, 0.977653
56.181, -6.90729, -11.9253, 962.711, 0.238301, 0.0650055, 0.969013
56.301, -6.58361, -11.9253, 967.177, 0.275558, 0.0426176, 0.960339
56.422, -6.25723, -11.9253, 971.68, 0.290496, 0.0259492, 0.956524
56.542, -7.12765, -11.9253, 975.895, 0.273095, 0.0223433, 0.961728
56.662, -6.90076, -11.9253, 979.991, 0.240419, 0.0351284, 0.970033
56.782, -6.71009, -11.9253, 984.09, 0.226132, 0.0227965, 0.97383
56.902, -6.51942, -11.9253, 988.188, 0.211253, 0.0260634, 0.977084
57.022, -6.88596, -11.9253, 992.062, 0.22511, 0.0343065, 0.973729
57.143, -6.68457, -11.9253, 995.869, 0.259798, 0.0462843, 0.964553
57.263, -6.5166, -11.9253, 999.646, 0.302183, 0.0428293, 0.952287
57.383, -6.34862, -11.9253, 1003.42, 0.319555, -0.0013745, 0.947567
57.503, -6.18065, -11.9253, 1007.2, 0.301719, -0.0256867, 0.953051
57.623, -6.0457, -11.9253, 1011.23, 0.255028, -0.00332756, 0.966928
57.744, -5.94444, -11.9253, 1015.38, 0.219238, -0.0080527, 0.975638
57.864, -5.84401, -11.9253, 1019.49, 0.194668, -0.00534248, 0.980855
57.984, -5.74358, -11.9253, 1023.6, 0.228686, 0.0134402, 0.973407
58.104, -5.85692, -11.9253, 1028.52, 0.270158, 0.0249662, 0.962492
58.224, -5.85456, -11.9253, 1033.44, 0.316843, 0.0283405, 0.948054
58.344, -5.84068, -11.9253, 1038.36, 0.335455, 0.0267806, 0.941675
58.465, -6.75683, -11.9253, 1042.98, 0.347761, 0.031887, 0.937041
58.585, -6.68589, -11.9253, 1046.05, 0.362466, 0.0307069, 0.931491
58.705, -6.56947, -11.9253, 1050.15, 0.382527, 0.0367248, 0.923214
58.825, -6.45306, -11.9253, 1054.25, 0.401686, 0.0505803, 0.914379
58.945, -6.33665, -11.9253, 1058.35, 0.419712, 0.0793457, 0.904183
59.065, -6.23557, -11.9253, 1062.74, 0.45678, 0.083562, 0.885646
59.186, -6.13195, -11.9253, 1067.27, 0.492448, 0.0804975, 0.866611
59.306, -6.02918, -11.9253, 1071.76, 0.523927, 0.0519826, 0.850175
59.426, -5.92641, -11.9253, 1076.25, 0.546421, 0.0151251, 0.837374
59.546, -6.50336, -11.9253, 1078.4, 0.545194, 0.0334285, 0.837643
59.666, -6.07435, -11.9253, 1078.35, 0.53051, 0.0719398, 0.84462
59.786, -5.88086, -11.9253, 1078.35, 0.503567, 0.0612518, 0.861782
59.907, -5.88086, -11.9253, 1078.35, 0.501723, 0.0398962, 0.864108
60.027, -5.98398, -11.9253, 1078.76, 0.545692, 0.0187286, 0.837777
60.147, -5.9591, -11.9253, 1080.36, 0.628247, 0.0194367, 0.777771
60.267, -5.93422, -11.9253, 1081.96, 0.662041, 0.0190023, 0.749227
60.387, -5.90934, -11.9253, 1083.56, 0.661985, 0.0335341, 0.748766
60.508, -5.88055, -11.9253, 1085.92, 0.640456, 0.0404154, 0.766931
60.628, -5.90589, -11.9253, 1090.4, 0.604723, 0.0494096, 0.794902
60.748, -5.94678, -11.9253, 1094.88, 0.55763, 0.0218407, 0.829803
60.868, -5.98767, -11.9253, 1099.36, 0.53407, 0.016896, 0.845271
60.988, -6.02856, -11.9253, 1103.83, 0.518393, 0.0331804, 0.854499
61.108, -6.3815, -11.9253, 1107.73, 0.525164, 0.0364426, 0.85022
61.229, -6.37144, -11.9253, 1111.55, 0.538764, 0.0401623, 0.841499
61.349, -6.36146, -11.9253, 1115.34, 0.547499, 0.0229854, 0.836491
61.469, -6.35148, -11.9253, 1119.13, 0.54326, 0.000293403, 0.839565
61.589, -6.34409, -11.9253, 1122.92, 0.506081, 0.0180143, 0.862298
61.709, -6.34029, -11.9253, 1126.7, 0.460712, 0.0500768, 0.886136
61.829, -6.32647, -11.9253, 1130.48, 0.401132, 0.0530689, 0.914482
61.95, -6.31254, -11.9253, 1134.3, 0.37948, 0.0518661, 0.923745
62.07, -6.29873, -11.9253, 1138.08, 0.36982, 0.0510781, 0.927699
62.19, -6.27272, -11.9253, 1141.86, 0.358866, 0.0482772, 0.93214
62.31, -6.24736, -11.9253, 1145.64, 0.35489, 0.0711485, 0.932197
62.43, -6.22876, -11.9253, 1149.42, 0.348327, 0.0597843, 0.935465
62.55, -6.21017, -11.9253, 1153.2, 0.311555, 0.0268886, 0.949848
62.671, -6.19499, -11.9253, 1157.01, 0.286022, 0.0468741, 0.957076
62.791, -6.18647, -11.9253, 1160.79, 0.232207, 0.0860836, 0.96885
62.911, -6.17125, -11.9253, 1164.57, 0.207222, 0.0518455, 0.976919
63.031, -6.15603, -11.9253, 1168.35, 0.193021, 0.0330345, 0.980638
63.151, -6.14038, -11.9253, 1172.13, 0.166889, 0.0413005, 0.98511
63.271, -7.26521, -11.9253, 1173.93, 0.154099, 0.0431517, 0.987113
63.392, -7.44978, -11.9253, 1174.01, 0.134702, 0.0126188, 0.990806
63.512, -7.3859, -11.9253, 1174, 0.115768, -0.0425356, 0.992365
63.632, -7.25275, -11.9253, 1173.94, 0.105409, -0.0514875, 0.993095
63.752, -6.87483, -11.9253, 1173.85, 0.0849548, -0.0129784, 0.9963
63.872, -6.57411, -11.9253, 1173.84, 0.0817595, 0.00644889, 0.996631
63.993, -6.53115, -11.9253, 1173.86, 0.0685298, -0.0123735, 0.997572
64.113, -6.91707, -11.9253, 1173.9, -0.00484485, -0.0178691, 0.999829
64.233, -6.97881, -11.9253, 1174.91, -0.033835, 0.0125044, 0.999349
64.353, -7.03788, -11.9253, 1175.93, 0.0157563, 0.0142535, 0.999774
64.473, -7.09696, -11.9253, 1176.94, 0.127767, -0.0319031, 0.991291
64.593, -7.15604, -11.9253, 1177.96, 0.172, -0.0366114, 0.984416
64.714, -7.36846, -11.9253, 1181.31, 0.145822, -0.00648652, 0.98929
64.834, -7.5889, -11.9253, 1185.41, 0.137372, 0.00715145, 0.990494
64.954, -7.7806, -11.9253, 1189.51, 0.109717, -0.0165813, 0.993825
65.074, -7.97229, -11.9253, 1193.61, 0.0665753, -0.00950318, 0.997736
65.194, -8.14837, -11.9253, 1197.71, 0.0654468, 0.00439552, 0.997846
65.314, -8.30882, -11.9253, 1201.82, 0.0963539, 0.0102604, 0.995294
65.435, -8.47062, -11.9253, 1205.97, 0.0939804, -0.0197942, 0.995377
65.555, -8.63108, -11.9253, 1210.08, 0.0160234, -0.112049, 0.993573
65.675, -9.8678, -11.9253, 1214.29, -0.0322168, -0.120334, 0.992211
65.795, -9.59845, -11.9253, 1214.16, -0.103311, -0.093356, 0.990258
65.915, -9.45204, -11.9253, 1214.09, -0.159572, -0.0575647, 0.985506
66.035, -9.51356, -11.9253, 1214.06, -0.193914, -0.0356631, 0.98037
66.156, -9.81475, -11.9253, 1214.01, -0.184238, 0.00050991, 0.982881
66.276, -10.2576, -11.9253, 1214.08, -0.119074, 0.0345472, 0.992284
66.396, -10.4112, -11.9253, 1214.23, -0.0679216, 0.0026488, 0.997687
66.516, -10.4006, -11.9253, 1214.25, -0.04875, -0.0396924, 0.998022
66.636, -10.2666, -11.9253, 1214.2, -0.0647337, -0.0353889, 0.997275
66.756, -9.89605, -11.9253, 1214.11, -0.104826, -0.0332843, 0.993933
66.877, -9.64126, -11.9253, 1214.08, -0.130541, -0.0286073, 0.99103
66.997, -9.58603, -11.9253, 1214.08, -0.115287, -0.0230697, 0.993064
67.117, -9.79842, -11.9253, 1214.08, -0.0782183, -0.0270323, 0.99657
67.237, -9.80319, -11.9253, 1214.8, -0.0298011, -0.0394816, 0.998776
67.357, -9.80798, -11.9253, 1215.51, 0.047937, -0.0191974, 0.998666
67.478, -9.8128, -11.9253, 1216.23, 0.11239, -0.0357765, 0.99302
67.598, -9.81759, -11.9253, 1216.94, 0.124904, -0.0470073, 0.991055
67.718, -9.82835, -11.9253, 1218.35, 0.11048, -0.0192702, 0.993692
67.838, -9.86827, -11.9253, 1221.85, 0.0851232, -0.000340829, 0.99637
67.958, -9.86705, -11.9253, 1225.36, 0.0521766, -0.0113352, 0.998573
68.078, -9.86582, -11.9253, 1228.86, 0.0420881, -0.0210908, 0.998891
68.199, -9.86459, -11.9253, 1232.39, 0.0668565, -0.0107315, 0.997705
68.319, -9.83104, -11.9253, 1236.49, 0.14492, 0.0164008, 0.989307
68.439, -9.78298, -11.9253, 1240.6, 0.188122, 0.0210481, 0.98192
68.559, -9.73491, -11.9253, 1244.7, 0.223019, -0.021571, 0.974575
68.679, -9.68685, -11.9253, 1248.8, 0.215817, -0.0343344, 0.97583
68.799, -10.7311, -11.9253, 1251.77, 0.193941, -0.00380803, 0.981006
68.92, -10.3338, -11.9253, 1251.72, 0.169196, 0.022457, 0.985326
69.04, -10.203, -11.9253, 1251.71, 0.152481, 0.0230326, 0.988038
69.16, -10.3219, -11.9253, 1251.67, 0.161779, 0.0187196, 0.986649
69.28, -10.4775, -11.9253, 1252.45, 0.207018, 0.0335039, 0.977763
69.4, -10.4724, -11.9253, 1254.05, 0.253296, 0.0470753, 0.966243
69.52, -10.4674, -11.9253, 1255.66, 0.301795, 0.064421, 0.951194
69.641, -10.4624, -11.9253, 1257.27, 0.322121, 0.0564217, 0.945016
69.761, -10.4574, -11.9253, 1258.88, 0.318286, 0.0577308, 0.946235
69.881, -10.4524, -11.9253, 1260.48, 0.291948, 0.0603565, 0.954528
70.001, -10.456, -11.9253, 1262.08, 0.265837, 0.0508037, 0.962678
70.121, -10.4594, -11.9253, 1263.68, 0.234808, 0.0214402, 0.971805
70.241, -10.4627, -11.9253, 1265.29, 0.246734, -0.00567297, 0.969067
70.362, -11.2338, -11.9253, 1266.25, 0.281012, -0.0237835, 0.959409
70.482, -11.5114, -11.9253, 1266.39, 0.356787, -0.035499, 0.933511
70.602, -11.5963, -11.9253, 1266.46, 0.40051, -0.0700609, 0.91361
70.722, -11.4946, -11.9253, 1266.41, 0.407076, -0.083569, 0.909563
70.842, -11.3264, -11.9253, 1266.55, 0.357771, -0.0617195, 0.931768
70.963, -11.3203, -11.9253, 1267.48, 0.317509, -0.0271495, 0.947867
71.083, -11.3142, -11.9253, 1268.4, 0.286276, 0.00338669, 0.958141
71.203, -11.3081, -11.9253, 1269.33, 0.276263, -0.000432263, 0.961082
71.323, -11.302, -11.9253, 1270.25, 0.297979, -0.00452, 0.954562
71.443, -11.2959, -11.9253, 1271.17, 0.342018, -0.0103129, 0.939637
71.563, -11.2898, -11.9253, 1272.1, 0.37262, -0.00895921, 0.927941
71.684, -11.2836, -11.9253, 1273.03, 0.402661, -0.060868, 0.913323
71.804, -11.2775, -11.9253, 1273.95, 0.422991, -0.0700423, 0.903423
71.924, -11.2714, -11.9253, 1274.88, 0.444926, -0.0762005, 0.892319
72.044, -11.2653, -11.9253, 1275.8, 0.479055, -0.079081, 0.874215
72.164, -11.2592, -11.9253, 1276.72, 0.493413, -0.0745096, 0.866598
72.284, -11.2531, -11.9253, 1277.65, 0.508111, -0.0622191, 0.859042
72.405, -11.2491, -11.9253, 1278.63, 0.542639, -0.0308692, 0.839398
72.525, -11.2518, -11.9253, 1279.62, 0.565263, -0.0301413, 0.82436
72.645, -11.264, -11.9253, 1280.61, 0.593366, -0.0556259, 0.803008
72.765, -11.2762, -11.9253, 1281.6, 0.605024, -0.0932841, 0.790724
72.885, -11.3126, -11.9253, 1283.29, 0.597306, -0.0964715, 0.79619
73.005, -11.5085, -11.9253, 1287.08, 0.585686, -0.0799751, 0.806583
73.126, -11.6854, -11.9253, 1290.9, 0.580198, -0.0870038, 0.809815
73.246, -11.8609, -11.9253, 1294.68, 0.607929, -0.094559, 0.78834
73.366, -12.0455, -11.9253, 1298.64, 0.635442, -0.0954228, 0.76623
73.486, -12.1638, -11.9253, 1303.12, 0.693653, -0.104708, 0.712658
73.606, -12.2763, -11.9253, 1307.6, 0.748519, -0.0955025, 0.6562
73.727, -12.3897, -11.9253, 1312.11, 0.765181, -0.111323, 0.634117
73.847, -13.0409, -11.9253, 1317.09, 0.75312, -0.167845, 0.636112
73.967, -12.9164, -11.9253, 1317.87, 0.717943, -0.18619, 0.670739
74.087, -13.0161, -11.9253, 1321.13, 0.677952, -0.218019, 0.702031
74.207, -13.0566, -11.9253, 1324.39, 0.643693, -0.255083, 0.72152
74.327, -13.0839, -11.9253, 1327.65, 0.61108, -0.261609, 0.747089
74.448, -13.1126, -11.9253, 1330.93, 0.598003, -0.253671, 0.760291
74.568, -13.0998, -11.9253, 1335.04, 0.627295, -0.258043, 0.734789
74.688, -13.0493, -11.9253, 1339.14, 0.6406, -0.263524, 0.72124
74.808, -13.0007, -11.9253, 1343.24, 0.61097, -0.266024, 0.745618
74.928, -12.9521, -11.9253, 1347.34, 0.507917, -0.23271, 0.829377
75.048, -12.9035, -11.9253, 1351.46, 0.343553, -0.138545, 0.928858
75.169, -12.8393, -11.9253, 1355.6, 0.24348, -0.0903604, 0.965687
75.289, -12.7724, -11.9253, 1359.72, -0.0363825, -0.090632, -0.99522
75.409, -12.7056, -11.9253, 1363.83, 0.181311, -0.0594848, 0.981625
75.529, -12.6467, -11.9253, 1368.22, 0.186004, -0.0336598, 0.981972
75.649, -12.583, -11.9253, 1372.7, 0.211318, 0.0530507, 0.975977
75.769, -12.5155, -11.9253, 1377.17, 0.224881, 0.0649658, 0.972218
75.89, -12.4475, -11.9253, 1381.69, 0.223041, 0.109564, 0.968632
76.01, -13.4324, -11.9253, 1384.03, 0.213066, 0.188994, 0.958584
76.13, -13.0496, -11.9253, 1384, 0.204176, 0.189737, 0.960371
76.25, -12.7368, -11.9253, 1384.52, -0.200676, -0.189807, -0.961095
76.37, -12.7517, -11.9253, 1383.99, 0.22024, 0.136442, 0.965856
76.49, -12.812, -11.9253, 1384.82, 0.23308, 0.136592, 0.962817
76.611, -12.741, -11.9253, 1386.49, 0.26129, 0.165415, 0.950981
76.731, -12.6669, -11.9253, 1388.16, 0.273706, 0.164362, 0.947666
76.851, -12.5927, -11.9253, 1389.82, 0.293527, 0.133064, 0.946644
76.971, -12.5185, -11.9253, 1391.48, 0.277816, 0.11771, 0.953395
77.091, -12.4168, -11.9253, 1395.27, 0.25124, 0.139811, 0.957774
77.212, -12.355, -11.9253, 1399.09, 0.217454, 0.153338, 0.963951
77.332, -12.2942, -11.9253, 1402.88, 0.203881, 0.149432, 0.967524
77.452, -12.2333, -11.9253, 1406.67, 0.211878, 0.156812, 0.964633
77.572, -12.1679, -11.9253, 1410.46, 0.246401, 0.167978, 0.9545
77.692, -12.0931, -11.9253, 1414.24, 0.278252, 0.172191, 0.944948
77.812, -12.0547, -11.9253, 1418.02, 0.316064, 0.146974, 0.937285
77.933, -12.0204, -11.9253, 1421.83, 0.289141, 0.112188, 0.95069
78.053, -11.9768, -11.9253, 1425.69, 0.252895, 0.107487, 0.961504
78.173, -11.9213, -11.9253, 1429.79, 0.219569, 0.114049, 0.968908
78.293, -11.8697, -11.9253, 1433.9, 0.210168, 0.106953, 0.971798
78.413, -11.818, -11.9253, 1438, 0.202725, 0.10664, 0.973412
78.533, -11.7688, -11.9253, 1442.2, 0.221711, 0.124572, 0.967123
78.654, -11.7631, -11.9253, 1446.71, 0.242017, 0.152432, 0.958224
78.774, -11.7665, -11.9253, 1451.19, 0.257902, 0.175418, 0.950113
78.894, -11.7733, -11.9253, 1455.67, 0.274609, 0.13326, 0.952277
79.014, -11.7801, -11.9253, 1460.14, 0.26841, 0.100458, 0.958053
79.134, -11.7941, -11.9253, 1464.26, 0.222974, 0.123606, 0.966956
79.254, -11.8158, -11.9253, 1468.37, 0.19874, 0.123445, 0.972247
79.375, -11.8377, -11.9253, 1472.52, 0.183222, 0.126404, 0.974911
79.495, -11.8594, -11.9253, 1476.64, 0.192935, 0.135365, 0.971829
79.615, -12.392, -11.9253, 1480.12, 0.224097, 0.138256, 0.96471
79.735, -12.4014, -11.9253, 1483.9, 0.266764, 0.133271, 0.954503
79.855, -12.4108, -11.9253, 1487.69, 0.288741, 0.131935, 0.948273
79.975, -12.4202, -11.9253, 1491.47, 0.279827, 0.113692, 0.953295
80.096, -12.4573, -11.9253, 1495.63, 0.259187, 0.117564, 0.958646
80.216, -12.5208, -11.9253, 1500.1, 0.222941, 0.157265, 0.962063
80.336, -12.5753, -11.9253, 1504.58, 0.193149, 0.163122, 0.967515
80.456, -12.6298, -11.9253, 1509.06, 0.185299, 0.221045, 0.957499
80.576, -12.685, -11.9253, 1513.44, 0.20207, 0.27935, 0.938686
80.697, -12.6888, -11.9253, 1517.58, 0.228392, 0.318371, 0.920042
80.817, -12.6699, -11.9253, 1521.68, 0.244502, 0.325536, 0.91337
80.937, -12.651, -11.9253, 1525.79, 0.274855, 0.353542, 0.894127
81.057, -12.6321, -11.9253, 1529.89, 0.264718, 0.37526, 0.888315
81.177, -12.6211, -11.9253, 1534, 0.268453, 0.484801, 0.832407
81.297, -12.5849, -11.9253, 1538.12, 0.292071, 0.519771, 0.802828
81.418, -12.5484, -11.9253, 1542.27, 0.271119, 0.525953, 0.806144
81.538, -12.5122, -11.9253, 1546.38, 0.262379, 0.520109, 0.8128
81.658, -12.4083, -11.9253, 1550.86, 0.236249, 0.561387, 0.793115
81.778, -12.2917, -11.9253, 1555.33, 0.243507, 0.569452, 0.78513
81.898, -12.1751, -11.9253, 1559.81, 0.235671, 0.495443, 0.836059
82.018, -12.0585, -11.9253, 1564.29, 0.205123, 0.381843, 0.901177
82.139, -13.2396, -11.9253, 1564.75, 0.197537, 0.323397, 0.925415
82.259, -12.8533, -11.9253, 1564.77, 0.180103, 0.300632, 0.936581
82.379, -12.4977, -11.9253, 1564.93, 0.149767, 0.16813, 0.974321
82.499, -12.4925, -11.9253, 1565.07, 0.163245, -0.0280246, 0.986187
82.619, -12.564, -11.9253, 1565.47, 0.213115, -0.0784485, 0.973873
82.739, -12.5686, -11.9253, 1567.01, 0.28847, 0.00039516, 0.957489
82.86, -12.5733, -11.9253, 1568.57, 0.317512, 0.0326046, 0.947693
82.98, -12.578, -11.9253, 1570.11, 0.341807, 0.0266633, 0.939392
83.1, -12.5826, -11.9253, 1571.66, 0.331428, -0.0102956, 0.943424
83.22, -12.6007, -11.9253, 1573.2, 0.308712, -0.00358121, 0.951149
83.34, -12.6229, -11.9253, 1574.75, 0.280563, -0.00269601, 0.959832
83.461, -12.6453, -11.9253, 1576.3, 0.31318, -0.0321291, 0.94915
83.581, -12.6674, -11.9253, 1577.85, 0.347714, -0.0163739, 0.937458
83.701, -12.6944, -11.9253, 1579.44, 0.385265, -0.00482157, 0.922793
83.821, -12.712, -11.9253, 1581.04, 0.403117, -0.000809786, 0.915148
83.941, -12.7258, -11.9253, 1582.64, 0.429526, 0.0255043, 0.902694
84.061, -12.7397, -11.9253, 1584.24, 0.444731, 0.00275292, 0.89566
84.182, -12.7536, -11.9253, 1585.85, 0.433621, 0.00733932, 0.901065
84.302, -12.7761, -11.9253, 1587.45, 0.398655, 0.0296421, 0.916622
84.422, -12.8073, -11.9253, 1589.05, 0.376056, 0.0451126, 0.925498
84.542, -12.8384, -11.9253, 1590.65, 0.354946, 0.0267379, 0.934504
84.662, -12.8696, -11.9253, 1592.26, 0.361103, 0.0244721, 0.932205
84.782, -13.5619, -11.9253, 1594.17, 0.386243, 0.0209236, 0.92216
84.903, -13.5497, -11.9253, 1595.67, 0.42237, 0.0252018, 0.906073
85.023, -13.5346, -11.9253, 1597.16, 0.448845, 0.0253495, 0.89325
85.143, -13.5194, -11.9253, 1598.65, 0.468672, 0.0289097, 0.882899
85.263, -13.5005, -11.9253, 1600.71, 0.481095, 0.0444814, 0.875539
85.383, -13.4949, -11.9253, 1604.49, 0.49312, 0.060774, 0.867836
85.503, -13.4579, -11.9253, 1608.27, 0.507498, 0.0610896, 0.859485
85.624, -13.4207, -11.9253, 1612.09, 0.501253, 0.040612, 0.864347
85.744, -13.3837, -11.9253, 1615.87, 0.513929, 0.0423257, 0.856788
85.864, -13.9062, -11.9253, 1617.8, 0.564103, 0.0307318, 0.825132
85.984, -14.1912, -11.9253, 1617.89, 0.583848, 0.0650884, 0.80925
86.104, -14.2712, -11.9253, 1617.91, 0.599487, 0.0590782, 0.798201
86.224, -14.1504, -11.9253, 1617.86, 0.566203, 0.0550583, 0.822425
86.345, -13.9901, -11.9253, 1617.77, 0.523403, 0.0929158, 0.847004
86.465, -13.7051, -11.9253, 1617.73, 0.453769, 0.140781, 0.879929
86.585, -13.4909, -11.9253, 1617.76, 0.410446, 0.119352, 0.904041
86.705, -13.4909, -11.9253, 1617.76, 0.389791, 0.0809299, 0.91734
86.825, -13.79, -11.9253, 1617.74, 0.413589, 0.0618949, 0.908357
86.946, -14.0899, -11.9253, 1617.83, 0.460849, 0.0336645, 0.88684
87.066, -14.3346, -11.9253, 1617.96, 0.508166, 0.019417, 0.86104
87.186, -14.3346, -11.9253, 1617.96, 0.537367, 0.000644717, 0.843348
87.306, -14.1703, -11.9253, 1617.88, 0.539292, 0.0123668, 0.842028
87.426, -13.8515, -11.9253, 1617.79, 0.519158, 0.0795495, 0.850968
87.546, -13.6192, -11.9253, 1617.81, 0.496988, 0.0650104, 0.865319
87.667, -13.4938, -11.9253, 1617.85, 0.469635, 0.0184425, 0.882668
87.787, -13.5429, -11.9253, 1617.87, 0.466131, 0.00818482, 0.884678
87.907, -13.8406, -11.9253, 1617.92, 0.505784, -0.000986744, 0.862659
88.027, -14.1713, -11.9253, 1618.05, 0.553194, -0.00843019, 0.83301
88.147, -14.3023, -11.9253, 1618.12, 0.576353, -0.0122761, 0.817109
88.267, -14.3023, -11.9253, 1618.12, 0.5858, -0.0224514, 0.810145
88.388, -14.1752, -11.9253, 1618.07, 0.558854, -0.00570666, 0.829247
88.508, -13.8367, -11.9253, 1617.96, 0.516644, 0.0323525, 0.855589
88.628, -13.5243, -11.9253, 1617.94, 0.474083, 0.02584, 0.880101
88.748, -13.5243, -11.9253, 1617.94, 0.444665, 0.00483116, 0.895684
88.868, -13.6596, -11.9253, 1617.92, 0.437658, 0.00306418, 0.899136
88.988, -13.8214, -11.9253, 1618.12, 0.441644, -0.0198559, 0.896971
89.109, -13.8122, -11.9253, 1618.47, 0.445622, -0.0243268, 0.89489
89.229, -13.8031, -11.9253, 1618.83, 0.447501, -0.0246949, 0.893942
89.349, -13.794, -11.9253, 1619.18, 0.438936, -0.0422484, 0.897524
89.469, -13.7848, -11.9253, 1619.53, 0.391156, -0.0343642, 0.919682
89.589, -13.777, -11.9253, 1619.88, 0.33868, -0.0184955, 0.94072
89.709, -13.7701, -11.9253, 1620.24, 0.311915, -0.0119861, 0.950034
89.83, -13.7631, -11.9253, 1620.59, 0.297975, -0.00816533, 0.954539
89.95, -13.7562, -11.9253, 1620.94, 0.311589, 0.00547369, 0.950201
90.07, -13.769, -11.9253, 1622.55, 0.328478, -0.00194737, 0.944509
90.19, -13.7817, -11.9253, 1624.15, 0.341926, -0.0148652, 0.939609
90.31, -13.7945, -11.9253, 1625.75, 0.347659, -0.0369389, 0.936893
90.431, -13.8074, -11.9253, 1627.37, 0.330754, -0.0450393, 0.942642
90.551, -13.9212, -11.9253, 1628.97, 0.299815, -0.0354405, 0.953339
90.671, -14.0328, -11.9253, 1630.57, 0.259026, -0.0261536, 0.965516
90.791, -14.1443, -11.9253, 1632.17, 0.23212, -0.0273908, 0.972301
90.911, -14.2558, -11.9253, 1633.77, 0.228035, -0.0258849, 0.973309
91.031, -14.3677, -11.9253, 1635.36, 0.250715, -0.012613, 0.967979
91.152, -14.4347, -11.9253, 1636.98, 0.278876, -0.0118813, 0.960254
91.272, -14.4773, -11.9253, 1638.58, 0.307172, -0.0290294, 0.951211
91.392, -14.5199, -11.9253, 1640.18, 0.325964, -0.0344803, 0.944753
91.512, -14.5624, -11.9253, 1641.79, 0.310813, -0.02684, 0.950092
91.632, -14.6416, -11.9253, 1645.57, 0.265034, -0.0202561, 0.964026
91.752, -14.7079, -11.9253, 1649.35, 0.221622, -0.0338895, 0.974544
91.873, -14.7747, -11.9253, 1653.16, 0.204237, -0.0387617, 0.978154
91.993, -14.8409, -11.9253, 1656.94, 0.21673, -0.0198957, 0.976029
92.113, -14.8794, -11.9253, 1660.96, 0.25589, -0.0172368, 0.966552
92.233, -14.8607, -11.9253, 1665.06, 0.308088, -0.0257115, 0.95101
92.353, -14.8419, -11.9253, 1669.17, 0.336926, -0.0358381, 0.940849
92.473, -14.8232, -11.9253, 1673.27, 0.33604, -0.0336732, 0.941246
92.594, -14.7335, -11.9253, 1677.41, 0.315396, -0.0165014, 0.948817
92.714, -14.65, -11.9253, 1681.51, 0.279705, -0.000372976, 0.960086
92.834, -14.5801, -11.9253, 1685.61, 0.234463, -0.00493887, 0.972113
92.954, -14.5102, -11.9253, 1689.71, 0.231381, 0.00806095, 0.97283
93.074, -14.4356, -11.9253, 1694.01, 0.25778, 0.0157664, 0.966075
93.195, -14.32, -11.9253, 1698.54, 0.306385, 0.00798633, 0.951874
93.315, -14.2023, -11.9253, 1703.03, 0.325489, -0.0087238, 0.945505
93.435, -14.0845, -11.9253, 1707.52, 0.336631, -0.0200451, 0.941423
93.555, -14.8959, -11.9253, 1711.75, 0.30966, 0.0104578, 0.95079
93.675, -14.686, -11.9253, 1715.84, 0.277097, 0.0396442, 0.960024
93.795, -14.5257, -11.9253, 1719.94, 0.239897, 0.0517899, 0.969416
93.916, -14.3639, -11.9253, 1724.08, 0.23184, 0.0470582, 0.971615
94.036, -14.2036, -11.9253, 1728.18, 0.240505, 0.0392164, 0.969855
94.156, -14.7578, -11.9253, 1731.74, 0.265814, 0.0530803, 0.962562
94.276, -14.6502, -11.9253, 1735.52, 0.282816, 0.0604466, 0.957268
94.396, -14.5451, -11.9253, 1739.3, 0.290027, 0.0667619, 0.954687
94.516, -14.4401, -11.9253, 1743.08, 0.291512, 0.0539572, 0.955044
94.637, -15.2822, -11.9253, 1747.03, 0.267798, 0.071986, 0.960782
94.757, -15.2232, -11.9253, 1750.53, 0.219626, 0.102039, 0.970233
94.877, -15.191, -11.9253, 1754.03, 0.187672, 0.105967, 0.976499
94.997, -15.1588, -11.9253, 1757.53, 0.160924, 0.101946, 0.981687
95.117, -15.1312, -11.9253, 1761.04, 0.166595, 0.113662, 0.979452
95.237, -15.0859, -11.9253, 1765.53, 0.193569, 0.122252, 0.97344
95.358, -14.9951, -11.9253, 1770.06, 0.230747, 0.130929, 0.964165
95.478, -14.9057, -11.9253, 1774.55, 0.245881, 0.118628, 0.962014
95.598, -14.8163, -11.9253, 1779.04, 0.230607, 0.103983, 0.967475
95.718, -15.8826, -11.9253, 1781.2, 0.181331, 0.10001, 0.978324
95.838, -15.8341, -11.9253, 1784.71, 0.134353, 0.107218, 0.985116
95.958, -15.7891, -11.9253, 1788.21, 0.107486, 0.122834, 0.986589
96.079, -15.7435, -11.9253, 1791.74, 0.109847, 0.11634, 0.987116
96.199, -15.6996, -11.9253, 1795.24, 0.149363, 0.126206, 0.980695
96.319, -15.6431, -11.9253, 1799.34, 0.179596, 0.134193, 0.974545
96.439, -15.6025, -11.9253, 1803.45, 0.215397, 0.139706, 0.966481
96.559, -15.5701, -11.9253, 1807.55, 0.249881, 0.0860714, 0.964444
96.68, -15.5375, -11.9253, 1811.69, 0.252655, 0.0721295, 0.964864
96.8, -16.5448, -11.9253, 1815.64, 0.244556, 0.0981954, 0.96465
96.92, -16.5163, -11.9253, 1819.42, 0.246491, 0.0830887, 0.965577
97.04, -16.4819, -11.9253, 1823.2, 0.258345, 0.067462, 0.963694
97.16, -16.4475, -11.9253, 1826.99, 0.281656, 0.0716981, 0.956833
97.28, -16.3969, -11.9253, 1831.12, 0.30885, 0.0909325, 0.946754
97.401, -16.2953, -11.9253, 1835.65, 0.345585, 0.0843621, 0.934588
97.521, -16.1901, -11.9253, 1840.14, 0.383078, 0.0759913, 0.920585
97.641, -16.085, -11.9253, 1844.63, 0.404894, 0.0652931, 0.91203
97.761, -17.0234, -11.9253, 1849.16, 0.390745, 0.0771475, 0.91726
97.881, -16.979, -11.9253, 1853.26, 0.344461, 0.111603, 0.932144
98.001, -16.9539, -11.9253, 1857.37, 0.29463, 0.112467, 0.94897
98.122, -16.9241, -11.9253, 1861.5, 0.288607, 0.0909393, 0.953119
98.242, -16.8946, -11.9253, 1865.61, 0.3164, 0.101506, 0.943179
98.362, -17.336, -11.9253, 1869.44, 0.355026, 0.0944981, 0.930068
98.482, -17.3005, -11.9253, 1873.23, 0.409109, 0.087853, 0.908247
98.602, -17.2701, -11.9253, 1877.01, 0.455115, 0.07864, 0.886953
98.722, -17.2397, -11.9253, 1880.79, 0.472332, 0.0487344, 0.880072
98.843, -18.0172, -11.9253, 1884.8, 0.458892, 0.0528218, 0.886921
98.963, -17.616, -11.9253, 1884.73, 0.448554, 0.117844, 0.885953
99.083, -17.3058, -11.9253, 1884.78, 0.474307, 0.0864329, 0.876106
99.203, -17.2529, -11.9253, 1884.78, 0.539435, 0.089318, 0.837277
99.323, -17.2515, -11.9253, 1885.18, 0.656245, 0.160965, 0.737179
99.443, -17.2394, -11.9253, 1886.79, 0.705118, 0.178616, 0.686226
99.564, -17.2202, -11.9253, 1888.4, 0.747955, 0.138202, 0.649203
99.684, -17.2013, -11.9253, 1890.01, 0.804209, 0.0511278, 0.592144
99.804, -17.1783, -11.9253, 1892.33, 0.83805, 0.0101628, 0.545498
99.924, -17.1923, -11.9253, 1896.8, 0.832337, -0.0190724, 0.553942
100.044, -17.1879, -11.9253, 1901.28, 0.785823, -0.0492433, 0.616488
100.165, -17.1812, -11.9253, 1905.8, 0.698797, -0.0862922, 0.710096
100.285, -17.1718, -11.9253, 1910.28, 0.569239, -0.0938671, 0.816796
100.405, -17.1609, -11.9253, 1914.75, 0.400148, -0.0788698, 0.913051
100.525, -17.156, -11.9253, 1919.23, 0.224543, -0.0483925, 0.973262
100.645, -17.1527, -11.9253, 1923.71, 0.1472, -0.0282762, 0.988703
100.765, -18.2616, -11.9253, 1928.07, 0.0935414, 0.0151798, 0.9955
100.886, -18.1003, -11.9253, 1929.82, 0.0662516, 0.0862459, 0.994069
101.006, -18.1124, -11.9253, 1933.32, 0.0813289, 0.0863034, 0.992944
101.126, -18.1302, -11.9253, 1936.82, 0.110201, 0.0458252, 0.992852
101.246, -18.1481, -11.9253, 1940.33, 0.133271, 0.0244348, 0.990778
101.366, -18.1518, -11.9253, 1944.32, 0.155773, 0.020735, 0.987575
101.486, -18.1326, -11.9253, 1948.81, 0.189756, 0.0348115, 0.981214
101.607, -18.1168, -11.9253, 1953.34, 0.224429, 0.0323959, 0.973952
101.727, -18.103, -11.9253, 1957.83, 0.262968, 0.010073, 0.964752
101.847, -19.1, -11.9253, 1961.37, 0.177337, -0.0873787, 0.980264
101.967, -19.1016, -11.9253, 1965.15, 0.14565, -0.0924433, 0.985008
102.087, -19.0939, -11.9253, 1968.93, 0.145862, -0.0473469, 0.988171
102.207, -19.0839, -11.9253, 1972.71, 0.146879, -0.0299216, 0.988702
102.328, -19.0738, -11.9253, 1976.53, 0.147569, -0.0156308, 0.988928
102.448, -19.0544, -11.9253, 1980.31, 0.186798, -0.0183729, 0.982226
102.568, -18.9988, -11.9253, 1984.09, 0.25101, -0.0150708, 0.967867
102.688, -18.9488, -11.9253, 1987.87, 0.335075, -0.00978568, 0.942141
102.808, -18.8988, -11.9253, 1991.65, 0.372071, -0.0406696, 0.927313
102.929, -18.8412, -11.9253, 1995.46, 0.398017, -0.0474416, 0.916151
103.049, -18.7913, -11.9253, 1999.24, 0.39171, -0.0124874, 0.920004
103.169, -18.7586, -11.9253, 2003.02, 0.37092, -0.0152938, 0.928539
103.289, -18.7258, -11.9253, 2006.8, 0.348662, -0.0424047, 0.936289
103.409, -18.6931, -11.9253, 2010.58, 0.384522, -0.0215259, 0.922865
103.529, -18.7178, -11.9253, 2015.08, 0.434581, 0.0100816, 0.900576
103.65, -18.7262, -11.9253, 2019.61, 0.493132, 0.0531252, 0.868331
103.77, -18.7344, -11.9253, 2024.1, 0.515773, 0.0608476, 0.854562
103.89, -18.7427, -11.9253, 2028.59, 0.521924, 0.0489316, 0.851587
104.01, -19.4939, -11.9253, 2032.55, 0.482686, 0.0689789, 0.873073
104.13, -19.5488, -11.9253, 2036.65, 0.45603, 0.0812995, 0.886243
104.25, -19.6037, -11.9253, 2040.76, 0.449232, 0.0771075, 0.890082
104.371, -19.6643, -11.9253, 2045.23, 0.460297, 0.0936885, 0.882808
104.491, -19.6977, -11.9253, 2050.68, 0.456071, 0.096959, 0.884646
104.611, -19.7257, -11.9253, 2056.12, 0.425797, 0.121916, 0.896568
104.731, -19.7536, -11.9253, 2061.57, 0.410351, 0.132785, 0.902208
104.851, -20.8711, -11.9253, 2065.16, 0.401926, 0.122027, 0.907505
104.971, -20.9398, -11.9253, 2069.27, 0.376202, 0.148659, 0.914534
105.092, -21.0216, -11.9253, 2073.42, 0.349185, 0.212372, 0.912671
105.212, -21.0952, -11.9253, 2077.53, 0.326983, 0.224896, 0.91788
105.332, -21.1688, -11.9253, 2081.64, 0.321322, 0.209726, 0.923454
105.452, -21.2256, -11.9253, 2085.75, 0.333318, 0.218981, 0.917031
105.572, -21.2768, -11.9253, 2089.85, 0.340102, 0.216212, 0.915196
105.692, -21.328, -11.9253, 2093.95, 0.389576, 0.109068, 0.914513
105.813, -21.3796, -11.9253, 2098.09, 0.413769, 0.0617742, 0.908284
105.933, -22.0173, -11.9253, 2101.1, 0.397719, 0.0698193, 0.914847
106.053, -21.696, -11.9253, 2101.1, 0.331471, 0.0899961, 0.939163
106.173, -21.5877, -11.9253, 2101.12, 0.282721, 0.0236075, 0.958912
106.293, -21.6398, -11.9253, 2101.12, 0.259663, -0.0101866, 0.965646
106.414, -21.9538, -11.9253, 2101.16, 0.231892, -0.0376655, 0.972012
106.534, -22.2656, -11.9253, 2101.25, 0.217205, -0.0259819, 0.97578
106.654, -22.5219, -11.9253, 2101.36, 0.178696, 0.0164449, 0.983767
106.774, -22.5219, -11.9253, 2101.36, 0.182364, 0.0187367, 0.983053
106.894, -22.3299, -11.9253, 2101.27, 0.159116, 0.0277058, 0.986871
107.014, -21.9281, -11.9253, 2101.21, 0.114948, 0.041518, 0.992504
107.135, -21.7064, -11.9253, 2101.2, 0.0942165, 0.0264307, 0.995201
107.255, -21.7073, -11.9253, 2101.18, 0.0847065, 0.00474712, 0.996395
107.375, -21.8008, -11.9253, 2101.53, 0.0983635, 0.014169, 0.99505
107.495, -21.8032, -11.9253, 2102.25, 0.109174, 0.0221649, 0.993775
107.615, -21.8057, -11.9253, 2102.98, 0.134145, 0.00791556, 0.99093
107.735, -21.8081, -11.9253, 2103.7, 0.134247, -0.0351149, 0.990326
107.856, -21.8106, -11.9253, 2104.44, 0.0903641, -0.0744958, 0.993119
107.976, -21.5957, -11.9253, 2108.21, 0.020799, -0.0487489, 0.998595
108.096, -21.433, -11.9253, 2111.99, -0.0293407, -0.025985, 0.999232
108.216, -21.2735, -11.9253, 2115.76, -0.0772443, -0.0345651, 0.996413
108.336, -21.1139, -11.9253, 2119.54, -0.108824, -0.0435854, 0.993105
108.456, -21.5138, -11.9253, 2123.01, -0.130024, -0.0476699, 0.990364
108.577, -21.3972, -11.9253, 2126.54, -0.134668, -0.00356129, 0.990884
108.697, -21.2844, -11.9253, 2130.04, -0.171112, -0.026891, 0.984885
108.817, -21.1715, -11.9253, 2133.54, -0.258365, -0.110554, 0.959701
108.937, -21.0637, -11.9253, 2137.04, -0.290518, -0.0995051, 0.951681
109.057, -20.9361, -11.9253, 2141.16, -0.258492, -0.119492, 0.958595
109.177, -20.8769, -11.9169, 2145.27, -0.139006, -0.144194, 0.979737
109.298, -20.8177, -11.9032, 2149.42, -0.168112, -0.158443, 0.972951
109.418, -20.7578, -11.8968, 2153.53, -0.38152, -0.114784, 0.917206
109.538, -21.7173, -11.8952, 2157.28, -0.509833, -0.0826426, 0.856295
109.658, -21.6073, -11.8952, 2161.06, -0.545795, -0.0785839, 0.834225
109.778, -21.524, -11.8952, 2164.84, -0.626279, -0.143278, 0.76632
109.899, -21.44, -11.8952, 2168.65, -0.66694, -0.156123, 0.728572
110.019, -21.3541, -11.8952, 2173.28, -0.748693, -0.158329, 0.643732
110.139, -21.2795, -11.8904, 2178.2, -0.807659, -0.129968, 0.575147
110.259, -21.2075, -11.8903, 2183.12, -0.826221, -0.103205, 0.553811
110.379, -21.1354, -11.8903, 2188.04, -0.8221, -0.103913, 0.559779
110.499, -21.0511, -11.8903, 2192.64, -0.757034, -0.0947015, 0.646476
110.62, -20.9614, -11.8903, 2197.17, -0.51478, -0.086474, 0.85295
110.74, -20.8836, -11.8903, 2201.66, -0.217049, -0.0761337, 0.973187
110.86, -20.8058, -11.8903, 2206.15, -0.0698676, -0.0528864, 0.996153
110.98, -22.157, -11.8903, 2210.48, 0.0792002, -0.0378633, 0.996139
111.1, -22.1488, -11.8903, 2214.58, 0.138174, -0.0259176, 0.990069
111.22, -22.1419, -11.8903, 2218.68, 0.175793, -0.0324936, 0.983891
111.341, -22.1348, -11.8903, 2222.82, 0.226706, -0.00715859, 0.973937
111.461, -22.1158, -11.8903, 2227.11, 0.281463, 0.00942746, 0.959526
111.581, -21.9871, -11.8903, 2231.58, 0.336867, 0.0359702, 0.940865
111.701, -21.8395, -11.8903, 2236.06, 0.368042, 0.0446709, 0.928735
111.821, -21.692, -11.8903, 2240.54, 0.384262, 0.0375094, 0.922462
111.941, -22.505, -11.8903, 2243.99, 0.371555, 0.0472107, 0.92721
112.062, -22.3619, -11.8903, 2246.58, 0.348009, 0.0567346, 0.935773
112.182, -22.2548, -11.8903, 2250.09, 0.317556, 0.0582816, 0.946447
112.302, -22.1457, -11.8903, 2253.59, 0.305426, 0.0872394, 0.948211
112.422, -22.0365, -11.8903, 2257.09, 0.309569, 0.151441, 0.93874
112.542, -21.9281, -11.8903, 2260.66, 0.331449, 0.199919, 0.922049
112.662, -21.7878, -11.8903, 2264.45, 0.354978, 0.197489, 0.913777
112.783, -21.6568, -11.8903, 2268.27, 0.379879, 0.146973, 0.913286
112.903, -21.5269, -11.8903, 2272.06, 0.378967, 0.124043, 0.917059
113.023, -21.4018, -11.8903, 2275.85, 0.347288, 0.141664, 0.926996
113.143, -21.3136, -11.8903, 2279.95, 0.309372, 0.145524, 0.93974
113.263, -21.2381, -11.8903, 2284.05, 0.297059, 0.141888, 0.944258
113.384, -21.1619, -11.8903, 2288.19, 0.285729, 0.141848, 0.947754
113.504, -21.0863, -11.8903, 2292.29, 0.302603, 0.124128, 0.944999
113.624, -21.0738, -11.8903, 2296.39, 0.345416, 0.116108, 0.931239
113.744, -21.0132, -11.8903, 2300.5, 0.378852, 0.176082, 0.908552
113.864, -20.9527, -11.8903, 2304.6, 0.393382, 0.178377, 0.901905
113.984, -20.8921, -11.8903, 2308.7, 0.400093, 0.147307, 0.904558
114.105, -21.062, -11.8903, 2312.83, 0.390381, 0.105085, 0.914636
114.225, -21.2613, -11.8903, 2316.93, 0.394289, 0.0934515, 0.914223
114.345, -21.4086, -11.8903, 2321.03, 0.431793, 0.101069, 0.896292
114.465, -21.556, -11.8903, 2325.13, 0.463966, 0.103763, 0.879755
114.585, -21.7049, -11.8903, 2329.23, 0.483802, 0.0673217, 0.872584
114.705, -21.7097, -11.8903, 2333.35, 0.504256, -0.00949811, 0.863502
114.826, -21.6715, -11.8903, 2337.5, 0.513849, -0.0279452, 0.857426
114.946, -21.6337, -11.8903, 2341.61, 0.504111, -0.0478112, 0.862314
115.066, -21.5959, -11.8903, 2345.73, 0.452559, -0.0376093, 0.890941
115.186, -22.2481, -11.8903, 2349.74, 0.39267, -0.004701, 0.919667
115.306, -22.2452, -11.8903, 2353.52, 0.319275, -0.00407815, 0.947653
115.426, -22.2424, -11.8903, 2357.3, 0.285034, -0.0330654, 0.957947
115.547, -22.2395, -11.8903, 2361.11, 0.293387, -0.0202441, 0.955779
115.667, -22.1785, -11.8903, 2365.41, 0.333003, 0.00343315, 0.942919
115.787, -22.093, -11.8903, 2369.89, 0.37396, 0.0293263, 0.926981
115.907, -22.0076, -11.8903, 2374.37, 0.40313, -0.0158917, 0.915005
116.027, -21.9222, -11.8903, 2378.85, 0.392991, -0.0367891, 0.918806
116.148, -22.911, -11.8903, 2382.23, 0.33908, -0.0211842, 0.940519
116.268, -22.8418, -11.8903, 2386.01, 0.267721, 0.00807014, 0.963463
116.388, -22.7554, -11.8903, 2389.79, 0.234963, -0.00390907, 0.971996
116.508, -22.6689, -11.8903, 2393.57, 0.244201, -0.00420383, 0.969715
116.628, -22.5543, -11.8903, 2397.93, 0.260562, 0.0102663, 0.965403
116.748, -22.3883, -11.8903, 2402.86, 0.307199, 0.0248664, 0.95132
116.869, -22.2208, -11.8903, 2407.84, 0.358008, 0.0380688, 0.932942
116.989, -22.0548, -11.8903, 2412.77, 0.362973, 0.0265848, 0.93142
117.109, -23.0659, -11.8903, 2415, 0.338159, 0.0257916, 0.940736
117.229, -22.7336, -11.8903, 2414.95, 0.30157, 0.0684834, 0.950981
117.349, -22.247, -11.8903, 2414.97, 0.265093, 0.0781838, 0.961048
117.469, -22.1058, -11.8903, 2414.96, 0.252744, 0.0608045, 0.965621
117.59, -22.1769, -11.8903, 2414.95, 0.263686, 0.0596952, 0.96276
117.71, -22.1972, -11.8903, 2416.1, 0.289821, 0.0548634, 0.955507
117.83, -22.1534, -11.8903, 2417.64, 0.329181, 0.0696492, 0.941695
117.95, -22.1097, -11.8903, 2419.18, 0.349692, 0.043148, 0.935871
118.07, -22.066, -11.8903, 2420.72, 0.332515, 0.0460791, 0.941971
118.19, -22.0222, -11.8903, 2422.26, 0.299574, 0.0617306, 0.952074
118.311, -21.9885, -11.8903, 2423.82, 0.254228, 0.0623952, 0.96513
118.431, -21.9584, -11.8903, 2425.36, 0.227249, 0.0538648, 0.972346
118.551, -21.9283, -11.8903, 2426.91, 0.21242, 0.060165, 0.975324
118.671, -21.8924, -11.8903, 2428.51, 0.234042, 0.0532459, 0.970767
118.791, -21.8437, -11.8903, 2430.18, 0.264757, 0.0535405, 0.962828
118.911, -21.7951, -11.8903, 2431.84, 0.29834, 0.0491947, 0.953191
119.032, -21.746, -11.8903, 2433.52, 0.318282, 0.0606272, 0.946055
119.152, -21.6973, -11.8903, 2435.18, 0.306249, 0.117417, 0.944683
119.272, -21.6518, -11.8903, 2436.85, 0.27916, 0.199721, 0.939245
119.392, -21.6057, -11.8903, 2438.51, 0.265647, 0.192268, 0.944704
119.512, -21.5596, -11.8903, 2440.18, 0.253978, 0.198997, 0.946517
119.633, -21.7509, -11.8903, 2442.12, 0.274417, 0.204181, 0.939684
119.753, -21.7597, -11.8903, 2443.31, 0.30477, 0.184202, 0.934444
119.873, -21.7187, -11.8903, 2444.85, 0.336103, 0.170706, 0.926226
119.993, -21.6856, -11.8903, 2446.39, 0.343815, 0.138041, 0.928836
120.113, -21.6526, -11.8903, 2447.93, 0.297617, 0.130034, 0.945788
120.233, -21.5876, -11.8903, 2452.87, 0.231297, 0.165988, 0.958619
120.354, -21.5552, -11.8903, 2457.85, 0.213181, 0.19004, 0.958352
120.474, -21.523, -11.8903, 2462.78, 0.209917, 0.18099, 0.960821
120.594, -21.4853, -11.8903, 2467.72, 0.238172, 0.145698, 0.960232
120.714, -21.3671, -11.8903, 2472.64, 0.269889, 0.124156, 0.954854
120.834, -21.2376, -11.8903, 2477.55, 0.295752, 0.0806229, 0.951857
120.954, -21.1081, -11.8903, 2482.47, 0.296769, 0.0662799, 0.952646
121.075, -22.136, -11.8903, 2485.91, 0.270591, 0.0794169, 0.959413
121.195, -21.7171, -11.8903, 2485.85, 0.245707, 0.0944069, 0.964736
121.315, -21.3854, -11.8903, 2485.84, 0.236222, 0.0844644, 0.968021
121.435, -21.1933, -11.8903, 2485.79, 0.236414, 0.0768006, 0.968612
121.555, -21.2386, -11.8903, 2485.77, 0.24902, 0.0866052, 0.964618
121.675, -21.3591, -11.8903, 2486.52, 0.290376, 0.0773788, 0.953779
121.796, -21.3164, -11.8903, 2488.08, 0.312499, 0.0959296, 0.945062
121.916, -21.2758, -11.8903, 2489.62, 0.307195, 0.112205, 0.945009
122.036, -21.2351, -11.8903, 2491.16, 0.283344, 0.06363, 0.956905
122.156, -21.1962, -11.8903, 2492.71, 0.250282, 0.0365019, 0.967485
122.276, -21.167, -11.8903, 2494.25, 0.195212, 0.0355408, 0.980117
122.396, -21.1388, -11.8903, 2495.79, -0.116285, -0.167578, -0.978977
122.517, -21.1104, -11.8903, 2497.35, 0.180811, 0.0647577, 0.981384
122.637, -21.078, -11.8903, 2498.99, 0.244603, 0.103001, 0.964137
122.757, -21.0387, -11.8903, 2500.72, 0.278017, 0.110912, 0.954152
122.877, -21.0188, -11.8903, 2502.45, 0.29253, 0.114751, 0.949346
122.997, -20.9989, -11.8903, 2504.18, 0.282446, 0.125758, 0.951004
123.118, -20.9788, -11.8903, 2505.93, 0.28066, 0.13898, 0.949692
123.238, -20.9608, -11.8903, 2508.99, 0.271743, 0.167418, 0.947696
123.358, -20.9442, -11.8903, 2512.49, 0.257256, 0.15098, 0.954476
123.478, -20.9269, -11.8903, 2516, 0.255428, 0.163977, 0.952821
123.598, -20.9097, -11.8903, 2519.5, 0.292447, 0.195185, 0.936151
123.718, -20.8924, -11.8903, 2523, 0.335239, 0.220664, 0.915927
123.839, -21.9738, -11.8903, 2524.71, 0.425903, 0.133495, 0.894866
123.959, -21.9738, -11.8903, 2524.71, 0.480579, 0.087708, 0.872554
124.079, -21.7995, -11.8903, 2524.65, 0.492194, 0.0712986, 0.867561
124.199, -21.4502, -11.8903, 2524.56, 0.473776, 0.0845867, 0.876574
124.319, -21.1608, -11.8903, 2524.52, 0.443525, 0.109527, 0.889544
124.439, -21.0877, -11.8903, 2525.17, -0.364729, -0.221887, -0.904289
124.56, -21.1408, -11.8903, 2524.48, 0.407068, 0.0922878, 0.908724
124.68, -21.1895, -11.8903, 2524.96, 0.430222, 0.11985, 0.894732
124.8, -21.1784, -11.8903, 2525.98, 0.443286, 0.128393, 0.887137
124.92, -21.1673, -11.8903, 2526.99, 0.449737, 0.105919, 0.886858
125.04, -21.1562, -11.8903, 2528.01, 0.444185, 0.0539156, 0.894311
125.16, -21.1451, -11.8903, 2529.03, 0.411591, 0.0421976, 0.910392
125.281, -21.136, -11.8903, 2530.05, 0.37818, 0.0528023, 0.924225
125.401, -21.1332, -11.8903, 2531.07, 0.332148, 0.0539709, 0.941682
125.521, -21.1303, -11.8903, 2532.08, 0.308933, 0.070806, 0.948445
125.641, -21.1275, -11.8903, 2533.1, 0.298752, 0.0810999, 0.950879
125.761, -21.1245, -11.8903, 2534.22, 0.313497, 0.0671993, 0.947209
125.882, -21.1085, -11.8903, 2535.67, 0.32624, 0.0720335, 0.942538
126.002, -21.0896, -11.8903, 2537.11, 0.334182, 0.0794259, 0.939156
126.122, -21.0708, -11.8903, 2538.55, 0.324324, 0.0911556, 0.941544
126.242, -21.0383, -11.8903, 2540.75, 0.302973, 0.0783122, 0.949776
126.362, -21.0741, -11.8903, 2545.23, 0.256459, 0.0165625, 0.966413
126.482, -21.1673, -11.8903, 2549.7, 0.231933, 0.00530644, 0.972717
126.603, -21.2612, -11.8903, 2554.22, 0.218742, -0.00527976, 0.975768
126.723, -21.8554, -11.8903, 2558.52, 0.227199, -0.0329544, 0.973291
126.843, -21.84, -11.8903, 2562.63, 0.236569, -0.117377, 0.964499
126.963, -21.7679, -11.8903, 2566.73, 0.256138, -0.11231, 0.960094
127.083, -21.6971, -11.8903, 2570.83, 0.263205, -0.105809, 0.95892
127.203, -21.6264, -11.8903, 2574.93, 0.224247, -0.09618, 0.969775
127.324, -22.5641, -11.8903, 2577.03, 0.146189, -0.114438, 0.982615
127.444, -22.3455, -11.8903, 2577.04, 0.117158, -0.111451, 0.98684
127.564, -22.2077, -11.8903, 2577.04, 0.0714954, -0.127894, 0.989207
127.684, -22.2077, -11.8903, 2577.04, 0.0567202, -0.12448, 0.9906
127.804, -22.3866, -11.8903, 2577.35, 0.0510619, -0.086843, 0.994913
127.924, -22.3286, -11.8903, 2578.9, 0.0847567, -0.0586479, 0.994674
128.045, -22.2682, -11.8903, 2580.46, 0.125842, -0.0692231, 0.989632
128.165, -22.2084, -11.8903, 2582, 0.161143, -0.0978293, 0.982071
128.285, -22.1485, -11.8903, 2583.54, 0.135958, -0.0866644, 0.986917
128.405, -22.0881, -11.8903, 2585.09, 0.0708526, -0.0602302, 0.995667
128.525, -22.0191, -11.8903, 2586.63, 0.031886, -0.0419059, 0.998613
128.645, -21.9477, -11.8903, 2588.17, 0.0349652, -0.0419182, 0.998509
128.766, -21.8756, -11.8903, 2589.73, 0.067602, -0.0394037, 0.996934
128.886, -21.7988, -11.8903, 2591.27, 0.0935093, -0.0374866, 0.994912
129.006, -21.709, -11.8903, 2592.81, 0.147716, -0.0576656, 0.987347
129.126, -21.6193, -11.8903, 2594.35, 0.203533, -0.061567, 0.97713
129.246, -21.5295, -11.8903, 2595.89, 0.238519, -0.068342, 0.96873
129.367, -21.439, -11.8903, 2597.44, 0.250327, -0.0538271, 0.966664
129.487, -21.3135, -11.8903, 2600.45, 0.224401, -0.02202, 0.974248
129.607, -21.2415, -11.8903, 2603.96, 0.191004, -0.0166952, 0.981447
129.727, -21.175, -11.8903, 2607.46, 0.165219, -0.0228938, 0.985991
129.847, -21.1085, -11.8903, 2610.96, 0.173485, -0.0175226, 0.984681
129.967, -21.0193, -11.8903, 2615.2, 0.219893, 0.00626424, 0.975504
130.088, -20.9298, -11.8903, 2619.73, 0.27425, 0.0335959, 0.961071
130.208, -20.8433, -11.8903, 2624.22, 0.308888, 0.0407072, 0.950227
130.328, -20.7568, -11.8903, 2628.71, 0.328753, 0.0502382, 0.943079
130.448, -21.8612, -11.8903, 2630.68, 0.312929, 0.0591012, 0.947936
130.568, -21.7373, -11.8903, 2633.1, 0.2646, 0.0648668, 0.962174
130.688, -21.6759, -11.8903, 2636.36, 0.211858, 0.0502462, 0.976008
130.809, -21.589, -11.8903, 2639.64, 0.183576, 0.0410946, 0.982146
130.929, -21.5027, -11.8903, 2642.9, 0.171234, 0.0363812, 0.984559
131.049, -21.4165, -11.8903, 2646.16, 0.21055, 0.0357022, 0.976931
131.169, -22.2589, -11.8903, 2648.52, 0.291492, 0.0546524, 0.955011
131.289, -22.362, -11.8903, 2648.6, 0.342235, 0.0391464, 0.938799
131.409, -22.362, -11.8903, 2648.6, 0.354071, 0.0374784, 0.934467
131.53, -22.2296, -11.8903, 2648.55, 0.336933, 0.0996426, 0.936241
131.65, -21.9768, -11.8903, 2648.53, 0.326395, 0.137476, 0.935183
131.77, -21.6439, -11.8903, 2648.64, 0.283817, 0.0907775, 0.954572
131.89, -21.6224, -11.8903, 2648.7, 0.238977, 0.0544419, 0.969498
132.01, -21.7431, -11.8903, 2648.74, 0.229221, 0.0452655, 0.972321
132.13, -21.8235, -11.8903, 2649.48, 0.247755, -0.0272071, 0.968441
132.251, -21.8036, -11.8903, 2650.43, 0.244676, -0.402386, 0.882167
132.371, -21.7838, -11.8903, 2651.37, 0.234687, -0.60343, 0.762099
132.491, -21.7639, -11.8903, 2652.32, 0.209117, -0.73961, 0.639724
132.611, -21.7293, -11.8903, 2653.97, 0.165889, -0.795787, 0.582412
132.731, -21.7112, -11.8903, 2657.77, 0.0851089, -0.836304, 0.541621
132.852, -21.7442, -11.8903, 2661.59, 0.103126, -0.794768, 0.598088
132.972, -21.7808, -11.8903, 2665.38, 0.0790225, -0.759816, 0.645318
133.092, -21.816, -11.8903, 2669.17, 0.0949611, -0.628558, 0.771944
133.212, -21.8313, -11.8903, 2673.27, 0.183198, -0.436898, 0.880658
133.332, -21.8532, -11.8903, 2677.37, 0.242524, -0.196881, 0.949958
133.452, -21.8827, -11.8903, 2681.48, 0.265142, -0.0791208, 0.960958
133.573, -21.9091, -11.8903, 2685.61, 0.253778, -0.0189099, 0.967078
133.693, -22.8268, -11.8903, 2689.98, 0.224314, 0.067189, 0.972198
133.813, -22.8465, -11.8903, 2693.76, 0.201345, 0.0744188, 0.976689
133.933, -22.8654, -11.8903, 2697.54, 0.192774, 0.0572101, 0.979574
134.053, -22.8844, -11.8903, 2701.32, 0.22882, 0.0603941, 0.971594
134.173, -22.9062, -11.8903, 2705.45, 0.266346, 0.0671291, 0.961537
134.294, -22.9154, -11.8903, 2709.97, 0.292983, 0.0697179, 0.953572
134.414, -22.9196, -11.8903, 2714.45, 0.295386, 0.0753054, 0.952405
134.534, -22.9237, -11.8903, 2718.92, 0.293399, 0.07299, 0.9532
134.654, -22.9319, -11.8903, 2723.31, 0.260557, 0.0889222, 0.961355
134.774, -22.9897, -11.8903, 2727.43, 0.238352, 0.104654, 0.965524
134.894, -23.0476, -11.8903, 2731.54, 0.222179, 0.129361, 0.966386
135.015, -23.1061, -11.8903, 2735.69, 0.219316, 0.127038, 0.967348
135.135, -23.164, -11.8903, 2739.8, 0.243229, 0.116788, 0.962912
135.255, -23.201, -11.8903, 2743.91, 0.276722, 0.0513221, 0.959579
135.375, -23.2039, -11.8903, 2748.01, 0.290888, -0.00239521, 0.956754
135.495, -23.2069, -11.8903, 2752.11, 0.298628, -0.0791344, 0.951083
135.616, -23.2098, -11.8903, 2756.25, 0.29561, -0.122267, 0.947452
135.736, -23.8089, -11.8903, 2758.35, 0.272997, -0.0793148, 0.95874
135.856, -23.4044, -11.8903, 2758.39, 0.215014, -0.0689837, 0.974172
135.976, -23.368, -11.8903, 2758.41, 0.174573, -0.110492, 0.978425
136.096, -23.5562, -11.8903, 2758.36, 0.146487, -0.122169, 0.98164
136.216, -23.7501, -11.8903, 2759.1, 0.149052, -0.104189, 0.983325
136.337, -23.7514, -11.8903, 2760.72, 0.171472, -0.0904152, 0.981031
136.457, -23.7511, -11.8903, 2762.32, 0.203567, -0.0694846, 0.976592
136.577, -23.7507, -11.8903, 2763.93, 0.196319, -0.0874314, 0.976634
136.697, -23.7538, -11.8903, 2766.16, 0.156204, -0.0709367, 0.985174
136.817, -23.7963, -11.8903, 2770.26, 0.114077, -0.06453, 0.991374
136.937, -23.8388, -11.8903, 2774.36, 0.0943258, -0.0811759, 0.992226
137.058, -23.8817, -11.8903, 2778.5, 0.089503, -0.104499, 0.990489
137.178, -23.918, -11.8903, 2782.69, 0.11377, -0.0900879, 0.989414
137.298, -23.9354, -11.8903, 2787.17, 0.165433, -0.075778, 0.983305
137.418, -23.9528, -11.8903, 2791.65, 0.226162, -0.0780245, 0.97096
137.538, -23.9701, -11.8903, 2796.13, 0.257423, -0.07538, 0.963354
137.658, -25.163, -11.8903, 2800.83, 0.231886, -0.0685773, 0.970323
137.779, -24.8134, -11.8903, 2800.65, 0.163619, -0.0181706, 0.986356
137.899, -24.5207, -11.8903, 2800.57, 0.1305, -0.0165973, 0.991309
138.019, -24.2938, -11.8903, 2800.44, 0.118055, -0.022707, 0.992747
138.139, -24.3099, -11.8903, 2800.3, 0.127145, -0.00145186, 0.991883
138.259, -24.4242, -11.8903, 2801.01, 0.144576, 0.000744108, 0.989493
138.379, -24.4275, -11.8903, 2802.55, 0.193529, 0.0200392, 0.98089
138.5, -24.4308, -11.8903, 2804.11, 0.231393, 0.018567, 0.972683
138.62, -24.4341, -11.8903, 2805.66, 0.257203, 0.00105228, 0.966357
138.74, -24.4374, -11.8903, 2807.2, 0.252285, 0.00218736, 0.96765
138.86, -24.4871, -11.8903, 2810.98, 0.228144, 0.0128396, 0.973543
138.98, -24.5472, -11.8903, 2814.76, 0.197946, -0.00456836, 0.980202
139.101, -24.6077, -11.8903, 2818.57, 0.181601, -0.0182386, 0.983203
139.221, -24.6547, -11.8903, 2822.64, 0.203211, -0.0132293, 0.979046
139.341, -24.4533, -11.8903, 2827.55, 0.233531, -0.01404, 0.972248
139.461, -24.2064, -11.8903, 2832.47, 0.269488, -0.0257632, 0.962659
139.581, -23.9595, -11.8903, 2837.38, 0.284056, -0.0318498, 0.958279
139.701, -23.7243, -11.8903, 2842.19, 0.26222, -0.011124, 0.964944
139.822, -23.5339, -11.8903, 2846.7, 0.211367, 0.00648571, 0.977385
139.942, -23.3441, -11.8903, 2851.17, 0.187327, -0.00315737, 0.982293
140.062, -23.1544, -11.8903, 2855.65, 0.191718, -0.0192081, 0.981262
140.182, -22.9646, -11.8903, 2860.12, 0.222319, -0.0209244, 0.97475
140.302, -23.1273, -11.8903, 2863.1, 0.248996, -0.00881408, 0.968464
140.422, -22.957, -11.8903, 2866.61, 0.294617, 0.0160449, 0.955481
140.543, -22.7852, -11.8903, 2870.14, 0.325946, 0.00750101, 0.945359
140.663, -22.6148, -11.8903, 2873.65, 0.332017, -0.00720059, 0.943246
140.783, -22.4445, -11.8903, 2877.16, 0.302689, -0.00661999, 0.953066
140.903, -23.1119, -11.8903, 2879.29, 0.269432, 0.00140923, 0.963018
141.023, -22.7944, -11.8903, 2879.17, 0.232815, -0.0120253, 0.972447
141.143, -22.727, -11.8903, 2879.16, 0.2294, -0.0280364, 0.972928
141.264, -22.7903, -11.8903, 2879.16, 0.246713, -0.0144188, 0.968981
141.384, -22.6993, -11.8903, 2880.76, 0.299716, 0.0141452, 0.953923
141.504, -22.5621, -11.8903, 2882.35, 0.333414, 0.0111908, 0.942714
141.624, -22.4248, -11.8903, 2883.95, 0.359305, -0.0194787, 0.933017
141.744, -22.2876, -11.8903, 2885.54, 0.33978, -0.0395485, 0.939673
141.864, -21.862, -11.8903, 2890, 0.309064, -0.0297568, 0.950576
141.985, -21.4004, -11.8903, 2894.49, 0.263619, -0.040801, 0.963764
142.105, -20.9426, -11.8903, 2898.95, 0.245941, -0.0690867, 0.96682
142.225, -20.4847, -11.8903, 2903.4, 0.232507, -0.0862944, 0.968759
142.345, -20.6992, -11.8903, 2906.68, 0.254528, -0.0789828, 0.963835
142.465, -19.9969, -11.8903, 2910.11, 0.285327, -0.0594632, 0.956584
142.586, -19.1117, -11.8903, 2913.54, 0.313704, -0.0578441, 0.947757
142.706, -18.2338, -11.8903, 2916.94, 0.323336, -0.0590872, 0.944438
142.826, -17.3559, -11.8903, 2920.34, 0.297701, -0.0384504, 0.953885
142.946, -16.3143, -11.8903, 2924.31, 0.251892, -0.0192841, 0.967563
143.066, -15.2728, -11.8903, 2928.28, 0.224227, -0.0111076, 0.974474
143.186, -14.2312, -11.8903, 2932.25, 0.194559, -0.0166687, 0.980749
143.307, -13.1305, -11.8903, 2936.45, 0.199454, -0.0143465, 0.979802
143.427, -11.9884, -11.8903, 2941.23, 0.234629, -0.018358, 0.971912
143.547, -11.0614, -11.8903, 2946.06, 0.290258, -0.0176084, 0.956786
143.667, -10.1655, -11.8903, 2950.9, 0.314479, -0.0384406, 0.948486
143.787, -10.5106, -11.8903, 2956.19, 0.292976, -0.0766358, 0.953043
143.907, -10.0839, -11.8903, 2957.83, 0.24876, -0.0765727, 0.965534
144.028, -9.5626, -11.8903, 2961.32, 0.212838, -0.0716814, 0.974455
144.148, -9.08132, -11.8903, 2964.79, 0.186161, -0.0709715, 0.979953
144.268, -8.60005, -11.8903, 2968.26, 0.191283, -0.0716489, 0.978916
144.388, -8.11877, -11.8903, 2971.73, 0.236549, -0.0525004, 0.9702
144.508, -7.62401, -11.8903, 2975.49, 0.281142, -0.0104578, 0.959609
144.628, -7.2656, -11.8903, 2979.26, 0.296173, 0.0133198, 0.955042
144.749, -6.9042, -11.8903, 2983.07, 0.290494, 0.0111748, 0.956812
144.869, -6.54579, -11.8903, 2986.84, 0.271944, 0.0195047, 0.962115
144.989, -6.28706, -11.8903, 2990.62, 0.233474, 0.0392997, 0.971569
145.109, -6.20972, -11.8903, 2994.4, 0.197478, 0.0364179, 0.979631
145.229, -6.09386, -11.8903, 2998.18, 0.177885, 0.0464588, 0.982954
145.349, -5.978, -11.8903, 3001.96, 0.168984, 0.0685539, 0.983232
145.47, -5.86026, -11.8903, 3005.85, 0.190528, 0.0949026, 0.977084
145.59, -5.65164, -11.8903, 3009.95, 0.235143, 0.100431, 0.966758
145.71, -5.46863, -11.8903, 3014.05, 0.288132, 0.0826252, 0.95402
145.83, -5.28563, -11.8903, 3018.14, 0.303101, 0.071057, 0.950305
145.95, -5.08063, -11.8903, 3022.34, 0.277809, 0.0406945, 0.959774
146.071, -4.93175, -11.8903, 3026.85, 0.226282, 0.0167063, 0.973918
146.191, -4.7978, -11.8903, 3031.33, 0.20952, 0.00874019, 0.977765
146.311, -4.66386, -11.8903, 3035.8, 0.203364, -0.000318329, 0.979103
146.431, -4.63155, -11.8903, 3040.51, 0.206855, 0.00823782, 0.978337
146.551, -4.59759, -11.8903, 3045.44, 0.211659, 0.0070792, 0.977318
146.671, -4.57572, -11.8903, 3050.38, 0.221565, 0.0199827, 0.974941
146.792, -4.5729, -11.8903, 3055.36, 0.225159, 0.00311225, 0.974317
146.912, -5.79408, -11.8903, 3058.67, 0.206977, -0.00968983, 0.978298
147.032, -5.86558, -11.8903, 3062.78, 0.188316, 0.00604782, 0.98209
147.152, -5.90645, -11.8903, 3066.88, 0.167177, 0.00487021, 0.985915
147.272, -5.94706, -11.8903, 3070.98, 0.161539, -0.00203541, 0.986864
147.392, -5.98881, -11.8903, 3075.08, 0.176428, -1.77893e-005, 0.984313
147.513, -5.90112, -11.8903, 3079.22, 0.215134, -0.00250971, 0.976581
147.633, -5.72942, -11.8903, 3083.32, 0.239039, -0.00043698, 0.97101
147.753, -5.55772, -11.8903, 3087.42, 0.250955, -0.0123164, 0.96792
147.873, -5.38602, -11.8903, 3091.52, 0.233105, 0.00360461, 0.972445
147.993, -5.29422, -11.8903, 3096.01, 0.208945, 0.0135573, 0.977833
148.113, -5.28903, -11.8903, 3100.5, 0.173713, -0.00433479, 0.984787
148.234, -5.28379, -11.8903, 3105.03, 0.164194, -0.0199892, 0.986226
148.354, -5.2786, -11.8903, 3109.52, 0.175686, -0.0128384, 0.984363
148.474, -5.70153, -11.8903, 3112.28, 0.206774, 0.00581667, 0.978371
148.594, -5.62347, -11.8903, 3116.06, 0.231657, 0.0131734, 0.972708
148.714, -5.54953, -11.8903, 3119.84, 0.247655, 0.0171124, 0.968697
148.835, -5.47498, -11.8903, 3123.65, 0.240611, 0.019232, 0.970431
148.955, -5.42531, -11.8903, 3127.78, 0.217006, 0.0259369, 0.975826
149.075, -5.45102, -11.8903, 3132.26, 0.180759, 0.01219, 0.983452
149.195, -5.48095, -11.8903, 3136.73, 0.177286, -0.00743501, 0.984131
149.315, -5.51088, -11.8903, 3141.21, 0.191734, -0.02558, 0.981113
149.435, -5.53373, -11.8903, 3145.7, 0.241916, -0.0262915, 0.969941
149.556, -5.52954, -11.8903, 3150.23, 0.279381, 0.0166806, 0.960035
149.676, -5.5212, -11.8903, 3154.72, 0.302828, 0.0647831, 0.950841
149.796, -5.51287, -11.8903, 3159.21, 0.305229, 0.0749137, 0.949328
149.916, -6.52343, -11.8903, 3162.45, 0.278938, 0.0518659, 0.958908
150.036, -6.71135, -11.8903, 3166.22, 0.232821, 0.0684113, 0.97011
150.156, -6.72284, -11.8903, 3170, 0.20092, 0.0737047, 0.976831
150.277, -6.73442, -11.8903, 3173.82, 0.183853, 0.0571535, 0.981291
150.397, -6.74591, -11.8903, 3177.6, 0, 0, 1
150.517, -6.79273, -11.8903, 3182.07, 0.195486, 0.0775353, 0.977637
150.637, -6.7445, -11.8903, 3186.55, 0.209213, 0.0686454, 0.975458
150.757, -6.70506, -11.8903, 3191.03, 0.215443, 0.048753, 0.975299
150.877, -6.66562, -11.8903, 3195.51, 0.211704, 0.0362299, 0.976662
150.998, -7.67013, -11.8903, 3199.5, 0.193467, 0.0337839, 0.980525
151.118, -7.72148, -11.8903, 3203.6, 0.168233, -0.0119049, 0.985675
151.238, -7.77284, -11.8903, 3207.71, 0.180637, -0.0458418, 0.982481
151.358, -7.82419, -11.8903, 3211.81, 0.205481, -0.0291769, 0.978226
151.478, -7.86306, -11.8903, 3216.2, 0.238959, -0.00363106, 0.971023
151.598, -7.76429, -11.8903, 3220.69, 0.264825, 0.0313769, 0.963786
151.719, -7.67386, -11.8903, 3225.22, 0.288861, 0.0251413, 0.957041
151.839, -7.58417, -11.8903, 3229.71, 0.294451, -0.00572268, 0.955649
151.959, -8.90504, -11.8903, 3231.88, 0.269875, 0.00592026, 0.962877
152.079, -8.78119, -11.8903, 3234.29, 0.225415, 0.0178465, 0.974099
152.199, -8.70637, -11.8903, 3237.54, 0.19244, 0.00645321, 0.981288
152.32, -8.62982, -11.8903, 3240.83, 0.181621, -0.00210056, 0.983366
152.44, -8.55391, -11.8903, 3244.09, 0.187286, 0.0183164, 0.982135
152.56, -8.45439, -11.8903, 3248.26, 0.211626, 0.00150728, 0.977349
152.68, -8.34527, -11.8903, 3252.74, 0.2648, -0.0204667, 0.964086
152.8, -8.23616, -11.8903, 3257.21, 0.310345, -0.0334337, 0.950036
152.92, -8.12704, -11.8903, 3261.69, 0.315891, -0.0294687, 0.948338
153.041, -8.86808, -11.8903, 3263.67, 0.295088, 0.0056724, 0.955453
153.161, -8.58621, -11.8903, 3263.68, 0.276067, 0.00900526, 0.961096
153.281, -8.35684, -11.8903, 3263.7, 0.296988, 0.0423867, 0.95394
153.401, -8.4649, -11.8903, 3263.65, 0.338462, 0.146446, 0.929514
153.521, -8.59795, -11.8903, 3264, 0.346233, 0.19104, 0.918491
153.641, -8.54185, -11.8903, 3265.6, 0.358847, 0.245003, 0.900668
153.762, -8.48637, -11.8903, 3267.22, 0.368109, 0.265646, 0.891026
153.882, -8.43136, -11.8903, 3268.82, 0.389418, 0.26818, 0.881154
154.002, -8.37634, -11.8903, 3270.42, 0.37321, 0.224106, 0.900273
154.122, -8.35755, -11.8903, 3274.53, 0.344183, 0.181528, 0.921187
154.242, -8.34146, -11.8903, 3278.63, 0.312578, 0.122083, 0.942014
154.362, -8.32537, -11.8903, 3282.73, 0.311377, 0.0865162, 0.94634
154.483, -8.30656, -11.8903, 3287.07, 0.369856, 0.0395484, 0.928247
154.603, -8.21839, -11.8903, 3291.99, 0.432614, 0.00332113, 0.901573
154.723, -8.13023, -11.8903, 3296.91, 0.481246, -0.0236722, 0.876266
154.843, -8.04206, -11.8903, 3301.83, 0.530145, -0.0398917, 0.846968
154.963, -8.80999, -11.8903, 3306.59, 0.550749, -0.0527368, 0.833003
155.083, -8.66014, -11.8903, 3309.43, 0.547923, -0.036074, 0.83575
155.204, -8.44955, -11.8903, 3313.23, 0.504623, 0.0104735, 0.863276
155.324, -8.23284, -11.8903, 3317.01, 0.504882, 0.0397218, 0.862274
155.444, -8.01613, -11.8903, 3320.78, 0.535485, -0.00230148, 0.844542
155.564, -7.74509, -11.8903, 3325.09, 0.570689, -0.040981, 0.820143
155.684, -7.44559, -11.8903, 3329.57, 0.552128, -0.0497692, 0.832273
155.805, -7.14359, -11.8903, 3334.09, 0.523737, -0.0488012, 0.850481
155.925, -6.84409, -11.8903, 3338.57, 0.490041, -0.0117748, 0.87162
156.045, -7.69468, -11.8903, 3340.64, 0.432478, 0.0403867, 0.90074
156.165, -7.43805, -11.8903, 3340.59, 0.354294, 0.0621894, 0.933064
156.285, -7.39207, -11.8903, 3340.58, 0.307844, 0.0470671, 0.950272
156.405, -7.52931, -11.8903, 3340.55, 0.268576, 0.0206136, 0.963038
156.526, -7.41419, -11.8903, 3342.37, 0.254758, 0.0259702, 0.966656
156.646, -7.32191, -11.8903, 3344.17, 0.236104, 0.0627605, 0.969699
156.766, -7.28738, -11.8903, 3345.97, 0.240779, 0.0648142, 0.968413
156.886, -7.25284, -11.8903, 3347.78, 0.24151, 0.0415624, 0.969508
157.006, -7.21831, -11.8903, 3349.58, 0.215703, 0.0332612, 0.975892
157.126, -7.2367, -11.8903, 3352.84, 0.189856, 0.0444986, 0.980803
157.247, -7.28205, -11.8903, 3356.14, 0.156456, 0.0464363, 0.986593
157.367, -7.32572, -11.8903, 3359.41, 0.143819, 0.0313702, 0.989107
157.487, -7.36939, -11.8903, 3362.67, 0.157978, 0.0268527, 0.987077
157.607, -7.40591, -11.8903, 3365.94, 0.200909, 0.0287895, 0.979187
157.727, -8.51319, -11.8903, 3367.13, 0.243274, 0.0318622, 0.969434
157.847, -8.51319, -11.8903, 3367.13, 0.266962, 0.016672, 0.963563
157.968, -8.39872, -11.8903, 3367.06, 0.254674, 0.0174923, 0.966869
158.088, -8.2051, -11.8903, 3366.93, 0.221189, 0.0358768, 0.974571
158.208, -7.89875, -11.8903, 3366.83, 0.178621, 0.0422325, 0.983011
158.328, -7.77865, -11.8903, 3366.79, 0.156145, 0.0448698, 0.986714
158.448, -7.81558, -11.8903, 3366.76, 0.162867, 0.0534729, 0.985198
158.569, -7.90109, -11.8903, 3367.21, 0.19516, 0.0995383, 0.975707
158.689, -7.836, -11.8903, 3368.2, 0.22123, 0.127301, 0.966877
158.809, -7.77101, -11.8903, 3369.19, 0.234847, 0.109834, 0.965807
158.929, -7.70602, -11.8903, 3370.18, 0.226213, 0.088935, 0.970009
159.049, -7.64267, -11.8903, 3371.17, 0.197571, 0.0955093, 0.975625
159.169, -7.5955, -11.8903, 3372.15, 0.160031, 0.109887, 0.980977
159.29, -7.54793, -11.8903, 3373.15, 0.146018, 0.111553, 0.982972
159.41, -7.50075, -11.8903, 3374.14, 0.149091, 0.113084, 0.982336
159.53, -7.43398, -11.8903, 3375.5, 0.165208, 0.0972454, 0.981453
159.65, -7.3476, -11.8903, 3377.23, 0.177719, 0.0931547, 0.979662
159.77, -7.26122, -11.8903, 3378.96, 0.184592, 0.0841805, 0.979203
159.89, -7.17485, -11.8903, 3380.69, 0.176716, 0.0769941, 0.981246
160.011, -7.06957, -11.8903, 3383.03, 0.150711, 0.0951704, 0.983986
160.131, -6.91592, -11.8903, 3387.13, 0.129888, 0.140759, 0.981487
160.251, -6.74271, -11.8903, 3391.23, 0.119168, 0.169299, 0.978334
160.371, -6.5695, -11.8903, 3395.33, 0.112188, 0.159449, 0.980811
160.491, -6.39629, -11.8903, 3399.43, 0.126138, 0.155416, 0.979763
160.611, -6.15262, -11.8903, 3403.54, 0.169847, 0.170745, 0.970566
160.732, -5.89843, -11.8903, 3407.68, 0.211068, 0.193369, 0.958154
160.852, -5.64634, -11.8903, 3411.78, 0.221155, 0.176892, 0.959062
160.972, -5.39425, -11.8903, 3415.89, 0.247156, 0.151467, 0.957064
161.092, -6.29261, -11.8903, 3417.64, 0.211742, 0.201383, 0.956353
161.212, -6.03908, -11.8903, 3417.68, 0.159621, 0.126507, 0.979039
161.332, -5.84128, -11.8903, 3417.76, 0.0946015, 0.0197137, 0.99532
161.453, -5.94633, -11.8903, 3417.78, -0.00102864, -0.0659916, 0.99782
161.573, -6.35968, -11.8903, 3418.07, -0.323521, -0.207645, 0.923156
161.693, -6.302, -11.8903, 3419.62, -0.435353, -0.262808, 0.861045
161.813, -6.24432, -11.8903, 3421.16, -0.426375, -0.401424, 0.810595
161.933, -6.18664, -11.8903, 3422.7, -0.35434, -0.529439, 0.770803
162.054, -6.12848, -11.8903, 3424.25, -0.306171, -0.588478, 0.7483
162.174, -6.05492, -11.8903, 3425.79, -0.277659, -0.651902, 0.705641
162.294, -5.96547, -11.8903, 3427.33, -0.243555, -0.674233, 0.697202
162.414, -5.87602, -11.8903, 3428.88, -0.22451, -0.693257, 0.684828
162.534, -5.78656, -11.8903, 3430.42, -0.198019, -0.69605, 0.690147
162.654, -7.6544, -11.8903, 3433.83, -0.176533, -0.722052, 0.668937
162.775, -7.7373, -11.8903, 3434.07, -0.155308, -0.821587, 0.548521
162.895, -7.67284, -11.8903, 3434.4, -0.181605, -0.836499, 0.517
163.015, -7.54464, -11.8903, 3434.72, -0.185921, -0.758972, 0.624016
163.135, -6.51963, -11.8903, 3435.31, 0, 0, 1
163.255, -6.41336, -11.8903, 3435.98, 0, 0, 1
163.375, -6.45283, -11.8903, 3436.86, 0, 0, 1
163.496, -6.49262, -11.8903, 3437.75, 0, 0, 1
163.616, -6.53209, -11.8903, 3438.64, 0, 0, 1
163.736, -6.57155, -11.8903, 3439.52, 0, 0, 1
163.856, -6.61102, -11.8903, 3440.4, 0, 0, 1
163.976, -6.65048, -11.8903, 3441.29, 0, 0, 1
164.096, -6.68995, -11.8903, 3442.17, 0, 0, 1
164.217, -6.72974, -11.8903, 3443.06, 0, 0, 1
164.337, -6.76921, -11.8903, 3443.95, 0, 0, 1
164.457, -6.80867, -11.8903, 3444.83, 0, 0, 1
164.577, -6.84814, -11.8903, 3445.71, 0, 0, 1
164.697, -6.8876, -11.8903, 3446.6, 0, 0, 1
164.817, -6.92707, -11.8903, 3447.48, 0, 0, 1
164.938, -5.51481, -11.8903, 3451.16, 0, 0, 1
165.058, -5.56138, -11.8903, 3451.29, 0, 0, 1
165.148, -5.51516, -11.8903, 3451.1, 0, 0, 1
165.238, -5.44211, -11.8903, 3450.86, 0, 0, 1
165.358, -6.50691, -11.8903, 3451.27, 0.351973, 0.740364, 0.572692
165.478, -6.5864, -11.8903, 3451.07, 0.296042, 0.828535, 0.475278
165.599, -6.69551, -11.8903, 3450.7, 0.172653, 0.922721, 0.34464
165.719, -6.91185, -11.8903, 3450.4, 0.0316187, 0.971472, 0.235036
165.839, -7.28473, -11.8903, 3449.91, -0.133957, 0.958605, 0.251261
165.969, -7.59595, -11.8903, 3449.58, -0.248292, 0.939103, 0.237565
166.089, -7.83217, -11.8903, 3449.38, -0.315648, 0.917627, 0.241511
166.23, -8.08176, -11.8903, 3449.16, -0.356412, 0.914932, 0.189395
166.35, -8.3748, -11.8903, 3448.94, -0.264377, 0.948127, 0.176519
166.47, -8.76317, -11.8903, 3448.56, -0.1508, 0.981364, 0.119097
166.59, -8.91582, -11.8903, 3448.29, -0.113737, 0.976791, 0.1815
166.71, -8.98405, -11.8903, 3448.14, 0.171043, 0.963916, 0.203988
166.83, -9.33508, -11.8903, 3448.55, 0.0351446, -0.907809, -0.417909
166.961, -9.8824, -11.8903, 3448.75, 0.292789, -0.820894, -0.490315
167.081, -10.123, -11.8903, 3448.53, 0, 0, 1
167.201, -10.1189, -11.8903, 3447.9, 0.0175656, 0.850001, 0.526488
167.321, -10.2648, -11.8903, 3447.86, 0.0945025, 0.917545, 0.38624
167.441, -10.3407, -11.8903, 3447.71, 0.179878, 0.903645, 0.388676
167.571, -10.4401, -11.8903, 3448.22, -0.313694, -0.847331, -0.428516
167.742, -10.6425, -11.8903, 3447.77, -0.127078, -0.991879, -0.0052365
167.912, -11.1348, -11.8903, 3447.39, 0.644267, -0.131545, 0.753403
168.072, -11.2015, -11.8903, 3447.38, 0.658061, -0.136996, 0.740397
168.242, -11.1227, -11.8903, 3447.44, 0.629429, -0.129796, 0.766141
168.383, -10.8048, -11.8903, 3447.6, 0.655257, -0.124091, 0.745144
168.513, -10.5697, -11.8903, 3447.7, 0.629007, -0.113366, 0.769089
168.663, -10.1768, -11.8903, 3447.76, 0.314614, -0.857446, 0.407191
168.793, -10.0555, -11.8903, 3447.77, 0.16726, -0.938161, 0.303115
168.913, -9.8963, -11.8903, 3447.83, 0.142935, -0.918548, 0.368562
169.054, -9.72326, -11.8903, 3447.93, 0.162766, -0.709485, 0.685667
169.184, -9.68096, -11.8903, 3447.84, 0.206961, -0.497181, 0.842602
169.324, -9.74471, -11.8903, 3447.6, 0, 0, 1
169.454, 4.72801, -11.8903, 3451.95, 0, 0, 1
169.584, 12711.1, -11.9018, 9035.77, 0, 0, 1
169.705, 369.922, -12.0318, 3624.6, 0, 0, 1
169.835, 370.108, -12.3116, 3624.67, 0, 0, 1
169.965, -7.08041, -12.7255, 3446.32, 0, 0, 1
170.085, -6.1149, -12.7255, 3445.86, 0, 0, 1
170.215, -6.71708, -12.7255, 3446.28, 0.64427, 0.0136313, 0.764676
170.335, -6.44591, -12.7255, 3446.06, 0.690421, -0.0334727, 0.722633
170.466, -6.79939, -12.7255, 3446.36, 0.571234, -0.0228658, 0.820469
170.596, -7.04367, -12.7255, 3446.56, 0.507024, 0.0637278, 0.859573
170.716, -7.07684, -12.7255, 3446.23, 0.586966, 0.0827002, 0.805377
170.846, -6.037, -12.7255, 3444.71, 0, 0, 1
170.976, -6.26216, -12.7255, 3443.39, 0, 0, 1
171.097, -6.73099, -12.7255, 3442.26, 0, 0, 1
171.227, -7.28258, -12.7255, 3441.42, 0, 0, 1
171.357, -7.86147, -12.7255, 3440.85, 0, 0, 1
171.477, -8.24654, -12.7255, 3440.56, 0, 0, 1
171.607, -8.60772, -12.7255, 3440.39, -0.723049, -0.056737, 0.688463
171.737, -39.2475, -12.7255, 3420.63, -0.569258, 0.0153886, 0.822015
171.858, -39.2822, -12.7255, 3420.65, -0.569537, 0.0141467, 0.821844
171.988, -8.11906, -12.7255, 3441.39, 0, 0, 1
172.118, -38.8526, -12.7255, 3421.07, 0, 0, 1
172.238, -39.0846, -12.7255, 3421.04, 0, 0, 1
172.388, -8.5697, -12.7255, 3441.79, 0, 0, 1
172.509, -8.75107, -12.7255, 3441.72, 0, 0, 1
172.629, -39.0846, -12.7255, 3421.04, 0, 0, 1
172.749, -39.0846, -12.7255, 3421.04, 0, 0, 1
172.869, -39.0846, -12.7255, 3421.04, 0, 0, 1
172.989, -39.0846, -12.7255, 3421.04, 0, 0, 1
173.109, -39.0846, -12.7255, 3421.04, 0, 0, 1
173.23, -39.0846, -12.7255, 3421.04, 0, 0, 1
173.35, -39.0846, -12.7255, 3421.04, 0, 0, 1
173.47, -39.0846, -12.7255, 3421.04, 0, 0, 1
173.59, -39.0846, -12.7255, 3421.04, 0, 0, 1
173.72, -39.0846, -12.7255, 3421.04, 0, 0, 1
173.84, -39.0846, -12.7255, 3421.04, 0, 0, 1
173.961, -39.0846, -12.7255, 3421.04, 0, 0, 1
174.081, -39.0846, -12.7255, 3421.04, 0, 0, 1
174.201, -39.0846, -12.7255, 3421.04, 0, 0, 1
174.321, -39.0846, -12.7255, 3421.04, 0, 0, 1
174.441, -39.0846, -12.7255, 3421.04, 0, 0, 1
174.612, -39.0846, -12.7255, 3421.04, 0, 0, 1
174.752, -39.0846, -12.7255, 3421.04, 0, 0, 1
174.912, -39.0846, -12.7255, 3421.04, 0, 0, 1
175.062, -39.0846, -12.7255, 3421.04, 0, 0, 1
175.202, -39.0846, -12.7255, 3421.04, 0, 0, 1
175.383, -39.0846, -12.7255, 3421.04, 0, 0, 1
175.503, -39.0846, -12.7255, 3421.04, 0, 0, 1
175.623, -39.0846, -12.7255, 3421.04, 0, 0, 1
175.753, -39.0846, -12.7255, 3421.04, 0, 0, 1
175.873, -39.0846, -12.7255, 3421.04, 0, 0, 1
175.994, -39.0846, -12.7255, 3421.04, 0, 0, 1
176.114, -39.0846, -12.7255, 3421.04, 0, 0, 1
176.234, -39.0846, -12.7255, 3421.04, 0, 0, 1
176.354, -39.0846, -12.7255, 3421.04, 0, 0, 1
176.474, -39.0846, -12.7255, 3421.04, 0, 0, 1
176.594, -39.0846, -12.7255, 3421.04, 0, 0, 1
176.715, -39.0846, -12.7255, 3421.04, 0, 0, 1
176.845, -39.0846, -12.7255, 3421.04, 0, 0, 1
176.985, -39.0846, -12.7255, 3421.04, 0, 0, 1
177.155, -39.0846, -12.7255, 3421.04, 0, 0, 1
177.315, -39.0846, -12.7255, 3421.04, 0, 0, 1
177.486, -39.0846, -12.7255, 3421.04, 0, 0, 1
177.656, -39.0846, -12.7255, 3421.04, 0, 0, 1
177.816, -39.0846, -12.7255, 3421.04, 0, 0, 1
177.966, -39.0846, -12.7255, 3421.04, 0, 0, 1
178.117, -39.0846, -12.7255, 3421.04, 0, 0, 1
178.257, -39.0846, -12.7255, 3421.04, 0, 0, 1
178.397, -39.0846, -12.7255, 3421.04, 0, 0, 1
178.557, -39.0846, -12.7255, 3421.04, 0, 0, 1
178.697, -39.0846, -12.7255, 3421.04, 0, 0, 1
178.838, -39.0846, -12.7255, 3421.04, 0, 0, 1
178.958, -39.0846, -12.7255, 3421.04, 0, 0, 1
179.118, -39.0846, -12.7255, 3421.04, 0, 0, 1
179.248, -39.0846, -12.7255, 3421.04, 0, 0, 1
179.398, -39.0846, -12.7255, 3421.04, 0, 0, 1
179.539, -39.0846, -12.7255, 3421.04, 0, 0, 1
179.669, -39.0846, -12.7255, 3421.04, 0, 0, 1
179.829, -39.0846, -12.7255, 3421.04, 0, 0, 1
179.949, -39.0846, -12.7255, 3421.04, 0, 0, 1
180.079, -39.0846, -12.7255, 3421.04, 0, 0, 1
180.2, -39.0846, -12.7255, 3421.04, 0, 0, 1
180.32, -39.0846, -12.7255, 3421.04, 0, 0, 1
180.44, -39.0846, -12.7255, 3421.04, 0, 0, 1
180.56, -39.0846, -12.7255, 3421.04, 0, 0, 1
180.68, -39.0846, -12.7255, 3421.04, 0, 0, 1
180.8, -39.0846, -12.7255, 3421.04, 0, 0, 1
180.921, -39.0846, -12.7255, 3421.04, 0, 0, 1
181.041, -39.0846, -12.7255, 3421.04, 0, 0, 1
181.161, -39.0846, -12.7255, 3421.04, 0, 0, 1
181.281, -39.0846, -12.7255, 3421.04, 0, 0, 1
181.401, -39.0846, -12.7255, 3421.04, 0, 0, 1
181.522, -39.0846, -12.7255, 3421.04, 0, 0, 1
181.642, -39.0846, -12.7255, 3421.04, 0, 0, 1
181.762, -39.0846, -12.7255, 3421.04, 0, 0, 1
181.882, -39.0846, -12.7255, 3421.04, 0, 0, 1
182.002, -39.0846, -12.7255, 3421.04, 0, 0, 1
182.102, -39.0846, -12.7255, 3421.04, 0, 0, 1
182.122, -39.0846, -12.7255, 3421.04, 0, 0, 1
182.162, -39.0846, -12.7255, 3421.04, 0, 0, 1
182.233, -39.0846, -12.7255, 3421.04, 0, 0, 1
182.253, -39.0846, -12.7255, 3421.04, 0, 0, 1
182.373, -39.0846, -12.7255, 3421.04, 0, 0, 1
182.463, -39.0846, -12.7255, 3421.04, 0, 0, 1
182.503, -39.0846, -12.7255, 3421.04, 0, 0, 1
182.573, -39.0846, -12.7255, 3421.04, 0, 0, 1
182.663, -39.0846, -12.7255, 3421.04, 0, 0, 1
182.683, -39.0846, -12.7255, 3421.04, 0, 0, 1
182.703, -39.0846, -12.7255, 3421.04, 0, 0, 1
182.753, -39.0846, -12.7255, 3421.04, 0, 0, 1
182.843, -39.0846, -12.7255, 3421.04, 0, 0, 1
182.883, -39.0846, -12.7255, 3421.04, 0, 0, 1
182.924, -39.0846, -12.7255, 3421.04, 0, 0, 1
182.954, -39.0846, -12.7255, 3421.04, 0, 0, 1
183.044, -39.0846, -12.7255, 3421.04, 0, 0, 1
183.164, -39.0846, -12.7255, 3421.04, 0, 0, 1
183.284, -39.0846, -12.7255, 3421.04, 0, 0, 1
