0, -2.95208, -11.9006, 5974.38, 0, 0, 1
6.169, -2.95208, -11.9006, 5974.38, 0, 0, 1
6.289, -2.95208, -11.9006, 5974.38, 0, 0, 1
6.409, -2.95208, -11.9006, 5974.38, 0, 0, 1
6.529, -2.95208, -11.9006, 5974.38, 0, 0, 1
6.65, -2.95208, -11.9006, 5974.38, 0, 0, 1
6.77, -2.95208, -11.9006, 5974.38, 0, 0, 1
6.89, -2.95208, -11.9006, 5974.38, 0, 0, 1
7.01, -2.95208, -11.9006, 5974.38, 0, 0, 1
7.13, -2.95208, -11.9006, 5974.38, 0, 0, 1
7.25, -2.95208, -11.9006, 5974.38, 0, 0, 1
7.371, -2.95208, -11.9006, 5974.38, 0, 0, 1
7.491, -2.95208, -11.9006, 5974.38, 0, 0, 1
7.611, -2.95208, -11.9006, 5974.38, 0, 0, 1
7.731, -2.95208, -11.9006, 5974.38, 0, 0, 1
7.851, -2.95208, -11.9006, 5974.38, 0, 0, 1
7.971, -2.95208, -11.9006, 5974.38, 0, 0, 1
8.092, -2.95208, -11.9006, 5974.38, 0, 0, 1
8.212, -2.95208, -11.9006, 5974.38, 0, 0, 1
8.332, -2.95208, -11.9006, 5974.38, 0, 0, 1
8.452, -2.95208, -11.9006, 5974.38, 0, 0, 1
8.572, -2.95208, -11.9006, 5974.38, 0, 0, 1
8.692, -2.95208, -11.9006, 5974.38, 0, 0, 1
8.813, -2.95208, -11.9006, 5974.38, 0, 0, 1
8.883, -2.95208, -11.9006, 5974.38, 0, 0, 1
8.923, -2.95208, -11.9006, 5974.38, 0, 0, 1
8.943, -2.95208, -11.9006, 5974.38, 0, 0, 1
9.013, -2.95208, -11.9006, 5974.38, 0, 0, 1
9.043, -2.95208, -11.9006, 5974.38, 0, 0, 1
9.163, -2.95208, -11.9006, 5974.38, 0, 0, 1
9.253, -2.95208, -11.9006, 5974.38, 0, 0, 1
9.323, -2.95208, -11.9006, 5974.38, 0, 0, 1
9.383, -2.95208, -11.9006, 5974.38, 0, 0, 1
9.454, -2.95208, -11.9006, 5974.38, 0, 0, 1
9.494, -2.95208, -11.9006, 5974.38, 0, 0, 1
9.514, -2.95208, -11.9006, 5974.38, 0, 0, 1
9.534, -2.95208, -11.9006, 5974.38, 0, 0, 1
9.584, -2.95208, -11.9006, 5974.38, 0, 0, 1
9.654, -2.95208, -11.9006, 5974.38, 0, 0, 1
9.704, -2.95208, -11.9006, 5974.38, 0, 0, 1
9.774, -2.95208, -11.9006, 5974.38, 0, 0, 1
9.844, -2.95208, -11.9006, 5974.38, 0, 0, 1
9.964, -2.95208, -11.9006, 5974.38, 0, 0, 1
10.084, -2.95208, -11.9006, 5974.38, 0, 0, 1
10.205, -2.95208, -11.9006, 5974.38, 0, 0, 1
10.325, 0, 0, 0.2, 0, 0, 1
10.445, 0, -0.0847245, 0.2, 0, 0, 1
10.565, 0, -0.297075, 0.2, 0, 0, 1
10.685, 0, -0.627145, 0.2, 0, 0, 1
10.805, 0, -1.06579, 0.2, 0, 0, 1
10.926, 0, -1.54979, 0.2, 0, 0, 1
11.046, 0, -2.02979, 0.2, 0, 0, 1
11.166, 0, -2.50979, 0.2, 0, 0, 1
11.286, 0, -2.98979, 0.2, 0, 0, 1
11.406, 0, -3.46979, 0.2, 0, 0, 1
11.527, 0, -3.95379, 0.2, 0, 0, 1
11.647, 0, -4.43379, 0.2, 0, 0, 1
11.767, 0, -4.91379, 0.2, 0, 0, 1
11.887, 0, -5.39379, 0.2, 0, 0, 1
12.007, 0, -5.87379, 0.2, 0, 0, 1
12.127, 0, -6.35379, 0.2, 0, 0, 1
12.248, 0, -6.83779, 0.2, 0, 0, 1
12.368, 0, -7.31779, 0.2, 0, 0, 1
12.488, 0, -7.79779, 0.2, 0, 0, 1
12.608, 0, -8.27779, 0.2, 0, 0, 1
12.728, 0, -8.75779, 0.2, 0, 0, 1
12.848, 0, -9.23779, 0.2, 0, 0, 1
12.969, 0, -9.72179, 0.2, 0, 0, 1
13.089, 1.24415, -10.2018, 0.318158, 0, 0, 1
13.209, 1.17311, -10.6818, 0.524873, 0, 0, 1
13.329, 2.48055, -11.1618, 0.864482, 0, 0, 1
13.449, 4.39217, -11.6418, -0.171142, 0, 0, 1
13.569, 4.50329, -12.0018, -0.308409, 0, 0, 1
13.69, 2.8466, -12.0018, 0.549955, 0, 0, 1
13.81, 4.56914, -12.0018, -0.246692, 0, 0, 1
13.93, 4.56914, -12.0018, -0.246692, 0, 0, 1
14.05, 4.56914, -12.0018, -0.246692, 0, 0, 1
14.17, 4.56914, -12.0018, -0.246692, 0, 0, 1
14.29, 4.56914, -12.0018, -0.246692, 0, 0, 1
14.411, 4.56914, -12.0018, -0.246692, 0, 0, 1
14.531, 4.56914, -12.0018, -0.246692, 0, 0, 1
14.651, 5.05072, -12.0018, -1.11249, 0, 0, 1
14.771, 5.05072, -12.0018, -1.11249, 0, 0, 1
14.891, 5.05072, -12.0018, -1.11249, 0, 0, 1
15.012, 2.84214, -12.0018, 2.19588, 0, 0, 1
15.132, 2.7898, -12.0018, 2.48505, 0, 0, 1
15.252, 2.7909, -12.0018, 2.62474, 0, 0, 1
15.372, 2.76914, -12.0018, 2.84846, 0, 0, 1
15.492, 2.55491, -12.0018, 3.1641, 0, 0, 1
15.612, 2.38339, -12.0018, 3.4362, 0, 0, 1
15.733, 2.19343, -12.0018, 3.70436, 0, 0, 1
15.853, 2.16158, -12.0018, 3.85551, 0, 0, 1
15.973, 2.11154, -12.0018, 3.92188, 0, 0, 1
16.093, 1.4877, -12.0018, 6.84513, 0, 0, 1
16.213, 1.15779, -12.0018, 7.03138, 0.892037, -0.197061, 0.406739
16.333, 0.741836, -12.0018, 7.24507, 0.893354, -0.196356, 0.404183
16.454, 0.39726, -12.0018, 7.37534, 0.873025, -0.235559, 0.427012
16.574, -0.230375, -12.0018, 7.60495, 0.848477, -0.234548, 0.474419
16.694, -1.2558, -12.0018, 7.65891, 0.749457, -0.162521, 0.641795
16.814, -1.70721, -12.0018, 7.60594, 0.689942, -0.155596, 0.706944
16.934, -1.90284, -12.0018, 7.56915, 0.663508, -0.153207, 0.732315
17.054, -2.04238, -12.0018, 7.53719, 0.647943, -0.146754, 0.747418
17.175, -2.10662, -12.0018, 7.53399, 0.629651, -0.178346, 0.75613
17.295, -2.2424, -12.0018, 7.52799, 0.615108, -0.148521, 0.774328
17.415, -2.36044, -12.0018, 7.52367, 0.60733, -0.165522, 0.777015
17.535, -2.40779, -12.0018, 7.54676, 0.604903, -0.218721, 0.765672
17.655, -2.40804, -12.0018, 7.56535, 0.600567, -0.278965, 0.749332
17.776, -2.45751, -12.0018, 7.59958, 0.583936, -0.323532, 0.744544
17.896, -2.69067, -12.0018, 7.808, 0.489783, -0.465321, 0.737285
18.016, -3.14302, -12.0018, 8.05174, 0.377561, -0.552388, 0.743179
18.136, -4.08756, -12.0018, 8.38968, 0.229938, -0.705302, 0.67058
18.256, -5.16959, -12.0018, 8.48674, 0.034525, -0.855565, 0.516543
18.376, -5.72763, -12.0018, 8.36136, 0.0174625, -0.921758, 0.387373
18.497, -6.02783, -12.0018, 7.94556, 0.0908005, -0.926199, 0.365938
18.617, -6.10483, -12.0018, 7.61016, 0.0883958, -0.871996, 0.481465
18.737, -6.18773, -12.0018, 7.34671, 0.0368896, -0.863158, 0.503584
18.857, -6.19419, -12.0018, 7.30619, 0.0409079, -0.836105, 0.547041
18.977, -6.14785, -12.0018, 7.28927, 0.0602734, -0.824402, 0.562786
19.097, -6.14809, -12.0018, 7.30785, 0.0525074, -0.785551, 0.616565
19.218, -6.19587, -12.0018, 7.31602, 0.0402563, -0.73632, 0.675435
19.338, -6.14477, -12.0018, 7.30955, 0.0227635, -0.743239, 0.668638
19.458, -6.04266, -12.0018, 7.30911, 0.0438534, -0.748147, 0.662082
19.578, -5.98864, -12.0018, 7.30013, 0.0716857, -0.72463, 0.685399
19.698, -6.08032, -12.0018, 7.25678, 0.0616318, -0.68583, 0.725147
19.818, -6.15474, -12.0018, 7.21575, 0.0586426, -0.649571, 0.758036
19.939, -6.23422, -12.0018, 7.15515, 0.0593272, -0.557235, 0.828233
20.059, -6.25688, -12.0018, 7.09237, 0.0808364, -0.470658, 0.878605
20.179, -6.22016, -12.0018, 7.08588, 0.0940795, -0.437321, 0.894371
20.299, -6.25754, -12.0018, 7.08358, 0.0821264, -0.357636, 0.930243
20.419, -6.25778, -12.0018, 7.10217, 0.0728055, -0.291611, 0.953762
20.539, -6.25803, -12.0018, 7.12075, 0.0837545, -0.286415, 0.954438
20.66, -6.25827, -12.0018, 7.13949, 0.104505, -0.29679, 0.949207
20.78, -6.25851, -12.0018, 7.15808, 0.105175, -0.296004, 0.949378
20.9, -6.21799, -12.0018, 7.15249, 0.110752, -0.262123, 0.958658
21.02, -6.10199, -12.0018, 7.10742, 0.10426, -0.23453, 0.966502
21.14, -6.01466, -12.0018, 7.06455, 0.101213, -0.214059, 0.971563
21.261, -5.9698, -12.0018, 7.05813, 0.118317, -0.168256, 0.978617
21.381, -5.97004, -12.0018, 7.07671, 0.118586, -0.150943, 0.981404
21.501, -5.97028, -12.0018, 7.0953, 0.0968001, -0.104183, 0.989836
21.621, -6.0735, -12.0018, 7.09185, 0.103879, -0.0357032, 0.993949
21.741, -6.30661, -12.0018, 7.12356, 0.115966, -0.0189759, 0.993072
21.861, -6.31168, -12.0018, 7.39396, 0.148156, -0.0259026, 0.988625
21.982, -6.31219, -12.0018, 7.66667, 0.18177, -0.0510825, 0.982013
22.102, -6.3127, -12.0018, 7.93712, 0.224313, -0.0876936, 0.970563
22.222, -6.3132, -12.0018, 8.20757, 0.229574, -0.0968909, 0.968456
22.342, -6.39243, -12.0018, 11.3513, 0.209484, -0.0708721, 0.97524
22.462, -6.49517, -12.0018, 15.4529, 0.185514, -0.0593348, 0.980849
22.582, -6.59791, -12.0018, 19.5544, 0.181329, -0.0539481, 0.981942
22.703, -6.8909, -12.0018, 24.6839, 0.160529, -0.0438622, 0.986056
22.823, -7.27545, -12.0018, 30.7797, 0.153169, -0.0368404, 0.987513
22.943, -7.63668, -12.0018, 36.8771, 0.161221, -0.0462715, 0.985833
23.063, -9.15275, -12.0018, 42.2706, 0.170265, -0.06745, 0.983087
23.183, -9.04834, -12.0018, 43.2643, 0.167525, -0.0933844, 0.981435
23.303, -9.24571, -12.0018, 47.361, 0.163674, -0.113023, 0.980019
23.424, -9.33969, -12.0018, 51.4969, 0.151655, -0.135935, 0.979042
23.544, -9.4329, -12.0018, 55.5987, 0.127774, -0.142036, 0.98158
23.664, -9.42074, -12.0018, 60.1097, 0.107137, -0.114452, 0.987635
23.784, -9.17085, -12.0018, 65.0233, 0.12647, -0.0909001, 0.987797
23.904, -8.89158, -12.0018, 69.9356, 0.145404, -0.108581, 0.983396
24.024, -8.61232, -12.0018, 74.8479, 0.153332, -0.149118, 0.976859
24.145, -9.41195, -12.0018, 79.1517, 0.138214, -0.156277, 0.977995
24.265, -9.05361, -12.0018, 83.6125, 0.0993952, -0.159041, 0.982256
24.385, -8.56173, -12.0018, 88.0635, 0.0784755, -0.159395, 0.984091
24.505, -8.07795, -12.0018, 92.5153, 0.0779789, -0.147388, 0.986
24.625, -7.53423, -12.0018, 96.9666, 0.116957, -0.131025, 0.984456
24.746, -6.74787, -12.0018, 101.427, 0.172846, -0.117431, 0.977923
24.866, -5.95431, -12.0018, 105.848, 0.203603, -0.152592, 0.967089
24.986, -5.16074, -12.0018, 110.269, 0.20522, -0.173495, 0.963216
25.106, -4.44169, -12.0018, 115.026, 0.195692, -0.167929, 0.96618
25.226, -3.86084, -12.0018, 119.912, 0.190463, -0.14677, 0.970661
25.346, -3.27999, -12.0018, 124.798, 0.188899, -0.120086, 0.974626
25.467, -2.61606, -12.0018, 130.323, 0.169302, -0.109032, 0.979515
25.587, -1.96409, -12.0018, 136.396, 0.176566, -0.102016, 0.978988
25.707, -1.35092, -12.0018, 142.474, 0.185206, -0.12483, 0.974739
25.827, -2.28217, -12.0018, 148.583, 0.176132, -0.147091, 0.973315
25.947, -2.04376, -12.0018, 150.809, 0.140047, -0.152721, 0.978296
26.067, -1.87965, -12.0018, 155.284, 0.113789, -0.120652, 0.986152
26.188, -1.76853, -12.0018, 159.798, 0.0907856, -0.130941, 0.987225
26.308, -1.65809, -12.0018, 164.676, 0.0839639, -0.126331, 0.988428
26.428, -1.56253, -12.0018, 170.76, 0.0953327, -0.112771, 0.989037
26.548, -1.47588, -12.0018, 176.844, 0.130262, -0.116559, 0.984604
26.668, -1.38924, -12.0018, 182.928, 0.136752, -0.145206, 0.979905
26.788, -2.48159, -12.0018, 188.273, 0.110542, -0.136243, 0.984489
26.909, -2.42145, -12.0018, 193.25, 0.0830531, -0.117906, 0.989546
27.029, -2.35813, -12.0018, 198.186, 0.0910598, -0.136635, 0.986427
27.149, -2.29215, -12.0018, 203.122, 0.139523, -0.166755, 0.976077
27.269, -2.2234, -12.0018, 208.569, 0.175284, -0.155265, 0.972198
27.389, -2.148, -12.0018, 214.016, 0.203027, -0.141024, 0.968965
27.51, -2.07198, -12.0018, 219.508, 0.215047, -0.135149, 0.967207
27.63, -2.16199, -12.0018, 224.82, 0.196837, -0.128264, 0.97201
27.75, -2.16914, -12.0018, 229.74, 0.163838, -0.0923416, 0.982156
27.87, -2.10735, -12.0018, 234.66, 0.151225, -0.0808129, 0.98519
27.99, -2.04556, -12.0018, 239.579, 0.156238, -0.122365, 0.980111
28.11, -1.93145, -12.0018, 244.908, 0.182074, -0.144443, 0.972618
28.231, -1.72194, -12.0018, 250.416, 0.225717, -0.135367, 0.964742
28.351, -1.51416, -12.0018, 255.879, 0.232807, -0.145806, 0.961531
28.471, -1.29808, -12.0018, 261.336, 0.204175, -0.142323, 0.968533
28.591, -1.16369, -12.0018, 266.782, 0.154684, -0.128926, 0.979516
28.711, -1.05021, -12.0018, 272.228, 0.136642, -0.143843, 0.980121
28.831, -0.936732, -12.0018, 277.674, 0.137599, -0.151407, 0.978847
28.952, -0.827444, -12.0018, 282.906, 0.170796, -0.154759, 0.973077
29.072, -0.735535, -12.0018, 287.842, 0.207537, -0.140751, 0.968048
29.192, -0.646674, -12.0018, 292.777, 0.262445, -0.107382, 0.958953
29.312, -0.557813, -12.0018, 297.713, 0.264964, -0.111719, 0.957765
29.432, -0.495843, -12.0018, 302.637, 0.225233, -0.106538, 0.968463
29.552, -0.431547, -12.0018, 307.556, 0.193426, -0.106554, 0.975312
29.673, -0.366714, -12.0018, 312.517, 0.156279, -0.0929357, 0.983331
29.793, -0.305931, -12.0018, 317.569, 0.10873, -0.0996394, 0.989065
29.913, -0.245658, -12.0018, 323.016, 0.110233, -0.111091, 0.987678
30.033, -0.190417, -12.0018, 328.463, 0.106838, -0.125795, 0.986287
30.153, -0.135177, -12.0018, 333.91, 0.10159, -0.143337, 0.984446
30.273, -1.1183, -12.0018, 339.037, 0.0969419, -0.150068, 0.983911
30.394, -1.09155, -12.0018, 343.566, 0.106909, -0.126496, 0.986189
30.514, -1.06692, -12.0018, 348.057, 0.0981657, -0.14803, 0.984099
30.634, -1.04229, -12.0018, 352.549, 0.100086, -0.148958, 0.983765
30.754, -1.02548, -12.0018, 357.757, 0.131896, -0.140733, 0.981223
30.874, -0.988647, -12.0018, 363.205, 0.16197, -0.125574, 0.978773
30.995, -0.951509, -12.0018, 368.697, 0.190773, -0.143049, 0.971155
31.115, -0.915587, -12.0018, 374.145, 0.186867, -0.140472, 0.97229
31.235, -0.878735, -12.0018, 379.065, 0.170988, -0.147408, 0.974184
31.355, -0.843095, -12.0018, 383.985, 0.159234, -0.124497, 0.97936
31.475, -0.807454, -12.0018, 388.905, 0.140323, -0.157184, 0.977549
31.595, -0.786364, -12.0018, 394.098, 0.147351, -0.156353, 0.976648
31.716, -0.739969, -12.0018, 399.61, 0.188108, -0.126243, 0.974001
31.836, -0.683658, -12.0018, 405.076, 0.207816, -0.140914, 0.967965
31.956, -0.627348, -12.0018, 410.543, 0.220736, -0.175485, 0.959417
32.076, -1.48756, -12.0018, 415.648, 0.19004, -0.188006, 0.963607
32.196, -1.42176, -12.0018, 420.568, 0.148972, -0.171067, 0.973932
32.316, -1.35596, -12.0018, 425.487, 0.105729, -0.129435, 0.985935
32.437, -1.28949, -12.0018, 430.448, 0.0944359, -0.119047, 0.988387
32.557, -1.21677, -12.0018, 435.368, 0.13372, -0.110633, 0.984825
32.677, -1.13094, -12.0018, 440.287, 0.155551, -0.141707, 0.977611
32.797, -1.04512, -12.0018, 445.207, 0.144266, -0.136106, 0.980134
32.917, -0.959294, -12.0018, 450.13, 0.124209, -0.130736, 0.983606
33.037, -0.898112, -12.0018, 455.066, 0.0992286, -0.0986967, 0.990158
33.158, -0.838964, -12.0018, 460.043, 0.0897163, -0.0690362, 0.993572
33.278, -0.780305, -12.0018, 464.979, 0.0897296, -0.0852641, 0.99231
33.398, -0.700657, -12.0018, 469.907, 0.124082, -0.12566, 0.984283
33.518, -0.622625, -12.0018, 474.826, 0.186491, -0.143063, 0.971985
33.638, -0.546862, -12.0018, 479.746, 0.213661, -0.152191, 0.96498
33.758, -0.471099, -12.0018, 484.666, 0.219428, -0.153726, 0.963442
33.879, -0.408712, -12.0018, 489.626, 0.167825, -0.11597, 0.978972
33.999, -0.363651, -12.0018, 494.546, 0.134045, -0.0971117, 0.986206
34.119, -0.31859, -12.0018, 499.466, 0.126292, -0.112707, 0.98557
34.239, -0.272095, -12.0018, 504.98, 0.155141, -0.159833, 0.974877
34.359, -0.223407, -12.0018, 511.088, 0.209967, -0.160932, 0.964373
34.48, -0.180823, -12.0018, 517.247, 0.229212, -0.14174, 0.963002
34.6, -1.03168, -12.0018, 523.292, 0.216374, -0.127384, 0.967965
34.72, -0.936416, -12.0018, 526.969, 0.177156, -0.108571, 0.978176
34.84, -0.919318, -12.0018, 531.889, 0.134575, -0.109618, 0.984821
34.96, -0.90222, -12.0018, 536.809, 0.119751, -0.123881, 0.985045
35.08, -0.893167, -12.0018, 542.323, 0.134202, -0.145947, 0.980148
35.201, -0.888298, -12.0018, 548.482, 0.174769, -0.13226, 0.975686
35.321, -0.881735, -12.0018, 554.59, 0.20577, -0.151098, 0.966865
35.441, -1.74293, -12.0018, 560.582, 0.209994, -0.167882, 0.963181
35.561, -1.67808, -12.0018, 562.804, 0.189776, -0.156708, 0.969241
35.681, -1.67772, -12.0018, 567.282, 0.150452, -0.142187, 0.978339
35.801, -1.67496, -12.0018, 571.76, 0.136607, -0.11643, 0.983759
35.922, -1.66845, -12.0018, 576.275, 0.131928, -0.120051, 0.983963
36.042, -1.68196, -12.0018, 581.723, 0.163126, -0.102121, 0.981306
36.162, -1.66725, -12.0018, 587.17, 0.18546, -0.103068, 0.977232
36.282, -1.65254, -12.0018, 592.617, 0.199553, -0.120533, 0.972446
36.402, -1.6304, -12.0018, 597.937, 0.193771, -0.124932, 0.97306
36.522, -1.6182, -12.0018, 602.873, 0.167615, -0.104244, 0.980326
36.643, -1.60481, -12.0018, 607.85, 0.133612, -0.136589, 0.981576
36.763, -1.59079, -12.0018, 612.787, 0.132773, -0.150195, 0.9797
36.883, -1.57581, -12.0018, 618.871, 0.163713, -0.139043, 0.97666
37.003, -1.53002, -12.0018, 624.956, 0.194758, -0.136071, 0.971367
37.123, -1.48423, -12.0018, 631.04, 0.199577, -0.141238, 0.96965
37.244, -2.34457, -12.0018, 636.538, 0.189841, -0.115962, 0.974943
37.364, -2.2991, -12.0018, 641.474, -0.180317, -0.102294, -0.978275
37.484, -2.25531, -12.0018, 646.41, 0.142343, -0.0895147, 0.985761
37.604, -2.21152, -12.0018, 651.346, 0.125614, -0.108879, 0.986086
37.724, -2.14238, -12.0018, 656.665, 0.138142, -0.135388, 0.981115
37.844, -2.06581, -12.0018, 662.112, 0.176354, -0.139338, 0.974415
37.965, -1.98861, -12.0018, 667.604, 0.196002, -0.142097, 0.970254
38.085, -1.91204, -12.0018, 673.051, 0.198699, -0.142829, 0.969597
38.205, -2.77841, -12.0018, 677.714, 0.172008, -0.130051, 0.976473
38.325, -2.73916, -12.0018, 682.192, 0.153203, -0.1348, 0.978958
38.445, -2.6999, -12.0018, 686.67, 0.149345, -0.155193, 0.97653
38.565, -2.65718, -12.0018, 691.963, 0.15964, -0.18851, 0.969009
38.686, -2.59329, -12.0018, 698.122, 0.205563, -0.162078, 0.965129
38.806, -2.53156, -12.0018, 704.23, 0.22351, -0.147958, 0.963406
38.926, -3.40667, -12.0018, 710.059, 0.214756, -0.137143, 0.966991
39.046, -3.29227, -12.0018, 713.732, 0.176596, -0.128275, 0.975889
39.166, -3.24782, -12.0018, 718.652, 0.146708, -0.147424, 0.978132
39.286, -3.20336, -12.0018, 723.572, 0.132368, -0.178294, 0.975033
39.407, -3.17331, -12.0018, 729.115, 0.149734, -0.210735, 0.966007
39.527, -3.12748, -12.0018, 735.2, 0.207126, -0.194301, 0.958825
39.647, -3.07945, -12.0018, 741.284, 0.27201, -0.186875, 0.943975
39.767, -3.03142, -12.0018, 747.369, 0.280235, -0.175705, 0.943714
39.887, -3.80981, -12.0018, 751.039, 0.250636, -0.153176, 0.955886
40.007, -3.75631, -12.0018, 755.531, 0.212637, -0.12342, 0.969306
40.128, -3.69927, -12.0018, 760.059, 0.193741, -0.114871, 0.974304
40.248, -3.64269, -12.0018, 764.551, 0.167433, -0.10907, 0.979832
40.368, -3.6206, -12.0018, 769.998, 0.170378, -0.0955002, 0.98074
40.488, -3.5953, -12.0018, 775.445, 0.178552, -0.0945271, 0.979379
40.608, -3.57, -12.0018, 780.892, 0.188611, -0.104389, 0.976488
40.729, -3.53158, -12.0018, 786.395, 0.178063, -0.109609, 0.977895
40.849, -3.52332, -12.0018, 791.861, 0.154346, -0.155914, 0.975637
40.969, -3.51931, -12.0018, 797.328, 0.133607, -0.168589, 0.976589
41.089, -3.5145, -12.0018, 802.794, 0.134284, -0.181025, 0.974268
41.209, -3.49246, -12.0018, 808.242, 0.171905, -0.182213, 0.968115
41.329, -3.45961, -12.0018, 813.689, 0.197087, -0.162173, 0.96688
41.45, -3.42649, -12.0018, 819.182, 0.207119, -0.170993, 0.963256
41.57, -3.39158, -12.0018, 824.497, 0.180655, -0.162186, 0.970082
41.69, -3.37115, -12.0018, 829.417, 0.166929, -0.131952, 0.977099
41.81, -3.34572, -12.0018, 834.337, 0.177876, -0.0930661, 0.979642
41.93, -3.32029, -12.0018, 839.258, 0.198046, -0.0770212, 0.977162
42.05, -3.2907, -12.0018, 844.588, 0.25206, -0.0763809, 0.964693
42.171, -3.24589, -12.0018, 850.1, 0.266219, -0.030819, 0.96342
42.291, -3.20146, -12.0018, 855.566, 0.259689, -0.017692, 0.96553
42.411, -4.2213, -12.0018, 860.837, 0.225593, -0.0478325, 0.973047
42.531, -4.20148, -12.0018, 865.757, 0.179414, -0.060501, 0.981912
42.651, -4.17912, -12.0018, 870.677, 0.145857, -0.0731468, 0.986598
42.771, -4.15675, -12.0018, 875.597, 0.150566, -0.0803253, 0.985331
42.892, -4.62663, -12.0018, 880.429, 0.194194, -0.0926603, 0.976577
43.012, -4.57223, -12.0018, 884.907, 0.277442, -0.113478, 0.954017
43.132, -4.50518, -12.0018, 889.384, 0.310949, -0.119989, 0.942822
43.252, -4.43813, -12.0018, 893.862, 0.313383, -0.139745, 0.939288
43.372, -4.36868, -12.0018, 898.454, 0.277336, -0.138075, 0.9508
43.492, -4.31354, -12.0018, 903.39, 0.238044, -0.110457, 0.964953
43.613, -4.26746, -12.0018, 908.367, 0.193765, -0.0965811, 0.976282
43.733, -4.22176, -12.0018, 913.303, 0.143005, -0.0875162, 0.985845
43.853, -4.17029, -12.0018, 918.231, 0.15613, -0.105005, 0.982139
43.973, -4.1122, -12.0018, 923.151, 0.209115, -0.111725, 0.971488
44.093, -4.05612, -12.0018, 928.071, 0.231569, -0.11961, 0.965437
44.214, -3.99958, -12.0018, 933.032, 0.238506, -0.14886, 0.959664
44.334, -4.82041, -12.0018, 936.706, 0.208731, -0.157002, 0.965288
44.454, -4.78302, -12.0018, 940.809, 0.188907, -0.143595, 0.971439
44.574, -4.74422, -12.0018, 944.911, 0.15545, -0.156608, 0.975351
44.694, -4.70541, -12.0018, 949.014, 0.14013, -0.168207, 0.975741
44.814, -4.66174, -12.0018, 954.139, 0.181889, -0.170471, 0.96843
44.935, -4.61323, -12.0018, 959.651, 0.221729, -0.105884, 0.969342
45.055, -4.56512, -12.0018, 965.118, 0.224409, -0.11417, 0.967784
45.175, -4.50839, -12.0018, 970.58, 0.184406, -0.149142, 0.971469
45.295, -4.44246, -12.0018, 976.026, 0.136425, -0.142974, 0.980279
45.415, -4.37106, -12.0018, 981.473, 0.115965, -0.124591, 0.985408
45.535, -4.30674, -12.0018, 987.282, 0.139495, -0.127585, 0.981969
45.656, -4.27263, -12.0018, 994.236, 0.182486, -0.109782, 0.97706
45.776, -4.24822, -12.0018, 1001.13, 0.204244, -0.111641, 0.972533
45.896, -5.33062, -12.0018, 1007.74, 0.190292, -0.130547, 0.973009
46.016, -5.2629, -12.0018, 1010.19, 0.146248, -0.126512, 0.981125
46.136, -5.23605, -12.0018, 1015.11, 0.0920293, -0.118893, 0.988633
46.256, -5.20678, -12.0018, 1020.03, 0.0926012, -0.113404, 0.989224
46.377, -5.18491, -12.0018, 1025.28, 0.148066, -0.110991, 0.98273
46.497, -5.16626, -12.0018, 1031.36, 0.216066, -0.100449, 0.971198
46.617, -5.14746, -12.0018, 1037.45, 0.23324, -0.109881, 0.966191
46.737, -5.12866, -12.0018, 1043.53, 0.234125, -0.133018, 0.963064
46.857, -5.11578, -12.0018, 1049.15, 0.220313, -0.120602, 0.967945
46.977, -5.10081, -12.0018, 1054.62, 0.186026, -0.0949272, 0.977948
47.098, -5.0829, -12.0018, 1060.13, 0.182355, -0.0687888, 0.980824
47.218, -5.06659, -12.0018, 1065.59, 0.193069, -0.0639769, 0.979097
47.338, -5.05451, -12.0018, 1071.04, 0.226371, -0.0334406, 0.973467
47.458, -5.03759, -12.0018, 1076.49, 0.221436, -0.0408376, 0.974319
47.578, -5.02066, -12.0018, 1081.94, 0.201427, -0.103117, 0.97406
47.699, -5.00159, -12.0018, 1087.17, 0.154638, -0.142475, 0.977644
47.819, -4.97081, -12.0018, 1092.1, 0.105953, -0.13219, 0.985545
47.939, -4.93518, -12.0018, 1097.04, 0.0917155, -0.130831, 0.987153
48.059, -4.90168, -12.0018, 1101.98, 0.104983, -0.131164, 0.985786
48.179, -4.86025, -12.0018, 1107.42, 0.157018, -0.121132, 0.980139
48.299, -4.8141, -12.0018, 1112.87, 0.189666, -0.112297, 0.975406
48.42, -4.76756, -12.0018, 1118.36, 0.170356, -0.125361, 0.977376
48.54, -4.71124, -12.0018, 1123.81, 0.121038, -0.120972, 0.985249
48.66, -4.64375, -12.0018, 1129.26, 0.0830452, -0.100048, 0.991511
48.78, -4.5741, -12.0018, 1134.7, 0.0835856, -0.106444, 0.990799
48.9, -4.50631, -12.0018, 1140.32, 0.14686, -0.129638, 0.980625
49.02, -4.44018, -12.0018, 1146.42, 0.222695, -0.134604, 0.965551
49.141, -4.37904, -12.0018, 1152.58, 0.273381, -0.140494, 0.95159
49.261, -4.31841, -12.0018, 1158.69, 0.253404, -0.154372, 0.954964
49.381, -5.12081, -12.0018, 1162.82, 0.211956, -0.132736, 0.968223
49.501, -5.09152, -12.0018, 1167.74, 0.15564, -0.102922, 0.982437
49.621, -5.06256, -12.0018, 1172.66, 0.138181, -0.0959976, 0.985744
49.741, -5.03399, -12.0018, 1177.88, 0.147784, -0.104667, 0.983466
49.862, -4.9964, -12.0018, 1184.04, 0.178023, -0.110131, 0.977844
49.982, -4.96106, -12.0018, 1190.14, 0.182022, -0.103002, 0.977885
50.102, -4.92572, -12.0018, 1196.25, 0.172283, -0.124348, 0.977167
50.222, -5.68342, -12.0018, 1200.22, 0.149603, -0.113844, 0.98217
50.342, -5.62104, -12.0018, 1205.14, 0.127703, -0.0664263, 0.989586
50.463, -5.55544, -12.0018, 1210.1, 0.129181, -0.0504001, 0.990339
50.583, -5.49039, -12.0018, 1215.02, 0.124863, -0.0842281, 0.988592
50.703, -5.40828, -12.0018, 1219.94, 0.138543, -0.0935018, 0.985933
50.823, -5.30795, -12.0018, 1224.86, 0.160114, -0.0896826, 0.983016
50.943, -5.20905, -12.0018, 1229.78, 0.174911, -0.12747, 0.976298
51.063, -5.11177, -12.0018, 1234.7, 0.166676, -0.149409, 0.974626
51.184, -5.01903, -12.0018, 1239.68, 0.134668, -0.142643, 0.98057
51.304, -4.93064, -12.0018, 1244.61, 0.0862142, -0.138245, 0.986638
51.424, -4.84226, -12.0018, 1249.55, 0.0876313, -0.142407, 0.985921
51.544, -4.73657, -12.0018, 1255.34, 0.113115, -0.149859, 0.982216
51.664, -4.61037, -12.0018, 1261.43, 0.145896, -0.151819, 0.977581
51.784, -4.48443, -12.0018, 1267.51, 0.15638, -0.173612, 0.972319
51.905, -5.32151, -12.0018, 1273.55, 0.158456, -0.165001, 0.973481
52.025, -5.23529, -12.0018, 1278.47, 0.149526, -0.098772, 0.983812
52.145, -5.1597, -12.0018, 1283.39, 0.14154, -0.0713693, 0.987356
52.265, -5.0841, -12.0018, 1288.31, 0.129019, -0.0809202, 0.988335
52.385, -5.01146, -12.0018, 1293.5, 0.133715, -0.112517, 0.984612
52.505, -4.92273, -12.0018, 1298.97, 0.169101, -0.117589, 0.978559
52.626, -4.8286, -12.0018, 1304.48, 0.200239, -0.11496, 0.972979
52.746, -4.73525, -12.0018, 1309.94, 0.20723, -0.123546, 0.97046
52.866, -5.62265, -12.0018, 1312.37, 0.18442, -0.149647, 0.971388
52.986, -5.54025, -12.0018, 1316.47, 0.169021, -0.134691, 0.976366
53.106, -5.45635, -12.0018, 1320.57, 0.168938, -0.100281, 0.980512
53.226, -5.37245, -12.0018, 1324.68, 0.164358, -0.116504, 0.979496
53.347, -5.27724, -12.0018, 1330.83, 0.183751, -0.118824, 0.975765
53.467, -5.18127, -12.0018, 1336.94, 0.210277, -0.106959, 0.971773
53.587, -5.0853, -12.0018, 1343.05, 0.223824, -0.124125, 0.966693
53.707, -5.9752, -12.0018, 1346.06, 0.21302, -0.142975, 0.96653
53.827, -5.91648, -12.0018, 1350.53, 0.171169, -0.119637, 0.977951
53.948, -5.871, -12.0018, 1355.05, 0.133412, -0.0985164, 0.986152
54.068, -5.82591, -12.0018, 1359.53, 0.131972, -0.100027, 0.986194
54.188, -5.78279, -12.0018, 1364.12, 0.150117, -0.12095, 0.981242
54.308, -5.74835, -12.0018, 1369.04, 0.177151, -0.10332, 0.978745
54.428, -5.71832, -12.0018, 1373.96, 0.19187, -0.138522, 0.971595
54.548, -5.6883, -12.0018, 1378.88, 0.178964, -0.152859, 0.971908
54.669, -5.65791, -12.0018, 1383.73, 0.148017, -0.210203, 0.966388
54.789, -5.62503, -12.0018, 1388.22, 0.0995744, -0.206352, 0.973398
54.909, -5.58828, -12.0018, 1392.71, 0.0924946, -0.193987, 0.976634
55.029, -5.55153, -12.0018, 1397.21, 0.110705, -0.181797, 0.977085
55.149, -5.50825, -12.0018, 1403.29, 0.161312, -0.139032, 0.977061
55.269, -5.45016, -12.0018, 1409.37, 0.207174, -0.10812, 0.972311
55.39, -5.39159, -12.0018, 1415.51, 0.215177, -0.110171, 0.970341
55.51, -6.34147, -12.0018, 1421.2, 0.193229, -0.116382, 0.974227
55.63, -6.31484, -12.0018, 1426.12, 0.161063, -0.111693, 0.980604
55.75, -6.28704, -12.0018, 1431.04, 0.16024, -0.0931342, 0.982675
55.87, -6.25925, -12.0018, 1435.96, 0.167618, -0.11834, 0.978724
55.99, -6.24322, -12.0018, 1442.07, 0.201597, -0.112751, 0.972957
56.111, -6.20408, -12.0018, 1448.23, 0.224693, -0.106847, 0.968554
56.231, -6.16527, -12.0018, 1454.34, 0.24117, -0.119723, 0.96307
56.351, -6.99453, -12.0018, 1458.6, 0.230078, -0.111063, 0.966814
56.471, -6.95509, -12.0018, 1463.52, 0.203054, -0.0718963, 0.976525
56.591, -6.90683, -12.0018, 1468.44, 0.176811, -0.0436559, 0.983276
56.711, -6.85857, -12.0018, 1473.36, 0.173786, -0.0325478, 0.984245
56.832, -6.80081, -12.0018, 1478.71, 0.213009, -0.0176724, 0.97689
56.952, -6.7287, -12.0018, 1484.16, 0.235116, -0.0103675, 0.971912
57.072, -6.6566, -12.0018, 1489.61, 0.22607, -0.0506408, 0.972794
57.192, -6.58657, -12.0018, 1495.06, 0.194043, -0.0873271, 0.977098
57.312, -6.50681, -12.0018, 1500.53, 0.163812, -0.0828011, 0.98301
57.433, -6.41739, -12.0018, 1506.04, 0.0972032, -0.0946954, 0.990749
57.553, -6.32871, -12.0018, 1511.5, 0.0848588, -0.0954307, 0.991812
57.673, -6.26989, -12.0018, 1516.96, 0.108966, -0.116035, 0.98725
57.793, -6.17098, -12.0018, 1522.4, 0.138938, -0.119691, 0.983041
57.913, -6.06635, -12.0018, 1527.85, 0.155334, -0.158177, 0.975116
58.033, -5.96172, -12.0018, 1533.29, 0.165084, -0.148454, 0.975043
58.154, -6.54864, -12.0018, 1538.08, 0.145861, -0.143246, 0.97888
58.274, -6.47379, -12.0018, 1542.57, 0.141277, -0.153807, 0.977949
58.394, -6.39894, -12.0018, 1547.06, 0.146358, -0.148119, 0.97808
58.514, -6.32036, -12.0018, 1552.35, 0.154213, -0.16561, 0.974059
58.634, -6.22215, -12.0018, 1558.43, 0.19724, -0.155455, 0.967952
58.754, -6.12065, -12.0018, 1564.52, 0.191991, -0.146436, 0.97041
58.875, -6.0183, -12.0018, 1570.65, 0.168464, -0.133372, 0.976643
58.995, -6.7853, -12.0018, 1575.71, 0.122558, -0.139196, 0.982652
59.115, -6.74632, -12.0018, 1580.63, 0.102415, -0.143626, 0.984318
59.235, -6.70734, -12.0018, 1585.55, 0.0868905, -0.126302, 0.988179
59.355, -6.66816, -12.0018, 1590.61, 0.10228, -0.130686, 0.986134
59.475, -6.59305, -12.0018, 1596.08, 0.128279, -0.129327, 0.98327
59.596, -6.51057, -12.0018, 1601.59, 0.161223, -0.161557, 0.973605
59.716, -6.42876, -12.0018, 1607.05, 0.175168, -0.183363, 0.967313
59.836, -6.34977, -12.0018, 1612.5, 0.153073, -0.166626, 0.974066
59.956, -6.29106, -12.0018, 1617.95, 0.131166, -0.0968611, 0.986617
60.076, -6.23363, -12.0018, 1623.4, 0.125648, -0.0551779, 0.990539
60.197, -6.1628, -12.0018, 1629.23, 0.131442, -0.0682236, 0.988973
60.317, -6.01391, -12.0018, 1635.33, 0.171931, -0.0705288, 0.982581
60.437, -5.85988, -12.0018, 1641.44, 0.178444, -0.0876774, 0.980036
60.557, -6.7499, -11.9837, 1647.58, 0.15125, -0.116523, 0.981604
60.677, -6.6181, -11.9837, 1651.25, 0.112289, -0.113309, 0.987194
60.797, -6.50727, -11.9837, 1656.17, 0.0788898, -0.113322, 0.990421
60.918, -6.39477, -11.9837, 1661.13, 0.0857328, -0.105806, 0.990684
61.038, -6.2962, -11.9763, 1666.18, 0.110084, -0.103022, 0.988569
61.158, -6.25394, -11.9572, 1671.62, 0.155956, -0.0991518, 0.982775
61.278, -6.2143, -11.9374, 1677.07, 0.185413, -0.118065, 0.975542
61.398, -6.17376, -11.9231, 1682.52, 0.191539, -0.16207, 0.968012
61.518, -6.13574, -11.9145, 1687.98, 0.155018, -0.140473, 0.977874
61.639, -6.11129, -11.9114, 1693.49, 0.13399, -0.136673, 0.981513
61.759, -6.08652, -11.9114, 1698.96, 0.126617, -0.137577, 0.982365
61.879, -6.06376, -11.9114, 1704.42, 0.136721, -0.146781, 0.979675
61.999, -6.02455, -11.9114, 1709.87, 0.160613, -0.126097, 0.978929
62.119, -5.96108, -11.9114, 1715.31, 0.168508, -0.149722, 0.974263
62.239, -5.8976, -11.9114, 1720.76, 0.161528, -0.155902, 0.974476
62.36, -5.83809, -11.9114, 1725.99, 0.149454, -0.150031, 0.97732
62.48, -5.80761, -11.9114, 1730.91, 0.14548, -0.156882, 0.976844
62.6, -5.77789, -11.9114, 1735.83, 0.154722, -0.154229, 0.975846
62.72, -5.7571, -11.9114, 1741.05, 0.190215, -0.131181, 0.972939
62.84, -5.73776, -11.9114, 1747.16, 0.218474, -0.116952, 0.968809
62.96, -5.71493, -11.9114, 1753.26, 0.243495, -0.12804, 0.961414
63.081, -5.69191, -11.9114, 1759.42, 0.255733, -0.13898, 0.956705
63.201, -6.59493, -11.9114, 1763.51, 0.245042, -0.137766, 0.959674
63.321, -6.55198, -11.9114, 1768.43, 0.199237, -0.12462, 0.971995
63.441, -6.50903, -11.9114, 1773.35, 0.182411, -0.114552, 0.976527
63.561, -6.4594, -11.9114, 1778.56, 0.170622, -0.121133, 0.977862
63.682, -6.39264, -11.9114, 1784.72, 0.197397, -0.0988522, 0.975327
63.802, -6.31163, -11.9114, 1790.83, 0.213071, -0.104274, 0.971457
63.922, -6.23061, -11.9114, 1796.94, 0.211687, -0.117233, 0.970281
64.042, -7.4204, -11.9114, 1798.64, 0.194251, -0.106293, 0.975176
64.162, -7.37875, -11.9114, 1802.75, 0.145279, -0.107443, 0.98354
64.282, -7.32938, -11.9114, 1806.85, 0.112228, -0.11963, 0.986455
64.403, -7.28531, -11.9114, 1810.99, 0.107562, -0.143214, 0.983829
64.523, -7.13182, -11.9114, 1817.85, 0.143761, -0.128908, 0.981181
64.643, -6.92603, -11.9114, 1824.72, 0.166856, -0.11699, 0.979016
64.763, -6.72024, -11.9114, 1831.58, 0.185863, -0.122378, 0.974925
64.883, -7.76791, -11.9114, 1834.95, 0.187333, -0.112413, 0.975843
65.003, -7.6117, -11.9114, 1838.01, 0.170196, -0.0975819, 0.980567
65.124, -7.52163, -11.9114, 1842.16, 0.142445, -0.0833924, 0.986284
65.244, -7.43378, -11.9114, 1846.28, 0.122434, -0.109933, 0.986369
65.364, -7.30279, -11.9114, 1850.72, 0.113972, -0.102317, 0.988201
65.484, -7.07601, -11.9114, 1856.16, 0.145704, -0.0847981, 0.985687
65.604, -6.85013, -11.9114, 1861.61, 0.174393, -0.107033, 0.978842
65.724, -6.62424, -11.9114, 1867.05, 0.193144, -0.13481, 0.971865
65.845, -7.3079, -11.9114, 1872.51, 0.176589, -0.133145, 0.975238
65.965, -7.21053, -11.9114, 1876.99, 0.153214, -0.130664, 0.979516
66.085, -7.12265, -11.9114, 1881.46, 0.128037, -0.131656, 0.982992
66.205, -7.03478, -11.9114, 1885.94, 0.131904, -0.123606, 0.983526
66.325, -6.92421, -11.9114, 1891.16, 0.150501, -0.120217, 0.981273
66.445, -6.8002, -11.9114, 1896.62, 0.177362, -0.119637, 0.976847
66.566, -6.67515, -11.9114, 1902.14, 0.189402, -0.145732, 0.971025
66.686, -7.31731, -11.9114, 1907.89, 0.178687, -0.152115, 0.972076
66.806, -7.24355, -11.9114, 1912.81, 0.156715, -0.135925, 0.978246
66.926, -7.17862, -11.9114, 1917.73, 0.147916, -0.133813, 0.979905
67.046, -7.1137, -11.9114, 1922.65, 0.151277, -0.146808, 0.977529
67.167, -7.05216, -11.9114, 1928.51, 0.173085, -0.15496, 0.97264
67.287, -6.99818, -11.9114, 1934.62, 0.19518, -0.139113, 0.970851
67.407, -6.9442, -11.9114, 1940.73, 0.206221, -0.136979, 0.96887
67.527, -7.72082, -11.9114, 1946.83, 0.19952, -0.116193, 0.97298
67.647, -7.717, -11.9114, 1952.27, 0.170832, -0.0629237, 0.983289
67.767, -7.71849, -11.9114, 1957.72, 0.167777, -0.0328665, 0.985277
67.888, -7.71999, -11.9114, 1963.21, 0.16519, -0.0306704, 0.985785
68.008, -7.71315, -11.9114, 1968.66, 0.175322, -0.0569565, 0.982862
68.128, -7.69261, -11.9114, 1974.11, 0.202116, -0.050755, 0.978046
68.248, -7.67412, -11.9114, 1979.56, 0.223813, -0.107887, 0.968642
68.368, -7.65563, -11.9114, 1985, 0.231579, -0.11629, 0.96584
68.488, -8.49232, -11.9114, 1988.62, 0.192641, -0.116312, 0.974352
68.609, -8.46398, -11.9114, 1992.77, 0.149277, -0.111777, 0.982457
68.729, -8.43538, -11.9114, 1996.89, 0.133649, -0.112584, 0.984613
68.849, -8.40678, -11.9114, 2001, 0.132244, -0.104795, 0.985662
68.969, -8.38708, -11.9114, 2005.3, 0.158281, -0.109174, 0.98134
69.089, -8.34469, -11.9114, 2009.77, 0.196073, -0.103735, 0.975087
69.209, -8.30066, -11.9114, 2014.25, 0.221048, -0.137109, 0.965577
69.33, -8.25627, -11.9114, 2018.77, 0.225529, -0.146819, 0.96311
69.45, -8.22406, -11.9114, 2023.25, 0.197263, -0.131351, 0.971511
69.57, -8.21584, -11.9114, 2027.72, 0.158946, -0.114301, 0.980649
69.69, -8.209, -11.9114, 2032.2, 0.129731, -0.10583, 0.985885
69.81, -8.20216, -11.9114, 2036.68, 0.132951, -0.116724, 0.984225
69.931, -8.15791, -11.9114, 2042.19, 0.173881, -0.118982, 0.977552
70.051, -8.13338, -11.9114, 2047.66, 0.207188, -0.126678, 0.970065
70.171, -8.10885, -11.9114, 2053.13, 0.207815, -0.138959, 0.968248
70.291, -8.98775, -11.9114, 2058.85, 0.176597, -0.140361, 0.974224
70.411, -8.96139, -11.9114, 2063.77, 0.135727, -0.107354, 0.984913
70.531, -8.91485, -11.9114, 2068.69, 0.109927, -0.0901285, 0.989845
70.652, -8.86793, -11.9114, 2073.65, 0.114093, -0.0830997, 0.989989
70.772, -8.81818, -11.9114, 2078.57, 0.149988, -0.0906318, 0.984525
70.892, -8.75147, -11.9114, 2083.49, 0.203397, -0.0956818, 0.97441
71.012, -8.68718, -11.9114, 2088.41, 0.209906, -0.145459, 0.966841
71.132, -8.6147, -11.9114, 2093.33, 0.183585, -0.157936, 0.970233
71.252, -8.52349, -11.9114, 2098.79, 0.167167, -0.136615, 0.976418
71.373, -8.4292, -11.9114, 2104.3, 0.121846, -0.119072, 0.985381
71.493, -8.3357, -11.9114, 2109.77, 0.0853362, -0.126461, 0.988294
71.613, -8.27754, -11.9114, 2115.23, 0.111006, -0.144829, 0.98321
71.733, -8.23461, -11.9114, 2120.67, 0.152196, -0.127229, 0.980127
71.853, -8.18754, -11.9114, 2126.12, 0.180106, -0.13156, 0.97481
71.973, -8.14048, -11.9114, 2131.57, 0.186236, -0.12249, 0.97484
72.094, -8.11636, -11.9114, 2136.67, 0.173493, -0.100372, 0.979707
72.214, -8.11596, -11.9114, 2141.61, 0.154964, -0.115896, 0.981098
72.334, -8.11548, -11.9114, 2146.55, 0.140199, -0.129624, 0.981602
72.454, -8.12182, -11.9114, 2151.61, 0.153747, -0.146676, 0.977163
72.574, -8.11459, -11.9114, 2157.06, 0.201602, -0.117325, 0.972415
72.694, -8.09179, -11.9114, 2162.51, 0.228003, -0.120512, 0.966173
72.815, -8.0688, -11.9114, 2168, 0.220513, -0.140974, 0.965143
72.935, -8.05075, -11.9114, 2173.18, 0.193698, -0.147267, 0.969945
73.055, -8.00809, -11.9114, 2178.1, 0.153968, -0.125758, 0.98004
73.175, -7.95565, -11.9114, 2183.02, 0.137711, -0.120942, 0.983061
73.295, -7.89723, -11.9114, 2188.24, 0.143547, -0.139921, 0.979702
73.416, -7.82206, -11.9114, 2194.4, 0.186761, -0.111337, 0.976076
73.536, -7.74442, -11.9114, 2200.5, 0.206558, -0.106112, 0.972663
73.656, -7.66677, -11.9114, 2206.61, 0.217399, -0.145219, 0.96522
73.776, -8.79436, -11.9114, 2209.34, 0.220265, -0.145201, 0.964572
73.896, -8.787, -11.9114, 2213.82, 0.191155, -0.14997, 0.970035
74.016, -8.78399, -11.9114, 2218.3, 0.160562, -0.158859, 0.974158
74.137, -8.78095, -11.9114, 2222.81, 0.152855, -0.150477, 0.976725
74.257, -8.79395, -11.9114, 2228.02, 0.173545, -0.140038, 0.974819
74.377, -8.7878, -11.9114, 2233.47, 0.20751, -0.108317, 0.972218
74.497, -8.78098, -11.9114, 2238.91, 0.211661, -0.108393, 0.971314
74.617, -8.77416, -11.9114, 2244.36, 0.185927, -0.136293, 0.973065
74.737, -8.81446, -11.9114, 2249.3, 0.138548, -0.141005, 0.980266
74.858, -8.8387, -11.9114, 2254.27, 0.105445, -0.148257, 0.983311
74.978, -8.86274, -11.9114, 2259.21, 0.121335, -0.159567, 0.979702
75.098, -8.78876, -11.9114, 2265.01, 0.179797, -0.15127, 0.972003
75.218, -8.5758, -11.9114, 2271.09, 0.251077, -0.165733, 0.953673
75.338, -8.36285, -11.9114, 2277.17, 0.268658, -0.171572, 0.947832
75.458, -8.91753, -11.9114, 2283.75, 0.243075, -0.1785, 0.953442
75.579, -8.72674, -11.9114, 2288.73, 0.2064, -0.167813, 0.96397
75.699, -8.52287, -11.9114, 2293.66, 0.208654, -0.13395, 0.968773
75.819, -8.319, -11.9114, 2298.59, 0.231019, -0.141247, 0.962642
75.939, -8.18542, -11.9114, 2304.39, 0.289209, -0.119324, 0.9498
76.059, -8.05454, -11.9114, 2310.47, 0.353781, -0.0934887, 0.930645
76.179, -7.92366, -11.9114, 2316.55, 0.381107, -0.111298, 0.917807
76.3, -8.63502, -11.9114, 2323.19, 0.372811, -0.142492, 0.916901
76.42, -8.39722, -11.9114, 2326.52, 0.342237, -0.144363, 0.928458
76.54, -8.11341, -11.9114, 2330.99, 0.30683, -0.10706, 0.945724
76.66, -7.8296, -11.9114, 2335.46, 0.267446, -0.115267, 0.956654
76.78, -7.49959, -11.9114, 2340.74, 0.292944, -0.0958188, 0.951316
76.901, -6.94525, -11.9114, 2346.88, 0.34456, -0.055947, 0.937096
77.021, -6.38138, -11.9114, 2352.96, 0.35282, -0.0971819, 0.930631
77.141, -6.55441, -11.9114, 2359.49, 0.341304, -0.148083, 0.928215
77.261, -6.2955, -11.9114, 2361.7, 0.320949, -0.153249, 0.934616
77.381, -5.89202, -11.9114, 2366.16, 0.267952, -0.117106, 0.956289
77.501, -5.48854, -11.9114, 2370.62, 0.245796, -0.0908233, 0.965057
77.622, -5.0817, -11.9114, 2375.12, 0.256842, -0.0913431, 0.962127
77.742, -4.69766, -11.9114, 2380.55, 0.293333, -0.0926459, 0.951511
77.862, -4.28672, -11.9114, 2385.98, 0.305963, -0.11462, 0.945118
77.982, -3.87577, -11.9114, 2391.41, 0.291589, -0.148196, 0.944994
78.102, -4.27205, -11.9114, 2397.38, 0.257218, -0.132507, 0.957225
78.222, -4.01339, -11.9114, 2401.87, 0.240542, -0.103356, 0.96512
78.343, -3.79668, -11.9114, 2406.39, 0.219137, -0.0609921, 0.973786
78.463, -3.58176, -11.9114, 2410.88, 0.19508, -0.0565025, 0.979158
78.583, -3.37149, -11.9114, 2415.84, 0.201479, -0.0390517, 0.978714
78.703, -3.17018, -11.9114, 2421.28, 0.22418, -0.0626494, 0.972532
78.823, -2.96887, -11.9114, 2426.73, 0.221637, -0.101659, 0.969816
78.943, -2.76755, -11.9114, 2432.17, 0.200209, -0.127478, 0.971425
79.064, -2.63238, -11.9114, 2437.28, 0.172143, -0.119425, 0.977806
79.184, -2.54717, -11.9114, 2442.21, 0.155578, -0.133907, 0.978705
79.304, -2.46196, -11.9114, 2447.15, 0.159125, -0.127497, 0.978991
79.424, -2.38993, -11.9114, 2452.21, 0.188198, -0.101677, 0.976854
79.544, -2.32192, -11.9114, 2457.66, 0.228992, -0.0999314, 0.968285
79.664, -2.25278, -11.9114, 2463.11, 0.215534, -0.0883292, 0.972493
79.785, -2.18306, -11.9114, 2468.6, 0.162863, -0.127779, 0.978339
79.905, -2.09392, -11.9114, 2474.05, 0.130016, -0.140745, 0.981472
80.025, -2.07319, -11.9114, 2479.49, 0.121295, -0.12129, 0.985178
80.145, -2.05247, -11.9114, 2484.94, 0.123011, -0.127622, 0.984165
80.265, -2.05347, -11.9114, 2490.72, 0.153803, -0.104201, 0.982592
80.386, -2.09941, -11.9114, 2496.88, 0.182752, -0.0988135, 0.978181
80.506, -2.14426, -11.9114, 2502.99, 0.190043, -0.119555, 0.974469
80.626, -2.95526, -11.9114, 2509.31, 0.183481, -0.139677, 0.973049
80.746, -2.9681, -11.9114, 2512.98, 0.158359, -0.121913, 0.979826
80.866, -3.02369, -11.9114, 2517.9, 0.134262, -0.130542, 0.98231
80.986, -3.07928, -11.9114, 2522.82, 0.124964, -0.108665, 0.986193
81.107, -3.17309, -11.9114, 2528.39, 0.150961, -0.0976819, 0.983702
81.227, -3.24145, -11.9114, 2534.49, 0.18465, -0.093444, 0.978352
81.347, -3.30981, -11.9114, 2540.6, 0.194777, -0.10773, 0.974913
81.467, -3.38457, -11.9114, 2546.7, 0.178657, -0.136171, 0.974443
81.587, -3.48087, -11.9114, 2552.79, 0.160138, -0.114196, 0.980467
81.707, -3.56851, -11.9114, 2558.87, 0.14335, -0.142524, 0.979356
81.828, -3.65687, -11.9114, 2565, 0.142122, -0.126964, 0.981673
81.948, -3.75693, -11.9114, 2570.61, 0.162611, -0.122375, 0.979072
82.068, -3.75041, -11.9114, 2576.06, 0.1924, -0.0998582, 0.976223
82.188, -3.74388, -11.9114, 2581.51, 0.200532, -0.103432, 0.974212
82.308, -3.73736, -11.9114, 2586.95, 0.186736, -0.136618, 0.972864
82.428, -4.71265, -11.9114, 2592.03, 0.167465, -0.143622, 0.975361
82.549, -4.68384, -11.9114, 2596.56, 0.141054, -0.109252, 0.983955
82.669, -4.65527, -11.9114, 2601.05, 0.115005, -0.115633, 0.986612
82.789, -4.61813, -11.9114, 2605.78, 0.133286, -0.123711, 0.983326
82.909, -4.49658, -11.9114, 2611.23, 0.178787, -0.121714, 0.97633
83.029, -4.36719, -11.9114, 2616.68, 0.195458, -0.112534, 0.974234
83.15, -4.23672, -11.9114, 2622.17, 0.193572, -0.12219, 0.973447
83.27, -4.07815, -11.9114, 2628.27, 0.151011, -0.124955, 0.980603
83.39, -3.91052, -11.9114, 2634.38, 0.12759, -0.125277, 0.983883
83.51, -3.74289, -11.9114, 2640.48, 0.117615, -0.135109, 0.983825
83.63, -4.32328, -11.9114, 2646.48, 0.141327, -0.135439, 0.980654
83.75, -4.21806, -11.9114, 2651.92, 0.186158, -0.121919, 0.974926
83.871, -4.1098, -11.9114, 2657.41, 0.2335, -0.122585, 0.964599
83.991, -4.00243, -11.9114, 2662.86, 0.240755, -0.138701, 0.960624
84.111, -4.9043, -11.9114, 2668.16, 0.216732, -0.126645, 0.967982
84.231, -4.84018, -11.9114, 2672.64, 0.187029, -0.116253, 0.975451
84.351, -4.76987, -11.9114, 2677.11, 0.177529, -0.124263, 0.976239
84.471, -4.70099, -11.9114, 2681.59, 0.178603, -0.145207, 0.973147
84.592, -4.59072, -11.9114, 2687.1, 0.211973, -0.143758, 0.966644
84.712, -4.46403, -11.9114, 2692.57, 0.262554, -0.137439, 0.955079
84.832, -4.33734, -11.9114, 2698.03, 0.277031, -0.148774, 0.949274
84.952, -5.4499, -11.9114, 2702.58, 0.291815, -0.129075, 0.947726
85.072, -5.35697, -11.9114, 2705.64, 0.262815, -0.0825146, 0.961311
85.192, -5.3336, -11.9114, 2709.75, 0.22676, -0.0755113, 0.971019
85.313, -5.30923, -11.9114, 2713.88, 0.204268, -0.105764, 0.973185
85.433, -5.21885, -11.9114, 2720.06, 0.225396, -0.114171, 0.967555
85.553, -5.07723, -11.9114, 2726.92, 0.246002, -0.0921375, 0.96488
85.673, -4.93561, -11.9114, 2733.79, 0.256031, -0.0956413, 0.961926
85.793, -5.73689, -11.9114, 2739.12, 0.231578, -0.118519, 0.96557
85.913, -5.64211, -11.9114, 2744.05, 0.198904, -0.111884, 0.973611
86.034, -5.54902, -11.9114, 2749.03, 0.175383, -0.139232, 0.974605
86.154, -5.4567, -11.9114, 2753.97, 0.162409, -0.143664, 0.976209
86.274, -5.34032, -11.9114, 2759.76, 0.175334, -0.151175, 0.972833
86.394, -5.19363, -11.9114, 2765.85, 0.218063, -0.114075, 0.969245
86.514, -5.04694, -11.9114, 2771.93, 0.235412, -0.110356, 0.96561
86.635, -5.76223, -11.9114, 2778.41, 0.231389, -0.107645, 0.966888
86.755, -5.74638, -11.9114, 2783.33, 0.194351, -0.0928417, 0.976529
86.875, -5.74579, -11.9114, 2788.25, 0.173123, -0.109629, 0.97878
86.995, -5.7452, -11.9114, 2793.17, 0.194414, -0.134658, 0.971633
87.115, -5.74238, -11.9114, 2798.98, 0.223109, -0.15183, 0.962897
87.235, -5.70477, -11.9114, 2805.09, 0.250728, -0.124341, 0.960039
87.356, -5.66685, -11.9114, 2811.25, 0.247102, -0.118687, 0.961693
87.476, -6.57189, -11.9114, 2816.12, 0.235072, -0.0921038, 0.967604
87.596, -6.53196, -11.9114, 2821.04, 0.191189, -0.0710491, 0.978978
87.716, -6.48544, -11.9114, 2825.96, 0.179653, -0.0718338, 0.981104
87.836, -6.43891, -11.9114, 2830.88, 0.181971, -0.0764698, 0.980326
87.956, -6.41386, -11.9114, 2836.07, 0.191576, -0.0978716, 0.976586
88.077, -6.36766, -11.9114, 2841.58, 0.226145, -0.122655, 0.966341
88.197, -6.31801, -11.9114, 2847.05, 0.231513, -0.126129, 0.964621
88.317, -6.26835, -11.9114, 2852.51, 0.208108, -0.119716, 0.970752
88.437, -7.16991, -11.9114, 2857.97, 0.156918, -0.0797591, 0.984386
88.557, -7.12527, -11.9114, 2862.89, 0.12765, -0.075448, 0.988945
88.677, -7.08064, -11.9114, 2867.81, 0.106686, -0.0805151, 0.991027
88.798, -7.04676, -11.9114, 2872.9, 0.107428, -0.0773047, 0.991203
88.918, -7.01526, -11.9114, 2878.35, 0.143986, -0.0630042, 0.987572
89.038, -6.97872, -11.9114, 2883.8, 0.162698, -0.0668388, 0.984409
89.158, -6.94218, -11.9114, 2889.25, 0.145324, -0.121677, 0.981874
89.278, -6.90409, -11.9114, 2894.44, 0.123993, -0.108105, 0.986377
89.398, -6.86835, -11.9114, 2899.37, 0.108385, -0.0882831, 0.990181
89.519, -6.83056, -11.9114, 2904.35, 0.114553, -0.114373, 0.986811
89.639, -6.79232, -11.9114, 2909.29, 0.166951, -0.138358, 0.976209
89.759, -6.74847, -11.9114, 2914.73, 0.228239, -0.118648, 0.966349
89.879, -6.69045, -11.9114, 2920.18, 0.251779, -0.104762, 0.962098
89.999, -6.63243, -11.9114, 2925.63, 0.263395, -0.121811, 0.956967
90.12, -7.52799, -11.9114, 2931.46, 0.259794, -0.118096, 0.958416
90.24, -7.46113, -11.9114, 2935.94, 0.22431, -0.0686518, 0.972097
90.36, -7.38126, -11.9114, 2940.42, 0.189077, -0.0886606, 0.977952
90.48, -7.30138, -11.9114, 2944.9, 0.176147, -0.11265, 0.977897
90.6, -7.17618, -11.9114, 2950.59, 0.209055, -0.110093, 0.971687
90.72, -7.00866, -11.9114, 2956.7, 0.239742, -0.0925334, 0.966417
90.841, -6.83974, -11.9114, 2962.86, 0.256791, -0.110531, 0.960126
90.961, -7.66291, -11.9114, 2967.64, 0.250648, -0.115465, 0.961168
91.081, -7.59647, -11.9114, 2970.99, 0.216004, -0.106342, 0.970584
91.201, -7.515, -11.9114, 2975.47, 0.184525, -0.119249, 0.975567
91.321, -7.43352, -11.9114, 2979.95, 0.17613, -0.124473, 0.976465
91.441, -7.36008, -11.9114, 2984.67, 0.161866, -0.122789, 0.979144
91.562, -7.22323, -11.9114, 2990.18, 0.187706, -0.101546, 0.976962
91.682, -7.0808, -11.9114, 2995.65, 0.201612, -0.109356, 0.973342
91.802, -6.93836, -11.9114, 3001.11, 0.19304, -0.144734, 0.970457
91.922, -6.81774, -11.9114, 3007.2, 0.15954, -0.157755, 0.974505
92.042, -6.71175, -11.9114, 3013.28, 0.157797, -0.137962, 0.977787
92.162, -6.60577, -11.9114, 3019.36, 0.179875, -0.0963694, 0.978957
92.283, -6.92606, -11.9114, 3025.36, 0.199621, -0.0780212, 0.976762
92.403, -6.81069, -11.9114, 3030.28, 0.224495, -0.0391783, 0.973687
92.523, -6.69812, -11.9114, 3035.2, 0.242978, -0.0608831, 0.968119
92.643, -6.58555, -11.9114, 3040.12, 0.240043, -0.100169, 0.96558
92.763, -6.4764, -11.9114, 3044.93, 0.201223, -0.1266, 0.97133
92.884, -6.37123, -11.9114, 3049.46, 0.173984, -0.128474, 0.976332
93.004, -6.26428, -11.9114, 3053.95, 0.157885, -0.124033, 0.979637
93.124, -6.15151, -11.9114, 3059.03, 0.194613, -0.132823, 0.971845
93.244, -5.9719, -11.9114, 3065.9, 0.262742, -0.131085, 0.95592
93.364, -5.78329, -11.9114, 3072.76, 0.331973, -0.103839, 0.937556
93.484, -5.59468, -11.9114, 3079.63, 0.340312, -0.113418, 0.933447
93.605, -6.28909, -11.9114, 3085.69, 0.311592, -0.122538, 0.942282
93.725, -6.25015, -11.9114, 3091.16, 0.281613, -0.119329, 0.952079
93.845, -6.2112, -11.9114, 3096.62, 0.269053, -0.107993, 0.957052
93.965, -6.17248, -11.9098, 3102.09, 0.268992, -0.106135, 0.957277
94.085, -6.09633, -11.9098, 3107.53, 0.307871, -0.0759569, 0.948391
94.205, -6.00958, -11.9098, 3112.98, 0.315556, -0.0517287, 0.947496
94.326, -5.92211, -11.9098, 3118.47, 0.31473, -0.06933, 0.946646
94.446, -6.63902, -11.9098, 3124.16, 0.302624, -0.0885533, 0.948987
94.566, -6.53634, -11.9098, 3128.63, 0.254369, -0.090914, 0.962825
94.686, -6.4181, -11.9098, 3133.11, 0.203219, -0.116309, 0.972201
94.806, -6.29987, -11.9098, 3137.59, 0.184719, -0.1028, 0.9774
94.926, -6.10835, -11.9098, 3142.8, 0.25316, -0.0857559, 0.963616
95.047, -5.83681, -11.9098, 3148.31, 0.292412, -0.0578214, 0.954543
95.167, -5.56752, -11.9098, 3153.77, 0.29389, -0.080032, 0.952483
95.287, -6.24453, -11.9098, 3159.53, 0.29908, -0.108146, 0.94808
95.407, -6.11108, -11.9098, 3162.88, 0.277009, -0.0968808, 0.955971
95.527, -5.97565, -11.9098, 3167.36, 0.2379, -0.0536333, 0.969808
95.647, -5.84022, -11.9098, 3171.83, 0.224454, -0.0388676, 0.973709
95.768, -5.70816, -11.9098, 3176.59, 0.25833, -0.0692896, 0.963569
95.888, -5.55129, -11.9098, 3182.03, 0.350805, -0.0602282, 0.93451
96.008, -5.39698, -11.9098, 3187.48, 0.377393, -0.0895899, 0.921709
96.128, -5.24267, -11.9098, 3192.92, 0.359576, -0.144868, 0.921802
96.248, -5.10811, -11.9098, 3198.38, 0.297695, -0.116133, 0.947571
96.369, -5.01591, -11.9098, 3203.9, 0.211398, -0.0534589, 0.975937
96.489, -4.92447, -11.9098, 3209.36, 0.175414, -0.0208643, 0.984274
96.609, -4.83079, -11.9098, 3214.82, 0.189087, -0.0041026, 0.981952
96.729, -4.67403, -11.9098, 3220.27, 0.253994, 0.0104816, 0.967149
96.849, -4.51455, -11.9098, 3225.71, 0.279479, -0.010218, 0.960097
96.969, -4.35508, -11.9098, 3231.16, 0.262342, -0.0430197, 0.964015
97.09, -4.19309, -11.9098, 3236.39, 0.207807, -0.0700205, 0.97566
97.21, -4.09304, -11.9098, 3241.32, 0.168833, -0.0761893, 0.982696
97.33, -3.99299, -11.9098, 3246.26, 0.136064, -0.110741, 0.984491
97.45, -3.89202, -11.9098, 3251.48, 0.202664, -0.119336, 0.97195
97.57, -3.75195, -11.9098, 3257.57, 0.292122, -0.0871891, 0.952398
97.69, -3.61179, -11.9098, 3263.65, 0.317458, -0.0788581, 0.944988
97.811, -3.47047, -11.9098, 3269.78, 0.303926, -0.121354, 0.944935
97.931, -4.10226, -11.9098, 3275.56, 0.240475, -0.135898, 0.961095
98.051, -4.01022, -11.9098, 3280.48, 0.169163, -0.0961457, 0.980887
98.171, -3.91978, -11.9098, 3285.39, 0.105693, -0.0831051, 0.99092
98.291, -3.82935, -11.9098, 3290.31, 0.0859764, -0.0960646, 0.991655
98.411, -3.72885, -11.9098, 3295.78, 0.13703, -0.0778642, 0.987502
98.532, -3.61668, -11.9098, 3301.29, 0.165664, -0.0648286, 0.984049
98.652, -3.50543, -11.9098, 3306.76, 0.141168, -0.113673, 0.983438
98.772, -3.42757, -11.9098, 3312.21, 0.112764, -0.109451, 0.987575
98.892, -3.33815, -11.9098, 3317.66, 0.0968078, -0.0930798, 0.990941
99.012, -3.21788, -11.9098, 3323.1, 0.110294, -0.110998, 0.987682
99.132, -3.09453, -11.9098, 3328.72, 0.150916, -0.10667, 0.982775
99.253, -2.85169, -11.9098, 3334.87, 0.225931, -0.0831213, 0.97059
99.373, -2.59425, -11.9098, 3340.97, 0.246847, -0.0909181, 0.96478
99.493, -2.3368, -11.9098, 3347.07, 0.227288, -0.10408, 0.96825
99.613, -2.70603, -11.9098, 3353.24, 0.208713, -0.0862167, 0.974169
99.733, -2.37891, -11.9098, 3358.67, 0.198476, -0.0717171, 0.977478
99.854, -2.04908, -11.9098, 3364.16, 0.213237, -0.0735101, 0.974231
99.974, -1.75182, -11.9098, 3369.6, 0.233204, -0.0972103, 0.967557
100.094, -1.49953, -11.9098, 3375.04, 0.274874, -0.0821517, 0.957964
100.214, -1.27716, -11.9098, 3380.48, 0.273051, -0.0818962, 0.958507
100.334, -1.05479, -11.9098, 3385.92, 0.263855, -0.11662, 0.957487
100.454, -0.787424, -11.9098, 3391.11, 0.227292, -0.106881, 0.967943
100.575, -0.404141, -11.9098, 3396.07, 0.192902, -0.0803088, 0.977926
100.695, 0.00106452, -11.9098, 3400.99, 0.170839, -0.0950202, 0.980706
100.815, 0.40627, -11.9098, 3405.91, 0.170114, -0.112726, 0.978956
100.935, 0.790873, -11.9098, 3410.82, 0.205895, -0.100685, 0.973381
101.055, 1.16294, -11.9098, 3415.73, 0.240853, -0.0846506, 0.966863
101.175, 1.53501, -11.9098, 3420.63, 0.251999, -0.118652, 0.960426
101.296, 1.91018, -11.9098, 3425.58, 0.263383, -0.139246, 0.954589
101.416, 1.28102, -11.9098, 3430.68, 0.234167, -0.0898368, 0.968037
101.536, 1.4314, -11.9098, 3435.16, 0.211994, -0.0809698, 0.973911
101.656, 1.58179, -11.9098, 3439.63, 0.216414, -0.111343, 0.969932
101.776, 1.72662, -11.9098, 3444.35, 0.233088, -0.118089, 0.965259
101.896, 1.93447, -11.9098, 3449.82, 0.250112, -0.104155, 0.962598
102.017, 2.1452, -11.9098, 3455.32, 0.25108, -0.101468, 0.962633
102.137, 2.3542, -11.9098, 3460.79, 0.25167, -0.133527, 0.958557
102.257, 1.54729, -11.9098, 3466.39, 0.223754, -0.146165, 0.963623
102.377, 1.77853, -11.9098, 3471.3, 0.180803, -0.134064, 0.974339
102.497, 2.0526, -11.9098, 3476.22, 0.145702, -0.100466, 0.984214
102.618, 2.34418, -11.9098, 3481.48, 0.157529, -0.102648, 0.982165
102.738, 2.67006, -11.9098, 3487.57, 0.192186, -0.080425, 0.978057
102.858, 2.99461, -11.9098, 3493.67, 0.204027, -0.0747454, 0.976108
102.978, 3.31916, -11.9098, 3499.77, 0.200599, -0.119153, 0.9724
103.098, 2.53895, -11.9098, 3503.86, 0.182892, -0.151861, 0.971333
103.218, 2.65261, -11.9098, 3508.78, 0.136764, -0.123991, 0.982813
103.339, 2.76211, -11.9098, 3513.74, 0.112864, -0.127875, 0.985348
103.459, 2.8707, -11.9098, 3518.66, 0.116082, -0.162942, 0.979783
103.579, 2.99616, -11.9098, 3523.58, 0.197736, -0.115363, 0.973443
103.699, 3.17138, -11.9098, 3528.5, 0.249634, -0.0946582, 0.963703
103.819, 3.34661, -11.9098, 3533.42, 0.256479, -0.121809, 0.958844
103.939, 3.53835, -11.9098, 3538.47, 0.22378, -0.135902, 0.965118
104.06, 3.66129, -11.9098, 3543.98, 0.176659, -0.108281, 0.978298
104.18, 3.77813, -11.9098, 3549.44, 0.146108, -0.102405, 0.983954
104.3, 3.89496, -11.9098, 3554.91, 0.15926, -0.119612, 0.979964
104.42, 4.01957, -11.9098, 3560.36, 0.204703, -0.105804, 0.973089
104.54, 4.13258, -11.9098, 3565.81, 0.225006, -0.0941659, 0.969796
104.66, 4.24559, -11.9098, 3571.25, 0.229895, -0.109806, 0.967001
104.781, 4.39081, -11.9098, 3576.74, 0.204535, -0.114795, 0.972105
104.901, 4.47579, -11.9098, 3581.66, 0.165923, -0.111833, 0.979777
105.021, 4.54631, -11.9098, 3586.58, 0.133308, -0.109079, 0.985054
105.141, 4.61683, -11.9098, 3591.5, 0.133036, -0.133732, 0.982047
105.261, 4.77208, -11.9098, 3597.31, 0.164295, -0.111373, 0.980104
105.381, 5.04803, -11.9098, 3603.41, 0.207481, -0.07374, 0.975456
105.502, 5.32629, -11.9098, 3609.57, 0.222486, -0.0956831, 0.970229
105.622, 4.39121, -11.9098, 3614.36, 0.200081, -0.120111, 0.972389
105.742, 4.52783, -11.9098, 3617.71, 0.143615, -0.11266, 0.9832
105.862, 4.6516, -11.9098, 3622.19, 0.111523, -0.0929621, 0.989404
105.982, 4.77537, -11.9098, 3626.67, 0.113458, -0.0944794, 0.98904
106.103, 4.91911, -11.9098, 3632.01, 0.157681, -0.107024, 0.981673
106.223, 5.22217, -11.9098, 3638.11, 0.219723, -0.0839801, 0.971941
106.343, 5.53418, -11.9098, 3644.21, 0.233227, -0.116839, 0.965378
106.463, 4.82012, -11.9098, 3650.49, 0.226514, -0.134077, 0.964736
106.583, 5.01527, -11.9098, 3654.16, 0.181769, -0.116024, 0.976472
106.703, 5.26757, -11.9098, 3659.07, 0.150887, -0.102098, 0.983264
106.824, 5.52197, -11.9098, 3664.03, 0.142784, -0.0832287, 0.986248
106.944, 5.7641, -11.9098, 3669.08, 0.137928, -0.100861, 0.985293
107.064, 6.08316, -11.9098, 3674.51, 0.164303, -0.0754694, 0.983519
107.184, 6.41203, -11.9098, 3679.95, 0.191303, -0.107094, 0.975671
107.304, 6.74089, -11.9098, 3685.39, 0.200672, -0.154624, 0.967379
107.424, 5.93299, -11.9098, 3691.01, 0.169062, -0.159163, 0.972669
107.545, 6.09061, -11.9098, 3695.53, 0.115805, -0.0934311, 0.988868
107.665, 6.23468, -11.9098, 3700.02, 0.0897538, -0.0773824, 0.992953
107.785, 6.37875, -11.9098, 3704.51, 0.0831344, -0.114194, 0.989974
107.905, 6.6001, -11.9098, 3709.71, 0.114472, -0.0988374, 0.988497
108.025, 6.90858, -11.9098, 3715.15, 0.187985, -0.0655338, 0.979983
108.145, 7.21706, -11.9098, 3720.59, 0.225389, -0.0886511, 0.970227
108.266, 7.52811, -11.9098, 3726.07, 0.203518, -0.130012, 0.970401
108.386, 7.80029, -11.9098, 3730.99, 0.15817, -0.133771, 0.978309
108.506, 8.05628, -11.9098, 3735.9, 0.129209, -0.133038, 0.982653
108.626, 8.31226, -11.9098, 3740.81, 0.114173, -0.131458, 0.984725
108.746, 8.57622, -11.9098, 3746, 0.147192, -0.102549, 0.983778
108.866, 8.89435, -11.9098, 3751.46, 0.179541, -0.0647139, 0.98162
108.987, 9.21514, -11.9098, 3756.96, 0.197, -0.0881096, 0.976436
109.107, 9.53328, -11.9098, 3762.42, 0.164876, -0.116903, 0.979362
109.227, 9.88115, -11.9098, 3767.85, 0.12121, -0.0928072, 0.988279
109.347, 10.1917, -11.9098, 3773.29, 0.0844677, -0.0967934, 0.991714
109.467, 10.5022, -11.9098, 3778.73, 0.0760693, -0.11281, 0.9907
109.588, 10.8145, -11.9098, 3784.22, 0.0959255, -0.0926484, 0.991067
109.708, 11.1188, -11.9098, 3789.68, 0.15229, -0.0906298, 0.984172
109.828, 11.4231, -11.9098, 3795.14, 0.17284, -0.0950599, 0.980352
109.948, 11.7274, -11.9098, 3800.6, 0.172122, -0.10535, 0.979426
110.068, 12.0842, -11.9098, 3806.03, 0.144787, -0.10159, 0.984234
110.188, 12.4323, -11.9098, 3811.47, 0.141117, -0.0994643, 0.984984
110.309, 12.7832, -11.9098, 3816.95, 0.150157, -0.122279, 0.981071
110.429, 13.1217, -11.9098, 3822.87, 0.184445, -0.134773, 0.973559
110.549, 13.3811, -11.9098, 3828.95, 0.226561, -0.0936549, 0.969484
110.669, 13.6404, -11.9098, 3835.03, 0.23949, -0.0991977, 0.965818
110.789, 12.7702, -11.9098, 3841.25, 0.217866, -0.10786, 0.97
110.909, 12.9002, -11.9098, 3846.19, 0.169923, -0.0887794, 0.98145
111.03, 12.9822, -11.9098, 3851.16, 0.143074, -0.106774, 0.983935
111.15, 13.0634, -11.9098, 3856.1, 0.137138, -0.12551, 0.982568
111.27, 13.1633, -11.9098, 3861.29, 0.162054, -0.125649, 0.97875
111.39, 13.3424, -11.9098, 3866.73, 0.212752, -0.100187, 0.971956
111.51, 13.5206, -11.9098, 3872.18, 0.2298, -0.141328, 0.962922
111.63, 13.7105, -11.9098, 3877.79, 0.2098, -0.159934, 0.964575
111.751, 13.8712, -11.9098, 3883.94, 0.172027, -0.125582, 0.977055
111.871, 14.0194, -11.9098, 3890.05, 0.155081, -0.124179, 0.980066
111.991, 14.1676, -11.9098, 3896.16, 0.168513, -0.125965, 0.977618
112.111, 14.2689, -11.9098, 3902.24, 0.215197, -0.135789, 0.967084
112.231, 14.341, -11.9098, 3908.32, 0.222725, -0.112495, 0.968369
112.352, 14.4136, -11.9098, 3914.46, 0.207178, -0.11581, 0.971424
112.472, 13.3996, -11.9098, 3919.2, 0.172971, -0.0999593, 0.979841
112.592, 13.4493, -11.9098, 3923.68, 0.141045, -0.0841051, 0.986424
112.712, 13.4843, -11.9098, 3928.16, 0.135594, -0.109731, 0.984669
112.832, 13.5161, -11.9098, 3932.63, 0.158639, -0.133811, 0.978227
112.952, 13.5007, -11.9098, 3939.53, 0.210672, -0.110147, 0.971331
113.073, 13.5071, -11.9098, 3946.48, 0.236197, -0.108734, 0.965603
113.193, 13.5135, -11.9098, 3953.38, 0.250893, -0.114537, 0.961215
113.313, 12.4318, -11.9098, 3956.42, 0.238427, -0.0932323, 0.966675
113.433, 12.4123, -11.9098, 3961.34, 0.207734, -0.0795923, 0.974942
113.553, 12.3894, -11.9098, 3966.26, 0.184248, -0.0717977, 0.980254
113.673, 12.3613, -11.9098, 3971.18, 0.18798, -0.0428876, 0.981236
113.794, 12.3812, -11.9098, 3977.34, 0.211636, -0.0167924, 0.977204
113.914, 12.4398, -11.9098, 3983.45, 0.235195, -0.0075036, 0.971919
114.034, 12.4984, -11.9098, 3989.55, 0.234266, -0.0290998, 0.971737
114.154, 11.5505, -11.9098, 3992.79, 0.215578, -0.0600935, 0.974636
114.274, 11.6256, -11.9098, 3997.27, 0.193113, -0.0257095, 0.98084
114.394, 11.7141, -11.9098, 4001.74, 0.167539, -0.00461271, 0.985855
114.515, 11.8034, -11.9098, 4006.26, 0.163006, -0.0300612, 0.986167
114.635, 11.9232, -11.9098, 4011.94, 0.204541, -0.0521835, 0.977466
114.755, 12.0499, -11.9098, 4018.02, 0.209813, -0.0827256, 0.974236
114.875, 12.1766, -11.9098, 4024.11, 0.201965, -0.128152, 0.970972
114.995, 12.2957, -11.9098, 4030.03, 0.182019, -0.127115, 0.975044
115.115, 12.3113, -11.9098, 4035.5, 0.147473, -0.0906376, 0.984904
115.236, 12.3159, -11.9098, 4041.01, 0.130038, -0.0831303, 0.988018
115.356, 12.3205, -11.9098, 4046.48, 0.112219, -0.102757, 0.988356
115.476, 11.8273, -11.9098, 4051.86, 0.125342, -0.0909939, 0.987932
115.596, 11.9019, -11.9098, 4056.78, 0.122843, -0.0706336, 0.989909
115.716, 11.9711, -11.9098, 4061.7, 0.123391, -0.0720951, 0.989736
115.837, 12.0521, -11.9098, 4066.66, 0.106408, -0.111178, 0.988087
115.957, 12.1068, -11.9098, 4072.13, 0.0775776, -0.109727, 0.99093
116.077, 12.1486, -11.9098, 4077.6, 0.0912832, -0.116053, 0.989039
116.197, 12.1904, -11.9098, 4083.06, 0.102544, -0.125518, 0.986777
116.317, 12.2803, -11.9098, 4088.99, 0.114214, -0.10465, 0.987929
116.437, 12.4258, -11.9098, 4095.08, 0.122265, -0.0787211, 0.989371
116.558, 12.5726, -11.9098, 4101.21, 0.106892, -0.106585, 0.988541
116.678, 12.7222, -11.9098, 4107.13, 0.0580447, -0.124243, 0.990553
116.798, 12.9142, -11.9098, 4112.58, 0.0230573, -0.0972284, 0.994995
116.918, 13.1232, -11.9098, 4118.02, 0.00935203, -0.104328, 0.994499
117.038, 13.3306, -11.8949, 4123.46, 0.00580954, -0.0801422, 0.996767
117.158, 13.5709, -11.8943, 4128.65, 0.057843, -0.0651208, 0.9962
117.279, 13.7721, -11.8943, 4133.62, 0.146454, -0.0552968, 0.987671
117.399, 13.9617, -11.8943, 4138.56, 0.171297, -0.0966852, 0.980464
117.519, 14.1512, -11.8943, 4143.49, 0.15939, -0.130888, 0.9785
117.639, 14.326, -11.8943, 4148.41, 0.135165, -0.132186, 0.981966
117.759, 14.4314, -11.8943, 4153.33, 0.128552, -0.131314, 0.98297
117.879, 14.5368, -11.8943, 4158.25, 0.120265, -0.141558, 0.982597
118, 14.6568, -11.8943, 4163.79, 0.144894, -0.122022, 0.981894
118.12, 14.8313, -11.8943, 4169.88, 0.157657, -0.0952051, 0.982894
118.24, 15.0058, -11.8943, 4175.96, 0.143253, -0.125982, 0.981635
118.36, 15.1803, -11.8943, 4182.04, 0.130818, -0.14359, 0.980953
118.48, 14.1246, -11.8943, 4187.48, 0.081012, -0.119897, 0.989475
118.6, 14.2796, -11.8943, 4192.42, 0.047246, -0.0946868, 0.994385
118.721, 14.4358, -11.8943, 4197.39, 0.0383608, -0.0943807, 0.994797
118.841, 14.5982, -11.8943, 4202.9, 0.0484824, -0.111062, 0.99263
118.961, 14.8372, -11.8943, 4208.98, 0.0801639, -0.0750229, 0.993954
119.081, 15.0771, -11.8943, 4215.06, 0.100915, -0.0696806, 0.992452
119.201, 15.3169, -11.8943, 4221.14, 0.104781, -0.0999006, 0.989465
119.322, 14.3788, -11.8943, 4225.21, 0.0908571, -0.0952973, 0.991294
119.442, 14.483, -11.8943, 4229.7, 0.0642209, -0.119451, 0.990761
119.562, 14.5872, -11.8943, 4234.19, 0.0721562, -0.139004, 0.98766
119.682, 14.7084, -11.8943, 4239.07, 0.118532, -0.115333, 0.986229
119.802, 14.9004, -11.8943, 4245.16, 0.172946, -0.090922, 0.980726
119.922, 15.0799, -11.8943, 4251.24, 0.195223, -0.0917126, 0.976461
120.043, 15.261, -11.8943, 4257.37, 0.208347, -0.113576, 0.971438
120.163, 15.4242, -11.8943, 4262.98, 0.178256, -0.120913, 0.976527
120.283, 15.5893, -11.8943, 4268.42, 0.138959, -0.108516, 0.984335
120.403, 15.7543, -11.8943, 4273.87, 0.15144, -0.108342, 0.982511
120.523, 15.5686, -11.8943, 4279.63, 0.170203, -0.128104, 0.977047
120.643, 15.2475, -11.8943, 4285.73, 0.197997, -0.118846, 0.972971
120.764, 14.9472, -11.8943, 4291.88, 0.206375, -0.143578, 0.967882
120.884, 13.6955, -11.8943, 4297.92, 0.198654, -0.137556, 0.970369
121.004, 13.4946, -11.8943, 4301.6, 0.149433, -0.093893, 0.984304
121.124, 13.2818, -11.8943, 4306.52, 0.121902, -0.0842021, 0.988964
121.244, 13.0804, -11.8943, 4311.43, 0.110807, -0.0915519, 0.989616
121.364, 12.8402, -11.8943, 4316.48, 0.122329, -0.101333, 0.987303
121.485, 12.6418, -11.8943, 4321.99, 0.156403, -0.0894704, 0.983633
121.605, 12.4647, -11.8943, 4327.45, 0.16248, -0.118786, 0.979536
121.725, 12.2877, -11.8943, 4332.92, 0.142795, -0.118871, 0.982588
121.845, 12.0546, -11.8943, 4338.36, 0.0934847, -0.0998418, 0.990602
121.965, 11.8298, -11.8943, 4343.81, 0.0373107, -0.0886932, 0.99536
122.085, 11.6049, -11.8943, 4349.25, 0.0102744, -0.0705515, 0.997455
122.206, 11.3766, -11.8943, 4354.74, 0.0149169, -0.0692921, 0.997485
122.326, 11.2776, -11.8943, 4360.19, 0.052428, -0.0386977, 0.997875
122.446, 11.2164, -11.8943, 4365.63, 0.104195, -0.0523153, 0.99318
122.566, 11.1552, -11.8943, 4371.08, 0.0925715, -0.0874309, 0.99186
122.686, 11.0053, -11.8943, 4376.54, 0.0837793, -0.0812407, 0.993167
122.807, 10.8995, -11.8943, 4382.05, 0.0734173, -0.0720578, 0.994695
122.927, 10.7944, -11.8943, 4387.52, 0.0815005, -0.0690106, 0.994281
123.047, 10.0454, -11.8943, 4393.46, 0.103939, -0.0748312, 0.991765
123.167, 10.2244, -11.8943, 4398.37, 0.154636, -0.0753103, 0.985097
123.287, 10.4479, -11.8943, 4403.29, 0.178099, -0.0955775, 0.97936
123.407, 10.6715, -11.8943, 4408.21, 0.152444, -0.12934, 0.979812
123.528, 10.8057, -11.8943, 4414.07, 0.102617, -0.108227, 0.988816
123.648, 10.9344, -11.8943, 4420.17, 0.0830459, -0.115042, 0.989883
123.768, 11.0631, -11.8943, 4426.28, 0.0834902, -0.0888076, 0.992544
123.888, 10.4554, -11.8943, 4432.46, 0.0897972, -0.063123, 0.993958
124.008, 10.7756, -11.8943, 4437.9, 0.126393, -0.0510773, 0.990664
124.128, 11.1471, -11.8943, 4443.34, 0.146491, -0.0832787, 0.9857
124.249, 11.5218, -11.8943, 4448.82, 0.150842, -0.10071, 0.983415
124.369, 11.8781, -11.8943, 4453.99, 0.123257, -0.096906, 0.987632
124.489, 12.112, -11.8943, 4458.9, 0.0793839, -0.0884545, 0.992912
124.609, 12.3429, -11.8943, 4463.82, 0.0340705, -0.0817632, 0.996069
124.729, 12.5753, -11.8943, 4468.73, 0.0172575, -0.0825727, 0.996436
124.849, 12.8012, -11.8943, 4474.19, 0.0452368, -0.048405, 0.997803
124.97, 13.0309, -11.8943, 4479.7, 0.0615943, -0.0621962, 0.996162
125.09, 13.2587, -11.8943, 4485.16, 0.054091, -0.0859181, 0.994833
125.21, 12.2589, -11.8943, 4490.77, 0.0327856, -0.110933, 0.993287
125.33, 12.4306, -11.8943, 4495.69, 0.00937753, -0.0958759, 0.995349
125.45, 12.621, -11.8943, 4500.6, 0.016212, -0.10085, 0.99477
125.571, 12.813, -11.8943, 4505.56, 0.0513033, -0.115299, 0.992005
125.691, 13.0042, -11.8943, 4510.48, 0.0968739, -0.114004, 0.988746
125.811, 13.1857, -11.8943, 4515.39, 0.156494, -0.0852064, 0.983997
125.931, 13.3601, -11.8943, 4520.31, 0.186619, -0.0987234, 0.977459
126.051, 13.5346, -11.8943, 4525.23, 0.187053, -0.117359, 0.975314
126.171, 13.6854, -11.8943, 4530.16, 0.146465, -0.120111, 0.981897
126.292, 13.87, -11.8943, 4535.13, 0.116885, -0.108211, 0.987233
126.412, 14.0626, -11.8943, 4540.07, 0.110135, -0.113538, 0.98741
126.532, 14.2398, -11.8943, 4545.57, 0.119742, -0.11243, 0.986418
126.652, 14.5293, -11.8943, 4551.65, 0.134022, -0.0988014, 0.986041
126.772, 14.8289, -11.8943, 4557.73, 0.175612, -0.10033, 0.979334
126.892, 15.1285, -11.8943, 4563.81, 0.183754, -0.0957135, 0.978301
127.013, 14.3421, -11.8943, 4569.22, 0.163156, -0.0941631, 0.982096
127.133, 14.5168, -11.8943, 4574.15, 0.136882, -0.101523, 0.985371
127.253, 14.6903, -11.8943, 4579.09, 0.143617, -0.101166, 0.984449
127.373, 14.8691, -11.8943, 4584.15, 0.175049, -0.130873, 0.975823
127.493, 15.0888, -11.8943, 4589.59, 0.251172, -0.149998, 0.956249
127.613, 15.3182, -11.8943, 4595.03, 0.278787, -0.113441, 0.95363
127.734, 15.5495, -11.8943, 4600.52, 0.270444, -0.122942, 0.954854
127.854, 14.7452, -11.8943, 4605.95, 0.235438, -0.145847, 0.960884
127.974, 14.9228, -11.8943, 4610.42, 0.186157, -0.0991892, 0.9775
128.094, 15.1147, -11.8943, 4614.89, 0.17573, -0.100326, 0.979313
128.214, 15.3065, -11.8943, 4619.37, 0.145967, -0.124488, 0.981426
128.334, 15.4925, -11.8943, 4624.07, 0.167626, -0.143809, 0.975305
128.455, 15.7339, -11.8943, 4629.04, 0.228494, -0.0945698, 0.968941
128.575, 15.9729, -11.8943, 4633.97, 0.265674, -0.0934337, 0.959525
128.695, 16.212, -11.8943, 4638.9, 0.228893, -0.100486, 0.968251
128.815, 15.5093, -11.8943, 4644.23, 0.157673, -0.0804669, 0.984207
128.935, 15.6535, -11.8943, 4648.71, 0.0885364, -0.079094, 0.992928
129.056, 15.7989, -11.8943, 4653.22, 0.0662555, -0.0823694, 0.994397
129.176, 15.9332, -11.8943, 4657.7, 0.0636316, -0.0660179, 0.995787
129.296, 16.1796, -11.8943, 4663.14, 0.104373, -0.0468773, 0.993433
129.416, 16.4466, -11.8943, 4668.58, 0.140556, -0.0479305, 0.988912
129.536, 16.7137, -11.8943, 4674.02, 0.127625, -0.0760973, 0.988899
129.656, 16.948, -11.8943, 4679.96, 0.0795062, -0.0818788, 0.993466
129.777, 17.1854, -11.8943, 4686.11, 0.0494493, -0.0675974, 0.996487
129.897, 17.4209, -11.8943, 4692.22, 0.0236044, -0.0866345, 0.99596
130.017, 16.9158, -11.8943, 4697.06, 0.0291204, -0.105261, 0.994018
130.137, 17.2077, -11.8943, 4701.97, 0.0881366, -0.0727703, 0.993447
130.257, 17.5141, -11.8943, 4706.88, 0.131769, -0.0779645, 0.98821
130.377, 17.8205, -11.8943, 4711.79, 0.126627, -0.100639, 0.986832
130.498, 18.1449, -11.8943, 4716.74, 0.0955249, -0.0991046, 0.990481
130.618, 18.4348, -11.8943, 4721.65, 0.0807325, -0.110701, 0.990569
130.738, 18.7269, -11.8943, 4726.56, 0.0720819, -0.117092, 0.990502
130.858, 19.019, -11.8943, 4731.48, 0.0888498, -0.138598, 0.986355
130.978, 19.25, -11.8943, 4736.8, 0.110965, -0.137872, 0.984214
131.098, 19.4579, -11.8943, 4742.26, 0.126746, -0.115594, 0.985177
131.219, 19.6675, -11.8943, 4747.77, 0.132369, -0.119282, 0.983997
131.339, 19.8898, -11.8943, 4753.23, 0.128611, -0.119134, 0.984513
131.459, 20.0689, -11.8943, 4758.67, 0.100642, -0.0825519, 0.991492
131.579, 20.2311, -11.8943, 4764.12, 0.102617, -0.104623, 0.989204
131.699, 20.3933, -11.8943, 4769.56, 0.101394, -0.111982, 0.988524
131.819, 20.5479, -11.8943, 4774.75, 0.131866, -0.111872, 0.984935
131.94, 20.733, -11.8943, 4779.73, 0.164581, -0.107731, 0.980463
132.06, 20.9174, -11.8943, 4784.66, 0.183703, -0.124469, 0.97507
132.18, 21.1018, -11.8943, 4789.6, 0.182984, -0.133964, 0.973946
132.3, 21.2847, -11.8943, 4794.52, 0.161429, -0.114078, 0.980269
132.42, 21.4291, -11.8943, 4799.43, 0.148503, -0.102348, 0.983601
132.541, 21.5748, -11.8943, 4804.39, 0.161091, -0.101655, 0.98169
132.661, 21.7233, -11.8943, 4809.89, 0.201206, -0.107889, 0.973589
132.781, 21.856, -11.8943, 4815.98, 0.236142, -0.0917379, 0.967379
132.901, 21.9887, -11.8943, 4822.06, 0.24298, -0.105561, 0.96427
133.021, 22.1213, -11.8943, 4828.15, 0.231639, -0.116523, 0.965798
133.141, 20.9213, -11.8943, 4832.15, 0.208415, -0.119963, 0.970656
133.262, 20.9523, -11.8943, 4836.68, 0.165136, -0.134085, 0.977114
133.382, 20.9788, -11.8943, 4841.17, 0.146996, -0.13358, 0.980076
133.502, 21.0057, -11.8943, 4846.06, 0.150234, -0.130624, 0.979983
133.622, 21.0523, -11.8943, 4852.15, 0.18395, -0.107958, 0.976989
133.742, 21.1196, -11.8943, 4858.23, 0.195461, -0.110783, 0.974434
133.862, 21.187, -11.8943, 4864.31, 0.196044, -0.12814, 0.972187
133.983, 20.0936, -11.8943, 4868.81, 0.179344, -0.127911, 0.975436
134.103, 20.0953, -11.8943, 4873.28, 0.139278, -0.122244, 0.982679
134.223, 20.0984, -11.8943, 4877.76, 0.116679, -0.148024, 0.982077
134.343, 20.1032, -11.8943, 4882.85, 0.123077, -0.140741, 0.982367
134.463, 20.1321, -11.8943, 4889.74, 0.166262, -0.146444, 0.975147
134.583, 20.1673, -11.8943, 4896.64, 0.187224, -0.127718, 0.973979
134.704, 19.0111, -11.8943, 4903.69, 0.176921, -0.127535, 0.975927
134.824, 19.0701, -11.8943, 4906.12, 0.147032, -0.102432, 0.983814
134.944, 19.0875, -11.8943, 4911.04, 0.135579, -0.0700559, 0.988287
135.064, 19.1055, -11.8943, 4915.96, 0.12885, -0.0543305, 0.990175
135.184, 19.0743, -11.8943, 4921.17, 0.149405, -0.0557161, 0.987205
135.305, 18.9507, -11.8943, 4927.33, 0.183536, -0.0690295, 0.980586
135.425, 18.8589, -11.8943, 4933.44, 0.20169, -0.0974496, 0.97459
135.545, 18.767, -11.8943, 4939.54, 0.211296, -0.12277, 0.969681
135.665, 17.8422, -11.8943, 4941.44, 0.207002, -0.125356, 0.970276
135.785, 17.7609, -11.8943, 4945.54, 0.179279, -0.103919, 0.978294
135.905, 17.6844, -11.8943, 4949.64, 0.177693, -0.107658, 0.978179
136.026, 17.6072, -11.8943, 4953.78, 0.196784, -0.0926968, 0.976055
136.146, 17.4407, -11.8943, 4960.65, 0.213772, -0.0819379, 0.973441
136.266, 17.311, -11.8943, 4967.51, 0.212365, -0.0684144, 0.974793
136.386, 17.1814, -11.8943, 4974.38, 0.195933, -0.07637, 0.977639
136.506, 16.2362, -11.8943, 4978.01, 0.178819, -0.0849126, 0.980211
136.626, 16.1859, -11.8943, 4982.5, 0.14883, -0.104333, 0.983343
136.747, 16.1464, -11.8943, 4987.03, 0.154543, -0.123465, 0.980241
136.867, 16.1073, -11.8943, 4991.52, 0.183822, -0.105509, 0.97728
136.987, 16.078, -11.8943, 4996.12, 0.224874, -0.10503, 0.968711
137.107, 16.1379, -11.8943, 5001.04, 0.262951, -0.0845006, 0.961102
137.227, 16.211, -11.8943, 5005.96, 0.287746, -0.0918471, 0.953292
137.347, 16.2841, -11.8943, 5010.88, 0.280714, -0.126497, 0.951419
137.468, 16.3533, -11.8943, 5015.84, 0.248131, -0.12651, 0.96043
137.588, 16.3816, -11.8943, 5020.76, 0.204306, -0.13175, 0.97
137.708, 16.4099, -11.8943, 5025.68, 0.19894, -0.123269, 0.972228
137.828, 16.4186, -11.8943, 5030.9, 0.200695, -0.108998, 0.973571
137.948, 16.3904, -11.8943, 5037, 0.223581, -0.0878325, 0.97072
138.068, 16.3756, -11.8943, 5043.11, 0.234447, -0.0896639, 0.967985
138.189, 16.3607, -11.8943, 5049.27, 0.224372, -0.111959, 0.968051
138.309, 15.338, -11.8943, 5052.29, 0.182689, -0.109735, 0.977028
138.429, 15.3183, -11.8943, 5056.77, 0.140303, -0.112, 0.983754
138.549, 15.3, -11.8943, 5061.25, 0.125166, -0.110051, 0.986013
138.669, 15.2766, -11.8943, 5065.72, 0.126749, -0.0954519, 0.987332
138.79, 15.2934, -11.8943, 5071.88, 0.159867, -0.0744856, 0.984324
138.91, 15.3336, -11.8943, 5077.99, 0.163507, -0.0582913, 0.984819
139.03, 15.3739, -11.8943, 5084.1, 0.1625, -0.0528052, 0.985295
139.15, 14.4095, -11.8943, 5088.69, 0.122575, -0.0447408, 0.99145
139.27, 14.4897, -11.8943, 5093.61, 0.0682522, -0.0583464, 0.995961
139.39, 14.5686, -11.8943, 5098.53, 0.0536115, -0.110261, 0.992456
139.511, 14.6481, -11.8943, 5103.49, 0.0606215, -0.120231, 0.990893
139.631, 14.657, -11.8943, 5109.57, 0.102947, -0.114122, 0.988119
139.751, 14.6802, -11.8943, 5115.66, 0.13468, -0.098476, 0.985984
139.871, 14.7034, -11.8943, 5121.74, 0.134383, -0.106558, 0.985184
139.991, 13.6775, -11.8943, 5127.81, 0.10661, -0.127183, 0.986133
140.111, 13.7705, -11.8943, 5132.75, 0.0665944, -0.130688, 0.989184
140.232, 13.8887, -11.8943, 5137.73, 0.049555, -0.106822, 0.993043
140.352, 14.0059, -11.8943, 5142.66, 0.0634751, -0.0923797, 0.993699
140.472, 14.0871, -11.8943, 5147.59, 0.108133, -0.0939008, 0.989692
140.592, 14.1969, -11.8943, 5152.51, 0.181506, -0.0816575, 0.979994
140.712, 14.3068, -11.8943, 5157.43, 0.212613, -0.12198, 0.969493
140.832, 14.4167, -11.8943, 5162.35, 0.233678, -0.114154, 0.96559
140.953, 14.5033, -11.8943, 5167.09, 0.22532, -0.095589, 0.969584
141.073, 14.5433, -11.8943, 5171.57, 0.202599, -0.0816919, 0.975848
141.193, 14.5829, -11.8943, 5176.04, 0.173501, -0.0574387, 0.983157
141.313, 14.6225, -11.8943, 5180.52, 0.173125, -0.0798814, 0.981655
141.433, 14.7237, -11.8943, 5185.99, 0.199976, -0.0714306, 0.977193
141.553, 14.8396, -11.8943, 5191.45, 0.21113, -0.0625245, 0.975456
141.674, 14.9564, -11.8943, 5196.96, 0.21429, -0.0709682, 0.974189
141.794, 13.9913, -11.8943, 5201.52, 0.19786, -0.0856364, 0.976482
141.914, 14.0862, -11.8943, 5206, 0.179269, -0.065224, 0.981636
142.034, 14.1853, -11.8943, 5210.48, 0.174416, -0.0737565, 0.981906
142.154, 14.2845, -11.8943, 5214.95, 0.192994, -0.0799944, 0.977934
142.275, 14.446, -11.8943, 5220.7, 0.224391, -0.0709745, 0.971911
142.395, 14.6535, -11.8943, 5226.81, 0.244598, -0.0736535, 0.966823
142.515, 14.861, -11.8943, 5232.91, 0.248265, -0.111661, 0.962235
142.635, 13.9765, -11.8943, 5237.91, 0.233444, -0.124445, 0.964374
142.755, 14.1314, -11.8943, 5241.25, 0.193193, -0.115482, 0.974341
142.875, 14.2634, -11.8943, 5245.72, 0.167556, -0.122564, 0.978214
142.996, 14.3964, -11.8943, 5250.24, 0.155613, -0.111446, 0.981511
143.116, 14.4754, -11.8943, 5256.51, 0.171227, -0.0988176, 0.980263
143.236, 14.5096, -11.8943, 5263.37, 0.190994, -0.0559994, 0.979993
143.356, 14.5437, -11.8943, 5270.24, 0.179896, -0.0762258, 0.980728
143.476, 13.6627, -11.8943, 5275.48, 0.151673, -0.109094, 0.982392
143.596, 13.6876, -11.8943, 5278.85, 0.114294, -0.102575, 0.988137
143.717, 13.7161, -11.8943, 5283.38, 0.0726707, -0.0845502, 0.993766
143.837, 13.7444, -11.8943, 5287.87, 0.0621264, -0.075594, 0.995201
143.957, 13.708, -11.8943, 5292.6, 0.0690595, -0.094197, 0.993155
144.077, 13.5735, -11.8943, 5298.05, 0.118987, -0.0938085, 0.988454
144.197, 13.4764, -11.8943, 5303.49, 0.131787, -0.121938, 0.98375
144.317, 13.3793, -11.8943, 5308.94, 0.128786, -0.134748, 0.982475
144.438, 13.322, -11.8943, 5314.17, 0.110744, -0.11631, 0.98702
144.558, 13.2551, -11.8943, 5319.09, 0.0692312, -0.0959002, 0.99298
144.678, 13.1882, -11.8943, 5324.01, 0.0261989, -0.11163, 0.993404
144.798, 13.1213, -11.8943, 5328.93, -0.00137595, -0.140973, 0.990012
144.918, 13.0891, -11.8943, 5334.4, 0.0300566, -0.144116, 0.989104
145.039, 13.1423, -11.8943, 5339.91, 0.0479949, -0.128276, 0.990577
145.159, 13.1951, -11.8943, 5345.38, 0.0661761, -0.124204, 0.990048
145.279, 13.2746, -11.8943, 5351.31, 0.0639687, -0.0976945, 0.993159
145.399, 13.363, -11.8943, 5357.39, 0.0865053, -0.100213, 0.991198
145.519, 13.4513, -11.8943, 5363.47, 0.118614, -0.100812, 0.987809
145.639, 13.053, -11.8943, 5369.79, 0.157321, -0.0708443, 0.985003
145.76, 13.0431, -11.8943, 5374.77, 0.189575, -0.0365417, 0.981186
145.88, 13.0742, -11.8943, 5379.71, 0.212976, -0.0350543, 0.976428
146, 13.1054, -11.8943, 5384.64, 0.215211, -0.0798947, 0.973294
146.12, 12.312, -11.8943, 5390.16, 0.194233, -0.108167, 0.974974
146.24, 12.2975, -11.8943, 5394.64, 0.153444, -0.107759, 0.982264
146.36, 12.2771, -11.8943, 5399.12, 0.142719, -0.103462, 0.984341
146.481, 12.2566, -11.8943, 5403.64, 0.13565, -0.0855312, 0.987058
146.601, 12.1803, -11.8943, 5408.6, 0.157975, -0.0753293, 0.984565
146.721, 12.1346, -11.8943, 5414.04, 0.19822, -0.0770459, 0.977125
146.841, 12.0888, -11.8943, 5419.49, 0.200872, -0.113819, 0.972983
146.961, 12.0431, -11.8943, 5424.94, 0.199333, -0.129824, 0.971294
147.081, 11.0329, -11.8943, 5430.4, 0.186224, -0.11348, 0.975932
147.202, 10.9816, -11.8943, 5434.93, 0.173627, -0.109731, 0.978679
147.322, 10.9307, -11.8943, 5439.42, 0.164667, -0.102099, 0.981051
147.442, 10.8667, -11.8943, 5444.31, 0.175435, -0.10319, 0.979068
147.562, 10.8531, -11.8943, 5450.39, 0.206145, -0.0893972, 0.974429
147.682, 10.8508, -11.8943, 5456.48, 0.203715, -0.109124, 0.97293
147.802, 10.8484, -11.8943, 5462.56, 0.17711, -0.104417, 0.978636
147.923, 10.8402, -11.8943, 5468.22, 0.138712, -0.113752, 0.983778
148.043, 10.8134, -11.8943, 5473.67, 0.121018, -0.108101, 0.986747
148.163, 10.7866, -11.8943, 5479.11, 0.11977, -0.102186, 0.987529
148.283, 10.745, -11.8943, 5484.56, 0.126006, -0.115346, 0.985301
148.403, 10.7239, -11.8943, 5490.03, 0.157577, -0.0965591, 0.982775
148.524, 10.7113, -11.8943, 5495.54, 0.186077, -0.11379, 0.975924
148.644, 10.6988, -11.8943, 5501.01, 0.183842, -0.116085, 0.976077
148.764, 9.83905, -11.8943, 5506.66, 0.15342, -0.113245, 0.981651
148.884, 9.88598, -11.8943, 5511.58, 0.0992875, -0.104245, 0.989583
149.004, 9.9329, -11.8943, 5516.5, 0.0782075, -0.140427, 0.986997
149.124, 9.97983, -11.8943, 5521.42, 0.0819813, -0.134477, 0.98752
149.245, 9.9552, -11.8943, 5526.93, 0.134992, -0.142734, 0.980512
149.365, 9.95575, -11.8943, 5532.4, 0.197728, -0.127777, 0.971893
149.485, 9.9563, -11.8943, 5537.87, 0.251963, -0.121438, 0.960087
149.605, 9.31116, -11.8943, 5543.51, 0.28255, -0.0997188, 0.954055
149.725, 9.35969, -11.8943, 5548.43, 0.297729, -0.0732284, 0.951838
149.845, 9.42255, -11.8943, 5553.35, 0.317609, -0.0928545, 0.943664
149.966, 9.48593, -11.8943, 5558.31, 0.314579, -0.123745, 0.941131
150.086, 9.56231, -11.8943, 5563.63, 0.333529, -0.132188, 0.933426
150.206, 9.72642, -11.8943, 5569.07, 0.347844, -0.129851, 0.928517
150.326, 9.89054, -11.8943, 5574.52, 0.349059, -0.134794, 0.927356
150.446, 10.014, -11.8943, 5579.96, 0.337762, -0.131809, 0.931957
150.566, 10.0302, -11.8943, 5584.9, 0.310129, -0.122143, 0.942816
150.687, 10.0425, -11.8943, 5589.88, 0.314843, -0.130069, 0.940189
150.807, 10.0547, -11.8943, 5594.81, 0.311181, -0.110864, 0.943862
150.927, 9.99827, -11.8943, 5600, 0.321299, -0.115099, 0.939957
151.047, 9.93115, -11.8943, 5605.45, 0.345257, -0.117953, 0.931067
151.167, 9.87041, -11.8943, 5610.9, 0.345857, -0.126172, 0.929765
151.287, 9.80966, -11.8943, 5616.34, 0.324352, -0.135066, 0.936244
151.408, 8.82717, -11.8943, 5621.61, 0.263006, -0.108182, 0.95871
151.528, 8.82087, -11.8943, 5626.09, 0.214374, -0.0863911, 0.972924
151.648, 8.84467, -11.8943, 5630.57, 0.179409, -0.0422901, 0.982865
151.768, 8.86931, -11.8943, 5635.45, 0.153008, -0.0257322, 0.98789
151.888, 8.96823, -11.8943, 5641.56, 0.157043, -0.0150928, 0.987476
152.009, 9.09149, -11.8943, 5647.72, 0.136613, -0.00484285, 0.990613
152.129, 9.21374, -11.8943, 5653.82, 0.129345, -0.0212958, 0.991371
152.249, 8.41748, -11.8943, 5658, 0.122855, -0.0137606, 0.992329
152.369, 8.49818, -11.8943, 5662.92, 0.0729481, -0.0178614, 0.997176
152.489, 8.57887, -11.8943, 5667.83, 0.0527234, -0.0456097, 0.997567
152.609, 8.65956, -11.8943, 5672.75, 0.0767539, -0.0598659, 0.995251
152.73, 8.78132, -11.8943, 5678.27, 0.13147, -0.0648686, 0.989195
152.85, 8.93739, -11.8943, 5683.73, 0.174189, -0.0876758, 0.980801
152.97, 9.09345, -11.8943, 5689.19, 0.182749, -0.109175, 0.977079
153.09, 8.49393, -11.8943, 5695.02, 0.15431, -0.12559, 0.980008
153.21, 8.66406, -11.8943, 5699.94, 0.131265, -0.0881302, 0.987422
153.33, 8.83813, -11.8943, 5704.86, 0.124614, -0.0628252, 0.990214
153.451, 9.01364, -11.8943, 5709.82, 0.110844, -0.0686001, 0.991467
153.571, 9.19935, -11.8943, 5715.13, 0.135994, -0.0921526, 0.986414
153.691, 9.4877, -11.8943, 5720.57, 0.162026, -0.106147, 0.981061
153.811, 9.77604, -11.8943, 5726.01, 0.16453, -0.153067, 0.974423
153.931, 10.0644, -11.8943, 5731.45, 0.161295, -0.151729, 0.975173
154.051, 9.35739, -11.8943, 5736.77, 0.13925, -0.127058, 0.982072
154.172, 9.51539, -11.8943, 5741.3, 0.138201, -0.095623, 0.985777
154.292, 9.67208, -11.8943, 5745.78, 0.145073, -0.0863425, 0.985646
154.412, 9.83598, -11.8943, 5750.51, 0.166543, -0.0926644, 0.98167
154.532, 10.0937, -11.8943, 5755.95, 0.197953, -0.0701905, 0.977695
154.652, 10.3509, -11.8943, 5761.39, 0.218375, -0.0750561, 0.972974
154.772, 10.6081, -11.8943, 5766.84, 0.223238, -0.0866292, 0.970907
154.893, 9.91882, -11.8943, 5772.72, 0.206639, -0.0836472, 0.974835
155.013, 10.1112, -11.8943, 5777.2, 0.163836, -0.0956604, 0.981838
155.133, 10.3012, -11.8943, 5781.67, 0.126004, -0.111591, 0.985734
155.253, 10.4772, -11.8943, 5786.15, 0.125118, -0.119615, 0.984905
155.373, 10.7665, -11.8943, 5792.25, 0.181037, -0.112214, 0.977054
155.494, 11.0635, -11.8943, 5798.4, 0.206075, -0.133128, 0.969438
155.614, 11.3581, -11.8943, 5804.5, 0.191586, -0.0844731, 0.977834
155.734, 10.5343, -11.8943, 5808.95, 0.152422, -0.0513682, 0.98698
155.854, 10.8917, -11.8943, 5813.86, 0.128843, -0.0574411, 0.99
155.974, 11.263, -11.8943, 5818.76, 0.0903223, -0.062587, 0.993944
156.094, 11.6343, -11.8943, 5823.67, 0.0814775, -0.0693241, 0.994261
156.215, 12.102, -11.8943, 5828.62, 0.130783, -0.0667801, 0.989159
156.335, 12.6594, -11.8943, 5833.52, 0.192628, -0.0797237, 0.978028
156.455, 13.2078, -11.8943, 5838.43, 0.214234, -0.121654, 0.969177
156.575, 13.7562, -11.8943, 5843.33, 0.215058, -0.130941, 0.967783
156.695, 14.2086, -11.8943, 5848.24, 0.185418, -0.119039, 0.975423
156.815, 14.544, -11.8943, 5853.14, 0.159728, -0.0892023, 0.983123
156.936, 14.8822, -11.8943, 5858.09, 0.162085, -0.0907028, 0.982599
157.056, 15.2723, -11.8943, 5863.58, 0.192985, -0.10683, 0.975369
157.176, 15.6545, -11.8943, 5869.65, 0.249856, -0.0888476, 0.964198
157.296, 16.021, -11.8943, 5875.73, 0.280086, -0.126235, 0.951639
157.416, 16.3876, -11.8943, 5881.8, 0.273147, -0.133204, 0.952705
157.536, 15.4097, -11.8943, 5885.77, 0.214135, -0.121954, 0.969161
157.657, 15.5975, -11.8943, 5890.29, 0.171183, -0.101553, 0.979992
157.777, 15.7837, -11.8943, 5894.78, 0.152801, -0.108349, 0.9823
157.897, 16.0263, -11.8943, 5900.46, 0.171928, -0.145856, 0.974252
158.017, 16.3176, -11.8943, 5907.32, 0.207735, -0.137263, 0.968507
158.137, 16.6054, -11.8943, 5914.18, 0.23495, -0.137067, 0.962295
158.258, 15.6206, -11.8943, 5921.09, 0.255387, -0.155967, 0.954176
158.378, 15.771, -11.8943, 5922.07, 0.239963, -0.149809, 0.959153
158.498, 15.899, -11.8943, 5926.17, 0.202978, -0.118006, 0.972047
158.618, 16.0249, -11.8943, 5930.27, 0.181638, -0.112572, 0.976901
158.738, 16.1752, -11.8943, 5935.07, 0.200052, -0.0977734, 0.974895
158.858, 16.3611, -11.8943, 5941.96, 0.237898, -0.0712935, 0.96867
158.979, 16.5434, -11.8943, 5948.92, 0.237312, -0.0476031, 0.970267
159.099, 15.5189, -11.8943, 5955.72, 0.220024, -0.0832357, 0.971937
159.219, 15.6128, -11.8943, 5956.83, 0.188324, -0.0883242, 0.978127
159.339, 15.6791, -11.8943, 5961.31, 0.157891, -0.0823093, 0.98402
159.459, 15.7419, -11.8943, 5965.79, 0.153138, -0.0865307, 0.984409
159.579, 15.8048, -11.8943, 5970.27, 0.146441, -0.0953302, 0.984615
159.7, 15.9153, -11.8943, 5975.53, 0.213623, -0.0702491, 0.974387
159.82, 16.0576, -11.8943, 5980.99, 0.252382, -0.0705903, 0.965049
159.94, 16.1998, -11.8943, 5986.46, 0.253438, -0.134248, 0.957991
160.06, 15.3198, -11.8943, 5992.21, 0.24404, -0.15461, 0.957361
160.18, 15.3827, -11.8943, 5995.57, 0.186088, -0.0985865, 0.977575
160.3, 15.453, -11.8943, 6000.05, 0.171307, -0.0753029, 0.982336
160.421, 15.524, -11.8943, 6004.56, 0.166881, -0.0911152, 0.981758
160.541, 15.6183, -11.8943, 6009.84, 0.228395, -0.117666, 0.966432
160.661, 15.741, -11.8943, 6015.93, 0.269459, -0.105686, 0.957195
160.781, 15.8637, -11.8943, 6022.01, 0.251841, -0.157364, 0.954889
160.901, 15.9895, -11.8943, 6028.09, 0.209416, -0.155931, 0.965314
161.021, 16.1191, -11.8943, 6033.56, 0.156316, -0.104552, 0.982158
161.142, 16.2388, -11.8943, 6039.07, 0.151731, -0.090311, 0.984287
161.262, 16.3575, -11.8943, 6044.53, 0.136133, -0.114187, 0.984088
161.382, 16.4486, -11.8943, 6049.99, 0.164438, -0.120999, 0.978938
161.502, 16.5525, -11.8943, 6055.44, 0.211257, -0.0744644, 0.97459
161.622, 16.6563, -11.8943, 6060.89, 0.205591, -0.119632, 0.971298
161.743, 16.761, -11.8943, 6066.38, 0.197274, -0.120203, 0.972951
161.863, 15.6935, -11.8943, 6071.76, 0.14583, -0.0733907, 0.986584
161.983, 15.7359, -11.8943, 6076.24, 0.123757, -0.0571987, 0.990663
162.103, 15.7741, -11.8943, 6080.72, 0.120712, -0.087263, 0.988845
162.223, 15.8199, -11.8943, 6085.6, 0.12953, -0.119322, 0.98437
162.343, 15.928, -11.8943, 6091.71, 0.206587, -0.102363, 0.973059
162.464, 16.0381, -11.8943, 6097.87, 0.224597, -0.0768669, 0.971415
162.584, 16.1473, -11.8943, 6103.98, 0.202192, -0.083454, 0.975784
162.704, 15.131, -11.8943, 6108.18, 0.133908, -0.0834257, 0.987476
162.824, 15.184, -11.8943, 6113.1, 0.107331, -0.0810102, 0.990917
162.944, 15.237, -11.8943, 6118.02, 0.11126, -0.111118, 0.98756
163.064, 15.2672, -11.8943, 6123.24, 0.122982, -0.12548, 0.984444
163.185, 15.2249, -11.8943, 6129.4, 0.161265, -0.10311, 0.98151
163.305, 15.1792, -11.8943, 6135.51, 0.165698, -0.0736897, 0.98342
163.425, 15.1334, -11.8943, 6141.61, 0.163417, -0.0924512, 0.982216
163.545, 14.27, -11.8943, 6147.22, 0.155382, -0.0989249, 0.982889
163.665, 14.2436, -11.8943, 6152.67, 0.145358, -0.132975, 0.980402
163.785, 14.2173, -11.8943, 6158.12, 0.142172, -0.127607, 0.981582
163.906, 14.0752, -11.8943, 6163.93, 0.15646, -0.132249, 0.97879
164.026, 13.9227, -11.8943, 6170.01, 0.204989, -0.089246, 0.974687
164.146, 13.7794, -11.8943, 6176.09, 0.20338, -0.0730169, 0.976374
164.266, 13.6362, -11.8943, 6182.17, 0.200828, -0.0879877, 0.975667
164.386, 12.4916, -11.8943, 6185.81, 0.181462, -0.103152, 0.977973
164.506, 12.3926, -11.8943, 6190.3, 0.20754, -0.118504, 0.971022
164.627, 12.2979, -11.8943, 6194.83, 0.292063, -0.203365, 0.934528
164.747, 12.2083, -11.8943, 6199.32, 0.339969, -0.259694, 0.90387
164.867, 12.0425, -11.8943, 6204.77, 0.416949, -0.268669, 0.868314
164.987, 11.9349, -11.8943, 6210.21, 0.474866, -0.280149, 0.834277
165.107, 11.8351, -11.8943, 6215.66, 0.557734, -0.356051, 0.749774
165.228, 11.6394, -11.8943, 6221.11, 0.622927, -0.399934, 0.67232
165.348, 11.6981, -11.8943, 6222.96, 0.643354, -0.404468, 0.650002
165.468, 11.7034, -11.8943, 6226.74, 0.660632, -0.451876, 0.599478
165.588, 11.7087, -11.8943, 6230.52, 0.675803, -0.505445, 0.536484
165.708, 11.714, -11.8943, 6234.3, 0.690512, -0.519826, 0.502965
165.828, 11.7225, -11.8943, 6238.08, 0.697355, -0.548445, 0.461415
165.949, 12.8345, -11.8943, 6239.87, 0.708993, -0.55401, 0.436352
166.069, 12.8352, -11.8943, 6241.89, 0.690673, -0.617654, 0.376131
166.189, 12.8362, -11.8943, 6244.57, 0.67485, -0.67277, 0.303247
166.309, 12.8371, -11.8943, 6247.26, 0.672929, -0.68993, 0.266763
166.429, 12.8381, -11.8943, 6249.95, -0.660954, 0.716882, -0.221856
166.549, 12.8391, -11.8943, 6252.64, -0.661646, 0.722253, -0.201433
166.67, 12.844, -11.8943, 6255.35, -0.668254, 0.726529, -0.159973
166.79, 13.2867, -11.8943, 6255.3, -0.657418, 0.743335, -0.12351
166.88, 13.3051, -11.8943, 6255.18, -0.653965, 0.743292, -0.140874
167, 13.3687, -11.8943, 6255.53, 0.609477, -0.740243, 0.283865
167.12, 13.6105, -11.8943, 6254.93, 0.569906, -0.761434, 0.30891
167.24, 14.0461, -11.8943, 6253.78, 0, 0, 1
167.361, 14.3874, -11.8943, 6252.47, 0, 0, 1
167.481, 14.4202, -11.8943, 6251.6, 0, 0, 1
167.601, 14.2451, -11.8943, 6251.01, 0, 0, 1
167.721, -17.602, -11.8943, 6229.45, 0, 0, 1
167.851, -17.602, -11.8943, 6229.45, 0, 0, 1
167.971, -17.602, -11.8943, 6229.45, 0, 0, 1
168.102, -17.602, -11.8943, 6229.45, 0, 0, 1
168.232, -17.602, -11.8943, 6229.45, 0, 0, 1
168.352, -17.602, -11.8943, 6229.45, 0, 0, 1
168.472, -17.602, -11.8943, 6229.45, 0, 0, 1
168.592, -17.602, -11.8943, 6229.45, 0, 0, 1
168.713, -17.602, -11.8943, 6229.45, 0, 0, 1
168.843, -17.602, -11.8943, 6229.45, 0, 0, 1
169.033, -17.602, -11.8943, 6229.45, 0, 0, 1
169.163, -17.602, -11.8943, 6229.45, 0, 0, 1
169.303, -17.602, -11.8943, 6229.45, 0, 0, 1
169.474, -17.602, -11.8943, 6229.45, 0, 0, 1
169.634, -17.602, -11.8943, 6229.45, 0, 0, 1
169.764, -17.602, -11.8943, 6229.45, 0, 0, 1
169.914, -17.602, -11.8943, 6229.45, 0, 0, 1
170.075, -17.602, -11.8943, 6229.45, 0, 0, 1
170.235, -17.602, -11.8943, 6229.45, 0, 0, 1
170.375, -17.602, -11.8943, 6229.45, 0, 0, 1
170.495, -17.602, -11.8943, 6229.45, 0, 0, 1
170.665, -17.602, -11.8943, 6229.45, 0, 0, 1
170.816, -17.602, -11.8943, 6229.45, 0, 0, 1
170.976, -17.602, -11.8943, 6229.45, 0, 0, 1
171.126, -17.602, -11.8943, 6229.45, 0, 0, 1
171.296, -17.602, -11.8943, 6229.45, 0, 0, 1
171.416, 14.1465, -11.8943, 6250.9, 0, 0, 1
171.537, 12.6563, -11.8943, 6250.95, -0.187012, -0.982357, -0.00120231
171.657, 12.8103, -11.8943, 6250.91, -0.239738, -0.876697, -0.417047
171.777, -18.8878, -11.8943, 6229.35, -0.133051, -0.257003, 0.957208
171.897, 13.3706, -11.8943, 6250.5, 0, 0, 1
172.017, 13.5826, -11.8943, 6250.34, 0, 0, 1
172.137, 13.6593, -11.8943, 6250.26, 0, 0, 1
172.258, 13.7671, -11.8943, 6250.12, 0, 0, 1
172.378, 13.878, -11.8943, 6250.07, 0, 0, 1
172.498, 13.986, -11.8943, 6250.05, 0, 0, 1
172.628, -18.3909, -11.8943, 6229.27, 0, 0, 1
172.748, 13.8244, -11.8943, 6250.05, 0, 0, 1
172.869, 13.5055, -11.8943, 6250.17, 0, 0, 1
172.989, 13.1762, -11.8943, 6250.35, 0, 0, 1
173.129, 12.9752, -11.8943, 6250.48, 0, 0, 1
173.249, 12.9339, -11.8943, 6250.51, 0, 0, 1
173.369, 13.0828, -11.8943, 6250.53, 0, 0, 1
173.489, 13.4098, -11.8943, 6250.44, 0, 0, 1
173.61, 13.7412, -11.8943, 6250.47, 0, 0, 1
173.73, 14.5248, -11.8943, 6250.48, 0, 0, 1
173.85, 15.4356, -11.8943, 6250.46, 0, 0, 1
173.97, 16.093, -11.8943, 6250.38, 0, 0, 1
174.09, 16.7745, -11.8943, 6250.15, 0, 0, 1
174.21, -16.3148, -11.8943, 6229.01, 0, 0, 1
174.331, 17.8416, -11.8943, 6249.92, 0, 0, 1
174.451, -16.1363, -11.8943, 6228.96, 0, 0, 1
174.551, -16.1363, -11.8943, 6228.96, 0, 0, 1
174.621, -50.2436, -11.8943, 6208.08, 0, 0, 1
174.641, -50.2303, -11.8943, 6207.88, 0, 0, 1
174.661, -16.0474, -11.8943, 6228.88, 0, 0, 1
174.761, 18.6205, -11.8943, 6250.03, 0, 0, 1
174.851, 18.6205, -11.8943, 6250.03, 0, 0, 1
174.941, 18.6205, -11.8943, 6250.03, 0, 0, 1
175.032, 18.6205, -11.8943, 6250.03, 0, 0, 1
175.152, 18.6205, -11.8943, 6250.03, 0, 0, 1
175.222, 18.6205, -11.8943, 6250.03, 0, 0, 1
175.262, 18.6205, -11.8943, 6250.03, 0, 0, 1
175.342, 18.6205, -11.8943, 6250.03, 0, 0, 1
175.402, 18.6205, -11.8943, 6250.03, 0, 0, 1
175.422, 18.6205, -11.8943, 6250.03, 0, 0, 1
175.452, 18.6205, -11.8943, 6250.03, 0, 0, 1
175.472, 18.6205, -11.8943, 6250.03, 0, 0, 1
175.592, 18.6205, -11.8943, 6250.03, 0, 0, 1
175.713, 18.6205, -11.8943, 6250.03, 0, 0, 1
175.833, 18.6205, -11.8943, 6250.03, 0, 0, 1
175.953, 18.6205, -11.8943, 6250.03, 0, 0, 1
176.073, 18.6205, -11.8943, 6250.03, 0, 0, 1
176.193, 18.6205, -11.8943, 6250.03, 0, 0, 1
176.313, 18.6205, -11.8943, 6250.03, 0, 0, 1
176.434, 18.6205, -11.8943, 6250.03, 0, 0, 1
176.554, 18.6205, -11.8943, 6250.03, 0, 0, 1
176.674, 18.6205, -11.8943, 6250.03, 0, 0, 1
176.794, 18.6205, -11.8943, 6250.03, 0, 0, 1
