0, -9.28518, -11.8947, 6397.07, 0, 0, 1
8.673, -9.28518, -11.8947, 6397.07, 0, 0, 1
8.793, -9.28518, -11.8947, 6397.07, 0, 0, 1
8.913, -9.28518, -11.8947, 6397.07, 0, 0, 1
9.033, -9.28518, -11.8947, 6397.07, 0, 0, 1
9.153, -9.28518, -11.8947, 6397.07, 0, 0, 1
9.274, -9.28518, -11.8947, 6397.07, 0, 0, 1
9.394, -9.28518, -11.8947, 6397.07, 0, 0, 1
9.444, -9.28518, -11.8947, 6397.07, 0, 0, 1
9.464, 22.8172, -11.8947, 6423.33, 0, 0, 1
9.484, 22.8172, -11.8947, 6423.33, 0, 0, 1
9.514, 22.8172, -11.8947, 6423.33, 0, 0, 1
9.534, 22.8172, -11.8947, 6423.33, 0, 0, 1
9.554, 22.7885, -11.8947, 6423.29, 0, 0, 1
9.574, 22.7885, -11.8947, 6423.29, 0, 0, 1
9.604, 22.7808, -11.8947, 6423.25, 0, 0, 1
9.624, 22.7485, -11.8947, 6423.21, 0, 0, 1
9.744, 22.7054, -11.8947, 6423.18, 0, 0, 1
9.764, 21.0191, -11.8947, 6425.36, 0, 0, 1
9.834, 19.653, -11.8947, 6425.52, 0.15278, -0.130826, 0.979563
9.905, 19.494, -11.8947, 6425.48, 0.149391, -0.0939758, 0.984302
9.975, 19.3672, -11.8947, 6425.46, 0.14241, -0.0887066, 0.985825
9.995, 19.3672, -11.8947, 6425.46, 0.136109, -0.0799538, 0.987462
10.015, 19.297, -11.8947, 6425.44, 0.124732, -0.0944219, 0.987687
10.045, 19.297, -11.8947, 6425.44, 0.124732, -0.0944219, 0.987687
10.085, 19.2406, -11.8947, 6425.43, 0.11391, -0.106331, 0.987785
10.105, 19.2406, -11.8947, 6425.43, 0.11391, -0.106331, 0.987785
10.135, 19.2406, -11.8947, 6425.43, 0.105931, -0.102135, 0.989114
10.155, 19.1781, -11.8947, 6425.41, 0.10641, -0.0920687, 0.990051
10.185, 19.1781, -11.8947, 6425.41, 0.10641, -0.0920687, 0.990051
10.205, 19.1781, -11.8947, 6425.41, 0.111351, -0.103315, 0.988396
10.235, 19.1284, -11.8947, 6425.39, 0.101526, -0.10224, 0.989565
10.255, 19.1284, -11.8947, 6425.39, 0.107492, -0.0977875, 0.989385
10.305, 19.0879, -11.8947, 6425.36, 0.103081, -0.114495, 0.988061
10.335, 19.0879, -11.8947, 6425.36, 0.0909116, -0.10481, 0.990328
10.355, 19.0501, -11.8947, 6425.34, 0.0783216, -0.114234, 0.990362
10.405, 19.0501, -11.8947, 6425.34, 0.0703141, -0.101985, 0.992298
10.525, 18.9649, -11.8947, 6425.32, 0.0444231, -0.118424, 0.991969
10.646, 18.9881, -11.8947, 6425.28, 0.0530322, -0.107036, 0.99284
10.766, 19.0305, -11.8947, 6425.25, 0.0618247, -0.15075, 0.986637
10.886, 19, -11.8947, 6425.16, -0.0163919, -0.328981, 0.944194
11.006, 19.0036, -11.8947, 6425.03, 0.00847929, -0.513058, 0.858312
11.126, 19.2123, -11.8947, 6424.76, -0.0111051, -0.685343, 0.728136
11.246, 19.4002, -11.8947, 6424.5, -0.0675061, -0.733476, 0.676354
11.337, 0.101232, -0.0086436, 0.0651596, -0.0382011, -0.798511, 0.600767
11.457, 0.215327, -0.126248, -0.139899, -0.0172908, -0.879102, 0.47632
11.577, 0.285113, -0.368926, -0.224589, 0.0712017, -0.965597, 0.250107
11.697, 0.396282, -0.726969, -0.232046, 0, 0, 1
11.817, -0.217897, -1.18579, -0.485111, 0, 0, 1
11.937, 0.227821, -1.66579, 1.38012, 0, 0, 1
12.058, 1.13041, -2.14979, -0.688028, 0, 0, 1
12.178, 1.13041, -2.62979, -0.688028, 0, 0, 1
12.298, 1.13041, -3.10979, -0.688028, 0, 0, 1
12.418, 1.13041, -3.58979, -0.688028, 0, 0, 1
12.538, 1.13041, -4.06979, -0.688028, 0, 0, 1
12.658, 1.13041, -4.54979, -0.688028, 0, 0, 1
12.779, 1.13041, -5.03379, -0.688028, 0, 0, 1
12.899, 1.13041, -5.51379, -0.688028, 0, 0, 1
13.019, 0.505359, -5.99379, -0.401913, -0.00992357, -0.73968, 0.672886
13.139, 0.572828, -6.47379, -0.612543, 0.0318372, -0.519725, 0.85374
13.259, 0.545579, -6.95379, -1.03758, 0.0453379, -0.315403, 0.947874
13.38, 0.520115, -7.43779, -1.40096, 0.0660947, -0.189949, 0.979567
13.5, 0.490578, -7.91779, -1.59043, 0.0814937, -0.136431, 0.987292
13.62, 0.490427, -8.39779, -1.77728, 0.11628, -0.0761609, 0.990292
13.74, 0.499891, -8.87779, -1.90719, 0.141584, -0.03266, 0.989387
13.86, 0.471197, -9.35779, -1.9392, 0.154831, -0.00138274, 0.98794
13.98, 0.471197, -9.83779, -1.9392, 0.173448, 0.035491, 0.984203
14.101, 0.471197, -10.3218, -1.9392, 0.176923, 0.0598894, 0.982401
14.221, 0.471197, -10.8018, -1.9392, 0.171429, 0.0987029, 0.98024
14.341, 0.471197, -11.2818, -1.9392, 0.149017, 0.122808, 0.981179
14.461, 0.471197, -11.7618, -1.9392, 0.126622, 0.127221, 0.983759
14.581, 0.471197, -12.0018, -1.9392, 0.12439, 0.140955, 0.98217
14.701, 0.471197, -12.0018, -1.9392, 0.131894, 0.154009, 0.979227
14.822, 0.471197, -12.0018, -1.9392, 0.140302, 0.16369, 0.976484
14.942, 0.471197, -12.0018, -1.9392, 0.140238, 0.161144, 0.976917
15.062, 0.471197, -12.0018, -1.9392, 0.134537, 0.16384, 0.97727
15.182, 0.471197, -12.0018, -1.9392, 0.132545, 0.130053, 0.982608
15.302, 0.471197, -12.0018, -1.9392, 0.136638, 0.0714668, 0.98804
15.422, 0.471197, -12.0018, -1.9392, 0.151439, -0.00934112, 0.988422
15.543, 0.471197, -12.0018, -1.9392, 0.154476, -0.0428839, 0.987065
15.663, 0.471197, -12.0018, -1.9392, 0.152569, -0.056472, 0.986678
15.783, 0.471197, -12.0018, -1.9392, 0.152802, -0.0571093, 0.986605
15.903, 0.471197, -12.0018, -1.9392, 0.145299, -0.0296833, 0.988942
16.023, 0.471197, -12.0018, -1.9392, 0.120478, 0.0455216, 0.991672
16.144, 0.471197, -12.0018, -1.9392, 0.133075, 0.126238, 0.983034
16.264, 0.471197, -12.0018, -1.9392, 0.152931, 0.130519, 0.97958
16.384, 0.431156, -12.0018, -1.95077, 0.0843078, 0.125442, 0.988512
16.504, 0.33828, -12.0018, -1.97561, -0.0069825, 0.100441, 0.994918
16.624, 0.33828, -12.0018, -1.97561, -0.0716958, 0.0576981, 0.995756
16.744, 0.33828, -12.0018, -1.97561, -0.0585102, 0.0415646, 0.997421
16.865, 0.33828, -12.0018, -1.97561, -0.0504488, 0.0500943, 0.99747
16.985, 0.33828, -12.0018, -1.97561, -0.0291919, 0.0393141, 0.9988
17.105, 0.325521, -12.0018, -1.92549, -0.00630347, -0.00763204, 0.999951
17.225, 0.437888, -12.0018, -1.50777, 0.0543497, -0.348425, 0.93576
17.345, 0.56278, -12.0018, -1.06644, 0.0507786, -0.709734, 0.702637
17.465, 0.659492, -12.0018, -0.732094, 0.00090582, -0.88222, 0.470836
17.586, 1.2792, -12.0018, -0.753424, 0, 0, 1
17.706, 1.26828, -12.0018, -0.603678, 0, 0, 1
17.826, 1.26828, -12.0018, -0.603678, 0, 0, 1
17.946, 1.15408, -12.0018, -0.578109, 0, 0, 1
18.066, 1.07714, -12.0018, -0.545093, 0, 0, 1
18.186, 0.968786, -12.0018, -0.517932, 0, 0, 1
18.307, 0.97864, -12.0018, -0.563375, 0, 0, 1
18.427, 0.508017, -12.0018, -0.439218, -0.108422, -0.888775, 0.445335
18.547, 0.690107, -12.0018, -0.800222, -0.0820582, -0.489317, 0.868237
18.667, 0.900153, -12.0018, -1.25338, 0.0394222, -0.138301, 0.989605
18.787, 0.88081, -12.0018, -1.80879, 0.14065, 0.125704, 0.982047
18.907, 0.746649, -12.0018, -2.05184, 0.108457, 0.182355, 0.977233
19.028, 0.665282, -12.0018, -2.05631, 0.114896, 0.166031, 0.979404
19.148, 0.667871, -12.0018, -2.02931, 0.141503, 0.127937, 0.981636
19.268, 0.670461, -12.0018, -2.00231, 0.158266, 0.101168, 0.9822
19.388, 0.67305, -12.0018, -1.97531, 0.155058, 0.0684554, 0.985531
19.508, 0.67564, -12.0018, -1.94831, 0.139987, 0.0384527, 0.989406
19.629, 0.678251, -12.0018, -1.92109, 0.136476, 0.0302505, 0.990181
19.749, 0.68084, -12.0018, -1.89409, 0.121451, 0.0205731, 0.992384
19.869, 0.68343, -12.0018, -1.86709, 0.117892, -5.09144e-005, 0.993026
19.989, 0.686019, -12.0018, -1.84009, 0.106649, -0.0128044, 0.994214
20.109, 0.688609, -12.0018, -1.81309, 0.101501, -0.0137866, 0.99474
20.229, 0.691198, -12.0018, -1.78609, 0.113706, -0.00631729, 0.993494
20.35, 0.693809, -12.0018, -1.75886, 0.117361, 0.0039104, 0.993082
20.47, 0.696399, -12.0018, -1.73186, 0.101436, -0.00593928, 0.994824
20.59, 0.698988, -12.0018, -1.70486, 0.0697024, 0.0181951, 0.997402
20.71, 0.701578, -12.0018, -1.67786, 0.0776454, 0.050003, 0.995726
20.83, 0.744826, -12.0018, -1.63913, 0.0953136, 0.032304, 0.994923
20.95, 0.788428, -12.0018, -1.60623, 0.0869209, 0.0188342, 0.996037
21.071, 0.791039, -12.0018, -1.579, 0.0610643, 0.0196476, 0.99794
21.191, 0.793629, -12.0018, -1.552, 0.0321065, 0.0278192, 0.999097
21.311, 0.796218, -12.0018, -1.525, 0.0581918, 0.00794948, 0.998274
21.431, 0.815189, -12.0018, -1.31871, 0.0653492, 0.0406169, 0.997035
21.551, 0.849515, -12.0018, -0.933031, 0.0739654, 0.0393282, 0.996485
21.671, 1.08721, -12.0018, 11.2657, 0.10804, 0.022581, 0.99389
21.792, 1.38143, -12.0018, 27.5368, 0.120006, 0.016328, 0.992639
21.912, 0.442564, -12.0018, 32.6525, 0.109989, 0.0198606, 0.993734
22.032, 1.83782, -12.0018, 37.6295, 0.0872486, 0.0377772, 0.99547
22.152, 3.91265, -12.0018, 44.2062, 0.0489549, -0.00423437, 0.998792
22.272, 6.37805, -12.0018, 50.6282, 0.0434292, -0.00197254, 0.999055
22.392, 9.25628, -12.0018, 57.9628, 0.0469343, -0.00449414, 0.998888
22.513, 13.0174, -12.0018, 67.2293, 0.0333262, -0.00639668, 0.999424
22.633, 21.0275, -12.0018, 81.2399, 0.029447, -0.0224249, 0.999315
22.753, 26.0562, -12.0018, 92.5777, 0.0285059, -0.0468217, 0.998496
22.873, 25.9617, -12.0018, 92.5864, 0.0322534, -0.0680604, 0.99716
22.993, 25.9617, -12.0018, 92.5864, 0.0258848, -0.0621778, 0.997729
23.114, 25.9617, -12.0018, 92.5864, 0.0152128, -0.090049, 0.995821
23.234, 25.9617, -12.0018, 92.5864, 0.0172865, -0.0940538, 0.995417
23.354, 25.9617, -12.0018, 92.5864, 0.0243556, -0.102451, 0.99444
23.474, 25.9617, -12.0018, 92.5864, 0.0284067, -0.10086, 0.994495
23.594, 25.9617, -12.0018, 92.5864, 0.0352168, -0.0956818, 0.994789
23.714, 26.1354, -12.0018, 92.8623, 0.0157485, -0.100399, 0.994823
23.835, 26.7486, -12.0018, 94.0253, 0.00357681, -0.0962786, 0.995348
23.955, 30.0377, -12.0018, 102.162, -0.00873657, -0.0901751, 0.995888
24.075, 35.4491, -12.0018, 117.502, -0.0195415, -0.097975, 0.994997
24.195, 36.7184, -12.0018, 126.346, -0.0421697, -0.0897888, 0.995068
24.315, 37.9841, -12.0018, 135.354, -0.0768254, -0.0964468, 0.992369
24.435, 38.3789, -12.0018, 144.493, -0.0950727, -0.0960658, 0.990824
24.556, 36.9722, -12.0018, 150.421, -0.103689, -0.109067, 0.988612
24.676, 36.8616, -12.0018, 150.412, -0.100651, -0.116463, 0.988082
24.796, 36.818, -12.0018, 150.407, -0.0940798, -0.132399, 0.986722
24.916, 36.818, -12.0018, 150.407, -0.0995641, -0.125674, 0.987063
25.036, 36.9837, -12.0018, 152.934, -0.0961368, -0.1263, 0.987323
25.156, 37.0215, -12.0018, 155.47, -0.0901795, -0.120009, 0.988669
25.277, 35.7919, -12.0018, 168.494, -0.0663877, -0.114878, 0.991159
25.397, 34.3571, -12.0018, 181.393, -0.0591031, -0.129503, 0.989816
25.517, 31.3841, -12.0018, 190.484, -0.0714265, -0.10876, 0.991499
25.637, 28.64, -12.0018, 199.209, -0.0688293, -0.112179, 0.991301
25.757, 23.9831, -12.0018, 212.926, -0.0521573, -0.100598, 0.993559
25.878, 18.7428, -12.0018, 228.469, -0.0334648, -0.0982023, 0.994604
25.998, 17.041, -12.0018, 229.749, -0.0343903, -0.0972891, 0.994662
26.118, 14.7974, -12.0018, 237.267, -0.018837, -0.0981515, 0.994993
26.238, 11.912, -12.0018, 246.787, 0.0185314, -0.0891363, 0.995847
26.358, 7.03793, -12.0018, 262.301, 0.0282715, -0.0802667, 0.996372
26.478, 0.401674, -12.0018, 281.014, 0.0226843, -0.0900422, 0.99568
26.599, -5.53521, -12.0018, 297.166, 0.0179402, -0.0867436, 0.996069
26.719, -5.49474, -12.0018, 297.153, 0.0146187, -0.0927328, 0.995584
26.839, -5.49474, -12.0018, 297.153, 0.0101714, -0.0974326, 0.99519
26.959, -5.49474, -12.0018, 297.153, 0.0180391, -0.0926518, 0.995535
27.079, -5.49474, -12.0018, 297.153, 0.0368619, -0.0880532, 0.995434
27.199, -5.49474, -12.0018, 297.153, 0.0456228, -0.0962704, 0.994309
27.32, -5.47881, -12.0018, 297.319, 0.0197166, -0.251809, 0.967576
27.44, -5.5135, -12.0018, 297.744, -0.024412, -0.596346, 0.802356
27.56, -5.5779, -12.0018, 298.034, -0.0526767, -0.77748, 0.626698
27.68, -5.6154, -12.0018, 298.313, -0.0540668, -0.901382, 0.429637
27.8, -5.62876, -12.0018, 298.389, -0.0495333, -0.936001, 0.348495
27.92, -5.62876, -12.0018, 298.389, -0.0549829, -0.93538, 0.349344
28.041, -5.51076, -12.0018, 298.373, -0.0769795, -0.700971, 0.709023
28.161, -5.35948, -12.0018, 298.21, 0.017243, -0.38292, 0.92362
28.281, -5.2942, -12.0018, 297.821, 0.0844433, -0.147968, 0.98538
28.401, -5.40256, -12.0018, 297.573, 0.0783845, -0.0705986, 0.99442
28.521, -5.55724, -12.0018, 297.64, 0.0589342, -0.043747, 0.997303
28.641, -5.7948, -12.0018, 298.261, 0.0564741, -0.0225997, 0.998148
28.762, -6.02268, -12.0018, 298.892, 0.048832, -0.0226676, 0.99855
28.882, -6.24868, -12.0018, 299.518, 0.0473876, -0.0377481, 0.998163
29.002, -6.47468, -12.0018, 300.144, 0.038625, -0.0312393, 0.998765
29.122, -6.70068, -12.0018, 300.77, 0.0337376, -0.0371928, 0.998738
29.242, -6.92668, -12.0018, 301.396, 0.0319579, -0.0446592, 0.998491
29.363, -7.15456, -12.0018, 302.027, 0.0412635, -0.0444537, 0.998159
29.483, -7.38056, -12.0018, 302.653, 0.0453885, -0.0422282, 0.998076
29.603, -7.60656, -12.0018, 303.279, 0.0486019, -0.0514608, 0.997492
29.723, -7.83256, -12.0018, 303.905, 0.0509773, -0.0615617, 0.996801
29.843, -8.05856, -12.0018, 304.531, 0.0571025, -0.0607693, 0.996517
29.963, -8.28456, -12.0018, 305.157, 0.0554667, -0.0595607, 0.996682
30.084, -8.51244, -12.0018, 305.788, 0.0537876, -0.0465944, 0.997465
30.204, -8.73844, -12.0018, 306.414, 0.0583586, -0.039747, 0.997504
30.324, -8.96443, -12.0018, 307.04, 0.0538817, -0.0431146, 0.997616
30.444, -9.19043, -12.0018, 307.666, 0.048026, -0.0609555, 0.996984
30.564, -9.41643, -12.0018, 308.292, 0.0496192, -0.0701512, 0.996302
30.684, -10.2287, -12.0018, 310.025, 0.0473091, -0.0763314, 0.99596
30.805, -10.2287, -12.0018, 310.025, 0.0477386, -0.0808712, 0.995581
30.925, -10.2287, -12.0018, 310.025, 0.0485856, -0.077905, 0.995776
31.045, -10.2287, -12.0018, 310.025, 0.0500763, -0.0825586, 0.995327
31.165, -10.2287, -12.0018, 310.025, 0.0488376, -0.0786253, 0.995707
31.285, -10.2287, -12.0018, 310.025, 0.0490699, -0.0772866, 0.995801
31.405, -10.2287, -12.0018, 310.025, 0.0513044, -0.0792906, 0.99553
31.526, 0, -0.0263284, 0.2, 0.0492153, -0.0741278, 0.996034
31.646, -0.120733, -0.177229, 0.502087, 0.0569223, -0.0808088, 0.995103
31.766, -0.281849, -0.450619, 0.904815, 0.0646561, -0.0921826, 0.993641
31.886, -1.22711, -0.836989, 3.33974, 0.0595648, -0.0934014, 0.993845
32.006, -4.25988, -1.30977, 11.969, 0.0378873, -0.0920964, 0.995029
32.126, -7.29264, -1.78977, 20.5982, 0.0445206, -0.0943595, 0.994542
32.247, -8.89324, -2.27377, 24.1054, 0.057922, -0.0989703, 0.993403
32.367, -8.89324, -2.75377, 24.1054, 0.0671475, -0.101872, 0.992529
32.487, -8.89324, -3.23377, 24.1054, 0.0748576, -0.105247, 0.991625
32.607, -8.89324, -3.71377, 24.1054, 0.0670702, -0.105394, 0.992166
32.727, -8.89324, -4.19377, 24.1054, 0.0625715, -0.105456, 0.992453
32.848, -8.89324, -4.67777, 24.1054, 0.0616308, -0.100566, 0.99302
32.968, -8.89324, -5.15777, 24.1054, 0.0639069, -0.1054, 0.992374
33.088, -8.89324, -5.63777, 24.1054, 0.0609042, -0.108381, 0.992242
33.208, -8.89324, -6.11777, 24.1054, 0.0479971, -0.11853, 0.99179
33.328, -8.89324, -6.59777, 24.1054, 0.0423231, -0.121181, 0.991728
33.448, -8.89324, -7.07777, 24.1054, 0.0391077, -0.119518, 0.992062
33.569, -8.89324, -7.56177, 24.1054, 0.0430349, -0.115708, 0.992351
33.689, -8.89324, -8.04177, 24.1054, 0.0460882, -0.11439, 0.992366
33.809, -8.89324, -8.52177, 24.1054, 0.050517, -0.118059, 0.991721
33.929, -8.89324, -9.00177, 24.1054, 0.0569136, -0.117986, 0.991383
34.049, -8.89324, -9.48177, 24.1054, 0.0602485, -0.11754, 0.991239
34.169, -8.89324, -9.96177, 24.1054, 0.0549871, -0.124227, 0.990729
34.29, -8.89324, -10.4458, 24.1054, 0.0656487, -0.109203, 0.991849
34.41, -9.0309, -10.9258, 24.4979, 0.0811629, -0.0982283, 0.991849
34.53, -9.20756, -11.4058, 25.0238, 0.0878533, -0.0851153, 0.99249
34.65, -9.38422, -11.8858, 25.5497, 0.0778634, -0.0889385, 0.992989
34.77, -10.8849, -12.0058, 33.2787, 0.0571344, -0.103993, 0.992936
34.89, -11.9706, -12.0058, 41.0859, 0.0591324, -0.101567, 0.99307
35.011, -13.5811, -12.0058, 54.0725, 0.0739507, -0.103296, 0.991898
35.131, -15.0988, -12.0058, 66.9622, 0.0686086, -0.115698, 0.990912
35.251, -15.499, -12.0058, 80.0213, 0.0595002, -0.118444, 0.991176
35.371, -15.7891, -12.0058, 93.0848, 0.0596023, -0.117883, 0.991237
35.491, -15.4374, -12.0058, 104.449, 0.0735487, -0.126146, 0.989281
35.612, -15.3063, -12.0058, 115.346, 0.0746789, -0.114862, 0.99057
35.732, -13.8553, -12.0058, 131.42, 0.0513171, -0.121085, 0.991315
35.852, -12.4189, -12.0058, 147.495, 0.0405232, -0.107831, 0.993343
35.972, -12.5923, -12.0058, 153.012, 0.0388744, -0.108865, 0.993296
36.092, -11.7601, -12.0058, 162.121, 0.0328663, -0.114688, 0.992858
36.212, -11.1032, -12.0058, 171.239, 0.0174158, -0.108123, 0.993985
36.333, -10.7762, -12.0058, 180.408, 0.00450479, -0.1066, 0.994292
36.453, -10.4709, -12.0058, 189.502, 0.0108242, -0.109438, 0.993935
36.573, -10.6644, -12.0058, 197.193, 0.0256354, -0.115357, 0.992993
36.693, -10.7063, -12.0058, 197.186, 0.0303859, -0.108498, 0.993632
36.813, -10.4446, -12.0058, 199.063, 0.0149155, -0.111265, 0.993679
36.933, -9.93938, -12.0058, 202.82, -0.00425549, -0.116198, 0.993217
37.054, -9.42995, -12.0058, 206.609, 0.00126402, -0.109736, 0.99396
37.174, -8.50463, -12.0058, 213.378, 0.0305781, -0.0954835, 0.994961
37.294, -7.47239, -12.0058, 221.157, 0.0390378, -0.0915291, 0.995037
37.414, -6.00574, -12.0058, 232.824, 0.0189711, -0.084176, 0.99627
37.534, -4.56894, -12.0058, 245.812, 0.00975808, -0.0806846, 0.996692
37.654, -4.3476, -12.0058, 255.583, 0.0204199, -0.0856682, 0.996114
37.775, -3.47152, -12.0058, 264.716, 0.045016, -0.084399, 0.995415
37.895, -2.60268, -12.0058, 273.773, 0.040295, -0.0838772, 0.995661
38.015, -1.62609, -12.0058, 284.534, 0.0249527, -0.0923026, 0.995418
38.135, -0.895898, -12.0058, 295.318, 0.0286653, -0.09509, 0.995056
38.255, -0.241298, -12.0058, 305.273, 0.0409262, -0.0860309, 0.995452
38.375, 0.329615, -12.0058, 314.402, 0.0616071, -0.0890928, 0.994116
38.496, 0.905285, -12.0058, 323.607, 0.0510601, -0.0854892, 0.99503
38.616, 1.52119, -12.0058, 332.685, 0.0408871, -0.0837709, 0.995646
38.736, 2.09663, -12.0058, 341.766, 0.0774001, -0.077533, 0.993981
38.856, 2.78929, -12.0058, 352.124, 0.088197, -0.0914777, 0.991894
38.976, 3.52102, -12.0058, 362.907, 0.078595, -0.095068, 0.992363
39.097, 3.08583, -12.0058, 371.652, 0.0479963, -0.086078, 0.995132
39.217, 3.92195, -12.0058, 380.712, 0.0280908, -0.0745254, 0.996823
39.337, 4.74861, -12.0058, 389.774, 0.0354921, -0.0775102, 0.99636
39.457, 5.43458, -12.0058, 398.237, 0.0562079, -0.0758161, 0.995536
39.577, 5.83782, -12.0058, 406.109, 0.0701067, -0.0760937, 0.994633
39.697, 6.31764, -12.0058, 414.694, 0.0590195, -0.0871028, 0.994449
39.818, 6.77871, -12.0058, 425.519, 0.0427388, -0.075784, 0.996208
39.938, 7.23598, -12.0058, 436.254, 0.0425015, -0.0665801, 0.996875
40.058, 7.86827, -12.0058, 445.777, 0.0582373, -0.083878, 0.994773
40.178, 8.62868, -12.0058, 454.892, 0.0606176, -0.0908815, 0.994015
40.298, 9.43805, -12.0058, 464.003, 0.0519589, -0.0943821, 0.994179
40.418, 10.3531, -12.0058, 473.104, 0.0449494, -0.0865198, 0.995236
40.539, 11.2758, -12.0058, 482.28, 0.0457015, -0.0759527, 0.996064
40.659, 12.2807, -12.0058, 492.978, 0.0597305, -0.0770416, 0.995237
40.779, 13.2973, -12.0058, 503.674, 0.0550243, -0.0814587, 0.995157
40.899, 14.6876, -12.0058, 516.666, 0.0275907, -0.081389, 0.9963
41.019, 16.0061, -12.0058, 529.666, 0.0305152, -0.077039, 0.996561
41.139, 16.9685, -12.0058, 542.697, 0.0539787, -0.0744419, 0.995763
41.26, 17.9093, -12.0058, 555.839, 0.0371552, -0.0778499, 0.996273
41.38, 17.1088, -12.0058, 561.363, 0.0171757, -0.071566, 0.997288
41.5, 17.857, -12.0058, 570.431, 0.0149662, -0.0851189, 0.996258
41.62, 18.6241, -12.0058, 579.926, 0.0243951, -0.0818873, 0.996343
41.74, 19.2587, -12.0058, 590.716, 0.0432475, -0.0705356, 0.996571
41.86, 19.8932, -12.0058, 601.505, 0.0387061, -0.0945034, 0.994772
41.981, 18.8179, -12.0058, 609.368, 0.0230718, -0.0865631, 0.995979
42.101, 19.1225, -12.0058, 618.462, 0.00313683, -0.0869557, 0.996207
42.221, 19.3835, -12.0058, 630.533, 0.0112583, -0.0903761, 0.995844
42.341, 19.5731, -12.0058, 643.599, 0.0140134, -0.101585, 0.994728
42.461, 18.2819, -12.0058, 653.543, 0.00866879, -0.093292, 0.995601
42.582, 18.1402, -12.0058, 662.765, 0.0161424, -0.100712, 0.994785
42.702, 17.9686, -12.0058, 671.91, 0.0399179, -0.0951803, 0.994659
42.822, 17.8986, -12.0058, 682.654, 0.080977, -0.0813569, 0.99339
42.942, 17.8609, -12.0058, 693.399, 0.0802026, -0.0862237, 0.993042
43.062, 17.8803, -12.0058, 703.344, 0.0514204, -0.0847691, 0.995073
43.182, 17.8874, -12.0058, 712.491, 0.0300973, -0.0700949, 0.997086
43.303, 17.8884, -12.0058, 722.114, 0.0326083, -0.0665864, 0.997248
43.423, 17.9701, -12.0058, 732.858, 0.0400633, -0.0659397, 0.997019
43.543, 18.0519, -12.0058, 743.602, 0.0372449, -0.0758452, 0.996424
43.663, 17.997, -12.0058, 753.148, 0.0199408, -0.0887538, 0.995854
43.783, 17.985, -12.0058, 762.295, 0.0251125, -0.0813727, 0.996367
43.903, 18.0004, -12.0058, 771.43, 0.0471971, -0.0744164, 0.99611
44.024, 18.1689, -12.0058, 780.603, 0.0635884, -0.0693948, 0.995561
44.144, 18.3496, -12.0058, 789.7, 0.0563992, -0.0685685, 0.996051
44.264, 18.5725, -12.0058, 798.832, 0.0228756, -0.0638892, 0.997695
44.384, 18.7781, -12.0058, 807.976, 0.00862791, -0.0558381, 0.998403
44.504, 18.9924, -12.0058, 817.121, 0.0205605, -0.0609193, 0.997931
44.624, 19.2546, -12.0058, 824.999, 0.0540861, -0.0481418, 0.997375
44.745, 19.5262, -12.0058, 832.944, 0.0641274, -0.0552155, 0.996413
44.865, 18.4298, -11.9442, 840.037, 0.0744189, -0.0691361, 0.994828
44.985, 18.4964, -11.9442, 846.904, 0.0973625, -0.0554137, 0.993705
45.105, 18.5562, -11.9442, 853.771, 0.146315, -0.0506064, 0.987943
45.225, 18.581, -11.9442, 863.594, 0.165356, -0.051681, 0.984879
45.345, 18.6439, -11.9442, 874.402, 0.155114, -0.0568027, 0.986262
45.466, 17.3417, -11.9322, 881.005, 0.12443, -0.0616102, 0.990314
45.586, 17.4858, -11.9322, 888.85, 0.097981, -0.0563103, 0.993594
45.706, 17.6073, -11.9322, 896.695, 0.104524, -0.0493634, 0.993297
45.826, 17.7884, -11.9322, 906.761, 0.128511, -0.0562796, 0.99011
45.946, 18.0195, -11.8983, 917.567, 0.144159, -0.0556794, 0.987987
46.067, 16.8559, -11.8962, 924.249, 0.136039, -0.0687424, 0.988316
46.187, 16.9982, -11.8962, 932.094, 0.117192, -0.0738691, 0.990358
46.307, 17.1297, -11.8962, 939.939, 0.121575, -0.0759241, 0.989674
46.427, 17.2208, -11.891, 948.435, 0.138259, -0.0763002, 0.987453
46.547, 17.2148, -11.8997, 957.582, 0.136929, -0.0809229, 0.98727
46.667, 17.3102, -11.8997, 968.688, 0.0947837, -0.0622454, 0.99355
46.788, 17.2644, -11.8997, 981.863, 0.0762814, -0.0559683, 0.995514
46.908, 15.8906, -11.8997, 992.303, 0.0912853, -0.057685, 0.994153
47.028, 15.8134, -11.8997, 1003.05, 0.11524, -0.0560416, 0.991756
47.148, 15.7362, -11.8997, 1013.79, 0.118462, -0.062812, 0.99097
47.268, 14.3554, -11.8997, 1021.5, 0.107424, -0.059679, 0.99242
47.388, 14.6529, -11.8927, 1029.38, 0.103518, -0.0564421, 0.993025
47.509, 15.0242, -11.8927, 1038.04, 0.114665, -0.0449452, 0.992387
47.629, 15.3692, -11.8927, 1048.77, 0.132414, -0.0420092, 0.990304
47.749, 15.7201, -11.8927, 1059.51, 0.119788, -0.0496034, 0.99156
47.869, 15.883, -11.8927, 1069.06, 0.100494, -0.0440571, 0.993962
47.989, 15.9588, -11.8927, 1078.2, 0.0869636, -0.0568919, 0.994586
48.109, 16.1118, -11.8927, 1088.15, 0.0906284, -0.0551202, 0.994358
48.23, 16.3644, -11.8927, 1098.98, 0.0971115, -0.0559668, 0.993699
48.35, 16.5846, -11.8927, 1109.74, 0.0744592, -0.0521588, 0.995859
48.47, 16.719, -11.8927, 1120.55, 0.0649747, -0.0532787, 0.996464
48.59, 16.8298, -11.8927, 1131.35, 0.0762994, -0.0521348, 0.995721
48.71, 16.9341, -11.8927, 1142.16, 0.100354, -0.0502077, 0.993684
48.831, 17.0538, -11.8927, 1153.06, 0.111001, -0.0563137, 0.992224
48.951, 15.6319, -11.8927, 1156.89, 0.100616, -0.0459836, 0.993862
49.071, 15.6791, -11.8927, 1161.45, 0.0871752, -0.0497995, 0.994947
49.191, 15.7784, -11.8927, 1167.53, 0.0969239, -0.0400853, 0.994484
49.311, 15.9548, -11.8927, 1175.98, 0.111532, -0.0421619, 0.992866
49.431, 16.306, -11.8927, 1186.78, 0.127286, -0.047381, 0.990734
49.552, 15.2323, -11.8927, 1196.11, 0.113925, -0.0512489, 0.992167
49.672, 15.5824, -11.8927, 1205.2, 0.0941038, -0.0592831, 0.993796
49.792, 15.8311, -11.8927, 1214.3, 0.0879027, -0.0578365, 0.994449
49.912, 14.7905, -11.8927, 1222.25, 0.0863935, -0.0600587, 0.994449
50.032, 15.0748, -11.8927, 1229.14, 0.0967159, -0.051724, 0.993967
50.152, 15.3853, -11.8927, 1236.03, 0.0966296, -0.0452508, 0.994291
50.273, 15.672, -11.8927, 1242.98, 0.081173, -0.0482633, 0.995531
50.393, 15.8706, -11.8927, 1249.84, 0.0571139, -0.0511894, 0.997054
50.513, 16.0714, -11.8927, 1256.71, 0.0632602, -0.0433281, 0.997056
50.633, 16.2802, -11.8927, 1264.71, 0.0728133, -0.0543536, 0.995863
50.753, 16.4646, -11.8927, 1273.86, 0.0834096, -0.0492404, 0.995298
50.873, 16.649, -11.8927, 1283, 0.0773435, -0.0467513, 0.995908
50.994, 15.4369, -11.8927, 1290.09, 0.0570243, -0.0441328, 0.997397
51.114, 15.5944, -11.8927, 1297.94, 0.0631349, -0.025321, 0.997684
51.234, 15.7352, -11.8927, 1307.26, 0.0821988, -0.0160752, 0.996486
51.354, 15.9578, -11.8927, 1318.07, 0.111746, 0.00592749, 0.993719
51.474, 16.1805, -11.8927, 1328.88, 0.107567, 0.0174234, 0.994045
51.594, 14.8166, -11.8927, 1333.51, 0.0857933, 0.0409361, 0.995472
51.715, 14.9069, -11.8927, 1340.43, 0.0851929, 0.0537845, 0.994912
51.835, 15.0101, -11.8927, 1347.3, 0.0932773, 0.0757119, 0.992757
51.955, 15.1382, -11.8927, 1354.92, 0.12059, 0.0811351, 0.989381
52.075, 15.2253, -11.8927, 1362.81, 0.130348, 0.0780823, 0.988389
52.195, 15.4718, -11.8927, 1372.15, 0.101237, 0.0616612, 0.99295
52.316, 15.8817, -11.8927, 1383.04, 0.073256, 0.0564265, 0.995716
52.436, 16.3008, -11.8927, 1393.82, 0.0799468, 0.0521375, 0.995435
52.556, 16.7685, -11.8927, 1404.56, 0.0952677, 0.0319187, 0.99494
52.676, 17.2432, -11.8927, 1415.29, 0.085957, 0.0198091, 0.996102
52.796, 16.0117, -11.8927, 1420.7, 0.0758954, 0.0146858, 0.997008
52.916, 16.1915, -11.8927, 1427.59, 0.078593, 0.0125498, 0.996828
53.037, 16.3744, -11.8927, 1434.54, 0.0821929, 0.00218228, 0.996614
53.157, 16.4724, -11.8927, 1445.29, 0.0953725, 0.00142514, 0.995441
53.277, 16.5135, -11.8927, 1456.03, 0.100854, -0.00987537, 0.994852
53.397, 15.115, -11.8927, 1462.38, 0.0925238, -0.0156733, 0.995587
53.517, 15.2825, -11.8927, 1469.27, 0.054987, -0.0223744, 0.998236
53.637, 15.3621, -11.8927, 1476.17, 0.0444127, -0.0229147, 0.99875
53.758, 15.472, -11.8927, 1484.22, 0.0591917, -0.0161032, 0.998117
53.878, 15.7533, -11.8927, 1493.32, 0.0707447, -0.0208341, 0.997277
53.998, 16.0347, -11.8927, 1502.41, 0.0601294, -0.0239374, 0.997904
54.118, 16.3981, -11.8927, 1511.55, 0.0366993, -0.0117255, 0.999258
54.238, 16.6608, -11.8927, 1520.69, 0.031541, -0.0157377, 0.999379
54.358, 15.6721, -11.8927, 1528.31, 0.0434636, -0.0137397, 0.998961
54.479, 15.8576, -11.8927, 1536.22, 0.0817654, -0.0203982, 0.996443
54.599, 16.0364, -11.8927, 1544.06, 0.0941108, -0.0188905, 0.995382
54.719, 16.1956, -11.8927, 1551.93, 0.0752746, -0.022912, 0.9969
54.839, 16.1539, -11.8927, 1559.81, 0.0539892, -0.0239977, 0.998253
54.959, 16.0992, -11.8927, 1567.69, 0.0477485, -0.0292817, 0.99843
55.079, 16.0501, -11.8927, 1575.55, 0.0699262, -0.0318349, 0.997044
55.2, 16.0234, -11.8927, 1583.46, 0.0607838, -0.0142191, 0.99805
55.32, 15.9968, -11.8927, 1591.3, 0.0326437, -0.0222972, 0.999218
55.44, 16.0373, -11.8927, 1599.19, 0.0229307, -0.030336, 0.999277
55.56, 16.0629, -11.8927, 1607.07, 0.0416459, -0.0344104, 0.99854
55.68, 16.0669, -11.8927, 1615.59, 0.0828879, -0.0349705, 0.995945
55.801, 16.0699, -11.8927, 1624.81, 0.10598, -0.0410012, 0.993523
55.921, 16.0728, -11.8927, 1633.95, 0.0789761, -0.0460523, 0.995812
56.041, 16.2716, -11.8927, 1643.05, 0.0465618, -0.0337901, 0.998344
56.161, 16.4676, -11.8927, 1652.15, 0.0339236, -0.0147992, 0.999315
56.281, 16.66, -11.8927, 1660.94, 0.0558458, -0.022775, 0.99818
56.401, 16.8004, -11.8927, 1668.82, 0.0878138, -0.0165618, 0.995999
56.522, 16.9292, -11.8927, 1676.77, 0.0893556, -0.0306735, 0.995527
56.642, 17.1944, -11.8927, 1685.56, 0.0592243, -0.025022, 0.997931
56.762, 17.4744, -11.8927, 1694.66, 0.0511975, -0.00884538, 0.998649
56.882, 17.7029, -11.8927, 1704.61, 0.0604711, -0.00618064, 0.998151
57.002, 17.8696, -11.8927, 1715.41, 0.0703057, -0.00945642, 0.997481
57.122, 16.6604, -11.8927, 1724.59, 0.0586404, -0.00449421, 0.998269
57.243, 16.7446, -11.8927, 1730.54, 0.0285145, 0.0196634, 0.9994
57.363, 16.8127, -11.8927, 1738.38, 0.0293116, 0.0130734, 0.999485
57.483, 16.8841, -11.8927, 1746.55, 0.0563476, 0.00329635, 0.998406
57.603, 16.9589, -11.8927, 1755.7, 0.0727399, -0.00479161, 0.997339
57.723, 17.0336, -11.8927, 1764.85, 0.0804157, -0.00475002, 0.99675
57.843, 15.6797, -11.8927, 1770.01, 0.0606788, -0.0114466, 0.998092
57.964, 15.6879, -11.8927, 1776.94, 0.0337664, -0.0166747, 0.999291
58.084, 15.6998, -11.8927, 1783.81, 0.033015, -0.0147516, 0.999346
58.204, 15.6559, -11.8927, 1792.38, 0.0619264, -0.0107528, 0.998023
58.324, 15.6147, -11.8927, 1801.53, 0.0851038, -0.0286081, 0.995961
58.444, 15.5178, -11.8927, 1810.67, 0.0744033, -0.0274855, 0.996849
58.565, 15.4856, -11.8927, 1818.59, 0.052703, -0.0169066, 0.998467
58.685, 15.493, -11.8927, 1826.43, 0.0487378, -0.00936449, 0.998768
58.805, 15.4608, -11.8927, 1834.93, 0.0671947, -0.00977036, 0.997692
58.925, 15.4301, -11.8927, 1844.07, 0.115795, -0.0162778, 0.99314
59.045, 15.3994, -11.8927, 1853.22, 0.143703, -0.0295537, 0.989179
59.165, 14.0717, -11.8927, 1858.13, 0.138864, -0.0297237, 0.989865
59.286, 14.0777, -11.8927, 1864.27, 0.120072, -0.0134005, 0.992675
59.406, 14.094, -11.8927, 1870.35, 0.140514, -0.0174071, 0.989926
59.526, 14.2561, -11.8927, 1881.16, 0.16196, -0.0190343, 0.986614
59.646, 14.4436, -11.8927, 1891.97, 0.171844, -0.0299464, 0.984669
59.766, 14.5432, -11.8927, 1901.94, 0.173768, -0.0273034, 0.984408
59.886, 14.6472, -11.8927, 1911.09, 0.201934, -0.0188038, 0.979218
60.007, 14.7522, -11.8927, 1920.31, 0.218442, -0.020339, 0.975638
60.127, 14.9053, -11.8927, 1929.41, 0.21801, -0.0159872, 0.975816
60.247, 15.0763, -11.8927, 1938.51, 0.201163, -0.0308751, 0.979071
60.367, 15.1972, -11.8927, 1947.3, 0.188164, -0.035037, 0.981513
60.487, 15.2458, -11.8927, 1955.18, 0.152462, -0.0178087, 0.988149
60.607, 15.2941, -11.8927, 1963.06, 0.161077, -0.0244924, 0.986638
60.728, 15.3712, -11.8927, 1973.9, 0.191164, -0.0266567, 0.981196
60.848, 15.4681, -11.8927, 1984.64, 0.218117, -0.0282612, 0.975513
60.968, 15.5389, -11.8927, 1994.59, 0.211652, -0.0415597, 0.976461
61.088, 15.529, -11.8927, 2003.73, 0.209949, -0.0144714, 0.977605
61.208, 15.5132, -11.8927, 2012.88, 0.218255, -0.0156317, 0.975767
61.328, 15.4965, -11.8927, 2022.03, 0.220498, -0.021877, 0.975142
61.449, 15.4867, -11.8927, 2031.25, 0.206388, -0.0252009, 0.978146
61.569, 15.3793, -11.8927, 2040.37, 0.178425, -0.0277474, 0.983562
61.689, 15.4759, -11.8927, 2049.47, 0.16078, -0.0312249, 0.986496
61.809, 15.5252, -11.8927, 2060.55, 0.174417, -0.030669, 0.984194
61.929, 15.4686, -11.8927, 2073.62, 0.179458, -0.0368872, 0.983074
62.05, 14.0992, -11.8927, 2081.23, 0.163085, -0.0220272, 0.986366
62.17, 14.0981, -11.8927, 2087.11, 0.119813, -0.0244422, 0.992496
62.29, 14.0565, -11.8927, 2094.96, 0.121007, -0.02155, 0.992418
62.41, 14.0236, -11.8927, 2103.13, 0.138057, -0.0196918, 0.990228
62.53, 14.1058, -11.8927, 2112.28, 0.151896, -0.0166632, 0.988256
62.65, 14.2242, -11.8927, 2121.42, 0.145224, -0.0185141, 0.989226
62.771, 13.0733, -11.8927, 2126.46, 0.119746, -0.0141709, 0.992703
62.891, 13.0711, -11.8927, 2133.32, 0.104336, -0.0213768, 0.994312
63.011, 13.0654, -11.8927, 2140.19, 0.10349, -0.0168773, 0.994487
63.131, 13.035, -11.8927, 2148.77, 0.104832, -0.0275585, 0.994108
63.251, 13.0145, -11.8927, 2157.91, 0.105277, -0.0288236, 0.994025
63.371, 11.7864, -11.8927, 2165.88, 0.0913169, -0.0298535, 0.995374
63.492, 11.7513, -11.8927, 2173.79, 0.0774838, -0.0262093, 0.996649
63.612, 11.7141, -11.8927, 2181.64, 0.0876953, -0.0280169, 0.995753
63.732, 11.6998, -11.8927, 2190.14, 0.106356, -0.0234864, 0.994051
63.852, 11.7357, -11.8927, 2199.28, 0.12209, -0.0242948, 0.992222
63.972, 11.7716, -11.8927, 2208.43, 0.113829, -0.0280317, 0.993105
64.092, 10.5784, -11.8927, 2215.33, 0.0964698, -0.0293094, 0.994904
64.213, 10.6532, -11.8927, 2222.25, 0.085562, -0.0262472, 0.995987
64.333, 10.7321, -11.8927, 2229.12, 0.0877483, -0.0305841, 0.995673
64.453, 10.9616, -11.8927, 2238.26, 0.0982736, -0.0314772, 0.994662
64.573, 11.2349, -11.8927, 2247.41, 0.0905666, -0.0138381, 0.995794
64.693, 11.395, -11.8927, 2256.55, 0.0696285, -0.0198136, 0.997376
64.813, 11.4664, -11.8927, 2265.7, 0.0555908, -0.0141817, 0.998353
64.934, 11.5337, -11.8927, 2274.92, 0.0607551, -0.0118982, 0.998082
65.054, 11.5446, -11.8927, 2284.02, 0.0824123, -0.0130897, 0.996512
65.174, 11.5605, -11.8927, 2293.12, 0.0947267, -0.0111813, 0.995441
65.294, 11.5907, -11.8927, 2301.91, 0.0852836, -0.00631907, 0.996337
65.414, 11.6479, -11.8927, 2309.79, 0.0605949, -0.00389932, 0.998155
65.535, 11.7089, -11.8927, 2317.74, 0.0607744, -0.0080501, 0.998119
65.655, 11.7864, -11.8927, 2325.61, 0.0816878, -0.0274237, 0.996281
65.775, 11.8636, -11.8927, 2333.45, 0.10166, -0.0441976, 0.993837
65.895, 11.9409, -11.8927, 2341.3, 0.0964104, -0.0404, 0.994521
66.015, 12.1586, -11.8927, 2348.67, 0.0548959, -0.0387646, 0.997739
66.135, 12.435, -11.8927, 2355.56, 0.0364616, -0.0214593, 0.999105
66.256, 12.7137, -11.8927, 2362.5, 0.0432351, -0.0167154, 0.998925
66.376, 13.0877, -11.8927, 2370.1, 0.0636349, -0.00196379, 0.997971
66.496, 13.4924, -11.8927, 2377.94, 0.0743767, 0.0034569, 0.997224
66.616, 13.8972, -11.8927, 2385.78, 0.0629516, 0.0208301, 0.997799
66.736, 14.2878, -11.8927, 2393.65, 0.0375751, 0.0517019, 0.997955
66.856, 14.6236, -11.8927, 2401.52, 0.0412702, 0.0690662, 0.996758
66.977, 14.9628, -11.8927, 2410.07, 0.060084, 0.060643, 0.996349
67.097, 15.2834, -11.8927, 2419.17, 0.0779736, 0.0555643, 0.995406
67.217, 15.5811, -11.8927, 2428.26, 0.0691039, 0.0588005, 0.995875
67.337, 15.736, -11.8927, 2437.41, 0.050313, 0.0710407, 0.996204
67.457, 15.8357, -11.8927, 2446.55, 0.0594902, 0.0630913, 0.996233
67.577, 15.9457, -11.8927, 2456.9, 0.0911797, 0.0432664, 0.994894
67.698, 16.095, -11.8927, 2467.73, 0.0923477, 0.0136794, 0.995633
67.818, 14.7959, -11.8927, 2476.97, 0.0820684, 0.00494843, 0.996614
67.938, 14.7886, -11.8927, 2482.14, 0.0545846, -0.00396231, 0.998501
68.058, 14.7556, -11.8927, 2489.04, 0.0495775, -0.00277194, 0.998766
68.178, 14.7429, -11.8927, 2497.89, 0.0701503, -0.0114559, 0.997471
68.299, 14.8911, -11.8927, 2508.79, 0.100695, -0.019142, 0.994733
68.419, 13.5854, -11.8927, 2518.11, 0.100657, -0.0207825, 0.994704
68.539, 13.6574, -11.8927, 2519.61, 0.0763218, -0.0197907, 0.996887
68.659, 13.8289, -11.8927, 2525.7, 0.0572124, -0.0117657, 0.998293
68.779, 14.0084, -11.8927, 2531.78, 0.0619649, -0.0162506, 0.997946
68.899, 14.1842, -11.8927, 2540.16, 0.0871821, -0.03999, 0.995389
69.02, 14.3385, -11.8927, 2549.38, 0.0949097, -0.040392, 0.994666
69.14, 14.4933, -11.8927, 2558.51, 0.0824072, -0.0395446, 0.995814
69.26, 14.5139, -11.8927, 2567.61, 0.0692482, -0.0392279, 0.996828
69.38, 14.5174, -11.8927, 2576.71, 0.077994, -0.042816, 0.996034
69.5, 14.5364, -11.8927, 2585.84, 0.0963847, -0.0508082, 0.994047
69.62, 14.5857, -11.8927, 2594.99, 0.0945251, -0.0466802, 0.994427
69.741, 13.3226, -11.8927, 2603.12, 0.0720242, -0.0465044, 0.996318
69.861, 13.4543, -11.8927, 2610.97, 0.0482782, -0.0549337, 0.997322
69.981, 13.5823, -11.8927, 2618.81, 0.0456098, -0.036123, 0.998306
70.101, 13.7222, -11.8927, 2627.31, 0.0581974, -0.0372573, 0.99761
70.221, 13.8316, -11.8927, 2636.46, 0.0673092, -0.0319272, 0.997221
70.341, 13.9411, -11.8927, 2645.6, 0.0650444, -0.0317351, 0.997378
70.462, 12.7998, -11.8927, 2652.6, 0.0500273, -0.0193032, 0.998561
70.582, 12.9196, -11.8927, 2660.44, 0.0357272, -0.0214326, 0.999132
70.702, 13.0368, -11.8927, 2668.29, 0.0464924, -0.0291516, 0.998493
70.822, 13.1864, -11.8927, 2676.17, 0.069087, -0.0353087, 0.996986
70.942, 13.3625, -11.8927, 2684.05, 0.089249, -0.0394572, 0.995227
71.062, 12.0828, -11.8927, 2690.96, 0.0775018, -0.0388704, 0.996234
71.183, 12.1455, -11.8927, 2693.68, 0.0563303, -0.0183011, 0.998244
71.303, 12.2354, -11.8927, 2699.13, 0.0483405, -0.0158197, 0.998706
71.423, 12.313, -11.8927, 2705.92, 0.0606137, -0.023405, 0.997887
71.543, 12.4036, -11.8927, 2716.72, 0.0842905, -0.0339347, 0.995863
71.663, 12.5547, -11.8927, 2727.53, 0.0860538, -0.0481003, 0.995129
71.784, 11.2882, -11.8927, 2730.3, 0.0721672, -0.0386675, 0.996643
71.904, 11.2863, -11.8927, 2737.16, 0.0528167, -0.0323688, 0.998079
72.024, 11.2866, -11.8927, 2744.03, 0.0573926, -0.0357541, 0.997711
72.144, 11.2563, -11.8927, 2752.61, 0.075359, -0.0406363, 0.996328
72.264, 11.203, -11.8927, 2761.75, 0.0803545, -0.049656, 0.995529
72.384, 9.90165, -11.8927, 2769.59, 0.0752432, -0.0463121, 0.996089
72.505, 9.74572, -11.8927, 2777.5, 0.0555594, -0.0463085, 0.997381
72.625, 9.58657, -11.8927, 2785.35, 0.058592, -0.0467774, 0.997185
72.745, 9.43119, -11.8927, 2793.84, 0.0760689, -0.0573452, 0.995452
72.865, 9.34069, -11.8927, 2802.99, 0.121032, -0.067805, 0.99033
72.985, 9.25019, -11.8927, 2812.13, 0.131988, -0.0773853, 0.988226
73.105, 7.91836, -11.8927, 2816.99, 0.11053, -0.0735717, 0.991146
73.226, 7.87516, -11.8927, 2823.13, 0.0751301, -0.0434077, 0.996229
73.346, 7.83406, -11.8927, 2829.21, 0.0677185, -0.0307867, 0.997229
73.466, 7.80369, -11.8927, 2836.2, 0.0820457, -0.0307404, 0.996154
73.586, 7.86001, -11.8927, 2844.08, 0.0946196, -0.04246, 0.994608
73.706, 7.91633, -11.8927, 2851.96, 0.0935732, -0.0458756, 0.994555
73.826, 6.81278, -11.8927, 2858.45, 0.0725697, -0.0443982, 0.996375
73.947, 6.94244, -11.8927, 2864.59, 0.0586698, -0.0382608, 0.997544
74.067, 7.04974, -11.8927, 2870.67, 0.0629491, -0.0359495, 0.997369
74.187, 7.17872, -11.8927, 2877.65, 0.0729736, -0.0375606, 0.996626
74.307, 7.35528, -11.8927, 2885.54, 0.0850483, -0.0422124, 0.995482
74.427, 7.53183, -11.8927, 2893.42, 0.0808963, -0.0529607, 0.995314
74.547, 6.24413, -11.8927, 2897.99, 0.0645866, -0.0539184, 0.996454
74.668, 6.38099, -11.8927, 2904.12, 0.0502804, -0.0581523, 0.997041
74.788, 6.52013, -11.8927, 2910.21, 0.0601456, -0.0645982, 0.996097
74.908, 6.59512, -11.8927, 2921.01, 0.086123, -0.0646208, 0.994187
75.028, 6.65241, -11.8927, 2931.82, 0.0922941, -0.0721751, 0.993113
75.148, 5.29139, -11.8927, 2938.26, 0.0771674, -0.0708461, 0.994498
75.269, 5.19767, -11.8927, 2942.88, 0.0473018, -0.0588458, 0.997146
75.389, 5.09004, -11.8927, 2948.96, 0.0376274, -0.0621054, 0.99736
75.509, 4.96914, -11.8927, 2955.81, 0.0528644, -0.0573982, 0.996951
75.629, 4.86078, -11.8927, 2964.96, 0.0898144, -0.0598946, 0.994156
75.749, 4.76227, -11.8927, 2974.1, 0.094951, -0.0523098, 0.994107
75.869, 3.45289, -11.8927, 2981.46, 0.073797, -0.0604364, 0.99544
75.99, 3.3153, -11.8927, 2988.38, 0.0620069, -0.0521596, 0.996712
76.11, 3.18382, -11.8927, 2995.25, 0.0739811, -0.0547733, 0.995754
76.23, 3.03419, -11.8927, 3003.82, 0.0968006, -0.0536346, 0.993858
76.35, 2.91739, -11.8927, 3012.97, 0.10169, -0.0539467, 0.993352
76.47, 2.80059, -11.8927, 3022.11, 0.0901197, -0.0514064, 0.994603
76.59, 2.76161, -11.8927, 3030, 0.0704283, -0.0631724, 0.995515
76.711, 2.71052, -11.8927, 3037.94, 0.0743212, -0.0582698, 0.995531
76.831, 2.67072, -11.8927, 3046.43, 0.100848, -0.0542385, 0.993422
76.951, 2.69616, -11.8927, 3055.53, 0.112849, -0.0680961, 0.991276
77.071, 2.72159, -11.8927, 3064.63, 0.105305, -0.0746687, 0.991633
77.191, 1.49456, -11.8927, 3071.49, 0.0794842, -0.0647985, 0.994728
77.311, 1.51318, -11.8927, 3078.39, 0.0746955, -0.0686974, 0.994837
77.432, 1.5458, -11.8927, 3085.34, 0.0923384, -0.0657413, 0.993555
77.552, 1.63958, -11.8927, 3094.44, 0.116515, -0.0719169, 0.990582
77.672, 1.74151, -11.8927, 3103.54, 0.120515, -0.0584284, 0.990991
77.792, 1.95943, -11.8927, 3112.66, 0.0897516, -0.0544682, 0.994474
77.912, 2.22483, -11.8927, 3121.8, 0.0663295, -0.0576767, 0.996129
78.032, 2.49024, -11.8927, 3130.94, 0.0621439, -0.052196, 0.996701
78.153, 2.7783, -11.8927, 3140.11, 0.0844095, -0.0493677, 0.995207
78.273, 3.10251, -11.8927, 3149.21, 0.121795, -0.0514533, 0.991221
78.393, 2.00572, -11.8927, 3157.1, 0.114972, -0.0654025, 0.991213
78.513, 2.06634, -11.8927, 3159.83, 0.0955545, -0.0542665, 0.993944
78.633, 2.16624, -11.8927, 3165.29, 0.0899656, -0.0413077, 0.995088
78.754, 2.27522, -11.8927, 3170.81, 0.0975094, -0.0371016, 0.994543
78.874, 2.40229, -11.8927, 3179.9, 0.1269, -0.0558493, 0.990342
78.994, 2.51435, -11.8927, 3189, 0.13862, -0.0571125, 0.988698
79.114, 1.26867, -11.8927, 3196.86, 0.137756, -0.0484469, 0.989281
79.234, 1.27783, -11.8927, 3203.75, 0.0942988, -0.0461452, 0.994474
79.354, 1.21941, -11.8927, 3210.65, 0.0742806, -0.0363036, 0.996576
79.475, 1.15577, -11.8927, 3217.84, 0.0806091, -0.0441374, 0.995768
79.595, 1.19774, -11.8927, 3225.69, 0.0944734, -0.0557155, 0.993967
79.715, 1.25795, -11.8927, 3233.53, 0.0867641, -0.0648736, 0.994114
79.835, 1.3277, -11.8927, 3241.14, 0.0765353, -0.0555071, 0.995521
79.955, 1.34476, -11.8927, 3248.04, 0.05379, -0.0666965, 0.996322
80.075, 1.36379, -11.8927, 3254.93, 0.0543699, -0.0585585, 0.996802
80.196, 1.37491, -11.8927, 3261.88, 0.0792316, -0.0622113, 0.994913
80.316, 1.36864, -11.8927, 3268.75, 0.110432, -0.0524043, 0.992501
80.436, 1.36919, -11.8927, 3275.61, 0.116674, -0.0615027, 0.991264
80.556, 1.36974, -11.8927, 3282.48, 0.0978784, -0.0640706, 0.993134
80.676, 1.40692, -11.8927, 3288.59, 0.0714976, -0.0502055, 0.996176
80.796, 1.44292, -11.8927, 3294.7, 0.0706851, -0.0424949, 0.996593
80.917, 1.47669, -11.8927, 3302.35, 0.0838102, -0.0472762, 0.99536
81.037, 1.61246, -11.8927, 3311.45, 0.0982911, -0.0427855, 0.994238
81.157, 1.74824, -11.8927, 3320.55, 0.0889844, -0.0449859, 0.995017
81.277, 0.603373, -11.8927, 3327.33, 0.0691429, -0.0440009, 0.996636
81.397, 0.716207, -11.8927, 3334.23, 0.0605139, -0.0376263, 0.997458
81.518, 0.829982, -11.8927, 3341.18, 0.0720848, -0.0430427, 0.996469
81.638, 1.08525, -11.8927, 3350.27, 0.0886536, -0.0405307, 0.995238
81.758, 1.39779, -11.8927, 3359.37, 0.0868524, -0.0325936, 0.995688
81.878, 1.72158, -11.8927, 3368.16, 0.0731682, -0.0364509, 0.996653
81.998, 1.89715, -11.8927, 3376.04, 0.0517089, -0.0335911, 0.998097
82.118, 2.04793, -11.8927, 3383.92, 0.0585342, -0.0281905, 0.997887
82.239, 2.19096, -11.8927, 3391.85, 0.0704679, -0.0271696, 0.997144
82.359, 2.30128, -11.8927, 3399.69, 0.0941462, -0.0303771, 0.995095
82.479, 2.41161, -11.8927, 3407.54, 0.0941881, -0.0375803, 0.994845
82.599, 1.0565, -11.8927, 3414.09, 0.0849803, -0.0355011, 0.99575
82.719, 1.13794, -11.8927, 3420.2, 0.0793826, -0.0291051, 0.996419
82.839, 1.13907, -11.8927, 3428.03, 0.0948588, -0.0257776, 0.995157
82.96, 0.911971, -11.8927, 3441.11, 0.119365, -0.0343824, 0.992255
83.08, 0.712526, -11.8927, 3454.09, 0.110301, -0.0339015, 0.99332
83.2, -0.620701, -11.8927, 3456.95, 0.0782676, -0.0248519, 0.996623
83.32, -0.752598, -11.8927, 3463.85, 0.0514382, -0.0237073, 0.998395
83.44, -0.871565, -11.8927, 3470.75, 0.0570954, -0.0244546, 0.998069
83.56, -0.976874, -11.8927, 3478.12, 0.0808887, -0.0284198, 0.996318
83.681, -1.01932, -11.8927, 3486.03, 0.0958551, -0.0197266, 0.9952
83.801, -1.06142, -11.8927, 3493.87, 0.0892625, -0.0261343, 0.995665
83.921, -1.1319, -11.8927, 3501.25, 0.0660226, -0.0112029, 0.997755
84.041, -1.16255, -11.8927, 3508.14, 0.0563592, -0.00283526, 0.998407
84.161, -1.1932, -11.8927, 3515.04, 0.0714116, 0.00304038, 0.997442
84.281, -1.21812, -11.8927, 3521.92, 0.0943497, -0.0012779, 0.995538
84.402, -1.21557, -11.8927, 3528.84, 0.11319, -0.00872263, 0.993535
84.522, -1.21305, -11.8927, 3535.71, 0.0865972, -0.0176736, 0.996087
84.642, -1.14861, -11.8927, 3544.86, 0.0617518, -0.0149685, 0.997979
84.762, -1.05932, -11.8927, 3554, 0.0583485, -0.0239991, 0.998008
84.882, -0.986365, -11.8927, 3563.15, 0.0833108, -0.0216747, 0.996288
85.003, -0.98865, -11.8927, 3572.37, 0.0911919, -0.0170095, 0.995688
85.123, -0.990915, -11.8927, 3581.52, 0.0583906, -0.0204612, 0.998084
85.243, -2.13946, -11.8927, 3588.54, 0.0242181, -0.00433787, 0.999697
85.363, -2.20312, -11.8927, 3596.39, 0.0284154, -0.00887227, 0.999557
85.483, -2.26055, -11.8927, 3605.72, 0.0808846, -0.0238133, 0.996439
85.603, -2.14864, -11.8927, 3616.52, 0.10348, -0.0351498, 0.99401
85.724, -3.10586, -11.8927, 3626.02, 0.0839783, -0.0427704, 0.995549
85.844, -2.6803, -11.8927, 3635.11, 0.0628827, -0.0376, 0.997312
85.964, -2.27046, -11.8927, 3644.2, 0.0439886, -0.0442968, 0.998049
86.084, -1.87914, -11.8927, 3652.99, 0.0565016, -0.0251094, 0.998087
86.204, -1.59299, -11.8927, 3660.86, 0.0785478, -0.0268306, 0.996549
86.324, -1.30903, -11.8927, 3668.74, 0.0830387, -0.0466524, 0.995454
86.445, -1.00598, -11.8927, 3676.67, 0.0779212, -0.0408498, 0.996122
86.565, -0.759003, -11.8927, 3684.51, 0.0713376, -0.035367, 0.996825
86.685, -0.487101, -11.8927, 3693.09, 0.0798552, -0.0251012, 0.99649
86.805, -0.150378, -11.8927, 3703.89, 0.094675, -0.0254122, 0.995184
86.925, 0.186345, -11.8927, 3714.7, 0.0904779, -0.0273855, 0.995522
87.045, -0.841554, -11.8927, 3722.62, 0.0646218, -0.0284948, 0.997503
87.166, -0.661061, -11.8927, 3730.53, 0.0391629, -0.0193076, 0.999046
87.286, -0.48206, -11.8927, 3738.38, 0.0468471, -0.021601, 0.998668
87.406, -0.313777, -11.8927, 3746.25, 0.0643632, -0.0230478, 0.99766
87.526, -0.149541, -11.8927, 3754.13, 0.0798379, -0.0176445, 0.996652
87.646, -0.0117293, -11.8927, 3762.01, 0.0665505, -0.0201303, 0.99758
87.766, 0.103976, -11.8927, 3769.86, 0.0523631, -0.02454, 0.998327
87.887, 0.218877, -11.8927, 3777.77, 0.0521756, -0.0379018, 0.997918
88.007, 0.346472, -11.8927, 3785.61, 0.0577936, -0.041324, 0.997473
88.127, 0.44625, -11.8927, 3792.51, 0.0727669, -0.0172802, 0.997199
88.247, 0.533966, -11.8927, 3799.41, 0.0770175, -0.0203592, 0.996822
88.367, 0.621682, -11.8927, 3806.3, 0.0620995, -0.0190296, 0.997889
88.488, 0.632662, -11.8927, 3813.23, 0.0399854, -0.0263306, 0.998853
88.608, 0.603249, -11.8927, 3820.09, 0.0578703, -0.0234387, 0.998049
88.728, 0.516982, -11.8927, 3829.92, 0.112871, -0.0159234, 0.993482
88.848, 0.415751, -11.8927, 3840.72, 0.106508, -0.246166, 0.963358
88.968, -0.664434, -11.8927, 3851.12, 0.0899632, -0.401671, 0.911355
89.088, -0.617002, -11.8927, 3851.25, 0.0733282, -0.463321, 0.883152
89.209, -0.580592, -11.8927, 3851.29, 0.0570378, -0.519335, 0.852665
89.329, -0.483779, -11.8927, 3851.43, 0.0364582, -0.636217, 0.770648
89.449, -0.366209, -11.8927, 3851.64, 0.0448668, -0.709411, 0.703366
89.569, -0.299755, -11.8927, 3851.72, 0.0355446, -0.745555, 0.665495
89.689, -0.187616, -11.8927, 3851.77, 0.0237383, -0.766674, 0.641598
89.809, -0.15765, -11.8927, 3851.74, -0.0188156, -0.714404, 0.699481
89.93, -0.116613, -11.8927, 3851.46, -0.0977751, -0.61567, 0.781915
90.05, -0.116794, -11.8927, 3851.09, -0.117534, -0.512367, 0.850686
90.17, -0.133354, -11.8927, 3850.82, -0.161481, -0.459718, 0.87326
90.29, -0.162731, -11.8927, 3850.61, -0.143176, -0.424433, 0.894068
90.41, -0.185336, -11.8927, 3850.64, -0.0803519, -0.348901, 0.933709
90.53, -0.143072, -11.8927, 3850.77, -0.0267809, -0.402908, 0.914848
90.651, -0.0693722, -11.8927, 3850.85, -0.00795626, -0.495881, 0.868354
90.771, 0.0179158, -11.8927, 3851.07, 0.0227181, -0.538558, 0.842282
90.891, -0.00157918, -11.8927, 3851.36, 0.0226915, -0.511335, 0.859082
91.011, -0.0242554, -11.8927, 3851.89, -0.044251, -0.535804, 0.843182
91.131, 0.0807037, -11.8927, 3852.39, -0.100326, -0.60338, 0.791118
91.252, 0.674821, -11.8927, 3852.7, 0, 0, 1
91.372, 1.73142, -11.8927, 3852.49, 0, 0, 1
91.492, 1.66347, -11.8927, 3852.81, 0, 0, 1
91.612, 1.63433, -11.8927, 3852.92, 0, 0, 1
91.732, 1.63433, -11.8927, 3852.92, 0, 0, 1
91.852, 1.63433, -11.8927, 3852.92, 0, 0, 1
91.912, 1.63433, -11.8927, 3852.92, 0, 0, 1
92.033, 1.63433, -11.8927, 3852.92, 0, 0, 1
92.153, 1.63433, -11.8927, 3852.92, 0, 0, 1
92.273, 1.63433, -11.8927, 3852.92, 0, 0, 1
92.363, 1.63433, -11.8927, 3852.92, 0, 0, 1
92.483, 1.63433, -11.8927, 3852.92, 0, 0, 1
92.603, 1.63433, -11.8927, 3852.92, 0, 0, 1
92.734, 1.63433, -11.8927, 3852.92, 0, 0, 1
92.854, -30.483, -11.8927, 3826.81, 0, 0, 1
92.974, -1.34565, -11.8927, 3852.58, 0, 0, 1
93.114, -4.82481, -11.8927, 3852.36, 0, 0, 1
93.234, -34.1004, -11.8927, 3826.5, 0, 0, 1
93.355, -34.379, -11.8927, 3826.21, 0, 0, 1
93.475, -34.4715, -11.8927, 3826.12, 0, 0, 1
93.595, -34.4715, -11.8927, 3826.12, 0, 0, 1
93.725, -34.4715, -11.8927, 3826.12, 0, 0, 1
93.845, -1.25465, -11.8927, 3850.07, 0, 0, 1
93.975, -34.4715, -11.8927, 3826.12, 0, 0, 1
94.096, -34.4715, -11.8927, 3826.12, 0, 0, 1
94.286, -34.6225, -11.8927, 3823.79, 0, 0, 1
94.436, -34.7743, -11.8927, 3823.72, 0, 0, 1
94.586, -34.6193, -11.8927, 3823.15, 0.706261, -0.496137, 0.505018
94.757, -6.59072, -11.8927, 3844.27, 0, 0, 1
94.897, -6.60831, -11.8927, 3844.18, 0, 0, 1
95.027, -6.60831, -11.8927, 3844.18, 0, 0, 1
95.167, -6.60831, -11.8927, 3844.18, 0, 0, 1
95.317, -6.60831, -11.8927, 3844.18, 0, 0, 1
95.458, -6.60831, -11.8927, 3844.18, 0, 0, 1
95.618, -6.60831, -11.8927, 3844.18, 0, 0, 1
95.778, -6.60831, -11.8927, 3844.18, 0, 0, 1
95.918, -6.60831, -11.8927, 3844.18, 0, 0, 1
96.078, -6.60831, -11.8927, 3844.18, 0, 0, 1
96.249, -6.60831, -11.8927, 3844.18, 0, 0, 1
96.389, -6.60831, -11.8927, 3844.18, 0, 0, 1
96.539, -6.60831, -11.8927, 3844.18, 0, 0, 1
96.679, -6.60831, -11.8927, 3844.18, 0, 0, 1
96.82, -6.60831, -11.8927, 3844.18, 0, 0, 1
96.96, -6.60831, -11.8927, 3844.18, 0, 0, 1
97.09, -6.60831, -11.8927, 3844.18, 0, 0, 1
97.26, -6.60831, -11.8927, 3844.18, 0, 0, 1
97.43, -6.60831, -11.8927, 3844.18, 0, 0, 1
97.551, -6.60831, -11.8927, 3844.18, 0, 0, 1
97.681, -6.60831, -11.8927, 3844.18, 0, 0, 1
97.811, -6.60831, -11.8927, 3844.18, 0, 0, 1
97.931, -6.60831, -11.8927, 3844.18, 0, 0, 1
98.051, -6.60831, -11.8927, 3844.18, 0, 0, 1
98.171, -6.60831, -11.8927, 3844.18, 0, 0, 1
98.292, -6.60831, -11.8927, 3844.18, 0, 0, 1
98.422, -6.60831, -11.8927, 3844.18, 0, 0, 1
98.542, -6.60831, -11.8927, 3844.18, 0, 0, 1
98.672, -6.60831, -11.8927, 3844.18, 0, 0, 1
98.852, -6.60831, -11.8927, 3844.18, 0, 0, 1
98.983, -6.60831, -11.8927, 3844.18, 0, 0, 1
99.133, -6.60831, -11.8927, 3844.18, 0, 0, 1
99.293, -6.60831, -11.8927, 3844.18, 0, 0, 1
99.433, -6.60831, -11.8927, 3844.18, 0, 0, 1
99.553, -6.60831, -11.8927, 3844.18, 0, 0, 1
99.694, -6.60831, -11.8927, 3844.18, 0, 0, 1
99.814, -6.60831, -11.8927, 3844.18, 0, 0, 1
99.964, -6.60831, -11.8927, 3844.18, 0, 0, 1
100.084, -6.60831, -11.8927, 3844.18, 0, 0, 1
100.204, -6.60831, -11.8927, 3844.18, 0, 0, 1
100.335, -6.60831, -11.8927, 3844.18, 0, 0, 1
100.455, -6.60831, -11.8927, 3844.18, 0, 0, 1
100.575, -6.60831, -11.8927, 3844.18, 0, 0, 1
100.695, -6.60831, -11.8927, 3844.18, 0, 0, 1
100.815, -6.60831, -11.8927, 3844.18, 0, 0, 1
100.975, -6.60831, -11.8927, 3844.18, 0, 0, 1
101.166, -6.60831, -11.8927, 3844.18, 0, 0, 1
101.346, -6.60831, -11.8927, 3844.18, 0, 0, 1
101.486, -6.60831, -11.8927, 3844.18, 0, 0, 1
101.646, -6.60831, -11.8927, 3844.18, 0, 0, 1
101.837, -6.60831, -11.8927, 3844.18, 0, 0, 1
102.037, -6.60831, -11.8927, 3844.18, 0, 0, 1
102.217, -6.60831, -11.8927, 3844.18, 0, 0, 1
102.378, -6.60831, -11.8927, 3844.18, 0, 0, 1
102.548, -6.60831, -11.8927, 3844.18, 0, 0, 1
102.688, -6.60831, -11.8927, 3844.18, 0, 0, 1
102.858, -6.60831, -11.8927, 3844.18, 0, 0, 1
102.998, -6.60831, -11.8927, 3844.18, 0, 0, 1
103.169, -6.60831, -11.8927, 3844.18, 0, 0, 1
103.289, -6.60831, -11.8927, 3844.18, 0, 0, 1
103.419, -6.60831, -11.8927, 3844.18, 0, 0, 1
103.539, -6.60831, -11.8927, 3844.18, 0, 0, 1
103.659, -6.60831, -11.8927, 3844.18, 0, 0, 1
103.78, -6.60831, -11.8927, 3844.18, 0, 0, 1
103.9, -6.60831, -11.8927, 3844.18, 0, 0, 1
104.02, -6.60831, -11.8927, 3844.18, 0, 0, 1
104.15, -6.60831, -11.8927, 3844.18, 0, 0, 1
104.27, -6.60831, -11.8927, 3844.18, 0, 0, 1
104.39, -6.60831, -11.8927, 3844.18, 0, 0, 1
104.511, -6.60831, -11.8927, 3844.18, 0, 0, 1
104.631, -6.60831, -11.8927, 3844.18, 0, 0, 1
104.751, -6.60831, -11.8927, 3844.18, 0, 0, 1
104.871, -6.60831, -11.8927, 3844.18, 0, 0, 1
104.991, -6.60831, -11.8927, 3844.18, 0, 0, 1
105.111, -6.60831, -11.8927, 3844.18, 0, 0, 1
105.232, -6.60831, -11.8927, 3844.18, 0, 0, 1
105.352, -6.60831, -11.8927, 3844.18, 0, 0, 1
105.472, -6.60831, -11.8927, 3844.18, 0, 0, 1
105.592, -6.60831, -11.8927, 3844.18, 0, 0, 1
105.712, -6.60831, -11.8927, 3844.18, 0, 0, 1
105.832, -6.60831, -11.8927, 3844.18, 0, 0, 1
105.953, -6.60831, -11.8927, 3844.18, 0, 0, 1
106.073, -6.60831, -11.8927, 3844.18, 0, 0, 1
106.193, -6.60831, -11.8927, 3844.18, 0, 0, 1
106.313, -6.60831, -11.8927, 3844.18, 0, 0, 1
106.433, -6.60831, -11.8927, 3844.18, 0, 0, 1
106.554, -6.60831, -11.8927, 3844.18, 0, 0, 1
106.674, -6.60831, -11.8927, 3844.18, 0, 0, 1
106.794, -6.60831, -11.8927, 3844.18, 0, 0, 1
106.914, -6.60831, -11.8927, 3844.18, 0, 0, 1
107.034, -6.60831, -11.8927, 3844.18, 0, 0, 1
107.154, -6.60831, -11.8927, 3844.18, 0, 0, 1
107.275, -6.60831, -11.8927, 3844.18, 0, 0, 1
107.395, -6.60831, -11.8927, 3844.18, 0, 0, 1
107.515, -6.60831, -11.8927, 3844.18, 0, 0, 1
107.635, -6.60831, -11.8927, 3844.18, 0, 0, 1
107.755, -6.60831, -11.8927, 3844.18, 0, 0, 1
107.875, -6.60831, -11.8927, 3844.18, 0, 0, 1
107.996, -6.60831, -11.8927, 3844.18, 0, 0, 1
108.116, -6.60831, -11.8927, 3844.18, 0, 0, 1
108.236, -6.60831, -11.8927, 3844.18, 0, 0, 1
108.356, -6.60831, -11.8927, 3844.18, 0, 0, 1
108.476, -6.60831, -11.8927, 3844.18, 0, 0, 1
108.596, -6.60831, -11.8927, 3844.18, 0, 0, 1
108.717, -6.60831, -11.8927, 3844.18, 0, 0, 1
108.837, -6.60831, -11.8927, 3844.18, 0, 0, 1
108.957, -6.60831, -11.8927, 3844.18, 0, 0, 1
109.077, -6.60831, -11.8927, 3844.18, 0, 0, 1
109.197, -6.60831, -11.8927, 3844.18, 0, 0, 1
109.317, -6.60831, -11.8927, 3844.18, 0, 0, 1
109.438, -6.60831, -11.8927, 3844.18, 0, 0, 1
109.558, -6.60831, -11.8927, 3844.18, 0, 0, 1
109.678, -6.60831, -11.8927, 3844.18, 0, 0, 1
109.798, -6.60831, -11.8927, 3844.18, 0, 0, 1
109.918, -6.60831, -11.8927, 3844.18, 0, 0, 1
110.039, -6.60831, -11.8927, 3844.18, 0, 0, 1
110.159, -6.60831, -11.8927, 3844.18, 0, 0, 1
110.279, -6.60831, -11.8927, 3844.18, 0, 0, 1
110.399, -6.60831, -11.8927, 3844.18, 0, 0, 1
110.519, -6.60831, -11.8927, 3844.18, 0, 0, 1
110.639, -6.60831, -11.8927, 3844.18, 0, 0, 1
110.76, -6.60831, -11.8927, 3844.18, 0, 0, 1
110.88, -6.60831, -11.8927, 3844.18, 0, 0, 1
111, -6.60831, -11.8927, 3844.18, 0, 0, 1
111.12, -6.60831, -11.8927, 3844.18, 0, 0, 1
111.24, -6.60831, -11.8927, 3844.18, 0, 0, 1
111.36, -6.60831, -11.8927, 3844.18, 0, 0, 1
111.481, -6.60831, -11.8927, 3844.18, 0, 0, 1
111.601, -6.60831, -11.8927, 3844.18, 0, 0, 1
111.721, -6.60831, -11.8927, 3844.18, 0, 0, 1
111.841, -6.60831, -11.8927, 3844.18, 0, 0, 1
111.961, -6.60831, -11.8927, 3844.18, 0, 0, 1
112.081, -6.60831, -11.8927, 3844.18, 0, 0, 1
112.202, -6.60831, -11.8927, 3844.18, 0, 0, 1
112.322, -6.60831, -11.8927, 3844.18, 0, 0, 1
112.442, -6.60831, -11.8927, 3844.18, 0, 0, 1
112.562, -6.60831, -11.8927, 3844.18, 0, 0, 1
112.682, -6.60831, -11.8927, 3844.18, 0, 0, 1
112.802, -6.60831, -11.8927, 3844.18, 0, 0, 1
112.923, -6.60831, -11.8927, 3844.18, 0, 0, 1
113.043, -6.60831, -11.8927, 3844.18, 0, 0, 1
113.163, -6.60831, -11.8927, 3844.18, 0, 0, 1
113.283, -6.60831, -11.8927, 3844.18, 0, 0, 1
113.403, -6.60831, -11.8927, 3844.18, 0, 0, 1
113.524, -6.60831, -11.8927, 3844.18, 0, 0, 1
113.644, -6.60831, -11.8927, 3844.18, 0, 0, 1
113.764, -6.60831, -11.8927, 3844.18, 0, 0, 1
113.884, -6.60831, -11.8927, 3844.18, 0, 0, 1
114.004, -6.60831, -11.8927, 3844.18, 0, 0, 1
114.124, -6.60831, -11.8927, 3844.18, 0, 0, 1
114.245, -6.60831, -11.8927, 3844.18, 0, 0, 1
114.365, -6.60831, -11.8927, 3844.18, 0, 0, 1
114.485, -6.60831, -11.8927, 3844.18, 0, 0, 1
114.605, -6.60831, -11.8927, 3844.18, 0, 0, 1
114.725, -6.60831, -11.8927, 3844.18, 0, 0, 1
114.845, -6.60831, -11.8927, 3844.18, 0, 0, 1
114.966, -6.60831, -11.8927, 3844.18, 0, 0, 1
115.086, -6.60831, -11.8927, 3844.18, 0, 0, 1
115.206, -6.60831, -11.8927, 3844.18, 0, 0, 1
115.326, -6.60831, -11.8927, 3844.18, 0, 0, 1
115.446, -6.60831, -11.8927, 3844.18, 0, 0, 1
115.566, -6.60831, -11.8927, 3844.18, 0, 0, 1
115.687, -6.60831, -11.8927, 3844.18, 0, 0, 1
115.807, -6.60831, -11.8927, 3844.18, 0, 0, 1
115.927, -6.60831, -11.8927, 3844.18, 0, 0, 1
116.047, -6.60831, -11.8927, 3844.18, 0, 0, 1
116.167, -6.60831, -11.8927, 3844.18, 0, 0, 1
116.288, -6.60831, -11.8927, 3844.18, 0, 0, 1
116.408, -6.60831, -11.8927, 3844.18, 0, 0, 1
116.528, -6.60831, -11.8927, 3844.18, 0, 0, 1
116.648, -6.60831, -11.8927, 3844.18, 0, 0, 1
116.768, -6.60831, -11.8927, 3844.18, 0, 0, 1
116.888, -6.60831, -11.8927, 3844.18, 0, 0, 1
117.009, -6.60831, -11.8927, 3844.18, 0, 0, 1
117.129, -6.60831, -11.8927, 3844.18, 0, 0, 1
117.249, -6.60831, -11.8927, 3844.18, 0, 0, 1
117.369, -6.60831, -11.8927, 3844.18, 0, 0, 1
117.489, -6.60831, -11.8927, 3844.18, 0, 0, 1
117.609, -6.60831, -11.8927, 3844.18, 0, 0, 1
117.73, -6.60831, -11.8927, 3844.18, 0, 0, 1
117.85, -6.60831, -11.8927, 3844.18, 0, 0, 1
117.97, -6.60831, -11.8927, 3844.18, 0, 0, 1
118.09, -6.60831, -11.8927, 3844.18, 0, 0, 1
118.21, -6.60831, -11.8927, 3844.18, 0, 0, 1
118.33, -6.60831, -11.8927, 3844.18, 0, 0, 1
118.451, -6.60831, -11.8927, 3844.18, 0, 0, 1
118.571, -6.60831, -11.8927, 3844.18, 0, 0, 1
118.691, -6.60831, -11.8927, 3844.18, 0, 0, 1
118.811, -6.60831, -11.8927, 3844.18, 0, 0, 1
118.931, -6.60831, -11.8927, 3844.18, 0, 0, 1
119.051, -6.60831, -11.8927, 3844.18, 0, 0, 1
119.172, -6.60831, -11.8927, 3844.18, 0, 0, 1
119.292, -6.60831, -11.8927, 3844.18, 0, 0, 1
119.412, -6.60831, -11.8927, 3844.18, 0, 0, 1
119.502, -6.60831, -11.8927, 3844.18, 0, 0, 1
119.552, -6.60831, -11.8927, 3844.18, 0, 0, 1
119.702, -6.60831, -11.8927, 3844.18, 0, 0, 1
119.823, -6.60831, -11.8927, 3844.18, 0, 0, 1
119.943, -6.60831, -11.8927, 3844.18, 0, 0, 1
120.063, -6.60831, -11.8927, 3844.18, 0, 0, 1
120.183, -6.60831, -11.8927, 3844.18, 0, 0, 1
120.303, -6.60831, -11.8927, 3844.18, 0, 0, 1
120.423, -6.60831, -11.8927, 3844.18, 0, 0, 1
120.544, -6.60831, -11.8927, 3844.18, 0, 0, 1
120.664, -6.60831, -11.8927, 3844.18, 0, 0, 1
120.784, -6.60831, -11.8927, 3844.18, 0, 0, 1
120.904, -6.60831, -11.8927, 3844.18, 0, 0, 1
121.024, -6.60831, -11.8927, 3844.18, 0, 0, 1
121.144, -6.60831, -11.8927, 3844.18, 0, 0, 1
121.265, -6.60831, -11.8927, 3844.18, 0, 0, 1
121.385, -6.60831, -11.8927, 3844.18, 0, 0, 1
121.505, -6.60831, -11.8927, 3844.18, 0, 0, 1
121.625, -6.60831, -11.8927, 3844.18, 0, 0, 1
121.655, -6.60831, -11.8927, 3844.18, 0, 0, 1
121.675, -6.60831, -11.8927, 3844.18, 0, 0, 1
121.695, -6.60831, -11.8927, 3844.18, 0, 0, 1
121.725, -6.60831, -11.8927, 3844.18, 0, 0, 1
121.745, -6.60831, -11.8927, 3844.18, 0, 0, 1
121.765, -6.60831, -11.8927, 3844.18, 0, 0, 1
121.785, -6.60831, -11.8927, 3844.18, 0, 0, 1
121.815, -6.60831, -11.8927, 3844.18, 0, 0, 1
121.866, -6.60831, -11.8927, 3844.18, 0, 0, 1
121.926, -6.60831, -11.8927, 3844.18, 0, 0, 1
121.976, -6.60831, -11.8927, 3844.18, 0, 0, 1
122.046, -6.60831, -11.8927, 3844.18, 0, 0, 1
122.136, -6.60831, -11.8927, 3844.18, 0, 0, 1
122.156, -6.60831, -11.8927, 3844.18, 0, 0, 1
122.176, -6.60831, -11.8927, 3844.18, 0, 0, 1
122.196, -6.60831, -11.8927, 3844.18, 0, 0, 1
122.226, -6.60831, -11.8927, 3844.18, 0, 0, 1
122.246, -6.60831, -11.8927, 3844.18, 0, 0, 1
122.266, -6.60831, -11.8927, 3844.18, 0, 0, 1
122.286, -6.60831, -11.8927, 3844.18, 0, 0, 1
122.316, -6.60831, -11.8927, 3844.18, 0, 0, 1
122.336, -6.60831, -11.8927, 3844.18, 0, 0, 1
122.366, -6.60831, -11.8927, 3844.18, 0, 0, 1
122.386, -6.60831, -11.8927, 3844.18, 0, 0, 1
122.426, -6.60831, -11.8927, 3844.18, 0, 0, 1
122.456, -6.60831, -11.8927, 3844.18, 0, 0, 1
122.486, -6.60831, -11.8927, 3844.18, 0, 0, 1
122.506, -6.60831, -11.8927, 3844.18, 0, 0, 1
122.627, -6.60831, -11.8927, 3844.18, 0, 0, 1
122.747, -6.60831, -11.8927, 3844.18, 0, 0, 1
122.867, -6.60831, -11.8927, 3844.18, 0, 0, 1
122.987, -6.60831, -11.8927, 3844.18, 0, 0, 1
123.107, -6.60831, -11.8927, 3844.18, 0, 0, 1
123.227, -6.60831, -11.8927, 3844.18, 0, 0, 1
123.348, -6.60831, -11.8927, 3844.18, 0, 0, 1
123.468, -6.60831, -11.8927, 3844.18, 0, 0, 1
123.588, -6.60831, -11.8927, 3844.18, 0, 0, 1
123.708, -6.60831, -11.8927, 3844.18, 0, 0, 1
123.828, -6.60831, -11.8927, 3844.18, 0, 0, 1
123.949, -6.60831, -11.8927, 3844.18, 0, 0, 1
