0, 11.2258, -12.0061, 33.7232, 0, 0, 1
5.438, 15.343, -12.0061, 42.9921, 0.0159886, -0.768856, 0.639222
5.568, 15.4414, -12.0061, 43.2136, 0.0371525, -0.773828, 0.632306
5.688, 15.5322, -12.0061, 43.4182, 0.091584, -0.804161, 0.587313
5.808, 15.6231, -12.0061, 43.6227, 0.116707, -0.82686, 0.550166
5.928, 15.7139, -12.0061, 43.8272, 0.114891, -0.83892, 0.53199
6.028, 15.7897, -12.0061, 43.9977, 0.108019, -0.839693, 0.53221
6.048, 15.8048, -12.0061, 44.0317, 0.0985277, -0.841988, 0.530424
6.069, 15.8207, -12.0061, 44.0675, 0.100443, -0.866076, 0.489718
6.099, 15.8434, -12.0061, 44.1187, 0.0735987, -0.864563, 0.497106
6.119, 15.8586, -12.0061, 44.1528, 0.0735987, -0.864563, 0.497106
6.139, 15.8737, -12.0061, 44.1868, 0.0762357, -0.865681, 0.494757
6.169, 15.8964, -12.0061, 44.238, 0.0640527, -0.850035, 0.522817
6.189, 15.9116, -12.0061, 44.2721, 0.0534897, -0.874832, 0.481465
6.219, 15.9343, -12.0061, 44.3232, 0.0534897, -0.874832, 0.481465
6.239, 15.9494, -12.0061, 44.3573, 0.0289864, -0.911459, 0.410369
6.339, 16.0251, -12.0061, 44.5277, 0, 0, 1
6.439, 16.1008, -12.0061, 44.6982, 0, 0, 1
6.559, 16.1917, -12.0061, 44.9027, 0, 0, 1
6.579, 16.2068, -12.0061, 44.9368, 0, 0, 1
6.599, 16.222, -12.0061, 44.9709, 0, 0, 1
6.619, 16.2371, -12.0061, 45.005, 0, 0, 1
6.649, 16.2598, -12.0061, 45.0561, 0, 0, 1
6.669, 16.275, -12.0061, 45.0902, 0, 0, 1
6.689, 16.2901, -12.0061, 45.1243, 0, 0, 1
6.719, 16.3128, -12.0061, 45.1754, 0, 0, 1
6.739, 16.3279, -12.0061, 45.2095, 0, 0, 1
6.77, 16.3514, -12.0061, 45.2623, 0, 0, 1
6.79, 16.3666, -12.0061, 45.2964, 0, 0, 1
6.82, 16.3893, -12.0061, 45.3476, 0, 0, 1
6.87, 16.4271, -12.0061, 45.4328, 0, 0, 1
6.89, 16.4423, -12.0061, 45.4669, 0, 0, 1
6.92, 16.465, -12.0061, 45.518, 0, 0, 1
6.94, 16.4801, -12.0061, 45.5521, 0, 0, 1
7, 0.0302843, 0, 0.268179, 0, 0, 1
7.12, 0.121137, -0.0959081, 0.472715, 0, 0, 1
7.24, 0.208702, -0.318574, 0.67868, 0, 0, 1
7.36, 0.296268, -0.658159, 0.884645, 0, 0, 1
7.481, 0.384563, -1.10809, 1.09233, 0, 0, 1
7.571, 0.450237, -1.46569, 1.2468, 0, 0, 1
7.691, 0.537802, -1.94569, 1.45277, 0, 0, 1
7.811, 0.625368, -2.42569, 1.65873, 0, 0, 1
7.931, 0.712933, -2.90569, 1.8647, 0, 0, 1
8.051, 0.800499, -3.38569, 2.07066, 0, 0, 1
8.111, 0.844281, -3.62089, 2.17364, 0, 0, 1
8.232, 0.932577, -4.10489, 2.38132, -0.0548871, -0.742544, 0.667545
8.352, 1.04015, -4.58488, 2.64024, -0.040914, -0.598869, 0.799801
8.442, 1.16586, -4.94488, 2.95356, -0.0235717, -0.421008, 0.906751
8.532, 1.29157, -5.30008, 3.26689, 0.00926724, -0.254842, 0.966938
8.652, 1.45918, -5.78008, 3.68466, 0.0391393, -0.204101, 0.978167
8.772, 1.62679, -6.26008, 4.10242, 0.0670211, -0.15106, 0.98625
8.893, 1.7958, -6.74408, 4.52367, 0.0692193, -0.133888, 0.988576
9.013, 1.95877, -7.22408, 4.94321, 0.0501705, -0.125026, 0.990884
9.133, 2.07268, -7.70408, 5.3786, 0.0260807, -0.116165, 0.992887
9.253, 2.33848, -8.18408, 6.55923, 0.0292087, -0.105683, 0.993971
9.373, 2.74676, -8.66408, 8.48566, 0.0665498, -0.0884476, 0.993855
9.493, 2.99986, -9.14408, 10.4396, 0.108301, -0.071502, 0.991543
9.614, 3.24866, -9.62808, 12.4106, 0.109952, -0.0479467, 0.99278
9.734, 3.49737, -10.1081, 14.365, 0.0764284, -0.0381881, 0.996344
9.854, 3.79275, -10.5881, 18.1337, 0.0555873, -0.0352852, 0.99783
9.974, 3.94904, -11.0681, 21.9111, 0.0157591, -0.0174004, 0.999724
10.094, 4.04818, -11.5481, 25.6907, -0.0119522, -0.0226602, 0.999672
10.214, 4.11013, -11.9081, 29.4711, -0.0245158, -0.00904492, 0.999659
10.335, 3.22221, -11.9081, 33.1128, -0.0209855, -0.00534685, 0.999766
10.455, 3.22221, -11.9081, 33.1128, -0.00654577, -0.00843978, 0.999943
10.575, 3.17164, -11.9081, 33.0999, 0.0192691, -0.0103719, 0.999761
10.695, 3.1638, -11.9081, 35.1629, 0.0570578, -0.00271487, 0.998367
10.815, 3.04039, -11.9081, 37.2226, 0.0779279, -0.000712373, 0.996959
10.936, 2.90865, -11.9081, 39.2991, 0.0814459, 0.0105861, 0.996622
11.056, 2.77128, -11.9081, 41.3579, 0.0628921, 0.0205567, 0.997809
11.176, 2.39778, -11.9081, 45.8203, 0.0351067, 0.0207709, 0.999168
11.296, 2.15016, -11.9081, 50.2907, 0.0116688, 0.0020997, 0.99993
11.416, 1.9839, -11.9081, 54.7657, -0.00504738, -0.00336689, 0.999982
11.536, 1.81765, -11.9081, 59.2407, -0.0132758, 0.0145589, 0.999806
11.657, 0.864878, -11.9081, 60.9612, 0.0112011, 0.00364701, 0.999931
11.777, 0.863364, -11.9081, 63.2497, 0.0737552, -0.0120177, 0.997204
11.897, 1.04634, -11.9081, 66.2959, 0.127735, -0.0256124, 0.991478
12.017, 1.26271, -11.9081, 69.34, 0.137875, -0.034726, 0.989841
12.137, 1.47907, -11.9081, 72.3842, 0.117601, -0.0392397, 0.992285
12.257, 1.71728, -11.9081, 75.6095, 0.079304, -0.0262248, 0.996505
12.378, 1.88155, -11.9081, 79.4184, 0.0479955, -0.0229056, 0.998585
12.498, 2.04804, -11.9081, 83.1957, 0.0283687, -0.0162418, 0.999466
12.618, 2.21454, -11.9081, 86.973, 0.0319013, -0.0254038, 0.999168
12.738, 2.39672, -11.9081, 90.7495, 0.0361053, -0.0212696, 0.999122
12.858, 1.37085, -11.9081, 93.4389, 0.0661133, -0.0343861, 0.997219
12.978, 1.53293, -11.9081, 96.6937, 0.0907535, -0.0299063, 0.995424
13.099, 1.58187, -11.9081, 99.9796, 0.113237, -0.0403604, 0.992748
13.219, 1.62654, -11.9081, 103.238, 0.123703, -0.0447351, 0.99131
13.339, 1.68445, -11.9081, 106.497, 0.104795, -0.0356003, 0.993856
13.459, 1.61399, -11.9081, 110.598, 0.0663288, -0.0355465, 0.997164
13.579, 1.53925, -11.9081, 114.7, 0.0359053, -0.0351902, 0.998735
13.699, 1.50527, -11.9081, 118.803, 0.0237134, -0.0309782, 0.999239
13.82, 1.4778, -11.9081, 122.94, 0.0292294, -0.0365268, 0.998905
13.94, 0.401368, -11.9081, 125.051, 0.0572789, -0.0310079, 0.997877
14.06, 0.394659, -11.9081, 128.31, 0.097265, -0.0318881, 0.994748
14.18, 0.458757, -11.9081, 131.568, 0.111714, -0.0400405, 0.992933
14.3, 0.527584, -11.9081, 134.827, 0.113404, -0.0440145, 0.992574
14.421, 0.605434, -11.9081, 138.112, 0.100691, -0.045024, 0.993898
14.541, 0.645718, -11.9081, 142.603, 0.0668701, -0.0420751, 0.996874
14.661, 0.752225, -11.9081, 147.094, 0.0392517, -0.031439, 0.998735
14.781, 0.878088, -11.9081, 151.584, 0.0272259, -0.0222695, 0.999381
14.901, 1.00395, -11.9081, 156.073, 0.0422414, -0.0413947, 0.99825
15.021, 0.218429, -11.9081, 157.263, 0.0791711, -0.0558132, 0.995297
15.142, 0.280127, -11.9081, 160.549, 0.151309, -0.0465202, 0.987391
15.262, 0.250811, -11.9081, 163.808, 0.170811, -0.0414947, 0.98443
15.382, 0.21693, -11.9081, 167.067, 0.152761, -0.0462583, 0.98718
15.502, 0.183487, -11.9081, 170.326, 0.108632, -0.039117, 0.993312
15.622, 0.0794891, -11.9081, 174.803, 0.0548186, -0.0369334, 0.997813
15.742, 0.0517347, -11.9081, 179.281, 0.0276724, -0.0217446, 0.999381
15.863, 0.0237491, -11.9081, 183.796, 0.0167901, -0.0321552, 0.999342
15.983, -0.00400521, -11.9081, 188.274, 0.0325672, -0.0285706, 0.999061
16.103, -0.854196, -11.9081, 190.369, 0.10411, -0.0141287, 0.994465
16.223, -0.74569, -11.9081, 193.87, 0.19395, -0.0139318, 0.980912
16.343, -0.674555, -11.9081, 197.371, 0.207782, -0.0261128, 0.977827
16.463, -0.603419, -11.9081, 200.873, 0.1923, -0.0217465, 0.981095
16.584, -0.540738, -11.9081, 204.404, 0.152368, -0.0106962, 0.988266
16.704, -0.484922, -11.9081, 208.114, 0.0831818, -0.010366, 0.99648
16.824, -0.255888, -11.9081, 211.888, 0.0350672, 0.00638085, 0.999365
16.944, 0.0108074, -11.9081, 215.66, 0.0229349, 0.0126607, 0.999657
17.064, 0.280746, -11.9081, 219.431, 0.0334133, 0.00152661, 0.99944
17.184, 0.571025, -11.9081, 223.201, 0.0608703, 0.00825698, 0.998112
17.305, 0.752392, -11.9081, 226.736, 0.101298, 0.00840603, 0.994821
17.425, 0.846427, -11.9081, 230.246, 0.116076, 0.00512702, 0.993227
17.545, 0.979606, -11.9081, 233.754, 0.106344, 0.00765503, 0.9943
17.665, 1.11279, -11.9081, 237.263, 0.0632742, 0.00564583, 0.99798
17.785, 1.193, -11.9081, 241.216, 0.0207955, 0.0110294, 0.999723
17.906, 1.11163, -11.9081, 245.352, -0.018349, 0.0075142, 0.999803
18.026, 1.04568, -11.9081, 249.455, -0.0177347, 0.00824058, 0.999809
18.146, 0.979731, -11.9081, 253.557, -0.00389245, 0.00166168, 0.999991
18.266, -0.00534471, -11.9081, 257.659, 0.0610526, 0.0105507, 0.998079
18.386, 0.0764788, -11.9081, 261.439, 0.133886, -0.000595794, 0.990997
18.506, 0.186557, -11.9081, 265.219, 0.1466, -0.0288511, 0.988775
18.627, 0.29434, -11.9081, 269.03, 0.120303, -0.0200341, 0.992535
18.747, 0.396327, -11.9081, 272.809, 0.0791564, 0.00131281, 0.996861
18.867, 0.428463, -11.9081, 276.912, 0.019989, 0.027206, 0.99943
18.987, 0.464415, -11.9081, 281.014, -0.0173354, 0.0318836, 0.999341
19.107, 0.508502, -11.9081, 285.117, -0.0218756, 0.0288209, 0.999345
19.227, 0.552589, -11.9081, 289.219, -0.00800757, 0.0125405, 0.999889
19.348, -0.190058, -11.9081, 292.334, 0.0182536, 0.011416, 0.999768
19.468, -0.170404, -11.9081, 295.593, 0.0797849, 0.00633183, 0.996792
19.588, -0.224179, -11.9081, 298.852, 0.0965006, -0.0179197, 0.995172
19.708, -0.277953, -11.9081, 302.11, 0.0790468, -0.0131555, 0.996784
19.828, -0.331727, -11.9081, 305.369, 0.0445854, -0.012707, 0.998925
19.948, -0.42921, -11.9081, 309.268, 0.0109003, -0.00639957, 0.99992
20.069, -0.460956, -11.9081, 313.417, -0.0275056, 0.00326713, 0.999616
20.189, -0.451838, -11.9081, 317.531, -0.0391267, -0.00054247, 0.999234
20.309, -0.442719, -11.9081, 321.646, -0.0333401, 0.00674426, 0.999421
20.429, -1.28467, -11.9081, 324.557, 0.0107397, 0.00608524, 0.999924
20.549, -1.29043, -11.9081, 328.059, 0.056115, -0.00167573, 0.998423
20.67, -1.23181, -11.9081, 331.59, 0.0869522, -0.0146533, 0.996105
20.79, -1.15639, -11.9081, 335.091, 0.0912125, -0.0183918, 0.995662
20.91, -1.08096, -11.9081, 338.593, 0.082221, -0.014598, 0.996507
21.03, -1.07321, -11.9081, 342.545, 0.0484132, -0.0134701, 0.998737
21.15, -1.30588, -11.9081, 346.641, 0.00840086, -0.00950987, 0.99992
21.27, -1.47968, -11.9081, 350.74, -0.000105901, -0.022022, 0.999758
21.391, -1.63108, -11.9081, 354.874, 0.022509, -0.00489792, 0.999735
21.511, -2.41065, -11.9081, 358.328, 0.0736457, 0.00234818, 0.997282
21.631, -2.4803, -11.9081, 361.829, 0.142693, -0.00109889, 0.989766
21.751, -2.46997, -11.9081, 365.331, 0.170468, 0.00127901, 0.985362
21.871, -2.45986, -11.9081, 368.834, 0.164993, -0.00174628, 0.986293
21.991, -2.45049, -11.9081, 372.336, 0.132367, -0.00709732, 0.991175
22.112, -2.46238, -11.9081, 376.865, 0.089817, -0.0120111, 0.995886
22.232, -2.41007, -11.9081, 381.356, 0.0402319, -0.00226023, 0.999188
22.352, -2.32613, -11.9081, 385.847, 0.0349163, 0.000248651, 0.99939
22.472, -2.27528, -11.9081, 390.338, 0.0637935, -0.0206601, 0.997749
22.592, -2.79241, -11.9081, 391.622, 0.110052, -0.0225919, 0.993669
22.712, -2.8534, -11.9081, 394.881, 0.15159, -0.0437051, 0.987477
22.833, -3.02058, -11.9081, 398.162, 0.164302, -0.0783502, 0.983293
22.953, -3.24877, -11.9081, 401.413, 0.145154, -0.0620792, 0.98746
23.073, -3.47696, -11.9081, 404.664, 0.127552, -0.0656451, 0.989657
23.193, -3.73996, -11.9081, 408.175, 0.098571, -0.0475998, 0.993991
23.313, -3.94615, -11.9081, 411.95, 0.0669254, -0.0389997, 0.996996
23.433, -4.04789, -11.9081, 415.729, 0.0465343, -0.0391974, 0.998147
23.554, -4.14197, -11.9081, 419.541, 0.0378345, -0.0330935, 0.998736
23.674, -4.2185, -11.9081, 423.321, 0.0472597, -0.0343979, 0.99829
23.794, -4.9099, -11.9081, 425.915, 0.086615, -0.0400345, 0.995437
23.914, -5.02844, -11.9081, 429.172, 0.115874, -0.0402054, 0.99245
24.034, -5.17621, -11.9081, 432.427, 0.126634, -0.0517624, 0.990598
24.155, -5.32522, -11.9081, 435.71, 0.122507, -0.0518039, 0.991115
24.275, -5.5255, -11.9081, 439.58, 0.0800833, -0.0382107, 0.996056
24.395, -5.734, -11.9081, 444.067, 0.0208363, -0.0312222, 0.999295
24.515, -5.81239, -11.9081, 448.558, -0.00641686, -0.0229579, 0.999716
24.635, -5.8784, -11.9081, 453.049, -0.00710726, -0.0278585, 0.999587
24.755, -6.45708, -11.9081, 455.969, 0.00166628, -0.0237997, 0.999715
24.876, -6.5343, -11.9081, 456.731, 0.0220441, -0.0198384, 0.99956
24.996, -6.61974, -11.9081, 459.774, 0.0590715, -0.0171903, 0.998106
25.116, -6.72854, -11.9081, 462.817, 0.084123, -0.028689, 0.996042
25.236, -6.81939, -11.9081, 465.861, 0.0854802, -0.0252426, 0.99602
25.356, -6.90842, -11.9081, 468.905, 0.0543161, -0.0149832, 0.998411
25.476, -7.14476, -11.9081, 473.001, 0.0184866, -0.00810686, 0.999796
25.597, -7.44041, -11.9081, 477.127, -0.023754, -0.00269639, 0.999714
25.717, -7.71387, -11.9081, 481.221, -0.0333481, -0.00763621, 0.999415
25.837, -7.95717, -11.9081, 485.317, -0.010789, -0.0196296, 0.999749
25.957, -8.68942, -11.9081, 488.027, 0.0586344, -0.0284952, 0.997873
26.077, -8.75072, -11.9081, 491.529, 0.110502, -0.0435706, 0.99292
26.197, -8.84001, -11.9081, 495.03, 0.13215, -0.0395726, 0.990439
26.318, -8.91769, -11.9081, 498.561, 0.131027, -0.0436875, 0.990416
26.438, -9.02971, -11.9081, 502.77, 0.112617, -0.0373636, 0.992936
26.558, -9.31517, -11.903, 507.682, 0.0808083, -0.0455438, 0.995689
26.678, -9.53907, -11.8948, 512.597, 0.0568524, -0.0452972, 0.997354
26.798, -9.76206, -11.8926, 517.512, 0.0486385, -0.042012, 0.997932
26.918, -10.3643, -11.8926, 520.955, 0.0732632, -0.0375503, 0.996605
27.039, -10.4774, -11.8926, 522.594, 0.114706, -0.0438867, 0.992429
27.159, -10.5164, -11.8903, 525.861, 0.165732, -0.048745, 0.984965
27.279, -10.5102, -11.8903, 529.127, 0.184124, -0.0498001, 0.981641
27.399, -10.504, -11.8903, 532.394, 0.181625, -0.0412443, 0.982503
27.519, -10.4508, -11.8903, 535.869, 0.152142, -0.0417196, 0.987478
27.64, -10.2089, -11.8903, 539.998, 0.122702, -0.0389722, 0.991678
27.76, -9.87951, -11.8903, 544.088, 0.101501, -0.0302698, 0.994375
27.88, -9.56161, -11.8903, 548.179, 0.113202, -0.0197159, 0.993376
28, -9.2437, -11.8903, 552.269, 0.128476, -0.018832, 0.991534
28.12, -9.73838, -11.8903, 555.979, 0.155105, -0.0206983, 0.987681
28.24, -9.67828, -11.8903, 559.759, 0.167411, -0.0315467, 0.985382
28.361, -9.64212, -11.8903, 563.572, 0.156874, -0.0205539, 0.987405
28.481, -9.60489, -11.8903, 567.352, 0.116923, -0.0241393, 0.992848
28.601, -9.60318, -11.8903, 571.656, 0.077183, -0.0270036, 0.996651
28.721, -9.61707, -11.8903, 576.134, 0.0403491, -0.0231072, 0.998918
28.841, -9.5998, -11.8903, 580.612, 0.03439, -0.0290405, 0.998986
28.961, -9.58443, -11.8903, 585.09, 0.0362713, -0.0344736, 0.998747
29.082, -9.95118, -11.8903, 588.188, 0.0410002, -0.0317657, 0.998654
29.202, -9.93759, -11.8903, 589.711, 0.0640771, -0.0305835, 0.997476
29.322, -9.86798, -11.8903, 592.755, 0.105031, -0.0230565, 0.994202
29.442, -9.80156, -11.8903, 595.799, 0.113775, -0.0172852, 0.993356
29.562, -9.73513, -11.8903, 598.844, 0.0865205, 0.00654905, 0.996229
29.682, -9.68023, -11.8903, 604.31, 0.038705, 0.0297968, 0.998806
29.803, -9.57839, -11.8903, 609.821, 0.0175866, 0.0239669, 0.999558
29.923, -9.4335, -11.8903, 615.286, 0.0177463, 0.00887823, 0.999803
30.043, -9.56628, -11.8903, 618.831, 0.033379, -0.000685169, 0.999443
30.163, -9.6172, -11.8903, 618.832, 0.058758, 0.00300711, 0.998268
30.283, -9.56634, -11.8903, 621.115, 0.105057, 0.0118986, 0.994395
30.403, -9.53198, -11.8903, 624.16, 0.127841, 0.0147248, 0.991685
30.524, -9.49462, -11.8903, 627.231, 0.120538, 0.0156169, 0.992586
30.644, -9.45757, -11.8903, 630.276, 0.0902827, 0.0266196, 0.99556
30.764, -9.44403, -11.8903, 633.849, 0.0609736, 0.0340256, 0.997559
30.884, -9.6051, -11.8903, 637.949, 0.0188684, 0.0386766, 0.999074
31.004, -9.72191, -11.8903, 642.05, 0.0032031, 0.0298184, 0.99955
31.125, -9.81279, -11.8903, 646.185, 0.00115783, 0.0209283, 0.99978
31.245, -10.1341, -11.8903, 650.04, 0.0180716, 0.0208217, 0.99962
31.365, -10.1733, -11.8903, 651.668, 0.0382273, 0.0238813, 0.998984
31.485, -10.1742, -11.8903, 654.927, 0.061799, 0.0281719, 0.997691
31.605, -10.1867, -11.8903, 658.186, 0.0684945, 0.0108885, 0.997592
31.725, -10.1992, -11.8903, 661.445, 0.0655387, 0.0227682, 0.99759
31.846, -10.2903, -11.8903, 666.002, 0.0248609, 0.0477526, 0.99855
31.966, -10.4416, -11.8903, 670.936, -0.0168846, 0.061724, 0.99795
32.086, -10.5822, -11.8903, 675.87, -0.0363387, 0.0474063, 0.998215
32.206, -10.7228, -11.8903, 680.804, -0.0258478, 0.0287096, 0.999254
32.326, -11.0895, -11.8903, 681.473, 0.0289596, 0.0155343, 0.99946
32.446, -11.1938, -11.8903, 684.974, 0.108278, 0.00604731, 0.994102
32.567, -11.2742, -11.8903, 688.504, 0.147826, 0.00664213, 0.988991
32.687, -11.3577, -11.8903, 692.006, 0.160585, 0.0108887, 0.986962
32.807, -11.4505, -11.8903, 695.507, 0.125082, 0.0088259, 0.992107
32.927, -11.6183, -11.8903, 699.456, 0.0964699, 0.00621955, 0.995316
33.047, -11.5779, -11.8903, 703.558, 0.0565377, 0.00627092, 0.998381
33.167, -11.4992, -11.8903, 707.66, 0.035141, 0.00736346, 0.999355
33.288, -11.4198, -11.8903, 711.796, 0.0480792, -0.00336485, 0.998838
33.408, -11.7674, -11.8903, 714.417, 0.0983904, -0.0167104, 0.995008
33.528, -11.7641, -11.8903, 716.862, 0.145201, -0.0204252, 0.989191
33.648, -11.6771, -11.8903, 720.119, 0.182996, -0.0305892, 0.982638
33.768, -11.5576, -11.8903, 723.376, 0.183484, -0.0320253, 0.982501
33.889, -11.4371, -11.8903, 726.66, 0.171622, -0.0294198, 0.984724
34.009, -11.2946, -11.8903, 730.047, 0.133813, -0.0354392, 0.990373
34.129, -11.0501, -11.8903, 733.818, 0.0994839, -0.03044, 0.994573
34.249, -10.6694, -11.8903, 737.58, 0.081823, -0.0202597, 0.996441
34.369, -10.2777, -11.8903, 741.341, 0.0897861, -0.02712, 0.995592
34.489, -9.70844, -11.8903, 745.077, 0.111575, -0.0363269, 0.993092
34.61, -9.28173, -11.8903, 749.203, 0.138238, -0.0287437, 0.989982
34.73, -9.02008, -11.8903, 753.309, 0.139522, -0.0179928, 0.990056
34.85, -8.81375, -11.8903, 757.418, 0.122061, -8.57269e-005, 0.992523
34.97, -8.60742, -11.8903, 761.527, 0.108685, 0.00940256, 0.994032
35.09, -8.47532, -11.8903, 765.63, 0.0664875, 0.0162102, 0.997656
35.21, -8.48859, -11.8903, 769.733, 0.0209402, 0.00274705, 0.999777
35.331, -8.42423, -11.8903, 773.869, 0.00603586, -0.0110061, 0.999921
35.451, -8.36041, -11.8903, 777.971, -0.00239934, -0.0264189, 0.999648
35.571, -8.87275, -11.8903, 780.356, 0.00885064, -0.00380322, 0.999954
35.691, -8.89121, -11.8903, 781.888, 0.0441466, 0.00525001, 0.999011
35.811, -8.81965, -11.8903, 784.932, 0.087819, 0.0119058, 0.996065
35.931, -8.74691, -11.8903, 787.976, 0.096914, -0.00808644, 0.99526
36.052, -8.65974, -11.8903, 791.045, 0.0742674, 0.00484286, 0.997227
36.172, -8.69578, -11.8903, 796.491, 0.0294186, 0.0220503, 0.999324
36.292, -8.84829, -11.8903, 801.937, 0.0100374, 0.0185232, 0.999778
36.412, -8.97898, -11.8903, 807.382, -0.00724862, 0.00843648, 0.999938
36.532, -9.43752, -11.8903, 811.972, -0.0100895, -0.00499597, 0.999937
36.652, -9.48733, -11.8903, 811.971, 0.0247758, 0.0107631, 0.999635
36.773, -9.54521, -11.8903, 815.264, 0.103544, 0.00696144, 0.994601
36.893, -9.61847, -11.8903, 818.53, 0.15347, 0.00376613, 0.988146
37.013, -9.68949, -11.8903, 821.796, 0.175537, 0.00476993, 0.984461
37.133, -9.76052, -11.8903, 825.061, 0.176868, -0.00109286, 0.984234
37.253, -9.8158, -11.8903, 828.585, 0.143177, 0.00557457, 0.989681
37.374, -9.78725, -11.8903, 832.397, 0.106084, 0.00367431, 0.99435
37.494, -9.63739, -11.8903, 836.175, 0.0940821, -0.00757089, 0.995536
37.614, -9.42906, -11.8903, 839.95, 0.100564, -0.025563, 0.994602
37.734, -9.16489, -11.8903, 843.722, 0.116943, -0.0184092, 0.992968
37.854, -9.50832, -11.8903, 846.787, 0.156345, -0.00658428, 0.987681
37.974, -9.10827, -11.8903, 850.266, 0.183233, -0.0124068, 0.982991
38.095, -8.72106, -11.8903, 853.776, 0.189548, -0.0254016, 0.981543
38.215, -8.33558, -11.8903, 857.257, 0.169519, -0.000642052, 0.985527
38.335, -7.94875, -11.8903, 861.473, 0.0915923, 0.0186462, 0.995622
38.455, -7.8004, -11.8903, 865.949, 0.0430486, 0.0172989, 0.998923
38.575, -7.55137, -11.8903, 870.42, 0.0214018, 0.0263562, 0.999424
38.695, -7.28404, -11.8903, 874.89, 0.0312981, 0.00930473, 0.999467
38.816, -7.9172, -11.8903, 877.656, 0.0626368, -0.00805507, 0.998004
38.936, -7.76211, -11.8903, 880.095, 0.0975692, -0.00905925, 0.995187
39.056, -7.52737, -11.8903, 883.346, 0.115959, -0.00976896, 0.993206
39.176, -7.29264, -11.8903, 886.596, 0.108247, -0.00553133, 0.994109
39.296, -7.0579, -11.8903, 889.847, 0.086755, 0.00192154, 0.996228
39.416, -6.81426, -11.8903, 893.525, 0.0460677, -0.00176134, 0.998937
39.537, -6.57661, -11.8903, 897.667, -0.0019927, -0.00963434, 0.999952
39.657, -6.21249, -11.8903, 901.766, -0.0161336, -0.0171732, 0.999722
39.777, -5.84836, -11.8903, 905.864, -0.0175587, -0.0221698, 0.9996
39.897, -6.28658, -11.8903, 909.212, -6.4061e-005, -0.00930992, 0.999957
40.017, -6.27628, -11.8903, 909.967, 0.040853, -0.000554739, 0.999165
40.137, -5.99627, -11.8903, 912.999, 0.065769, 0.00331366, 0.997829
40.258, -5.78302, -11.8903, 916.062, 0.0613338, -0.0276081, 0.997735
40.378, -5.58081, -11.8903, 919.1, 0.0390462, -0.0458255, 0.998186
40.498, -5.38634, -11.8903, 922.139, 0.0209752, -0.0493382, 0.998562
40.618, -5.19283, -11.8903, 925.731, -0.0195216, -0.0400177, 0.999008
40.738, -4.91603, -11.8903, 929.501, -0.0452987, -0.0115171, 0.998907
40.859, -4.62598, -11.8903, 933.303, -0.0494198, -0.0121279, 0.998704
40.979, -4.33834, -11.8903, 937.073, -0.0536698, -0.022104, 0.998314
41.099, -5.06721, -11.8903, 940.039, -0.0324518, -0.00892926, 0.999433
41.219, -4.50395, -11.8903, 943.496, -0.00446966, -0.0114041, 0.999925
41.339, -3.91085, -11.8903, 946.947, -0.00479409, -0.0415303, 0.999126
41.459, -3.34876, -11.8903, 950.404, 0.106173, -0.383968, 0.917222
41.58, -2.78198, -11.8903, 953.89, 0.0776245, -0.373252, 0.924477
41.7, -2.24004, -11.8903, 957.35, -0.0912721, -0.0777042, 0.99279
41.82, -1.81798, -11.8916, 960.581, -0.0762618, -0.0833213, 0.9936
41.94, -1.55397, -11.8916, 963.829, -0.0358404, -0.0794623, 0.996193
42.06, -1.33837, -11.8916, 967.081, -0.0145921, -0.0648291, 0.99779
42.18, -1.12958, -11.8916, 970.334, 0.00541159, -0.0351073, 0.999369
42.301, -0.9077, -11.8916, 973.879, 0.0472171, -0.0146505, 0.998777
42.421, -0.690125, -11.8916, 977.663, 0.0669539, -0.00654371, 0.997735
42.541, -0.479953, -11.8916, 981.449, 0.0827059, -0.00944678, 0.996529
42.661, -0.269781, -11.8916, 985.234, 0.0697132, -0.0124126, 0.99749
42.781, -0.0644687, -11.8916, 989.019, 0.0392169, -0.00947989, 0.999186
42.901, -1.42706, -11.8916, 991.142, 0.00565142, -0.00915942, 0.999942
43.022, -1.2272, -11.8916, 994.422, -0.0222581, -0.0045939, 0.999742
43.142, -1.02469, -11.8916, 997.674, -0.0300927, -0.00913464, 0.999505
43.262, -0.82218, -11.8916, 1000.93, -0.0190894, -0.00538504, 0.999803
43.382, -0.587571, -11.8916, 1004.18, 0.0280939, 0.00923904, 0.999563
43.502, -0.304844, -11.8916, 1007.95, 0.0826305, 0.0130562, 0.996495
43.623, -0.0577787, -11.8916, 1011.75, 0.101512, 0.0108836, 0.994775
43.743, 0.187245, -11.8916, 1015.52, 0.100135, 0.0136657, 0.99488
43.863, 0.430091, -11.8916, 1019.3, 0.0596334, 0.0267765, 0.997861
43.983, 0.640193, -11.8916, 1023.31, 0.0147481, 0.0315098, 0.999395
44.103, 0.77274, -11.8916, 1027.42, -0.0325375, 0.035871, 0.998827
44.223, 0.921412, -11.8916, 1031.52, -0.0389267, 0.0380958, 0.998516
44.344, 1.07132, -11.8916, 1035.65, -0.0218556, 0.0326596, 0.999228
44.464, 0.0845625, -11.8916, 1038.25, 0.0114581, 0.0233082, 0.999663
44.584, 0.215157, -11.8916, 1041.75, 0.0421675, 0.0108067, 0.999052
44.704, 0.323952, -11.8916, 1045.25, 0.0546321, 0.00907333, 0.998465
44.824, 0.420291, -11.8916, 1048.75, 0.0559337, 0.0070133, 0.99841
44.944, 0.51663, -11.8916, 1052.25, 0.0355904, 0.00813804, 0.999333
45.065, 0.558972, -11.8916, 1056.24, -0.0148089, 0.0246744, 0.999586
45.185, 0.525121, -11.8916, 1060.36, -0.0441138, 0.0322401, 0.998506
45.305, 0.555699, -11.8916, 1064.47, -0.04949, 0.0425153, 0.997869
45.425, 0.586276, -11.8916, 1068.59, -0.0353291, 0.0396428, 0.998589
45.545, -0.513307, -11.8916, 1072.03, 0.00413453, 0.0415213, 0.999129
45.665, -0.524223, -11.8916, 1075.81, 0.0485923, 0.0349524, 0.998207
45.786, -0.528671, -11.8916, 1079.62, 0.0710977, 0.0260541, 0.997129
45.906, -0.527455, -11.8916, 1083.4, 0.0699344, 0.0291794, 0.997125
46.026, -0.52624, -11.8916, 1087.18, 0.052038, 0.0316772, 0.998143
46.146, -0.551975, -11.8916, 1090.96, 0.00576809, 0.0227778, 0.999724
46.266, -0.584382, -11.8916, 1094.74, -0.0410773, 0.0304163, 0.998693
46.386, -0.606013, -11.8916, 1098.52, -0.0518363, 0.0252015, 0.998338
46.507, -0.624889, -11.8916, 1102.33, -0.0394242, 0.0210176, 0.999002
46.627, -1.64931, -11.8916, 1105.7, 0.0153142, 0.0221873, 0.999636
46.747, -1.59507, -11.8916, 1109.21, 0.0638166, 0.0247981, 0.997653
46.867, -1.50882, -11.8916, 1112.71, 0.102267, 0.0237484, 0.994473
46.987, -1.42169, -11.8916, 1116.21, 0.106256, 0.0264153, 0.993988
47.108, -1.33383, -11.8916, 1119.74, 0.0697589, 0.0584033, 0.995853
47.228, -1.25651, -11.8916, 1123.24, 0.00886062, 0.0756869, 0.997092
47.348, -1.14542, -11.8916, 1126.74, -0.0297501, 0.0932014, 0.995203
47.468, -0.9908, -11.8916, 1130.24, -0.0541012, 0.0890506, 0.994557
47.588, -0.836178, -11.8916, 1133.74, -0.050213, 0.0817732, 0.995385
47.708, -0.684654, -11.8916, 1137.24, -0.0142288, 0.0901257, 0.995829
47.829, -0.546013, -11.8916, 1140.99, 0.0397945, 0.0815525, 0.995874
47.949, -0.409914, -11.8916, 1144.78, 0.0650148, 0.0681457, 0.995555
48.069, -0.274108, -11.8916, 1148.56, 0.0760604, 0.0422357, 0.996208
48.189, -0.138303, -11.8916, 1152.35, 0.0548608, 0.0492188, 0.99728
48.309, -0.0376219, -11.8916, 1156.3, 0.00408583, 0.0584825, 0.99828
48.429, 0.129748, -11.8916, 1160.4, -0.0222251, 0.0373808, 0.999054
48.55, 0.375551, -11.8916, 1164.53, -0.0206135, 0.0323699, 0.999263
48.67, 0.619322, -11.8916, 1168.62, 0.00405455, 0.010758, 0.999934
48.79, -0.218558, -11.8916, 1171.92, 0.031523, 0.00928514, 0.99946
48.91, -0.11793, -11.8916, 1175.7, 0.0703601, 0.0215763, 0.997288
49.03, -0.15515, -11.8916, 1179.48, 0.337654, -0.457029, 0.82287
49.15, -0.20765, -11.8916, 1183.26, 0.329346, -0.45446, 0.827646
49.271, -0.260586, -11.8916, 1187.07, 0.326096, -0.453595, 0.829405
49.391, -1.85209, -11.8916, 1190.01, 0.0409901, 0.0158488, 0.999034
49.511, -1.94961, -11.8916, 1193.51, -0.014004, 0.00587106, 0.999885
49.631, -1.97049, -11.8916, 1197.01, -0.0510191, 0.00266796, 0.998694
49.751, -1.97999, -11.8916, 1200.51, -0.0443954, 0.00668068, 0.998992
49.871, -1.95229, -11.8916, 1204.02, -0.00266896, 0.000925218, 0.999996
49.992, -1.72051, -11.8916, 1208.16, 0.0575833, -0.008793, 0.998302
50.112, -1.32564, -11.8916, 1212.25, 0.0743416, -0.00743667, 0.997205
50.232, -0.926182, -11.8916, 1216.35, 0.0681963, -0.00533062, 0.997658
50.352, -0.526727, -11.8916, 1220.44, 0.0613044, -0.0175978, 0.997964
50.472, -1.64441, -11.8916, 1222.93, 0.039433, -0.00389836, 0.999215
50.593, -1.42877, -11.8916, 1226.46, 0.00252212, 0.011301, 0.999933
50.713, -1.27437, -11.8916, 1229.96, -0.0114969, 0.0165042, 0.999798
50.833, -1.11597, -11.8916, 1233.46, 0.0112573, 0.00269284, 0.999933
50.953, -0.952247, -11.8916, 1237.2, 0.0410967, 0.0186378, 0.998981
51.073, -0.742735, -11.8916, 1241.67, 0.0880429, 0.0189618, 0.995936
51.193, -0.665551, -11.8916, 1246.15, 0.111412, 0.0214164, 0.993544
51.314, -0.633952, -11.8916, 1250.66, 0.347872, -0.46186, 0.815886
51.434, -33.1759, -11.8916, 1230.62, 0.315472, -0.452525, 0.834086
51.554, -2.05984, -11.8916, 1256.19, 0.040187, 0.0151978, 0.999077
51.674, -1.82923, -11.8916, 1259.69, -0.0143207, 0.024255, 0.999603
51.794, -1.52561, -11.8916, 1263.18, -0.0202691, 0.0224502, 0.999542
51.914, -1.2, -11.8916, 1266.66, 0.00868812, 0.017991, 0.9998
52.035, -0.774408, -11.8916, 1270.17, 0.0597243, 0.0398771, 0.997418
52.155, -0.112615, -11.8916, 1273.89, 0.322502, -0.453651, 0.830779
52.275, 0.453596, -11.8916, 1277.63, 0.348691, -0.460628, 0.816233
52.395, 1.01981, -11.8916, 1281.37, 0.349786, -0.460717, 0.815714
52.515, 1.58334, -11.8916, 1285.11, 0.339411, -0.458158, 0.821518
52.635, 2.1276, -11.8916, 1289.1, 0.055639, 0.0297257, 0.998008
52.756, 2.47093, -11.8916, 1293.23, 0.0138905, 0.0266864, 0.999547
52.876, 2.80735, -11.8916, 1297.33, 0.000737145, 0.019583, 0.999808
52.996, 3.15449, -11.8916, 1301.43, 0.0124429, 0.0092726, 0.99988
53.116, 3.73458, -11.8916, 1305.5, 0.0439144, 0.0150107, 0.998923
53.236, 4.3154, -11.8916, 1309.56, 0.296617, -0.447293, 0.843769
53.357, 4.8725, -11.8916, 1313.66, 0.295979, -0.4469, 0.844202
53.477, 5.425, -11.8916, 1317.73, 0.290985, -0.445353, 0.846751
53.597, 4.14988, -11.8916, 1321.33, 0.0403814, 0.027056, 0.998818
53.717, 4.61733, -11.8916, 1325.08, 0.01459, 0.0229728, 0.99963
53.837, 4.96986, -11.8916, 1328.85, -0.00995764, 0.0219826, 0.999709
53.957, 5.29522, -11.8916, 1332.62, -0.0052278, 0.00962762, 0.99994
54.128, 5.77001, -11.8916, 1337.98, 0.0156298, 0.0312298, 0.99939
54.278, 6.20013, -11.8916, 1342.57, 0.0579243, 0.0285775, 0.997912
54.398, 6.42549, -11.8916, 1346.24, 0.321157, -0.454263, 0.830966
54.518, 6.64617, -11.8916, 1349.92, 0.327026, -0.45583, 0.827812
54.638, 6.86686, -11.8916, 1353.6, 0.314435, -0.452418, 0.834535
54.759, 7.12807, -11.8916, 1357.99, 0.0355423, 0.0238865, 0.999083
54.879, 7.43411, -11.8916, 1362.33, 0.00655313, 0.0291674, 0.999553
54.999, 7.80519, -11.8916, 1366.68, -0.00979545, 0.0207604, 0.999736
55.119, 8.17626, -11.8916, 1371.02, -0.00441347, 0.0101446, 0.999939
55.239, 6.91054, -11.8916, 1372.56, 0.0181277, 0.0249429, 0.999524
55.359, 7.23848, -11.8916, 1375.8, 0.0647218, 0.0215036, 0.997672
55.48, 7.46207, -11.8916, 1379.08, 0.335388, -0.457348, 0.823619
55.6, 7.68282, -11.8916, 1382.33, 0.346706, -0.460222, 0.817307
55.72, 7.90314, -11.8916, 1385.58, 0.332025, -0.456464, 0.82547
55.84, 8.07379, -11.8916, 1390.06, 0.0376222, 0.0329028, 0.99875
55.96, 8.17922, -11.8916, 1394.53, -0.000616792, 0.0452183, 0.998977
56.08, 8.31746, -11.8916, 1399.01, -0.0148562, 0.0434153, 0.998947
56.201, 8.45685, -11.8916, 1403.52, -0.00724786, 0.0323639, 0.99945
56.321, 6.96725, -11.8916, 1405.2, 0.0396787, 0.0353967, 0.998585
56.441, 7.12483, -11.8916, 1408.46, 0.334118, -0.457991, 0.823778
56.561, 7.23225, -11.8916, 1411.71, 0.378887, -0.469073, 0.797756
56.681, 7.34134, -11.8916, 1414.97, 0.384039, -0.470136, 0.794661
56.801, 7.44967, -11.8916, 1418.23, 0.365722, -0.465752, 0.805805
56.922, 7.51287, -11.8916, 1422.76, 0.0524853, 0.0365022, 0.997954
57.042, 7.5348, -11.8916, 1427.25, 0.0294061, 0.0423108, 0.998672
57.162, 7.61291, -11.8916, 1431.74, 0.0218631, 0.0302505, 0.999303
57.282, 7.69102, -11.8916, 1436.23, 0.0225091, 0.0239027, 0.999461
57.402, 6.22965, -11.8916, 1436.91, 0.0456408, 0.0282349, 0.998559
57.522, 6.33679, -11.8916, 1440.17, 0.326651, -0.456327, 0.827687
57.643, 6.42354, -11.8916, 1443.45, 0.119501, 0.0248778, 0.992522
57.763, 6.50877, -11.8916, 1446.71, 0.138922, 0.0131027, 0.990217
57.883, 6.594, -11.8916, 1449.97, 0.131273, 0.00697705, 0.991322
58.003, 6.68863, -11.8916, 1453.29, 0.0922054, 0.0197587, 0.995544
58.123, 6.82961, -11.8916, 1456.78, 0.059673, 0.0235767, 0.99794
58.244, 7.10222, -11.8916, 1460.31, 0.0523136, 0.0268377, 0.99827
58.364, 7.37258, -11.8916, 1463.8, 0.0721034, 0.0165767, 0.997259
58.484, 7.63911, -11.8916, 1467.53, 0.114652, 0.0211881, 0.99318
58.604, 8.04579, -11.8916, 1471.99, 0.141616, 0.0143127, 0.989818
58.724, 8.56042, -11.8916, 1476.44, 0.157017, 0.0165816, 0.987457
58.844, 9.09768, -11.8916, 1480.89, 0.152929, 0.0221756, 0.987988
58.965, 9.65648, -11.8916, 1485.37, 0.126703, 0.0376661, 0.991225
59.085, 8.14497, -11.8916, 1488.91, 0.0813853, 0.0368326, 0.996002
59.205, 8.39434, -11.8916, 1492.68, 0.0456731, 0.0230976, 0.998689
59.325, 8.70905, -11.8916, 1496.45, 0.0135131, 0.00207351, 0.999907
59.445, 9.03339, -11.8916, 1500.22, 0.011203, -0.00633607, 0.999917
59.565, 9.35774, -11.8916, 1503.98, 0.029288, -0.00473484, 0.99956
59.686, 8.09701, -11.8916, 1506.21, 0.0733389, 0.00914244, 0.997265
59.806, 8.29485, -11.8916, 1509.26, 0.103208, 0.00971737, 0.994612
59.926, 8.48075, -11.8916, 1512.3, 0.120949, 0.00143648, 0.992658
60.046, 8.66665, -11.8916, 1515.35, 0.111498, 0.00664175, 0.993742
60.166, 8.85984, -11.8916, 1518.4, 0.0827549, 0.007545, 0.996541
60.286, 9.09129, -11.8916, 1522.17, 0.041319, 0.0168727, 0.999004
60.407, 9.33095, -11.8916, 1525.97, 0.02727, 0.0214385, 0.999398
60.527, 9.57499, -11.8916, 1529.75, 0.0361029, 0.0197621, 0.999153
60.647, 9.81903, -11.8916, 1533.52, 0.0602669, 0.0248633, 0.997873
60.767, 10.0372, -11.8916, 1537.54, 0.126821, 0.0394569, 0.991141
60.887, 10.2972, -11.8916, 1541.63, 0.175636, 0.0472734, 0.983319
61.008, 10.5741, -11.8916, 1545.76, 0.190051, 0.049853, 0.980508
61.128, 10.8488, -11.8916, 1549.85, 0.169888, 0.0549533, 0.98393
61.248, 9.00551, -11.8916, 1552.62, 0.112008, 0.0703659, 0.991213
61.368, 9.2032, -11.8916, 1556.12, 0.0606912, 0.0578579, 0.996478
61.488, 9.43485, -11.8916, 1559.61, 0.0179491, 0.0534636, 0.998408
61.608, 9.67307, -11.8916, 1563.11, 0.010373, 0.0329025, 0.999405
61.729, 9.91327, -11.8916, 1566.63, 0.023718, 0.0291391, 0.999294
61.849, 10.1494, -11.8916, 1570.26, 0.0716578, 0.0514388, 0.996102
61.969, 10.3139, -11.8916, 1574.04, 0.100478, 0.0790069, 0.991797
62.089, 10.4445, -11.8916, 1577.82, 0.127468, 0.0922189, 0.987546
62.209, 10.5751, -11.8916, 1581.6, 0.127755, 0.0941086, 0.987331
62.329, 10.7057, -11.8916, 1585.38, 0.0965641, 0.0959035, 0.990696
62.45, 10.8625, -11.8916, 1588.98, 0.0388608, 0.103183, 0.993903
62.57, 11.0159, -11.8916, 1592.49, 0.00399346, 0.110188, 0.993903
62.69, 11.1702, -11.8916, 1596, 0.00139293, 0.111307, 0.993785
62.81, 11.3246, -11.8916, 1599.5, 0.0140062, 0.11635, 0.99311
62.93, 11.6654, -11.8916, 1603.73, 0.0571923, 0.121349, 0.990961
63.05, 12.1629, -11.8916, 1608.18, 0.0940209, 0.116173, 0.988769
63.171, 12.7177, -11.8916, 1612.66, 0.114462, 0.0986243, 0.98852
63.291, 13.2791, -11.8916, 1617.1, 0.111804, 0.078386, 0.990634
63.411, 11.6699, -11.8916, 1621.17, 0.0919477, 0.0718544, 0.993168
63.531, 11.9558, -11.8916, 1625.26, 0.0488082, 0.0671386, 0.996549
63.651, 12.2694, -11.8916, 1629.35, 0.0242151, 0.046243, 0.998637
63.771, 12.6025, -11.8916, 1633.44, 0.0256959, 0.0398489, 0.998875
63.892, 11.2402, -11.8916, 1637.51, 0.0477721, 0.0445744, 0.997863
64.012, 11.4067, -11.8916, 1640.14, 0.0971476, 0.0424663, 0.994364
64.132, 11.5947, -11.8916, 1643.64, 0.121054, 0.0225916, 0.992389
64.252, 11.7283, -11.8916, 1647.14, 0.130231, 0.0245174, 0.99118
64.372, 11.8619, -11.8916, 1650.64, 0.122795, 0.0280432, 0.992036
64.493, 12.0227, -11.8916, 1654.17, 0.0828277, 0.0339291, 0.995986
64.613, 12.0791, -11.8916, 1657.68, 0.0387111, 0.0271882, 0.998881
64.733, 12.2136, -11.8916, 1661.18, 0.0169621, 0.0199099, 0.999658
64.853, 12.4192, -11.8916, 1664.69, 0.012373, 0.0193002, 0.999737
64.973, 12.6807, -11.8916, 1668.19, 0.0174828, 0.045142, 0.998828
65.093, 12.9327, -11.8916, 1671.69, 0.0557115, 0.0818467, 0.995087
65.214, 13.1482, -11.8916, 1675.22, 0.120718, 0.0934638, 0.988277
65.334, 13.3607, -11.8916, 1678.71, 0.144397, 0.087993, 0.9856
65.454, 13.5933, -11.8916, 1682.21, 0.125455, 0.071038, 0.989553
65.574, 13.826, -11.8916, 1685.7, 0.0826084, 0.0562314, 0.994994
65.694, 14.0626, -11.8916, 1689.2, 0.0211496, 0.0390314, 0.999014
65.814, 14.2723, -11.8916, 1692.69, -0.0178795, 0.028879, 0.999423
65.935, 14.4323, -11.8916, 1696.22, -0.0381525, 0.025645, 0.998943
66.055, 14.5755, -11.8916, 1699.72, -0.0304408, 0.0112744, 0.999473
66.175, 14.7135, -11.8916, 1703.22, -0.00504315, 0.026981, 0.999623
66.295, 14.851, -11.8916, 1707, 0.0441761, 0.0370656, 0.998336
66.415, 14.9979, -11.8916, 1710.78, 0.0835671, 0.0240669, 0.996211
66.535, 15.1449, -11.8916, 1714.55, 0.094815, 0.0227535, 0.995235
66.656, 15.2931, -11.8916, 1718.36, 0.074122, 0.0219268, 0.997008
66.776, 15.3906, -11.8916, 1722.14, 0.0354328, 0.0393222, 0.998598
66.896, 15.3928, -11.8916, 1725.92, -0.000769333, 0.0464499, 0.99892
67.016, 15.4414, -11.8916, 1729.7, -0.0238217, 0.0370749, 0.999029
67.136, 15.49, -11.8916, 1733.48, -0.00933557, 0.0281378, 0.99956
67.256, 15.5386, -11.8916, 1737.27, 0.0307546, 0.0186817, 0.999352
67.377, 15.5353, -11.8916, 1741.09, 0.0757231, 0.0240349, 0.996839
67.497, 15.5874, -11.8916, 1744.88, 0.0919672, 0.0153463, 0.995644
67.617, 15.6473, -11.8916, 1748.67, 0.0925388, -0.00110834, 0.995708
67.737, 15.7072, -11.8916, 1752.46, 0.0772021, 0.00400127, 0.997007
67.857, 13.5252, -11.8916, 1755.32, 0.0452711, 0.0107075, 0.998917
67.978, 13.5955, -11.8916, 1758.61, 0.00366939, 0.0297486, 0.999551
68.098, 13.7523, -11.8916, 1761.86, -0.0058091, 0.027728, 0.999599
68.218, 13.9299, -11.8916, 1765.12, 0.010703, 0.021732, 0.999707
68.338, 14.1132, -11.8916, 1768.37, 0.0355082, 0.0338453, 0.998796
68.458, 14.3537, -11.8916, 1771.88, 0.0697843, 0.0306628, 0.997091
68.578, 14.4698, -11.8916, 1775.66, 0.090604, 0.0297495, 0.995443
68.699, 14.556, -11.8916, 1779.47, 0.0942222, 0.0289036, 0.995132
68.819, 14.6414, -11.8916, 1783.25, 0.0898792, 0.0161054, 0.995822
68.939, 14.7266, -11.8916, 1787.03, 0.0621115, 0.0265922, 0.997715
69.059, 14.7684, -11.8916, 1790.81, 0.0111402, 0.0224789, 0.999685
69.179, 14.8958, -11.8916, 1794.59, -0.0308303, 0.0245001, 0.999224
69.299, 15.0431, -11.8916, 1798.37, -0.0423947, 0.0265791, 0.998747
69.42, 15.1852, -11.8916, 1802.18, -0.0243522, 0.0306336, 0.999234
69.54, 15.2911, -11.8916, 1806.2, 0.0139661, 0.0299794, 0.999453
69.66, 15.3627, -11.8916, 1810.3, 0.0336886, 0.0244407, 0.999133
69.78, 15.4295, -11.8916, 1814.4, 0.0438006, 0.0206852, 0.998826
69.9, 15.4963, -11.8916, 1818.51, 0.0358471, 0.0182302, 0.999191
70.02, 15.5044, -11.8916, 1822.53, 0.0101119, 0.0271432, 0.99958
70.141, 15.5982, -11.8916, 1826.35, -0.0216299, 0.0324079, 0.999241
70.261, 15.7713, -11.8916, 1830.14, -0.0383187, 0.03961, 0.99848
70.381, 15.9504, -11.8916, 1833.93, -0.0408171, 0.0721505, 0.996558
70.501, 16.1697, -11.8916, 1837.71, -0.0262153, 0.0700154, 0.997201
70.621, 16.628, -11.8916, 1841.79, 0.00826242, 0.060898, 0.99811
70.742, 17.0196, -11.8916, 1845.9, 0.0192893, 0.053743, 0.998368
70.862, 17.4079, -11.8916, 1849.99, 0.245695, -0.429596, 0.868954
70.982, 17.7963, -11.8916, 1854.07, 0.258504, -0.433394, 0.863334
71.102, 15.8471, -11.8916, 1855.36, 0.0220697, 0.0373733, 0.999058
71.222, 16.1442, -11.8916, 1858.61, -0.000888646, 0.0325095, 0.999471
71.342, 16.3289, -11.8916, 1861.86, -0.00586461, 0.0277727, 0.999597
71.463, 16.5115, -11.8916, 1865.14, -0.00389051, 0.0298697, 0.999546
71.583, 16.6808, -11.8916, 1868.4, 0.0197651, 0.0224589, 0.999552
71.703, 17.0801, -11.8916, 1872.86, 0.048939, 0.0136828, 0.998708
71.823, 17.5041, -11.8916, 1877.32, 0.067251, 0.0061315, 0.997717
71.943, 17.9182, -11.8916, 1881.77, 0.0707759, -0.000874452, 0.997492
72.063, 18.3324, -11.8916, 1886.23, 0.0702672, 0.0102055, 0.997476
72.184, 16.6353, -11.8916, 1888.97, 0.0414025, 0.031778, 0.998637
72.304, 16.8387, -11.8916, 1892.48, -0.00484737, 0.0432775, 0.999051
72.424, 17.0538, -11.8916, 1895.98, -0.016927, 0.0486069, 0.998675
72.544, 17.2524, -11.8916, 1899.49, -0.01248, 0.0423462, 0.999025
72.664, 17.4511, -11.8916, 1902.99, -0.0014308, 0.0385803, 0.999254
72.784, 17.6492, -11.8916, 1906.5, 0.0470933, 0.045627, 0.997848
72.905, 17.8893, -11.8916, 1910.02, 0.0972788, 0.0412672, 0.994401
73.025, 18.0921, -11.8916, 1913.52, 0.108138, 0.02485, 0.993825
73.145, 18.2949, -11.8916, 1917.01, 0.0888644, 0.0144609, 0.995939
73.265, 18.4971, -11.8916, 1920.51, 0.0656349, 0.0186306, 0.99767
73.385, 18.7186, -11.8916, 1924, 0.0265901, 0.00120836, 0.999646
73.505, 18.9329, -11.8916, 1927.5, -0.00767575, 0.00801314, 0.999938
73.626, 19.143, -11.8916, 1931.02, -0.0172638, -0.00422049, 0.999842
73.746, 19.3513, -11.8916, 1934.52, -0.0208889, -0.0016135, 0.999781
73.866, 19.5543, -11.8907, 1938.09, -0.00415191, -0.00890053, 0.999952
73.986, 19.6296, -11.8907, 1941.87, 0.0220366, -0.0233819, 0.999484
74.106, 19.6101, -11.8907, 1945.65, 0.0231058, -0.030195, 0.999277
74.227, 19.5904, -11.8907, 1949.46, 0.00813756, -0.0171525, 0.99982
74.347, 19.5165, -11.8993, 1953.24, -0.0375082, -0.0113341, 0.999232
74.467, 19.4643, -11.8993, 1957.34, -0.069667, -0.0134025, 0.99748
74.587, 19.4514, -11.8993, 1961.45, -0.0930246, -0.037543, 0.994956
74.707, 19.4542, -11.8993, 1965.55, -0.103911, -0.0355679, 0.99395
74.827, 19.457, -11.8993, 1969.65, -0.107885, -0.0302824, 0.993702
74.948, 17.786, -11.8993, 1973.25, -0.0886649, -0.027454, 0.995683
75.068, 17.6509, -11.8993, 1976.75, -0.0736083, -0.0260424, 0.996947
75.188, 17.4395, -11.8993, 1980.26, -0.0784088, -0.0397406, 0.996129
75.308, 17.2281, -11.8993, 1983.76, -0.0915348, -0.0470206, 0.994691
75.428, 17.0166, -11.8993, 1987.27, -0.11909, -0.036911, 0.992197
75.548, 16.7756, -11.8993, 1990.97, -0.162098, -0.0340752, 0.986186
75.669, 16.5126, -11.8993, 1994.78, -0.181105, -0.0378978, 0.982733
75.789, 16.2756, -11.8993, 1998.55, -0.182126, -0.0410006, 0.98242
75.909, 16.0386, -11.8993, 2002.32, -0.168415, -0.0336944, 0.98514
76.029, 15.8046, -11.8993, 2006.1, -0.149882, -0.0249558, 0.988389
76.149, 15.6415, -11.8993, 2009.87, -0.122378, -0.0316077, 0.99198
76.269, 15.4744, -11.8993, 2013.65, -0.106647, -0.0311354, 0.993809
76.39, 15.2939, -11.8993, 2017.46, -0.0996699, -0.0290676, 0.994596
76.51, 15.115, -11.8993, 2021.24, -0.0941355, -0.0147508, 0.99545
76.63, 12.8106, -11.8993, 2024.53, -0.117148, -0.00667705, 0.993092
76.75, 12.6019, -11.8993, 2028.03, -0.163466, 0.0130518, 0.986463
76.87, 12.3605, -11.8993, 2031.52, -0.183825, 0.000617251, 0.982959
76.99, 12.1178, -11.8993, 2035.02, -0.178036, -0.0101502, 0.983972
77.111, 11.8647, -11.8993, 2038.54, -0.13595, -0.00124945, 0.990715
77.231, 11.6291, -11.8993, 2042.31, -0.088108, -0.000178204, 0.996111
77.351, 11.4208, -11.8993, 2046.09, -0.04389, -0.0027749, 0.999033
77.471, 11.2082, -11.8993, 2049.86, -0.0319757, -0.00671757, 0.999466
77.591, 10.9956, -11.8993, 2053.64, -0.0357382, -0.0090948, 0.99932
77.712, 10.7728, -11.8993, 2057.38, -0.055749, -0.00101975, 0.998444
77.832, 10.521, -11.8993, 2060.88, -0.0788551, 0.013879, 0.99679
77.952, 10.2598, -11.8993, 2064.38, -0.0976468, 0.00375145, 0.995214
78.072, 9.95858, -11.8993, 2067.88, -0.079088, 0.0048852, 0.996856
78.192, 9.6313, -11.8993, 2071.61, -0.0379422, 0.00668021, 0.999258
78.312, 9.32299, -11.8993, 2076.08, 0.0431331, -0.00178043, 0.999068
78.433, 9.04751, -11.8993, 2080.59, 0.0922697, -0.0101951, 0.995682
78.553, 8.77431, -11.8993, 2085.06, 0.0994747, -0.0110101, 0.994979
78.673, 6.45788, -11.8993, 2089.2, 0.0805198, 0.00199612, 0.996751
78.793, 6.39858, -11.8993, 2090.93, 0.0618448, 0.012384, 0.998009
78.913, 6.39037, -11.8993, 2094.43, 0.0378916, 0.0143559, 0.999179
79.033, 6.5052, -11.8993, 2097.93, 0.0382406, 0.0279851, 0.998877
79.154, 6.64584, -11.8993, 2101.46, 0.0590758, 0.0154869, 0.998133
79.274, 6.84019, -11.8993, 2105.11, 0.0950705, 0.0294244, 0.995036
79.394, 7.22105, -11.8993, 2109.19, 0.124696, 0.0386607, 0.991441
79.514, 7.6191, -11.8993, 2113.27, 0.129517, 0.040788, 0.990738
79.634, 8.01714, -11.8993, 2117.36, 0.128732, 0.0341215, 0.991092
79.754, 8.41801, -11.8993, 2121.44, 0.118616, 0.02675, 0.99258
79.875, 8.77568, -11.8993, 2125.33, 0.0753662, 0.022045, 0.996912
79.995, 8.95478, -11.8993, 2129.11, 0.0547613, 0.0173965, 0.998348
80.115, 9.11251, -11.8993, 2132.9, 0.0475767, 0.00665134, 0.998845
80.235, 9.27025, -11.8993, 2136.69, 0.0608981, -0.00516774, 0.998131
80.355, 9.39598, -11.8993, 2140.63, 0.0856036, -0.0140304, 0.996231
80.475, 9.59286, -11.8993, 2144.73, 0.106122, -0.0331962, 0.993799
80.596, 9.73961, -11.8993, 2148.87, 0.107953, -0.0252024, 0.993836
80.716, 9.88515, -11.8993, 2152.97, 0.0915801, -0.0237163, 0.995515
80.836, 8.01805, -11.8993, 2157.16, 0.0608822, -0.0137933, 0.99805
80.956, 8.15056, -11.8993, 2159.78, 0.0331222, -0.00343126, 0.999445
81.076, 8.21674, -11.8993, 2163.28, 0.00914217, 0.00728461, 0.999932
81.197, 8.29271, -11.8993, 2166.81, 0.0237411, 0.00431201, 0.999709
81.317, 8.36804, -11.8993, 2170.32, 0.0521085, 0.0152639, 0.998525
81.437, 8.43249, -11.8993, 2174.55, 0.0938618, 0.00938245, 0.995541
81.557, 8.58348, -11.8993, 2179.03, 0.107029, 0.00477085, 0.994244
81.677, 8.78487, -11.8993, 2183.5, 0.116525, -0.0129209, 0.993104
81.797, 8.98625, -11.8993, 2187.97, 0.109591, -0.0105539, 0.993921
81.918, 7.07612, -11.8993, 2192.35, 0.0859066, -0.0100842, 0.996252
82.038, 7.24134, -11.8993, 2196.13, 0.0454366, -0.00809082, 0.998934
82.158, 7.40095, -11.8993, 2199.92, 0.0273416, -0.0117071, 0.999558
82.278, 7.56322, -11.8993, 2203.71, 0.0395834, -0.0160305, 0.999088
82.398, 7.71404, -11.8993, 2207.5, 0.0863028, -0.0162073, 0.996137
82.518, 6.32441, -11.8993, 2211.4, 0.131088, -0.0152902, 0.991253
82.639, 6.29184, -11.8993, 2214.93, 0.161441, -0.0175793, 0.986726
82.759, 6.18774, -11.8993, 2218.43, 0.158107, -0.0168185, 0.987279
82.879, 6.08363, -11.8993, 2221.93, 0.140759, -0.0099332, 0.989994
82.999, 5.98507, -11.8993, 2225.43, 0.109937, -0.0105541, 0.993882
83.119, 5.91162, -11.8993, 2229.21, 0.0771395, -0.00459239, 0.99701
83.239, 5.92823, -11.8993, 2232.99, 0.0450103, -0.000628684, 0.998986
83.36, 6.04097, -11.8993, 2236.8, 0.0384979, 0.00565205, 0.999243
83.48, 6.15277, -11.8993, 2240.58, 0.0384708, -0.00105197, 0.999259
83.6, 4.9833, -11.8993, 2243.27, 0.0794657, -0.0153962, 0.996719
83.72, 4.95742, -11.8993, 2246.52, 0.119665, -0.0227625, 0.992553
83.84, 4.8747, -11.8993, 2249.78, 0.125884, -0.0213722, 0.991815
83.961, 4.79128, -11.8993, 2253.07, 0.104767, -0.00755764, 0.994468
84.081, 4.69523, -11.8993, 2256.74, 0.077117, 0.007379, 0.996995
84.201, 4.77605, -11.8993, 2261.66, 0.0275611, 0.0248364, 0.999312
84.321, 4.86459, -11.8993, 2266.58, -0.0037563, 0.0352412, 0.999372
84.441, 4.9546, -11.8993, 2271.5, -0.0226749, 0.0333711, 0.999186
84.561, 4.16207, -11.8993, 2275.74, -0.0285087, 0.0183728, 0.999425
84.682, 4.16207, -11.8993, 2275.74, -0.0136906, 0.00895335, 0.999866
84.802, 4.12226, -11.8993, 2277.1, 0.031208, 0.00944929, 0.999468
84.922, 4.05958, -11.8993, 2279.78, 0.0449076, 0.0154135, 0.998872
85.042, 3.98185, -11.8993, 2282.47, 0.0462685, 0.0117076, 0.99886
85.162, 3.90777, -11.8993, 2285.15, 0.02088, 0.00723004, 0.999756
85.282, 3.74902, -11.8993, 2289.52, -0.0157894, 0.0168185, 0.999734
85.403, 3.63437, -11.8993, 2294.5, -0.0433404, 0.0188328, 0.998883
85.523, 3.51337, -11.8993, 2299.43, -0.0297016, 0.0256984, 0.999228
85.643, 3.39238, -11.8993, 2304.37, 0.017038, 0.0303671, 0.999394
85.763, 2.66882, -11.8993, 2305.04, 0.0787029, 0.0245635, 0.996596
85.883, 2.60278, -11.8993, 2307.48, 0.110215, 0.027927, 0.993515
86.003, 2.51011, -11.8993, 2310.74, 0.119905, 0.018609, 0.992611
86.124, 2.41342, -11.8993, 2314.03, 0.110857, 0.0149347, 0.993724
86.244, 2.31753, -11.8993, 2317.28, 0.0988175, 0.0140879, 0.995006
86.364, 2.15535, -11.8993, 2321.45, 0.0628847, 0.00704092, 0.997996
86.484, 2.0806, -11.8993, 2325.93, 0.0288049, 0.0128872, 0.999502
86.604, 2.04465, -11.8993, 2330.41, 0.025626, 0.00699321, 0.999647
86.724, 2.00871, -11.8993, 2334.89, 0.0367485, 0.00293608, 0.99932
86.845, 1.44479, -11.8993, 2337.58, 0.0650994, 0.0265036, 0.997527
86.965, 1.55093, -11.8993, 2340.02, 0.11929, 0.0234099, 0.992583
87.085, 1.6047, -11.8993, 2343.28, 0.135627, 0.0383885, 0.990016
87.205, 1.60875, -11.8993, 2346.54, 0.140349, 0.0543603, 0.988609
87.325, 1.61281, -11.8993, 2349.79, 0.131725, 0.0681078, 0.988944
87.446, 1.58517, -11.8993, 2353.52, 0.102855, 0.0659017, 0.992511
87.566, 1.47178, -11.8993, 2357.63, 0.0613837, 0.0640959, 0.996054
87.686, 1.36934, -11.8993, 2361.74, 0.0410117, 0.0539723, 0.9977
87.806, 1.2669, -11.8993, 2365.85, 0.0313036, 0.0298565, 0.999064
87.926, 0.7835, -11.8993, 2369.71, 0.0493102, 0.0280607, 0.998389
88.046, 0.697013, -11.8993, 2371.35, 0.0896447, 0.0287445, 0.995559
88.167, 0.626953, -11.8993, 2374.64, 0.142078, 0.0217707, 0.989616
88.287, 0.570675, -11.8993, 2377.89, 0.154708, 0.00733591, 0.987933
88.407, 0.514398, -11.8993, 2381.15, 0.136921, 0.0137416, 0.990487
88.527, 0.45968, -11.8993, 2384.62, 0.100445, 0.0364662, 0.994274
88.647, 0.426205, -11.8993, 2388.73, 0.0726716, 0.0307651, 0.996881
88.767, 0.469831, -11.8993, 2392.83, 0.0488235, 0.0363669, 0.998145
88.888, 0.537132, -11.8993, 2396.96, 0.0501873, 0.0337372, 0.99817
89.008, 0.603877, -11.8993, 2401.07, 0.0762847, 0.0263026, 0.996739
89.128, 0.143347, -11.8993, 2401.54, 0.11533, 0.0287711, 0.992911
89.248, 0.143328, -11.8993, 2404.59, 0.147972, 0.0380227, 0.98826
89.368, 0.161652, -11.8993, 2407.63, 0.169638, 0.0220844, 0.985259
89.488, 0.192995, -11.8993, 2410.68, 0.171172, 0.0152678, 0.985123
89.609, 0.226976, -11.8993, 2413.75, 0.147747, 0.0391053, 0.988252
89.729, 0.229666, -11.8993, 2417.59, 0.0980006, 0.039387, 0.994407
89.849, 0.200415, -11.8993, 2421.69, 0.0528477, 0.0414763, 0.997741
89.969, 0.23659, -11.8993, 2425.79, 0.0193725, 0.0261596, 0.99947
90.089, 0.284262, -11.8993, 2429.89, 0.011633, 0.00271943, 0.999929
90.209, -0.0944415, -11.8993, 2433.33, 0.0282715, 0.0302947, 0.999141
90.33, 0.0298971, -11.8993, 2434.85, 0.0905371, 0.0634049, 0.993873
90.45, 0.240805, -11.8993, 2437.89, 0.133414, 0.0937458, 0.986617
90.57, 0.401692, -11.8993, 2440.94, 0.13892, 0.0771352, 0.987295
90.69, 0.56258, -11.8993, 2443.99, 0.0750448, 0.0926814, 0.992864
90.81, 0.729422, -11.8993, 2447.75, 0.010522, 0.109707, 0.993908
90.931, 0.724558, -11.8993, 2452.26, -0.0418851, 0.101346, 0.993969
91.051, 0.683123, -11.8993, 2456.74, -0.048193, 0.103914, 0.993418
91.171, 0.637433, -11.8993, 2461.22, -0.0250656, 0.0710054, 0.997161
91.291, 0.177918, -11.8993, 2463.88, 0.0128064, 0.0606728, 0.998076
91.411, 0.277915, -11.8993, 2465.5, 0.050045, 0.0722008, 0.996134
91.531, 0.390616, -11.8993, 2468.76, 0.0878142, 0.0775985, 0.99311
91.652, 0.4166, -11.8993, 2472.04, 0.107447, 0.0697554, 0.991761
91.772, 0.442369, -11.8993, 2475.3, 0.103928, 0.055103, 0.993057
91.892, 0.465433, -11.8993, 2478.77, 0.0571128, 0.0692645, 0.995962
92.012, 0.389377, -11.8993, 2482.87, 0.0140625, 0.0615643, 0.998004
92.132, 0.385446, -11.8993, 2486.98, -0.0213967, 0.0620956, 0.997841
92.252, 0.413523, -11.8993, 2491.08, -0.0374866, 0.0407149, 0.998467
92.373, 0.452635, -11.8993, 2495.22, -0.0308352, 0.0273051, 0.999151
92.493, 0.191204, -11.8993, 2495.36, 0.00363779, 0.0460836, 0.998931
92.613, 0.29869, -11.8993, 2498.41, 0.0469312, 0.0593697, 0.997132
92.733, 0.345134, -11.8993, 2501.45, 0.0800423, 0.052753, 0.995395
92.853, 0.39036, -11.8993, 2504.5, 0.0796599, 0.0600498, 0.995012
92.973, 0.479724, -11.8993, 2507.54, 0.0567459, 0.0605078, 0.996553
93.094, 0.432094, -11.8993, 2512.07, 0.0140508, 0.076245, 0.99699
93.214, 0.29528, -11.8993, 2516.56, -0.00748723, 0.0763595, 0.997052
93.334, 0.158465, -11.8993, 2521.05, -0.0245871, 0.0844538, 0.996124
93.454, 0.0216509, -11.8993, 2525.54, -0.0261502, 0.103887, 0.994245
93.574, -0.508467, -11.8993, 2526.02, -0.00715612, 0.106087, 0.994331
93.695, -0.559514, -11.8993, 2529.31, 0.0438997, 0.12505, 0.991179
93.815, -0.49104, -11.8993, 2532.57, 0.0832159, 0.13095, 0.98789
93.935, -0.387416, -11.8993, 2535.82, 0.135589, 0.127869, 0.982479
94.055, -0.283792, -11.8993, 2539.08, 0.143888, 0.128564, 0.981207
94.175, -0.179764, -11.8993, 2542.6, 0.124607, 0.126291, 0.984136
94.295, -0.0955188, -11.8993, 2546.38, 0.0922501, 0.124296, 0.987948
94.416, 0.0700177, -11.8935, 2550.19, 0.0812211, 0.117263, 0.989774
94.536, 0.242702, -11.8911, 2553.97, 0.0870064, 0.0949221, 0.991675
94.656, 0.415662, -11.8911, 2557.74, 0.0974537, 0.0897708, 0.991183
94.776, -0.0489598, -11.8904, 2560.13, 0.124148, 0.0898527, 0.988187
94.896, 0.0430665, -11.8988, 2563.39, 0.149852, 0.0879021, 0.984793
95.016, 0.11022, -11.8988, 2566.65, 0.14754, 0.0766143, 0.986084
95.137, 0.177933, -11.8988, 2569.93, 0.135541, 0.0592478, 0.988999
95.257, 0.236838, -11.8988, 2573.4, 0.0897916, 0.0764434, 0.993023
95.377, 0.21552, -11.8988, 2577.5, 0.0564152, 0.070002, 0.99595
95.497, 0.23285, -11.8988, 2581.61, 0.0155226, 0.0798861, 0.996683
95.617, 0.254479, -11.8988, 2585.71, 0.00343623, 0.0566073, 0.998391
95.737, 0.276107, -11.8988, 2589.81, 0.0246394, 0.0491472, 0.998488
95.858, -0.422721, -11.8988, 2593.38, 0.070324, 0.0562462, 0.995937
95.978, -0.416582, -11.8988, 2596.89, 0.101191, 0.0690584, 0.992467
96.098, -0.389723, -11.8988, 2600.4, 0.121086, 0.0609881, 0.990767
96.218, -0.361236, -11.8988, 2603.92, 0.107623, 0.0488918, 0.992989
96.338, -0.34642, -11.8988, 2607.43, 0.0751409, 0.0539433, 0.995713
96.458, -0.335262, -11.8988, 2611.21, 0.0143527, 0.0434326, 0.998953
96.579, -0.282305, -11.8988, 2615.02, -0.0282548, 0.0505101, 0.998324
96.699, -0.221797, -11.8988, 2618.8, -0.0421061, 0.04509, 0.998095
96.819, -0.15565, -11.8988, 2622.58, -0.00667481, 0.0201022, 0.999776
96.939, -0.552802, -11.8988, 2625.22, 0.0238023, 0.0234224, 0.999442
97.059, -0.58949, -11.8988, 2627.51, 0.0620836, 0.0163856, 0.997936
97.18, -0.609316, -11.8988, 2630.58, 0.073277, 0.0146329, 0.997204
97.3, -0.650664, -11.8988, 2633.63, 0.0580688, 0.0119624, 0.998241
97.42, -0.692012, -11.8988, 2636.67, 0.0287141, 0.0145177, 0.999482
97.54, -0.745141, -11.8988, 2639.9, -0.000461729, 0.0172608, 0.999851
97.66, -0.802324, -11.8988, 2643.68, -0.0489064, 0.0268644, 0.998442
97.78, -0.831351, -11.8988, 2647.46, -0.0746079, 0.0279361, 0.996822
97.901, -0.860621, -11.8988, 2651.27, -0.0702548, 0.0154354, 0.99741
98.021, -0.887685, -11.8988, 2655.06, -0.0320972, 0.0208747, 0.999267
98.141, -1.30709, -11.8988, 2657.55, 0.000203857, 0.00908171, 0.999959
98.261, -1.31818, -11.8988, 2660.81, 0.0340531, 0.0255721, 0.999093
98.381, -1.31748, -11.8988, 2664.07, 0.0437746, 0.0330925, 0.998493
98.501, -1.3146, -11.8988, 2667.33, 0.0291419, 0.0301625, 0.99912
98.622, -1.28037, -11.8988, 2671.45, -0.00732913, 0.045607, 0.998933
98.742, -1.17376, -11.8988, 2676.39, -0.0302759, 0.0315601, 0.999043
98.862, -1.01258, -11.8988, 2681.32, -0.0463878, 0.0611826, 0.997048
98.982, -0.917378, -11.8988, 2686.26, -0.0451304, 0.0467127, 0.997888
99.102, -1.06783, -11.8988, 2688.15, -0.0280253, 0.0371333, 0.998917
99.222, -1.19455, -11.8988, 2688.17, 0.0217627, 0.0235611, 0.999486
99.343, -1.21309, -11.8988, 2690.21, 0.0608675, 0.0154145, 0.998027
99.463, -1.24346, -11.8988, 2692.9, 0.090601, 0.00775361, 0.995857
99.583, -1.28272, -11.8988, 2695.59, 0.0985518, 0.00221646, 0.995129
99.703, -1.32197, -11.8988, 2698.27, 0.0824526, 0.0138586, 0.996499
99.823, -1.35454, -11.8988, 2702.3, 0.0468302, 0.0101644, 0.998851
99.943, -1.2887, -11.8988, 2706.78, 0.0254584, 0.0204226, 0.999467
100.064, -1.0639, -11.8988, 2711.29, 0.0234484, 0.0296739, 0.999285
100.184, -0.833763, -11.8988, 2715.76, 0.0618855, 0.0304058, 0.99762
100.304, -1.64332, -11.8988, 2718.29, 0.113346, 0.0401297, 0.992745
100.424, -1.87038, -11.8988, 2722.06, 0.179023, 0.0469046, 0.982726
100.544, -2.13615, -11.8988, 2725.83, 0.175802, 0.0605628, 0.982561
100.665, -2.37413, -11.8988, 2729.64, 0.161217, 0.0553176, 0.985368
100.785, -2.61015, -11.8988, 2733.41, 0.122259, 0.0696067, 0.990054
100.905, -2.83226, -11.8988, 2737.18, 0.0815161, 0.0750673, 0.993841
101.025, -2.82575, -11.8988, 2740.96, 0.0233017, 0.0777992, 0.996697
101.145, -2.68578, -11.8988, 2744.74, -0.0227709, 0.0759566, 0.996851
101.265, -2.45421, -11.8988, 2748.52, -0.0525323, 0.000655338, 0.998619
101.386, -2.20878, -11.8988, 2752.32, -0.0677447, -0.00232409, 0.9977
101.506, -2.49531, -11.8988, 2752.27, -0.0605505, -0.000285584, 0.998165
101.626, -2.28365, -11.8988, 2754.16, -0.000210135, 0.0420084, 0.999117
101.746, -1.97187, -11.8988, 2756.68, 0.0378445, 0.0259485, 0.998947
101.866, -1.64744, -11.8988, 2759.19, 0.0450508, 0.0268844, 0.998623
101.986, -1.26644, -11.8988, 2761.7, 0.0158625, 0.0331875, 0.999323
102.107, -0.827621, -11.8988, 2766.65, -0.0126041, 0.032264, 0.9994
102.227, -0.60149, -11.8988, 2771.58, -0.0399129, 0.0315024, 0.998706
102.347, -0.444113, -11.8988, 2776.52, -0.0360938, 0.0299346, 0.9989
102.467, -0.883936, -11.8988, 2780.93, -0.00790854, 0.0281563, 0.999572
102.587, -0.862533, -11.8988, 2782.84, 0.0612227, 0.0195785, 0.997932
102.707, -0.69332, -11.8988, 2786.62, 0.101787, 0.0114817, 0.99474
102.828, -0.536655, -11.8988, 2790.43, 0.10803, 0.000744159, 0.994147
102.948, -0.381286, -11.8988, 2794.2, 0.0820026, 0.00438793, 0.996622
103.068, -0.225316, -11.8988, 2797.98, 0.0465104, 0.0218509, 0.998679
103.188, -0.110852, -11.8988, 2801.76, -0.00896341, 0.017586, 0.999805
103.308, 0.0700675, -11.8988, 2805.54, -0.0413239, 0.0150418, 0.999033
103.429, 0.244928, -11.8988, 2809.34, -0.0512491, -0.00265224, 0.998682
103.549, 0.416801, -11.8988, 2813.12, -0.0378275, 0.00132501, 0.999283
103.669, -0.22304, -11.8988, 2815.59, -0.015759, 0.0110746, 0.999815
103.789, -0.143054, -11.8988, 2818.85, 0.0292533, 0.0165654, 0.999435
103.909, -0.11108, -11.8988, 2822.1, 0.0440395, 0.0193784, 0.998842
104.029, -0.0824283, -11.8988, 2825.36, 0.0446771, 0.0165146, 0.998865
104.15, -0.0575087, -11.8988, 2828.65, 0.0189529, 0.0261068, 0.999479
104.27, -0.082887, -11.8988, 2832.55, -0.0152462, 0.0258295, 0.99955
104.39, -0.104841, -11.8988, 2836.66, -0.0735469, 0.0194713, 0.997102
104.51, -0.119587, -11.8988, 2840.78, -0.0836572, -0.00479231, 0.996483
104.63, -0.135735, -11.8988, 2844.89, -0.0625882, -0.00847018, 0.998003
104.75, -0.975204, -11.8988, 2847.72, -0.0268203, 0.0127471, 0.999559
104.871, -0.94998, -11.8988, 2851.25, 0.0135661, 0.0126307, 0.999828
104.991, -0.872466, -11.8988, 2854.75, 0.0606271, -0.000379488, 0.99816
105.111, -0.787862, -11.8988, 2858.25, 0.0747325, -0.00327792, 0.997198
105.231, -0.703259, -11.8988, 2861.76, 0.066323, 0.00761136, 0.997769
105.351, -0.643047, -11.8988, 2865.4, 0.0349531, 0.0121792, 0.999315
105.471, -0.623169, -11.8988, 2869.18, 0.00535535, 0.0170235, 0.999841
105.592, -0.569454, -11.8988, 2872.99, -0.0290821, 0.0255002, 0.999252
105.712, -0.509784, -11.8988, 2876.77, -0.0333456, 0.0196559, 0.999251
105.832, -0.440079, -11.8988, 2880.55, -0.0130972, 0.0113745, 0.999849
105.952, -1.05453, -11.8988, 2884.04, 0.0332327, 0.0224204, 0.999196
106.072, -0.96976, -11.8988, 2887.55, 0.0696055, 0.0246181, 0.997271
106.192, -0.884484, -11.8988, 2891.05, 0.0959892, 0.0381217, 0.994652
106.313, -0.798497, -11.8988, 2894.58, 0.0840055, 0.0366666, 0.99579
106.433, -0.714212, -11.8988, 2898.15, 0.0581901, 0.0417264, 0.997433
106.553, -0.667013, -11.8988, 2901.93, 0.00872317, 0.0426634, 0.999051
106.673, -0.520685, -11.8988, 2905.71, -0.0250389, 0.0435438, 0.998738
106.793, -0.359344, -11.8988, 2909.48, -0.0295439, 0.0285859, 0.999155
106.914, -0.211322, -11.8988, 2913.29, -0.0161635, 0.0229801, 0.999605
107.034, -0.653119, -11.8988, 2916.06, 0.0127186, 0.0233256, 0.999647
107.154, -0.577199, -11.8988, 2919.1, 0.0580977, 0.0158719, 0.998185
107.274, -0.501495, -11.8988, 2922.15, 0.0776953, 0.011227, 0.996914
107.394, -0.427308, -11.8988, 2925.19, 0.06969, 0.00347548, 0.997563
107.514, -0.35721, -11.8988, 2928.23, 0.0364341, 0.00677439, 0.999313
107.635, -0.286136, -11.8988, 2932.76, -0.00752415, 0.0148447, 0.999862
107.755, -0.212278, -11.8988, 2937.25, -0.0458676, 0.0107282, 0.99889
107.875, -0.116638, -11.8988, 2941.74, -0.0588527, -0.00243873, 0.998264
107.995, -0.0209985, -11.8988, 2946.23, -0.0401365, -0.0178179, 0.999035
108.115, -0.246514, -11.8988, 2947.13, 0.0150415, -0.0149409, 0.999775
108.235, -0.222312, -11.8988, 2949.42, 0.0534866, -0.00963148, 0.998522
108.356, -0.117034, -11.8988, 2952.49, 0.0600858, 0.00400322, 0.998185
108.476, -0.043244, -11.8988, 2955.54, 0.0138363, 0.0135657, 0.999812
108.596, 0.0313139, -11.8988, 2958.58, -0.00618927, -0.00073811, 0.999981
108.716, 0.102091, -11.8988, 2962.7, -0.0269526, -0.0100314, 0.999586
108.836, 0.195465, -11.8988, 2967.18, -0.0330509, -0.00700913, 0.999429
108.956, 0.323302, -11.8988, 2971.65, -0.0207038, -0.0216813, 0.999551
109.077, 0.452204, -11.8988, 2976.17, 0.00851522, -0.0151893, 0.999848
109.197, 0.0398615, -11.8988, 2978.1, 0.0561813, -0.00296285, 0.998416
109.317, 0.0162183, -11.8988, 2980.55, 0.122814, 0.00800911, 0.992397
109.437, 0.0475178, -11.8988, 2983.81, 0.148944, -0.00151603, 0.988845
109.557, 0.067514, -11.8988, 2987.07, 0.152691, -0.00489808, 0.988262
109.677, 0.0875103, -11.8988, 2990.33, 0.128213, -0.0114008, 0.991681
109.798, 0.0735747, -11.8988, 2994.04, 0.0855144, -0.00705258, 0.996312
109.918, 0.136654, -11.8988, 2998.15, 0.0254724, 0.0140019, 0.999577
110.038, 0.232365, -11.8988, 3002.27, -0.00647922, 0.0147035, 0.999871
110.158, 0.323355, -11.8988, 3006.38, -0.0118728, 0.0121322, 0.999856
110.278, -0.10046, -11.8988, 3009.92, 0.00780768, 0.0317946, 0.999464
110.399, -0.124242, -11.8988, 3011.59, 0.047726, 0.0522518, 0.997493
110.519, 0.00902394, -11.8988, 3014.85, 0.0886116, 0.0462907, 0.99499
110.639, 0.143633, -11.8988, 3018.1, 0.105494, 0.0481795, 0.993252
110.759, 0.278409, -11.8988, 3021.36, 0.110673, 0.0307915, 0.99338
110.879, 0.406374, -11.8988, 3024.83, 0.0649674, 0.0253504, 0.997565
110.999, 0.419483, -11.8988, 3028.93, 0.0172135, 0.0184618, 0.999681
111.12, 0.426695, -11.8988, 3033.07, -0.0204889, 0.0189039, 0.999611
111.24, 0.465891, -11.8988, 3037.17, -0.00325263, 0.00995192, 0.999945
111.36, 0.509361, -11.8988, 3041.27, 0.0243701, 0.00786782, 0.999672
111.48, -0.367053, -11.8988, 3043.74, 0.0873852, 0.0142916, 0.996072
111.6, -0.311804, -11.8988, 3047.24, 0.121239, 0.0140816, 0.992523
111.72, -0.285875, -11.8988, 3050.74, 0.122821, 0.0291979, 0.991999
111.841, -0.25733, -11.8988, 3054.27, 0.108148, 0.018208, 0.993968
111.961, -0.239105, -11.8988, 3057.77, 0.0748643, 0.0171357, 0.997046
112.081, -0.263043, -11.8988, 3061.56, 0.0226688, 0.0171651, 0.999596
112.201, -0.289835, -11.8988, 3065.34, -0.0105792, 0.0248612, 0.999635
112.321, -0.309696, -11.8988, 3069.12, -0.0306214, 0.00263842, 0.999528
112.441, -0.329556, -11.8988, 3072.9, -0.0131325, -0.0142638, 0.999812
112.562, -0.918083, -11.8988, 3076.54, 0.0147448, 0.00674098, 0.999869
112.682, -0.95208, -11.8988, 3078.83, 0.0664552, 0.0194091, 0.997601
112.802, -1.00329, -11.8988, 3081.87, 0.100505, 0.0184869, 0.994765
112.922, -1.04816, -11.8988, 3084.92, 0.119531, 0.0079815, 0.992798
113.042, -1.09297, -11.8988, 3087.96, 0.107636, 0.0127824, 0.994108
113.163, -1.15612, -11.8988, 3091.58, 0.0667, 0.0329774, 0.997228
113.283, -1.17794, -11.8988, 3095.69, 0.0150976, 0.019604, 0.999694
113.403, -1.13738, -11.8988, 3099.8, -0.0110429, 0.0164591, 0.999804
113.523, -1.08732, -11.8988, 3103.92, -0.00186261, 0.00802993, 0.999966
113.643, -1.55634, -11.8988, 3107.63, 0.0325598, 0.0233409, 0.999197
113.763, -1.60169, -11.8988, 3109.26, 0.07592, 0.0251297, 0.996797
113.884, -1.56533, -11.8988, 3112.55, 0.121738, 0.0280294, 0.992166
114.004, -1.53051, -11.8988, 3115.81, 0.112068, 0.00115934, 0.9937
114.124, -1.49543, -11.8988, 3119.07, 0.0780021, -0.00183625, 0.996951
114.244, -1.46034, -11.8988, 3122.33, 0.0297482, 0.0129983, 0.999473
114.364, -1.42417, -11.8988, 3125.59, -0.00241549, 0.031877, 0.999489
114.484, -1.36495, -11.8988, 3128.84, -0.0427233, 0.0451206, 0.998067
114.605, -1.30211, -11.8988, 3132.13, -0.0445275, 0.0424358, 0.998106
114.725, -1.2398, -11.8988, 3135.39, -0.0211587, 0.0241011, 0.999486
114.845, -1.17748, -11.8988, 3138.65, 0.0169104, 0.017212, 0.999709
114.965, -1.11533, -11.8988, 3142.09, 0.0515547, 0.0147074, 0.998562
115.085, -1.02094, -11.8988, 3145.59, 0.0933392, 0.0212249, 0.995408
115.205, -0.923341, -11.8988, 3149.09, 0.100505, 0.0145475, 0.99483
115.326, -0.824928, -11.8988, 3152.62, 0.0800076, 0.015128, 0.996679
115.446, -0.74422, -11.8988, 3156.42, 0.00889772, 0.0320236, 0.999447
115.566, -0.805949, -11.8988, 3160.52, -0.0532439, 0.0504922, 0.997304
115.686, -0.809886, -11.8988, 3164.63, -0.0670921, 0.043148, 0.996813
115.806, -0.774389, -11.8988, 3168.73, -0.0698971, 0.00364091, 0.997548
115.926, -0.735127, -11.8988, 3172.83, -0.0459677, 0.0155022, 0.998823
116.047, -1.13791, -11.8988, 3175.32, 0.00890414, 0.0288595, 0.999544
116.167, -1.10662, -11.8988, 3178.58, 0.0760301, 0.0288547, 0.996688
116.287, -1.04028, -11.8988, 3181.85, 0.105029, 0.0321541, 0.993949
116.407, -0.973942, -11.8988, 3185.12, 0.100668, 0.0328646, 0.994377
116.527, -0.907861, -11.8988, 3188.38, 0.0764441, 0.0463117, 0.995998
116.648, -0.864375, -11.8988, 3191.85, 0.0388984, 0.053764, 0.997796
116.768, -0.806702, -11.8988, 3195.35, 0.0122604, 0.0623158, 0.997981
116.888, -0.729045, -11.8988, 3198.86, 0.0112542, 0.0386901, 0.999188
117.008, -0.64864, -11.8988, 3202.36, 0.0234657, 0.0441084, 0.998751
117.128, -0.557589, -11.8988, 3205.86, 0.0546352, 0.052706, 0.997114
117.248, -0.533402, -11.8988, 3209.36, 0.11136, 0.0680177, 0.99145
117.369, -0.554213, -11.8988, 3212.89, 0.130768, 0.0836092, 0.987881
117.489, -0.570681, -11.8988, 3216.39, 0.124787, 0.0868108, 0.988379
117.609, -0.58715, -11.8988, 3219.9, 0.110562, 0.0868367, 0.990068
117.729, -0.606905, -11.8988, 3223.4, 0.0807853, 0.099578, 0.991745
117.849, -0.549455, -11.8988, 3226.9, 0.0319187, 0.0778256, 0.996456
117.969, -0.459895, -11.8988, 3230.4, 0.00214367, 0.0802303, 0.996774
118.09, -0.369588, -11.8988, 3233.93, -0.00276924, 0.0622577, 0.998056
118.21, -0.280027, -11.8988, 3237.43, 0.0107955, 0.0736018, 0.997229
118.33, -0.192081, -11.8988, 3240.93, 0.0488581, 0.0584904, 0.997092
118.45, -0.0711995, -11.8988, 3244.43, 0.0733994, 0.055915, 0.995734
118.57, 0.0426996, -11.8988, 3247.93, 0.0870522, 0.0500318, 0.994947
118.69, 0.156599, -11.8988, 3251.43, 0.071809, 0.0455267, 0.996379
118.811, 0.272998, -11.8988, 3255.11, 0.0331895, 0.038184, 0.998719
118.931, 0.257171, -11.8988, 3259.23, -0.0093045, 0.0335938, 0.999392
119.051, 0.213613, -11.8988, 3263.34, -0.0218526, 0.0253337, 0.99944
119.171, 0.173814, -11.8988, 3267.46, -0.0164705, 0.0181936, 0.999699
119.291, 0.134014, -11.8988, 3271.57, 0.00336512, 0.0253355, 0.999673
119.411, -0.428538, -11.8988, 3273.29, 0.0270422, 0.035227, 0.999013
119.532, -0.468085, -11.8988, 3276.58, 0.0425757, 0.0503411, 0.997824
119.652, -0.520239, -11.8988, 3279.84, 0.0481727, 0.0621069, 0.996906
119.772, -0.574942, -11.8988, 3283.1, 0.0642432, 0.0644825, 0.995849
119.892, -0.629645, -11.8988, 3286.36, 0.067474, 0.0703607, 0.995237
120.012, -0.716436, -11.8988, 3290.01, 0.0495197, 0.0822341, 0.995382
120.133, -0.788604, -11.8988, 3293.82, 0.012317, 0.0830645, 0.996468
120.253, -0.827927, -11.8988, 3297.6, -0.00571711, 0.0716259, 0.997415
120.373, -0.86725, -11.8988, 3301.38, 0.00242702, 0.0511048, 0.99869
120.493, -1.41121, -11.8988, 3304.96, 0.0265291, 0.0604695, 0.997817
120.613, -1.33885, -11.8988, 3308.46, 0.0650141, 0.0454738, 0.996848
120.733, -1.21693, -11.8988, 3311.96, 0.0745868, 0.053399, 0.995784
120.854, -1.06975, -11.8988, 3315.49, 0.0856514, 0.0385355, 0.99558
120.974, -0.920274, -11.8988, 3318.99, 0.0675113, 0.0379305, 0.996997
121.094, -0.821602, -11.8988, 3322.94, 0.0286534, 0.0404736, 0.99877
121.214, -0.820989, -11.8988, 3327.04, -0.0164517, 0.0395566, 0.999082
121.334, -0.817523, -11.8988, 3331.15, -0.0222915, 0.0227562, 0.999492
121.454, -0.814058, -11.8988, 3335.25, -0.00715941, 0.0189242, 0.999795
121.575, -1.4243, -11.8988, 3339.42, 0.0258587, 0.0219371, 0.999425
121.695, -1.37045, -11.8988, 3342.93, 0.0731749, 0.0217728, 0.997081
121.815, -1.22159, -11.8988, 3346.44, 0.091, 0.00905931, 0.99581
121.935, -1.07243, -11.8988, 3349.95, 0.0980227, 0.0083121, 0.995149
122.055, -0.931396, -11.8988, 3353.45, 0.0894147, 0.0256987, 0.995663
122.175, -0.831569, -11.8988, 3357.1, 0.0631126, 0.0484467, 0.99683
122.296, -0.77417, -11.8988, 3360.91, 0.0336173, 0.0527023, 0.998044
122.416, -0.664329, -11.8988, 3364.69, 0.0212853, 0.0545516, 0.998284
122.536, -0.546445, -11.8988, 3368.47, 0.0193387, 0.0549537, 0.998302
122.656, -0.430048, -11.8988, 3372.25, 0.014938, 0.0697503, 0.997453
122.776, -0.845313, -11.8988, 3374.88, 0.0385915, 0.0699941, 0.996801
122.896, -0.664536, -11.8988, 3378.13, 0.0611696, 0.0600142, 0.996321
123.017, -0.53693, -11.8988, 3381.42, 0.0682787, 0.032684, 0.997131
123.137, -0.41038, -11.8988, 3384.67, 0.0553943, 0.0280123, 0.998072
123.257, -0.313174, -11.8988, 3388.54, 0.0292457, 0.030146, 0.999117
123.377, -0.0554066, -11.8988, 3393.01, -0.0110386, 0.046296, 0.998867
123.497, 0.242566, -11.8988, 3397.48, -0.0205166, 0.0487363, 0.998601
123.618, 0.555779, -11.8988, 3401.98, -0.0117431, 0.0385055, 0.999189
123.738, -0.00968396, -11.8988, 3404.94, 0.0153366, 0.0444953, 0.998892
123.858, 0.137213, -11.8988, 3407.57, 0.0475367, 0.0518121, 0.997525
123.978, 0.244413, -11.8988, 3411.07, 0.0706353, 0.0498418, 0.996256
124.098, 0.31269, -11.8988, 3414.57, 0.0738488, 0.0443576, 0.996282
124.218, 0.380967, -11.8988, 3418.07, 0.0597839, 0.0516761, 0.996873
124.339, 0.442996, -11.8988, 3421.91, 0.0191315, 0.0542862, 0.998342
124.459, 0.524718, -11.8988, 3426.03, -0.0225978, 0.0316274, 0.999244
124.579, 0.616498, -11.8988, 3430.14, -0.0250558, 0.0162418, 0.999554
124.699, 0.708278, -11.8988, 3434.25, -0.0137395, 0.0109011, 0.999846
124.819, 0.0113655, -11.8988, 3437.96, 0.00800632, 0.0199966, 0.999768
124.939, 0.051107, -11.8988, 3440.58, 0.056062, 0.0171725, 0.99828
125.06, 0.111337, -11.8988, 3444.11, 0.0819926, 0.016927, 0.996489
125.18, 0.191767, -11.8988, 3447.61, 0.0890176, 0.0131436, 0.995943
125.3, 0.275703, -11.8988, 3451.12, 0.0843631, -0.00243089, 0.996432
125.42, 0.353179, -11.8988, 3454.69, 0.0594933, 0.0106574, 0.998172
125.54, 0.439682, -11.8988, 3458.47, 0.0175687, 0.00829684, 0.999811
125.66, 0.571849, -11.8988, 3462.25, -0.00991087, 0.0111643, 0.999889
125.781, 0.711533, -11.8988, 3466.06, -0.0109985, 0.0161115, 0.99981
125.901, 0.850062, -11.8988, 3469.83, 0.00607322, 0.0173221, 0.999831
126.021, 0.0356942, -11.8988, 3471.49, 0.0319868, 0.0232469, 0.999218
126.141, 0.123223, -11.8988, 3474.54, 0.0637687, 0.0231552, 0.997696
126.261, 0.174785, -11.8988, 3477.58, 0.0772085, 0.00632747, 0.996995
126.382, 0.226783, -11.8988, 3480.65, 0.0706826, -0.00879137, 0.99746
126.502, 0.27835, -11.8988, 3483.7, 0.0441507, -0.00617273, 0.999006
126.622, 0.355553, -11.8988, 3486.85, 0.00362048, 0.00753236, 0.999965
126.742, 0.40272, -11.8988, 3490.36, -0.0630631, 0.0140249, 0.997911
126.862, 0.366331, -11.8988, 3493.86, -0.0830645, 0.0168701, 0.996401
126.982, 0.323973, -11.8988, 3497.36, -0.0711896, 0.0162128, 0.997331
127.103, 0.280709, -11.8988, 3500.89, -0.0247906, 0.0275117, 0.999314
127.223, 0.191987, -11.8988, 3504.61, 0.0328685, 0.0301352, 0.999005
127.343, 0.0655015, -11.8988, 3508.4, 0.0612719, 0.0197084, 0.997926
127.463, -0.0576408, -11.8988, 3512.19, 0.0773132, 0.00894972, 0.996967
127.583, -0.180783, -11.8988, 3515.98, 0.0723915, 0.0157601, 0.997252
127.703, -1.55982, -11.8988, 3519.46, 0.0459917, 0.0427743, 0.998026
127.824, -1.66188, -11.8988, 3522.99, 0.0105799, 0.0538023, 0.998496
127.944, -1.68137, -11.8988, 3526.49, -0.0155152, 0.0601587, 0.998068
128.064, -1.69467, -11.8988, 3530, -0.0260813, 0.0427432, 0.998746
128.184, -1.70797, -11.8988, 3533.5, -0.00527297, 0.0217429, 0.99975
128.304, -1.68374, -11.8988, 3537, 0.0409371, 0.0165776, 0.999024
128.424, -1.6319, -11.8988, 3540.5, 0.0882662, 0.00698852, 0.996072
128.545, -1.60396, -11.8988, 3544.03, 0.112275, 0.00158828, 0.993676
128.665, -1.57625, -11.8988, 3547.54, 0.126123, 0.000360264, 0.992015
128.785, -1.55205, -11.8988, 3551.04, 0.106223, 0.0066774, 0.99432
128.905, -1.52236, -11.8988, 3555.14, 0.0419749, 0.00978717, 0.999071
129.025, -1.47116, -11.8988, 3559.24, 0.000918808, 0.021794, 0.999762
129.145, -1.41995, -11.8988, 3563.34, 0.00597765, 0.0289267, 0.999564
129.266, -1.36831, -11.8988, 3567.48, 0.0385067, 0.0274453, 0.998881
129.386, -2.1913, -11.8988, 3570.89, 0.0888749, 0.0395123, 0.995259
129.506, -2.10582, -11.8988, 3574.67, 0.156052, 0.0290371, 0.987322
129.626, -1.98624, -11.8988, 3578.45, 0.160346, 0.0376896, 0.986341
129.746, -1.85665, -11.8988, 3582.23, 0.1438, 0.0403366, 0.988784
129.867, -1.72917, -11.8988, 3586.04, 0.109214, 0.0359839, 0.993367
129.987, -1.6383, -11.8988, 3589.61, 0.0629916, 0.0419623, 0.997131
130.107, -1.59411, -11.8988, 3593.12, 0.0357104, 0.0411755, 0.998514
130.227, -1.5548, -11.8988, 3596.63, 0.0320282, 0.0106744, 0.99943
130.347, -1.5219, -11.8988, 3600.14, 0.0421279, 0.0144305, 0.999008
130.467, -1.47349, -11.8988, 3603.66, 0.0697881, 0.021302, 0.997334
130.588, -1.34574, -11.8988, 3607.18, 0.107198, 0.0195681, 0.994045
130.708, -1.21294, -11.8988, 3610.68, 0.114686, 0.0215138, 0.993169
130.828, -1.08188, -11.8988, 3614.18, 0.0962537, 0.0162919, 0.995223
130.948, -0.95082, -11.8988, 3617.68, 0.0670443, 0.0165698, 0.997612
131.068, -0.847902, -11.8988, 3621.32, 0.0287104, 0.0444918, 0.998597
131.188, -0.853067, -11.8988, 3625.11, 0.000871525, 0.0227327, 0.999741
131.309, -0.847365, -11.8988, 3628.92, -0.0105519, 0.0121289, 0.999871
131.429, -0.837977, -11.8988, 3632.7, 0.0002952, 0.0245797, 0.999698
131.549, -0.824394, -11.8988, 3636.48, 0.0343618, 0.0290339, 0.998988
131.669, -0.832053, -11.8988, 3640.26, 0.0973146, 0.024402, 0.994954
131.789, -0.870539, -11.8988, 3644.04, 0.132428, 0.0112466, 0.991129
131.909, -0.904897, -11.8988, 3647.82, 0.143794, 0.0160799, 0.989477
132.03, -0.939541, -11.8988, 3651.64, 0.132159, 0.0195716, 0.991035
132.15, -2.24755, -11.8988, 3654.4, 0.103621, 0.0223277, 0.994366
132.27, -2.24246, -11.8988, 3657.66, 0.045297, 0.0355658, 0.99834
132.39, -2.16371, -11.8988, 3660.92, 0.0108505, 0.0178536, 0.999782
132.51, -2.07061, -11.8988, 3664.18, 0.0142116, 0.0182014, 0.999733
132.63, -1.97751, -11.8988, 3667.43, 0.0616681, 0.0203303, 0.99789
132.751, -1.87216, -11.8988, 3670.78, 0.138404, 0.00579298, 0.990359
132.871, -1.69375, -11.8988, 3674.28, 0.185854, -0.0084503, 0.982541
132.991, -1.5163, -11.8988, 3677.77, 0.202705, -0.00635966, 0.979219
133.111, -1.33885, -11.8988, 3681.27, 0.190299, 0.00339983, 0.98172
133.231, -1.15888, -11.8988, 3684.77, 0.156632, 0.00880925, 0.987618
133.352, -0.988188, -11.8988, 3688.91, 0.10364, 0.0162024, 0.994483
133.472, -0.835967, -11.8988, 3693.03, 0.065781, 0.00410643, 0.997826
133.592, -0.672403, -11.8988, 3697.14, 0.0418423, -0.00493326, 0.999112
133.712, -0.497802, -11.8988, 3701.25, 0.0447053, 0.00280142, 0.998996
133.832, -0.935647, -11.8988, 3703, 0.0684355, 0.0178337, 0.997496
133.952, -0.875833, -11.8988, 3705.29, 0.0730096, 0.0238088, 0.997047
134.073, -0.71411, -11.8988, 3708.35, 0.0613089, 0.0287164, 0.997706
134.193, -0.582704, -11.8988, 3711.4, 0.0664074, 0.00504044, 0.99778
134.313, -0.454616, -11.8988, 3714.44, 0.070235, 0.00591993, 0.997513
134.433, -0.329146, -11.8988, 3718.01, 0.0511702, 0.0260367, 0.998351
134.553, -0.298319, -11.8988, 3722.11, 0.0254381, 0.0356135, 0.999042
134.673, -0.267844, -11.8988, 3726.21, 0.0180697, 0.0184681, 0.999666
134.794, -0.227413, -11.8988, 3730.35, 0.0182625, -0.00258509, 0.99983
134.914, -0.632803, -11.8988, 3734.38, 0.0388029, 0.0116601, 0.999179
135.034, -0.679139, -11.8988, 3735.17, 0.088744, 0.0288429, 0.995637
135.154, -0.521527, -11.8988, 3738.21, 0.120395, 0.0283076, 0.992322
135.274, -0.369005, -11.8988, 3741.25, 0.113243, -0.00832114, 0.993532
135.394, -0.270536, -11.8988, 3744.29, 0.10786, -0.0521297, 0.992798
135.515, -0.160906, -11.8988, 3747.36, 0.0876953, -0.0634329, 0.994126
135.635, -0.0654686, -11.8988, 3750.41, 0.0619876, -0.0435763, 0.997125
135.755, 0.0206383, -11.8988, 3753.45, 0.0539776, -0.0358055, 0.9979
135.875, 0.11465, -11.8988, 3756.49, 0.0491655, -0.0265101, 0.998439
135.995, 0.24375, -11.8988, 3759.54, 0.0645099, -0.0244796, 0.997617
136.116, 0.37649, -11.8988, 3762.6, 0.0828694, -0.0360625, 0.995908
136.236, 0.509115, -11.8988, 3765.65, 0.105465, -0.0411623, 0.993571
136.356, 0.268993, -11.8988, 3768.81, 0.135544, 0.0226356, 0.990513
136.476, 0.47912, -11.8988, 3771.66, 0.131789, 0.0187005, 0.991101
136.596, 0.6606, -11.8988, 3774.5, 0.134504, 0.0161392, 0.990782
136.716, 0.840404, -11.8988, 3777.35, 0.110708, 0.0462262, 0.992777
136.837, 1.01532, -11.8988, 3780.23, 0.0784411, 0.0483281, 0.995747
136.957, 1.17379, -11.8988, 3783.57, 0.0406624, 0.0612894, 0.997291
137.077, 1.36103, -11.8988, 3787.08, 0.0245019, 0.0502667, 0.998435
137.197, 1.59806, -11.8988, 3790.58, 0.0034289, 0.0446702, 0.998996
137.317, 1.85449, -11.8988, 3794.08, -0.0221437, 0.0412058, 0.998905
137.437, 2.1068, -11.8988, 3797.58, -0.0225521, 0.0479016, 0.998597
137.558, 1.86457, -11.8988, 3798.16, 0.0506403, 0.0332597, 0.998163
137.678, 1.95776, -11.8988, 3800.07, 0.113783, 0.0442554, 0.992519
137.798, 2.12526, -11.8988, 3802.59, 0.146443, 0.0331052, 0.988665
137.918, 2.2885, -11.8988, 3805.12, 0.146026, 0.0272674, 0.988905
138.038, 2.45174, -11.8988, 3807.64, 0.108555, 0.052469, 0.992705
138.158, 2.66015, -11.8988, 3810.96, 0.0263751, 0.0543965, 0.998171
138.279, 2.88774, -11.8988, 3815.1, -0.0239229, 0.0666312, 0.997491
138.399, 3.1201, -11.8988, 3819.21, -0.0177235, 0.0534328, 0.998414
138.519, 3.35246, -11.8988, 3823.32, 0.0272509, 0.0514755, 0.998302
138.639, 3.56208, -11.8988, 3827.61, 0.0731237, 0.0594411, 0.99555
138.759, 3.70944, -11.8988, 3832.08, 0.10951, 0.054453, 0.992493
138.879, 3.82314, -11.8988, 3836.56, 0.11316, 0.0476116, 0.992435
139, 3.93779, -11.8988, 3841.07, 0.091687, 0.047161, 0.994671
139.12, 2.82707, -11.8988, 3843.91, 0.0333761, 0.0326492, 0.998909
139.24, 2.92988, -11.8988, 3847.69, -0.00647023, 0.0384136, 0.999241
139.36, 3.08475, -11.8988, 3851.47, -0.0355567, 0.0475024, 0.998238
139.48, 3.24132, -11.8988, 3855.24, -0.0389083, 0.0264845, 0.998892
139.601, 3.36221, -11.8988, 3859.06, -0.0354017, 0.0254971, 0.999048
139.721, 2.8457, -11.8988, 3862.37, 0.00375496, 0.0328472, 0.999453
139.841, 2.94277, -11.8988, 3865.87, 0.033866, 0.0329466, 0.998883
139.961, 2.98316, -11.8988, 3869.37, 0.045556, 0.0296434, 0.998522
140.081, 3.02355, -11.8988, 3872.87, 0.0399963, 0.023701, 0.998919
140.201, 3.06128, -11.8988, 3876.37, 0.0240361, 0.0322106, 0.999192
140.322, 3.11396, -11.8988, 3880.12, -0.0173459, 0.0630011, 0.997863
140.442, 3.1951, -11.8988, 3883.91, -0.0410929, 0.0602111, 0.997339
140.562, 3.28114, -11.8988, 3887.7, -0.0607478, 0.05032, 0.996884
140.682, 3.36719, -11.8988, 3891.49, -0.0609759, 0.0432667, 0.997201
140.802, 2.81182, -11.8988, 3894.75, -0.0349735, 0.0614881, 0.997495
140.922, 3.02165, -11.8988, 3898.25, 0.0129379, 0.0599103, 0.99812
141.043, 3.23911, -11.8988, 3901.77, 0.0353687, 0.0612538, 0.997495
141.163, 3.45386, -11.8988, 3905.27, 0.0515332, 0.050537, 0.997392
141.283, 3.66259, -11.8988, 3908.77, 0.026876, 0.052577, 0.998255
141.403, 3.87666, -11.8988, 3913.24, -0.00504877, 0.0612489, 0.99811
141.523, 4.02208, -11.8988, 3917.72, -0.0343911, 0.0518651, 0.998062
141.643, 4.14383, -11.8988, 3922.19, -0.0268767, 0.0487724, 0.998448
141.764, 4.24365, -11.8988, 3926.71, 0.00141186, 0.0412595, 0.999147
141.884, 3.51495, -11.8988, 3929.29, 0.054911, 0.0540906, 0.997025
142.004, 3.54383, -11.8988, 3933.07, 0.0937686, 0.0472686, 0.994471
142.124, 3.53568, -11.8988, 3936.85, 0.117885, 0.0369288, 0.99234
142.244, 3.52753, -11.8988, 3940.63, 0.115179, 0.0358212, 0.992699
142.364, 3.51453, -11.8988, 3944.42, 0.0884005, 0.0434073, 0.995139
142.485, 3.50327, -11.8988, 3948.24, 0.0346104, 0.0321195, 0.998885
142.605, 3.47956, -11.8988, 3952.03, -0.0173016, 0.0279923, 0.999458
142.725, 3.49644, -11.8988, 3955.82, -0.0619745, 0.0268945, 0.997715
142.845, 3.51292, -11.8988, 3959.61, -0.104295, -0.0281717, 0.994147
142.965, 2.43294, -11.8988, 3961.96, -0.226305, -0.192387, 0.954868
143.086, 2.4106, -11.8988, 3965.25, -0.356005, -0.436693, 0.826172
143.206, 2.38202, -11.8988, 3968.51, -0.401342, -0.517213, 0.75592
143.326, 2.33838, -11.8988, 3971.77, -0.378587, -0.595436, 0.70861
143.446, 2.27175, -11.8988, 3975.02, -0.376308, -0.62441, 0.684473
143.566, 2.18807, -11.8988, 3978.34, -0.392205, -0.639842, 0.660892
143.686, 2.17367, -11.8988, 3981.84, -0.369304, -0.259747, 0.89227
143.807, 2.1525, -11.8988, 3985.38, -0.471819, -0.685503, 0.554503
143.927, 2.16092, -11.8988, 3988.88, -0.492068, -0.695411, 0.523711
144.047, 2.16935, -11.8988, 3992.38, -0.482065, -0.707629, 0.5166
144.167, -0.118644, -11.8988, 3994.46, -0.505987, -0.652958, 0.563581
144.287, -31.0533, -11.8988, 3971.11, 0.756811, -0.126123, -0.64135
144.407, -31.047, -11.8988, 3969.86, -0.916148, 0.369567, 0.155222
144.528, -31.213, -11.8988, 3969.43, -0.915378, 0.395652, 0.0744467
144.648, -60.8423, -11.8988, 3947.66, -0.336635, 0.265961, 0.903295
144.768, -31.4428, -11.8988, 3969.25, -0.694164, 0.0765373, 0.715736
144.888, -31.4906, -11.8988, 3969.22, -0.668874, 0.056283, 0.741242
145.008, -31.4906, -11.8988, 3969.22, -0.658669, 0.0474423, 0.750936
145.128, -31.4906, -11.8988, 3969.22, -0.633411, 0.0285086, 0.77329
145.249, -31.3509, -11.8988, 3969.27, -0.505616, -0.057339, 0.860851
145.369, -31.135, -11.8988, 3969.33, -0.401445, -0.119218, 0.908091
145.489, -30.8932, -11.8988, 3969.39, -0.386425, -0.126749, 0.91357
145.609, -31.1658, -11.8988, 3969.16, -0.494109, -0.0617966, 0.867201
145.729, -31.0766, -11.8988, 3969.22, -0.406026, -0.114893, 0.906611
145.85, -31.0363, -11.8988, 3969.22, -0.223966, -0.212081, 0.951242
145.97, -31.0563, -11.8988, 3969.2, -0.0730388, -0.282274, 0.956549
146.09, -31.4491, -11.8988, 3968.39, 0.250747, 0.196343, -0.947932
146.21, -60.8034, -11.8988, 3947.67, 0, 0, 1
146.33, -60.8034, -11.8988, 3947.67, 0, 0, 0
146.45, -60.8034, -11.8988, 3947.67, 0, 0, 1
146.571, -60.8034, -11.8988, 3947.67, 0, 0, 1
146.691, -60.8034, -11.8988, 3947.67, 0, 0, 1
