0, 6.4398e-015, -12.0061, 0.2, 0, 0, 1
5.828, 30.3559, -12.0061, 23.0888, -0.0385147, -0.456794, 0.888739
5.948, 30.3559, -12.0061, 23.0888, -0.0305307, -0.439132, 0.897904
6.068, 30.3559, -12.0061, 23.0888, -0.0164386, -0.43476, 0.900396
6.188, 30.3559, -12.0061, 23.0888, 0.0053032, -0.394558, 0.918856
6.309, 30.3559, -12.0061, 23.0888, 0.0030303, -0.384319, 0.923195
6.429, 30.3559, -12.0061, 23.0888, -0.000370777, -0.3769, 0.926254
6.479, 30.3559, -12.0061, 23.0888, 0.0022188, -0.365007, 0.931002
6.499, 30.3559, -12.0061, 23.0888, 0.0022188, -0.365007, 0.931002
6.529, 30.3559, -12.0061, 23.0888, -0.000444575, -0.35977, 0.933041
6.549, 30.3559, -12.0061, 23.0888, 0.000323123, -0.350703, 0.936487
6.569, 30.3559, -12.0061, 23.0888, 0.0021645, -0.347845, 0.93755
6.589, 30.3559, -12.0061, 23.0888, 0.0021645, -0.347845, 0.93755
6.619, 30.3559, -12.0061, 23.0888, 0.0067679, -0.335895, 0.941875
6.639, 30.3559, -12.0061, 23.0888, 0.0075786, -0.327973, 0.944657
6.669, 30.3559, -12.0061, 23.0888, 0.0075786, -0.327973, 0.944657
6.769, -1.50828, -12.0061, 1.28643, 0.167401, 0.236741, -0.957043
6.859, 30.3534, -12.0061, 23.0415, -0.0187079, -0.272605, 0.961944
6.95, 30.3387, -12.0061, 23.0217, -0.0186425, -0.274395, 0.961436
6.99, 30.3232, -12.0061, 22.9749, -0.00611368, -0.243522, 0.969876
7.02, 30.3232, -12.0061, 22.9749, -0.0211231, -0.262303, 0.964754
7.04, 30.3232, -12.0061, 22.9749, -0.0206966, -0.259029, 0.965648
7.06, 30.3232, -12.0061, 22.9749, -0.0206966, -0.259029, 0.965648
7.08, -0.985039, -12.0061, 0.996063, 0, 0, 1
7.11, 31.1685, -12.0061, 23.2215, 0, 0, 1
7.13, 31.1685, -12.0061, 23.2215, 0, 0, 1
7.16, 30.3544, -12.0061, 22.9651, -0.0136005, -0.229473, 0.97322
7.18, 30.5022, -12.0061, 23.4194, -0.0106466, -0.269363, 0.96298
7.21, 30.3898, -12.0061, 22.9604, -0.011742, -0.227207, 0.973776
7.23, 30.3898, -12.0061, 22.9604, -0.011742, -0.227207, 0.973776
7.26, 30.5377, -12.0061, 23.4077, -0.00915854, -0.268523, 0.96323
7.29, 30.4364, -12.0061, 22.963, -0.00746181, -0.225129, 0.974301
7.32, 30.5751, -12.0061, 23.4097, -0.00371538, -0.269439, 0.96301
7.34, -32.6702, -12.0061, -20.3576, 0.89829, 0.432406, -0.0781033
7.39, 31.2863, -12.0061, 23.2064, 0, 0, 1
7.51, 30.5049, -12.0061, 22.9837, 0, 0, 1
7.631, 31.4945, -12.0061, 21.9945, 0.264731, -0.330082, 0.90607
7.751, -1.38528, -12.0061, 1.29297, 0.0248083, -0.323988, 0.945736
7.871, -0.126133, -12.0061, 1.24574, 0, 0, 1
7.991, -32.6948, -12.0061, -20.3582, 0, 0, 1
8.111, -32.6948, -12.0061, -20.3582, 0, 0, 1
8.231, -32.6948, -12.0061, -20.3582, 0, 0, 1
8.352, -32.6948, -12.0061, -20.3582, 0, 0, 1
8.472, -32.6948, -12.0061, -20.3582, 0, 0, 1
8.592, -32.6948, -12.0061, -20.3582, 0, 0, 1
8.712, 31.2722, -12.0061, 22.5423, 0, 0, 1
8.832, 31.2606, -12.0061, 21.2156, -0.0274664, 0.276336, -0.960668
8.952, 30.3289, -12.0061, 22.9883, -0.00363534, -0.202405, 0.979295
9.073, -1.35325, -12.0061, 0.865263, 0.126445, -0.368045, 0.92117
9.193, 30.2956, -12.0061, 23.2374, -0.0636019, -0.423578, 0.903624
9.313, 30.3232, -12.0061, 23.5662, -0.0935519, -0.623756, 0.776
9.433, 30.4345, -12.0061, 23.8444, -0.0904629, -0.716461, 0.691737
9.553, 30.5292, -12.0061, 24.2496, -0.104169, -0.765339, 0.635141
9.673, 30.5277, -12.0061, 24.747, -0.101744, -0.814604, 0.571024
9.794, 30.4329, -12.0061, 25.151, -0.0966306, -0.826619, 0.554404
9.914, 30.2269, -12.0061, 25.8214, -0.0730276, -0.848478, 0.524168
10.034, 29.8244, -12.0061, 26.7494, -0.0597303, -0.837645, 0.54294
10.154, 29.5265, -12.0061, 27.5163, -0.0320077, -0.837644, 0.545278
10.274, 29.9299, -12.0061, 27.96, 0, 0, 1
10.394, 29.9277, -12.0061, 28.3032, 0, 0, 1
10.515, 30.0205, -12.0061, 28.4452, 0, 0, 1
10.635, 30.1712, -12.0061, 28.5434, 0, 0, 1
10.755, 29.5943, -12.0061, 28.8823, -0.0230835, -0.741761, 0.670267
10.875, 29.4044, -12.0061, 28.6839, 0.00738628, -0.481535, 0.876396
10.995, 29.2162, -12.0061, 28.4087, 0.0175072, -0.312091, 0.949891
11.116, 29.1373, -12.0061, 28.0502, 0.0615265, -0.199469, 0.977971
11.236, 29.1865, -12.0061, 27.7505, 0.122314, -0.136153, 0.983108
11.356, 29.251, -12.0061, 27.5946, 0.155246, -0.0984296, 0.98296
11.476, 29.3176, -12.0061, 27.5026, 0.175762, -0.0581002, 0.982717
11.596, 29.3595, -12.0061, 27.5134, 0.179155, -0.0501394, 0.982542
11.716, 29.4557, -12.0061, 27.5327, 0.171852, -0.0555581, 0.983555
11.837, 29.5399, -12.0061, 27.5774, 0.159672, -0.0450859, 0.98614
11.957, 0.040118, 0, 0.218154, 0.153591, -0.0399333, 0.987327
12.077, 0.117618, -0.0847245, 0.278283, 0.144453, -0.0367173, 0.98883
12.197, 0.11411, -0.297075, 0.302901, 0.138604, -0.0326552, 0.989809
12.317, -0.00925033, -0.627145, 0.350855, 0.146467, -0.0257761, 0.98888
12.437, -0.261469, -1.06579, 0.435663, 0.169335, -0.0173836, 0.985405
12.558, -0.329201, -1.54979, 0.467873, 0.190445, -0.0162607, 0.981563
12.678, -0.378451, -2.02979, 0.493382, 0.199627, -0.00894591, 0.979831
12.798, -0.335399, -2.50979, 0.498611, 0.18649, -0.00210635, 0.982455
12.918, -0.204758, -2.98979, 0.490234, 0.172797, 0.0183404, 0.984787
13.038, -0.101045, -3.46979, 0.51459, 0.161663, 0.0223015, 0.986594
13.158, -0.104553, -3.94979, 0.539208, 0.161108, 0.0348188, 0.986322
13.279, -0.14453, -4.43379, 0.590296, 0.154678, 0.0326582, 0.987425
13.399, -0.225477, -4.91379, 0.656221, 0.151678, 0.0236491, 0.988147
13.519, -0.228986, -5.39379, 0.680839, 0.149794, 0.0204224, 0.988506
13.639, -0.232494, -5.87379, 0.705457, 0.145525, 0.0218474, 0.989113
13.759, -0.236002, -6.35379, 0.730075, 0.146992, 0.0339451, 0.988555
13.879, -0.23951, -6.83379, 0.754693, 0.155477, 0.0376258, 0.987123
14, -0.243048, -7.31779, 0.779516, 0.167722, 0.029622, 0.985389
14.12, -0.246556, -7.79779, 0.804134, 0.176097, 0.0292864, 0.983937
14.24, -0.250064, -8.27779, 0.828752, 0.181667, 0.0255637, 0.983028
14.36, -0.253572, -8.75779, 0.85337, 0.179654, 0.0247979, 0.983417
14.48, -0.257081, -9.23779, 0.877988, 0.175042, 0.0271361, 0.984187
14.601, -0.260618, -9.72179, 0.902811, 0.169082, 0.03371, 0.985025
14.721, -0.264126, -10.2018, 0.927429, 0.170736, 0.042729, 0.98439
14.841, -0.267634, -10.6818, 0.952047, 0.178013, 0.0469016, 0.98291
14.961, -0.271143, -11.1618, 0.976664, 0.182094, 0.0578915, 0.981575
15.081, -0.274651, -11.6418, 1.00128, 0.18695, 0.072656, 0.979679
15.201, -0.278159, -12.0018, 1.0259, 0.189134, 0.0840014, 0.978352
15.322, -0.281696, -12.0018, 1.05072, 0.195654, 0.0935649, 0.976199
15.442, -0.285205, -12.0018, 1.07534, 0.205302, 0.100304, 0.973545
15.562, -0.288713, -12.0018, 1.09996, 0.20448, 0.0983743, 0.973915
15.682, -0.204462, -12.0018, 1.14248, 0.193525, 0.0909757, 0.976868
15.802, -0.0817571, -12.0018, 1.17965, 0.179166, 0.0760584, 0.980874
15.922, -0.0084645, -12.0018, 1.20748, 0.169913, 0.0665351, 0.98321
16.043, 0.0965325, -12.0018, 1.2214, 0.147071, 0.0693485, 0.986692
16.163, -0.0193966, -12.0018, 1.23237, 0.145535, 0.0819781, 0.985951
16.283, -0.0454192, -12.0018, 1.40195, 0.164869, 0.0982983, 0.981405
16.403, -0.0789466, -12.0018, 1.61985, 0.181198, 0.0831335, 0.979927
16.523, -0.112474, -12.0018, 1.83775, 0.18288, 0.0648683, 0.980993
16.643, -0.145379, -12.0018, 2.05575, 0.159615, 0.0721599, 0.984538
16.764, -0.177072, -12.0018, 2.27578, 0.139354, 0.0783946, 0.987135
16.884, -0.208503, -12.0018, 2.49399, 0.140689, 0.0913231, 0.985833
17.004, -0.239935, -12.0018, 2.7122, 0.16176, 0.0863514, 0.983045
17.124, -0.269888, -12.0018, 2.93062, 0.186036, 0.084757, 0.978881
17.244, -0.29984, -12.0018, 3.14904, 0.199361, 0.0667777, 0.977648
17.365, -0.330043, -12.0018, 3.36928, 0.192943, 0.0558739, 0.979618
17.485, -0.505446, -12.0018, 4.70368, 0.172505, 0.0459779, 0.983935
17.605, -0.681357, -12.0018, 6.03801, 0.157662, 0.0449964, 0.986467
17.725, -0.857267, -12.0018, 7.37234, 0.153598, 0.0204535, 0.987922
17.845, -1.02847, -12.0018, 8.70725, 0.171543, 0.0114268, 0.98511
17.965, -1.18555, -12.0018, 10.0439, 0.188838, -0.00073891, 0.982008
18.086, -1.34395, -12.0018, 11.3917, 0.197226, -0.00380816, 0.980351
18.206, -1.49507, -12.0018, 12.7291, 0.180291, 0.0139989, 0.983514
18.326, -1.62832, -12.0018, 14.0683, 0.158475, 0.0258933, 0.987023
18.446, -1.76156, -12.0018, 15.4076, 0.145589, 0.0263603, 0.988994
18.566, -1.89481, -12.0018, 16.7469, 0.151892, 0.0140654, 0.988297
18.686, -2.58238, -12.0018, 17.4455, 0.157548, 0.016507, 0.987373
18.807, -2.6388, -12.0018, 17.4663, 0.171748, 0.021861, 0.984898
18.927, -2.52759, -12.0018, 17.4629, 0.175659, 0.0174058, 0.984297
19.047, -2.42632, -12.0018, 17.4548, 0.169709, 0.0273519, 0.985115
19.167, -2.36671, -12.0018, 17.5521, 0.17855, 0.0492372, 0.982698
19.287, -2.29862, -12.0018, 17.4841, 0.190855, 0.0180981, 0.981451
19.407, -2.45078, -12.0018, 17.5566, 0.210244, 0.0103863, 0.977594
19.528, -2.62483, -12.0018, 17.6376, 0.218788, 0.00579115, 0.975755
19.648, -2.66591, -12.0018, 17.6486, 0.217052, 0.00458569, 0.976149
19.768, -2.62565, -12.0018, 17.7791, 0.208946, 0.0586157, 0.976169
19.888, -2.66799, -12.0018, 18.3567, 0.178505, 0.0249669, 0.983622
20.008, -2.71034, -12.0018, 18.9343, 0.180802, 0.012407, 0.983441
20.128, -2.75268, -12.0018, 19.5118, 0.218291, 0.065414, 0.973689
20.249, -2.78088, -12.0018, 20.095, 0.224653, 0.00732043, 0.974411
20.369, -2.7997, -12.0018, 20.6738, 0.22913, -0.00438407, 0.973386
20.489, -2.81852, -12.0018, 21.2526, 0.237138, 0.0639289, 0.96937
20.609, -2.85655, -12.0018, 23.1047, 0.170734, 0.0135988, 0.985223
20.729, -2.88953, -12.0018, 25.3814, 0.148113, 0.0361875, 0.988308
20.85, -2.92278, -12.0018, 27.6771, 0.152296, 0.0263706, 0.987983
20.97, -3.02031, -12.0018, 31.8566, 0.181912, 0.0200921, 0.983109
21.09, -3.1824, -12.0018, 37.939, 0.21299, 0.0505548, 0.975746
21.21, -3.34449, -12.0018, 44.0215, 0.211839, 0.00509484, 0.977291
21.33, -3.50658, -12.0018, 50.1039, 0.188867, -0.011793, 0.981932
21.45, -4.18875, -12.0018, 50.9271, 0.16698, -0.0109392, 0.9859
21.571, -4.12978, -12.0018, 50.9144, 0.17821, -0.00713468, 0.983967
21.691, -4.18608, -12.0018, 50.9186, 0.194737, -0.00967964, 0.980808
21.811, -4.35052, -12.0018, 53.1895, 0.2132, 0.00389164, 0.977001
21.931, -4.50444, -12.0018, 55.4613, 0.220939, 0.0181326, 0.975119
22.051, -4.65836, -12.0018, 57.733, 0.220533, 0.0149725, 0.975265
22.171, -4.8039, -12.0018, 60.0053, 0.210087, 0.0497649, 0.976415
22.292, -4.93983, -12.0018, 62.2972, 0.185401, -0.0008417, 0.982663
22.412, -5.07464, -12.0018, 64.5702, 0.190831, 0.00186766, 0.981621
22.532, -5.26708, -12.0018, 66.8381, 0.216499, 0.0134391, 0.97619
22.652, -5.486, -12.0018, 69.1046, 0.242048, 0.0245693, 0.969953
22.772, -5.70492, -12.0018, 71.371, 0.254584, 0.0211495, 0.966819
22.892, -6.00249, -12.0018, 74.5861, 0.231701, 0.0279441, 0.972386
23.013, -6.4184, -12.0018, 80.7072, 0.201681, 0.0409845, 0.978593
23.133, -6.83088, -12.0018, 86.7778, 0.192165, 0.0513486, 0.980018
23.253, -7.24335, -12.0018, 92.8484, 0.203759, 0.0513273, 0.977675
23.373, -7.64993, -12.0018, 98.4548, 0.237737, 0.0523662, 0.969917
23.493, -8.03821, -12.0018, 103.908, 0.267675, 0.064221, 0.961366
23.613, -8.42649, -12.0018, 109.36, 0.278091, 0.0458638, 0.959459
23.734, -8.66213, -12.0018, 115.916, 0.260814, 0.0501798, 0.964084
23.854, -8.70487, -12.0018, 122.783, 0.253502, 0.062753, 0.965297
23.974, -8.7476, -12.0018, 129.65, 0.247039, 0.059756, 0.967161
24.094, -8.68154, -12.0018, 136.136, 0.240023, 0.0600249, 0.96891
24.214, -8.45866, -12.0018, 142.24, 0.239418, 0.0589386, 0.969126
24.335, -8.23392, -12.0018, 148.395, 0.239159, 0.0559982, 0.969364
24.455, -8.7316, -12.0018, 153.739, 0.221256, 0.0539077, 0.973725
24.575, -8.61638, -12.0018, 153.7, 0.204716, 0.0551554, 0.977266
24.695, -8.55893, -12.0018, 153.693, 0.212401, 0.0361085, 0.976515
24.815, -8.61127, -12.0018, 153.697, 0.217996, 0.0399646, 0.975131
24.935, -8.7378, -12.0018, 153.734, 0.243479, 0.0542149, 0.96839
25.056, -8.79227, -12.0018, 153.762, 0.253994, 0.0600284, 0.965341
25.176, -8.73768, -12.0018, 153.759, 0.24353, 0.0431388, 0.968933
25.296, -8.67171, -12.0018, 155.148, 0.221426, 0.0316865, 0.974662
25.416, -8.60525, -12.0018, 156.536, 0.220422, 0.0370064, 0.974702
25.536, -8.53878, -12.0018, 157.925, 0.239323, 0.0415719, 0.97005
25.656, -8.2864, -12.0018, 161.335, 0.278179, 0.0476537, 0.959346
25.777, -7.82705, -12.0018, 166.808, 0.299509, 0.051805, 0.952686
25.897, -7.3715, -12.0018, 172.236, 0.301505, 0.0449291, 0.952405
26.017, -6.89663, -12.0018, 178.39, 0.27195, 0.0488692, 0.96107
26.137, -6.3935, -12.0018, 185.268, 0.243466, 0.0724124, 0.967202
26.257, -5.89038, -12.0018, 192.146, 0.243912, 0.0701337, 0.967258
26.377, -6.21822, -12.0018, 196.437, 0.258526, 0.0670768, 0.963673
26.498, -5.83634, -12.0018, 201.917, 0.289864, 0.0759207, 0.954052
26.618, -5.45762, -12.0018, 207.351, 0.295579, 0.0651582, 0.953094
26.738, -5.07891, -12.0018, 212.785, 0.272658, 0.0467923, 0.960972
26.858, -5.57508, -12.0018, 217.785, 0.216514, 0.0554551, 0.974703
26.978, -5.51356, -12.0018, 217.776, 0.19883, 0.0585671, 0.978283
27.098, -5.5617, -12.0018, 217.78, 0.199942, 0.0327217, 0.979261
27.219, -5.55002, -12.0018, 218.924, 0.223251, 0.0367583, 0.974068
27.339, -5.4092, -12.0018, 221.197, 0.278585, 0.0568404, 0.958728
27.459, -5.26839, -12.0018, 223.469, 0.293079, 0.0448201, 0.955037
27.579, -5.01542, -12.0018, 228.049, 0.257229, 0.0599484, 0.964489
27.699, -4.61911, -12.0018, 234.934, 0.226102, 0.0753578, 0.971184
27.82, -4.21949, -12.0018, 241.876, 0.233278, 0.0627675, 0.970382
27.94, -3.78472, -12.0018, 248.744, 0.254359, 0.0639274, 0.964995
28.06, -3.24422, -12.0018, 255.59, 0.285273, 0.0639902, 0.956308
28.18, -2.70373, -12.0018, 262.436, 0.293527, 0.0634148, 0.953845
28.3, -3.2221, -12.0018, 268.816, 0.27063, 0.0508863, 0.961338
28.42, -2.87796, -12.0018, 274.272, 0.221776, 0.037846, 0.974363
28.541, -2.55375, -12.0018, 279.774, 0.207231, 0.0275476, 0.977904
28.661, -2.23221, -12.0018, 285.232, 0.214747, 0.0119802, 0.976596
28.781, -1.82974, -12.0018, 292.087, 0.240107, 0.0125147, 0.970666
28.901, -1.49999, -12.0018, 298.946, 0.260048, 0.020477, 0.965379
29.021, -1.17025, -12.0018, 305.805, 0.252656, 0.015205, 0.967437
29.141, -2.12525, -12.0018, 309.724, 0.224376, 0.0168351, 0.974357
29.262, -1.99784, -12.0018, 315.215, 0.188027, 0.0182352, 0.981995
29.382, -1.8715, -12.0018, 320.661, 0.183534, 0.0207882, 0.982794
29.502, -1.74515, -12.0018, 326.107, 0.209302, 0.00390298, 0.977843
29.622, -1.55988, -12.0018, 331.571, 0.255571, 0.0236419, 0.966501
29.742, -1.37358, -12.0018, 337.034, 0.263728, 0.0148582, 0.964483
29.862, -1.18728, -12.0018, 342.498, 0.23372, -0.00830452, 0.972269
29.983, -0.962619, -12.0018, 348.469, 0.201018, -0.00788961, 0.979556
30.103, -0.738647, -12.0018, 354.549, 0.184499, 0.00717101, 0.982807
30.223, -0.514674, -12.0018, 360.63, 0.190823, 0.0153931, 0.981504
30.343, -0.918786, -12.0018, 366.271, 0.226033, 0.0326878, 0.973571
30.463, -1.02538, -12.0018, 366.3, 0.297502, 0.0741312, 0.951839
30.584, -1.06947, -12.0018, 366.315, 0.297749, 0.0597531, 0.952772
30.704, -1.02203, -12.0018, 366.304, 0.267061, 0.0449805, 0.962629
30.824, -0.92443, -12.0018, 368.467, 0.205119, 0.0594686, 0.976929
30.944, -0.82719, -12.0018, 370.63, 0.195563, 0.0843441, 0.977057
31.064, -0.729951, -12.0018, 372.793, 0.211166, 0.0668646, 0.975161
31.184, -0.630391, -12.0018, 374.956, 0.240241, 0.0595348, 0.968886
31.305, -0.522984, -12.0018, 377.136, 0.256487, 0.0680448, 0.964149
31.425, -0.416465, -12.0018, 379.299, 0.249979, 0.0522233, 0.966842
31.545, -0.31194, -12.0018, 381.518, 0.220555, 0.049158, 0.974135
31.665, -0.215225, -12.0018, 383.793, 0.174276, 0.086012, 0.980933
31.785, -0.11851, -12.0018, 386.067, 0.170304, 0.0809931, 0.982057
31.905, -0.0217946, -12.0018, 388.342, 0.191878, 0.0557015, 0.979837
32.026, 0.0691885, -12.0018, 390.636, 0.242119, 0.0492403, 0.968996
32.146, 0.157282, -12.0018, 392.912, 0.25765, 0.0375551, 0.965508
32.266, 0.245376, -12.0018, 395.187, 0.245304, 0.0183356, 0.969273
32.386, 0.331219, -12.0018, 397.462, 0.200726, 0.0402062, 0.978822
32.506, 0.414745, -12.0018, 399.738, 0.191683, 0.059473, 0.979653
32.626, 0.498272, -12.0018, 402.013, 0.205148, 0.0533717, 0.977275
32.747, 0.700668, -12.0018, 407.193, 0.233261, 0.0552376, 0.970844
32.867, 0.939036, -12.0018, 413.272, 0.258679, 0.0684233, 0.963537
32.987, 1.1774, -12.0018, 419.352, 0.257645, 0.0608886, 0.964319
33.107, 0.378128, -12.0018, 424.921, 0.233197, 0.0570687, 0.970754
33.227, 0.616997, -12.0018, 424.862, 0.196091, 0.0533451, 0.979134
33.347, 0.685568, -12.0018, 424.854, 0.200384, 0.0602035, 0.977866
33.468, 0.628355, -12.0018, 424.862, 0.212043, 0.0450261, 0.976222
33.588, 0.707695, -12.0018, 427.026, 0.241832, 0.0641612, 0.968195
33.708, 0.786579, -12.0018, 429.19, 0.25423, 0.0678207, 0.964763
33.828, 0.865463, -12.0018, 431.354, 0.247487, 0.0540221, 0.967384
33.948, 0.986138, -12.0018, 435.158, 0.210795, 0.0407153, 0.976682
34.069, 1.12682, -12.0018, 440.649, 0.194737, 0.0374976, 0.980138
34.189, 1.26633, -12.0018, 446.095, 0.202918, 0.0442078, 0.978197
34.309, 1.40585, -12.0018, 451.54, 0.225399, 0.0479678, 0.973085
34.429, 0.54776, -12.0018, 454.015, 0.268783, 0.0774706, 0.96008
34.549, 0.507221, -12.0018, 454.028, 0.277398, 0.0873051, 0.95678
34.669, 0.611587, -12.0018, 454, 0.261869, 0.0745921, 0.962217
34.79, 0.671239, -12.0018, 456.296, 0.22907, 0.0914735, 0.969102
34.91, 0.725851, -12.0018, 458.572, 0.238965, 0.0906935, 0.966784
35.03, 0.780463, -12.0018, 460.848, 0.254925, 0.0531885, 0.965497
35.15, 0.838868, -12.0018, 463.124, 0.266323, 0.0278433, 0.963482
35.27, 0.901068, -12.0018, 465.4, 0.271104, 0.0211891, 0.962317
35.39, 0.963268, -12.0018, 467.677, 0.252538, 0.00388269, 0.967579
35.511, 0.167223, -12.0018, 470.577, 0.202203, 0.00147139, 0.979342
35.631, 0.263985, -12.0018, 470.503, 0.110697, 0.0372847, 0.993155
35.751, 0.317968, -12.0018, 470.484, 0.121134, 0.0349957, 0.992019
35.871, 0.265106, -12.0018, 470.496, 0.158039, 0.0202584, 0.987225
35.991, 0.309152, -12.0018, 471.801, 0.215572, 0.0392269, 0.9757
36.111, 0.353677, -12.0018, 473.105, 0.232097, 0.0498938, 0.971412
36.232, 0.398574, -12.0018, 474.421, 0.220568, 0.0407932, 0.974518
36.352, 0.518298, -12.0018, 479.309, 0.174168, 0.0389048, 0.983947
36.472, 0.663089, -12.0018, 485.392, 0.166227, 0.0485524, 0.984891
36.592, 0.80788, -12.0018, 491.475, 0.178516, 0.0423776, 0.983024
36.712, 0.125162, -12.0018, 497.206, 0.212698, 0.0456152, 0.976053
36.832, 0.00431895, -12.0018, 497.223, 0.231545, 0.0552429, 0.971254
36.953, 0.00431895, -12.0018, 497.223, 0.228102, 0.0383659, 0.972881
37.073, 0.0740612, -12.0018, 497.772, 0.207655, 0.03947, 0.977406
37.193, 0.0988555, -12.0018, 500.048, 0.187251, 0.0588738, 0.980546
37.313, 0.12365, -12.0018, 502.325, 0.19583, 0.0507469, 0.979324
37.433, 0.148444, -12.0018, 504.602, 0.201954, 0.0444668, 0.978385
37.554, 0.186758, -12.0018, 506.898, 0.216498, 0.0555755, 0.9747
37.674, 0.237742, -12.0018, 509.174, 0.222943, 0.0634134, 0.972767
37.794, 0.288726, -12.0018, 511.45, 0.206161, 0.0341716, 0.977921
37.914, 0.33016, -12.0018, 513.671, 0.157717, 0.0355183, 0.986845
38.034, 0.362649, -12.0018, 515.836, 0.140373, 0.0707675, 0.987566
38.154, 0.395138, -12.0018, 518.001, 0.153208, 0.070416, 0.985682
38.275, 0.451907, -12.0018, 521.164, 0.175864, 0.0619949, 0.98246
38.395, 0.579945, -12.0018, 527.247, 0.211694, 0.0770003, 0.974298
38.515, 0.707983, -12.0018, 533.33, 0.219188, 0.070917, 0.973102
38.635, 0.836021, -12.0018, 539.414, 0.205087, 0.0591019, 0.976958
38.755, 0.903647, -12.0018, 545.521, 0.155057, 0.0641625, 0.98582
38.875, 0.959967, -12.0018, 551.629, 0.130469, 0.0868373, 0.987642
38.996, 1.01676, -12.0018, 557.788, 0.137089, 0.0820513, 0.987155
39.116, 0.484946, -12.0018, 560.121, 0.188655, 0.0939155, 0.977542
39.236, 0.356528, -12.0018, 560.161, 0.255846, 0.105707, 0.960921
39.356, 0.312797, -12.0018, 560.169, 0.255271, 0.0898466, 0.962686
39.476, 0.359698, -12.0018, 560.691, 0.215147, 0.0951153, 0.971939
39.596, 0.351738, -12.0018, 562.853, 0.189752, 0.116067, 0.974947
39.717, 0.343712, -12.0018, 565.033, 0.190772, 0.116773, 0.974664
39.837, 0.335752, -12.0018, 567.194, 0.211305, 0.0926742, 0.973017
39.957, 0.341082, -12.0018, 569.356, 0.246595, 0.0919389, 0.964748
40.077, 0.359702, -12.0018, 571.517, 0.256152, 0.0888474, 0.962545
40.197, 0.378322, -12.0018, 573.679, 0.245951, 0.0669166, 0.96697
40.318, -0.178656, -12.0018, 576.537, 0.208168, 0.0703399, 0.97556
40.438, -0.0179084, -12.0018, 576.408, 0.183431, 0.0746524, 0.980194
40.558, 0.0292059, -12.0018, 576.409, 0.186856, 0.0669979, 0.9801
40.678, -0.0714552, -12.0018, 576.437, 0.21344, 0.0668725, 0.974665
40.798, -0.123245, -12.0018, 576.457, 0.24007, 0.0914923, 0.966435
40.918, -0.12797, -12.0018, 576.494, 0.241647, 0.0780985, 0.967216
41.039, -0.0764888, -12.0018, 576.982, 0.209077, 0.0395239, 0.9771
41.159, -0.0927973, -12.0018, 577.951, 0.153573, 0.033303, 0.987576
41.279, -0.109106, -12.0018, 578.919, 0.139643, 0.043985, 0.989224
41.399, -0.125414, -12.0018, 579.887, 0.150467, 0.0425095, 0.987701
41.519, -0.13945, -12.0018, 580.855, 0.173947, 0.0694144, 0.982306
41.639, -0.152729, -12.0018, 581.823, 0.166479, 0.0756466, 0.983139
41.76, -0.166118, -12.0018, 582.799, 0.143313, 0.0651395, 0.987531
41.88, -0.15, -12.0018, 584.664, 0.0917435, 0.0554008, 0.99424
42, -0.108917, -12.0018, 586.829, 0.0746244, 0.0640905, 0.99515
42.12, -0.0678341, -12.0018, 588.994, 0.0881835, 0.0689954, 0.993712
42.24, -0.0267514, -12.0018, 591.159, 0.118012, 0.0693005, 0.990591
42.36, 0.123199, -12.0018, 596.077, 0.153039, 0.087041, 0.984379
42.481, 0.28509, -12.0018, 601.035, 0.169481, 0.0819675, 0.982119
42.601, 0.445644, -12.0018, 605.953, 0.150459, 0.0567424, 0.986987
42.721, 0.63731, -12.0018, 612.846, 0.100259, 0.0473607, 0.993833
42.841, 0.808994, -12.0018, 619.74, 0.100649, 0.0613743, 0.993027
42.961, 0.980678, -12.0018, 626.634, 0.124571, 0.0565194, 0.9906
43.081, 0.219196, -12.0018, 627.778, 0.171052, 0.061637, 0.983332
43.202, 0.101013, -12.0018, 627.806, 0.197321, 0.0753473, 0.977439
43.322, 0.0461421, -12.0018, 627.812, 0.194962, 0.0622658, 0.978832
43.442, 0.0955113, -12.0018, 628.331, 0.16323, 0.0619837, 0.984639
43.562, 0.128185, -12.0018, 630.496, 0.136573, 0.0830451, 0.987143
43.682, 0.162425, -12.0018, 632.661, 0.150008, 0.0999865, 0.983616
43.803, 0.196951, -12.0018, 634.844, 0.17306, 0.0935921, 0.980454
43.923, 0.34493, -12.0018, 639.468, 0.210613, 0.0877381, 0.973624
44.043, 0.528636, -12.0018, 644.913, 0.228182, 0.074813, 0.97074
44.163, 0.712343, -12.0018, 650.357, 0.216909, 0.0467898, 0.97507
44.283, 0.907613, -12.0018, 656.131, 0.183608, 0.0268016, 0.982634
44.403, 1.10975, -12.0018, 662.236, 0.157772, 0.0339964, 0.98689
44.524, 1.31357, -12.0018, 668.392, 0.158702, 0.0328643, 0.986779
44.644, 0.962975, -12.0018, 673.826, 0.177091, 0.0236674, 0.98391
44.764, 0.649948, -12.0018, 677.506, 0.21384, 0.0322026, 0.976338
44.884, 0.334395, -12.0018, 682.416, 0.237941, 0.0211575, 0.971049
45.004, 0.0188421, -12.0018, 687.326, 0.219242, 0.00844701, 0.975634
45.124, -0.21608, -12.0018, 693.702, 0.174796, 0.0155288, 0.984482
45.245, -0.427832, -12.0018, 700.623, 0.146357, 0.0392149, 0.988454
45.365, -0.637833, -12.0018, 707.487, 0.150034, 0.0301347, 0.988221
45.485, -0.754349, -12.0018, 713.973, 0.187701, 0.0240581, 0.981932
45.605, -0.751237, -12.0018, 720.081, 0.24031, 0.0254321, 0.970363
45.725, -0.748125, -12.0018, 726.189, 0.245294, 0.0201408, 0.96924
45.845, -1.63931, -12.0018, 731.53, 0.216601, 0.00991908, 0.97621
45.966, -1.49039, -12.0018, 731.449, 0.187897, 0.0264049, 0.981834
46.086, -1.36861, -12.0018, 731.404, 0.180287, 0.0636738, 0.981551
46.206, -1.4893, -12.0018, 731.403, 0.19373, 0.0544066, 0.979545
46.326, -1.57726, -12.0018, 733.678, 0.214628, 0.0652427, 0.974514
46.446, -1.68596, -12.0018, 735.952, 0.236668, 0.0839762, 0.967955
46.566, -1.79465, -12.0018, 738.227, 0.232766, 0.0573536, 0.97084
46.687, -1.9969, -12.0018, 742.102, 0.203297, 0.0472935, 0.977974
46.807, -2.22841, -12.0018, 747.545, 0.171155, 0.048449, 0.984052
46.927, -2.45993, -12.0018, 752.987, 0.168701, 0.0322322, 0.98514
47.047, -2.70912, -12.0018, 758.594, 0.186013, 0.0100919, 0.982495
47.167, -2.98722, -12.0018, 764.696, 0.214943, 0.0173897, 0.976472
47.288, -3.26764, -12.0018, 770.849, 0.232123, 0.0140811, 0.972584
47.408, -3.54574, -12.0018, 776.95, 0.21541, -0.00439063, 0.976514
47.528, -3.796, -12.0018, 783.03, 0.181278, 0.0118453, 0.98336
47.648, -4.05227, -12.0018, 789.109, 0.168329, 0.05989, 0.98391
47.768, -4.30854, -12.0018, 795.188, 0.18578, 0.0613484, 0.980674
47.888, -4.90345, -12.0018, 798.987, 0.213614, 0.0546422, 0.975389
48.009, -5.06383, -12.0018, 799.109, 0.287571, 0.0598962, 0.955885
48.129, -5.15718, -12.0018, 799.188, 0.296454, 0.0443563, 0.954017
48.249, -5.15718, -12.0018, 799.188, 0.252365, 0.0195222, 0.967435
48.369, -5.19255, -12.0018, 800.665, 0.176772, 0.0297542, 0.983802
48.489, -5.23735, -12.0018, 802.635, 0.148144, 0.0680889, 0.986619
48.609, -5.28215, -12.0018, 804.605, 0.155247, 0.0621668, 0.985918
48.73, -5.32732, -12.0018, 806.591, 0.177376, 0.0497945, 0.982883
48.85, -5.36699, -12.0018, 808.56, 0.217913, 0.0597994, 0.974135
48.97, -5.40683, -12.0018, 810.53, 0.215796, 0.0458584, 0.975361
49.09, -5.44668, -12.0018, 812.5, 0.19681, 0.032552, 0.979901
49.21, -5.48594, -12.0018, 814.665, 0.164141, 0.0542694, 0.984943
49.33, -5.52767, -12.0018, 816.83, 0.169194, 0.0731099, 0.982867
49.451, -5.56974, -12.0018, 819.012, 0.198327, 0.0569107, 0.978482
49.571, -5.63894, -12.0018, 822.818, 0.244234, 0.0660579, 0.967464
49.691, -5.71921, -12.0018, 828.265, 0.267235, 0.087591, 0.959642
49.811, -5.79948, -12.0018, 833.712, 0.25989, 0.0532952, 0.964166
49.931, -5.89133, -12.0018, 839.318, 0.236516, 0.0322451, 0.971092
50.052, -5.99596, -12.0018, 845.452, 0.188543, 0.0517799, 0.980699
50.172, -6.08643, -12.0018, 851.536, 0.178187, 0.0726786, 0.981309
50.292, -6.1769, -12.0018, 857.62, 0.187676, 0.055736, 0.980648
50.412, -6.36934, -12.0018, 863.236, 0.227963, 0.0583041, 0.971923
50.532, -6.63703, -12.0018, 868.696, 0.261224, 0.0601014, 0.963405
50.652, -6.90473, -12.0018, 874.157, 0.259493, 0.036625, 0.96505
50.773, -8.28544, -12.0018, 879.084, 0.23389, 0.0148402, 0.97215
50.893, -8.4991, -12.0018, 884, 0.198555, 0.0247713, 0.979777
51.013, -8.6891, -12.0018, 888.917, 0.190087, 0.0701338, 0.979259
51.133, -8.8791, -12.0018, 893.833, 0.197552, 0.063094, 0.97826
51.253, -9.0293, -12.0018, 898.751, 0.22023, 0.0536306, 0.973972
51.373, -9.8949, -12.0018, 899.604, 0.252676, 0.0421032, 0.966635
51.494, -9.8949, -12.0018, 899.604, 0.253686, 0.0175602, 0.967127
51.614, -9.78452, -12.0018, 900.135, 0.220362, -0.00206944, 0.975416
51.734, -9.82792, -12.0018, 902.299, 0.18187, 0.00863925, 0.983285
51.854, -9.87131, -12.0018, 904.464, 0.182395, 0.0170328, 0.983078
51.974, -9.91471, -12.0018, 906.629, 0.194621, 0.00276967, 0.980875
52.094, -9.95626, -12.0018, 910.171, 0.213827, -0.00081389, 0.976871
52.215, -9.97923, -12.0018, 915.133, 0.234513, -0.00803278, 0.97208
52.335, -10.002, -12.0018, 920.053, 0.235311, -0.0206521, 0.971701
52.455, -10.0188, -12.0018, 927.195, 0.219182, 0.00281601, 0.97568
52.575, -10.0293, -12.0018, 935.079, 0.207461, 0.0356975, 0.977592
52.695, -10.0398, -12.0018, 942.962, 0.213856, 0.032798, 0.976314
52.815, -10.4589, -12.0018, 943.75, 0.224023, 0.040486, 0.973743
52.936, -10.6751, -12.0018, 943.842, 0.251538, 0.0406901, 0.966992
53.056, -10.8047, -12.0018, 943.906, 0.259698, 0.0488061, 0.964456
53.176, -10.8507, -12.0018, 943.923, 0.252699, 0.0402397, 0.966708
53.296, -10.8013, -12.0018, 944.901, 0.218581, 0.0350098, 0.975191
53.416, -10.813, -12.0018, 946.871, 0.200442, 0.0428237, 0.978769
53.537, -10.8247, -12.0018, 948.858, 0.194062, 0.0188716, 0.980808
53.657, -10.836, -12.0018, 950.828, 0.200032, 0.0227603, 0.979525
53.777, -10.8261, -12.0018, 956.275, 0.245272, 0.0728739, 0.966711
53.897, -10.8169, -12.0018, 961.722, 0.254698, 0.0634532, 0.964937
54.017, -10.8098, -12.0018, 967.779, 0.229859, 0.0467833, 0.972099
54.137, -10.7716, -12.0018, 975.662, 0.166055, 0.0867695, 0.982292
54.258, -10.7031, -12.0018, 983.61, 0.158414, 0.112023, 0.980997
54.378, -11.1442, -12.0018, 988.273, 0.176183, 0.0757784, 0.981436
54.498, -11.1665, -12.0018, 992.352, 0.211615, 0.0891246, 0.973281
54.618, -11.122, -12.0018, 997.799, 0.225231, 0.0847132, 0.970616
54.738, -11.0774, -12.0018, 1003.25, 0.215166, 0.0492833, 0.975333
54.858, -10.9643, -12.0018, 1008.69, 0.196957, 0.0441824, 0.979416
54.979, -10.0889, -12.0018, 1014.11, 0.170532, 0.0630076, 0.983336
55.099, -9.06849, -12.0018, 1019.46, 0.187354, 0.0600403, 0.980456
55.219, -7.96718, -12.0018, 1025.17, 0.192664, 0.0616153, 0.979329
55.339, -7.31431, -12.0018, 1032.03, 0.22064, 0.0629626, 0.973321
55.459, -6.58101, -12.0018, 1038.89, 0.221847, 0.0663424, 0.972822
55.579, -6.92219, -12.0018, 1044.4, 0.202162, 0.0608377, 0.977461
55.7, -6.41739, -12.0018, 1050.51, 0.172799, 0.0672385, 0.98266
55.82, -5.82299, -12.0018, 1056.56, 0.174161, 0.0785974, 0.981575
55.94, -5.2286, -12.0018, 1062.62, 0.175948, 0.0671652, 0.982105
56.06, -4.59023, -12.0018, 1068.36, 0.197104, 0.0580064, 0.978665
56.18, -3.91487, -12.0018, 1073.78, 0.211902, 0.0518648, 0.975914
56.3, -3.23951, -12.0018, 1079.21, 0.211793, 0.0364263, 0.976635
56.421, -2.55852, -12.0018, 1084.68, 0.191732, 0.0287634, 0.981026
56.541, -1.98455, -12.0018, 1090.1, 0.147567, 0.0384214, 0.988305
56.661, -1.41313, -12.0018, 1095.51, 0.149726, 0.0402862, 0.987906
56.781, -0.84171, -12.0018, 1100.93, 0.160503, 0.0283022, 0.986629
56.901, -1.41754, -12.0018, 1105.83, 0.187758, 0.00775322, 0.982185
57.022, -1.55636, -12.0018, 1105.93, 0.200672, -0.00425885, 0.979649
57.142, -1.51035, -12.0018, 1105.93, 0.200084, -0.0170674, 0.97963
57.262, -1.35404, -12.0018, 1107.06, 0.169548, -0.00931363, 0.985478
57.382, -1.17388, -12.0018, 1109.33, 0.156103, 0.0154139, 0.987621
57.502, -0.993721, -12.0018, 1111.6, 0.156408, 0.0115469, 0.987625
57.622, -0.813564, -12.0018, 1113.87, 0.165803, -0.00252965, 0.986156
57.743, -0.648973, -12.0018, 1116.16, 0.194383, -0.00958811, 0.980879
57.863, -0.485742, -12.0018, 1118.43, 0.197257, -0.0245929, 0.980043
57.983, -0.322511, -12.0018, 1120.7, 0.182752, -0.0355044, 0.982518
58.103, -0.196139, -12.0018, 1122.98, 0.14643, -0.020391, 0.989011
58.223, -0.0749256, -12.0018, 1125.25, 0.140807, -0.0281045, 0.989638
58.343, 0.0462882, -12.0018, 1127.52, 0.156235, -0.0477601, 0.986565
58.464, 0.160165, -12.0018, 1129.82, 0.186102, -0.0297107, 0.982081
58.584, 0.268727, -12.0018, 1132.09, 0.194866, -0.0352899, 0.980195
58.704, 0.377288, -12.0018, 1134.37, 0.196831, -0.0307046, 0.979957
58.824, 0.477191, -12.0018, 1136.64, 0.162108, -0.0108569, 0.986713
58.944, 0.552067, -12.0018, 1138.92, 0.137477, -4.47545e-005, 0.990505
59.064, 0.626942, -12.0018, 1141.19, 0.1427, -0.0261057, 0.989422
59.185, 0.742667, -12.0018, 1144.44, 0.151855, -0.0510757, 0.987082
59.305, 1.01059, -12.0018, 1150.52, 0.18374, -0.0631184, 0.980946
59.425, 1.26887, -12.0018, 1156.6, 0.18503, -0.0888364, 0.978709
59.545, 1.52715, -12.0018, 1162.67, 0.17274, -0.106123, 0.979234
59.665, 0.707757, -12.0018, 1165.17, 0.130233, -0.0980045, 0.986628
59.785, 0.84439, -12.0018, 1165.15, 0.114275, -0.1166, 0.986583
59.906, 0.804014, -12.0018, 1165.15, 0.130927, -0.128296, 0.983056
60.026, 0.742855, -12.0018, 1166.23, 0.166406, -0.11413, 0.97943
60.146, 0.743234, -12.0018, 1168.39, 0.189268, -0.115878, 0.975064
60.266, 0.743613, -12.0018, 1170.56, 0.204082, -0.108586, 0.972913
60.386, 0.743992, -12.0018, 1172.72, 0.19773, -0.0900675, 0.97611
60.507, 0.724179, -12.0018, 1174.91, 0.166058, -0.0671342, 0.983828
60.627, 0.703369, -12.0018, 1177.07, 0.164032, -0.0626759, 0.984462
60.747, 0.691994, -12.0018, 1179.24, 0.173262, -0.0640877, 0.982788
60.867, 0.749262, -12.0018, 1181.51, 0.212841, -0.0604399, 0.975216
60.987, 0.814812, -12.0018, 1183.79, 0.20867, -0.0649379, 0.975828
61.107, 0.880361, -12.0018, 1186.07, 0.200777, -0.0564385, 0.97801
61.228, 1.03958, -12.0018, 1191.25, 0.151717, -0.0382897, 0.987682
61.348, 1.18481, -12.0018, 1197.33, 0.138043, -0.0314835, 0.989926
61.468, 1.33004, -12.0018, 1203.41, 0.139556, -0.0370455, 0.989521
61.588, 1.46877, -12.0018, 1209.34, 0, 0, 1
61.708, 1.5809, -12.0018, 1214.81, 0.198494, -0.0424475, 0.979182
61.828, 1.69303, -12.0018, 1220.27, 0.211146, -0.0472984, 0.97631
61.949, 1.8061, -12.0018, 1225.78, 0.206925, -0.0322014, 0.977827
62.069, 1.89637, -12.0018, 1231.23, 0.154044, 0.0808207, 0.984753
62.189, 1.97637, -12.0018, 1236.68, 0.148618, -0.0109811, 0.988834
62.309, 2.05638, -12.0018, 1242.13, 0.148886, -0.0193293, 0.988665
62.429, 2.11113, -12.0018, 1248.66, 0.188688, -0.0312323, 0.98154
62.549, 2.15338, -12.0018, 1255.56, 0.217131, -0.032419, 0.975604
62.67, 2.19598, -12.0018, 1262.51, 0.224585, -0.0340991, 0.973858
62.79, 1.17899, -12.0018, 1265.42, 0.200508, -0.0101069, 0.97964
62.91, 1.29451, -12.0018, 1270.34, 0.157291, 0.00690891, 0.987528
63.03, 1.42992, -12.0018, 1275.26, 0.146565, 0.018634, 0.989025
63.15, 1.56533, -12.0018, 1280.18, 0.152814, 0.0227986, 0.987992
63.271, 1.72731, -12.0018, 1286.02, 0.192574, 0.0169109, 0.981137
63.391, 1.8983, -12.0018, 1292.1, 0.210147, -0.00282632, 0.977666
63.511, 2.06929, -12.0018, 1298.18, 0.211922, -0.00384779, 0.977279
63.631, 2.24305, -12.0018, 1304.28, 0.183376, 0.0115409, 0.982975
63.751, 2.40794, -12.0018, 1310.38, 0.172568, 0.0099914, 0.984947
63.871, 2.57283, -12.0018, 1316.49, 0.17734, 0.00164496, 0.984148
63.992, 2.73593, -12.0018, 1322.64, 0.195883, -0.00569107, 0.980611
64.112, 2.90857, -12.0018, 1328.72, 0.223965, -0.00866761, 0.974559
64.232, 3.0812, -12.0018, 1334.8, 0.226343, -0.0058835, 0.97403
64.352, 3.25384, -12.0018, 1340.89, 0.215841, 0.00589507, 0.976411
64.472, 3.40183, -12.0018, 1346.5, 0.169368, 0.0183585, 0.985382
64.592, 3.53584, -11.9679, 1351.97, 0.161922, 0.0205873, 0.986589
64.713, 3.67372, -11.9401, 1357.48, 0.158941, 0.0340658, 0.9867
64.833, 3.79709, -11.9171, 1363.25, 0.183219, 0.0296837, 0.982624
64.953, 3.92012, -11.9054, 1369.34, 0.203462, 0.0284784, 0.978669
65.073, 4.04421, -11.9042, 1375.42, 0.198801, 0.0162805, 0.979905
65.193, 4.16398, -11.9042, 1381.51, 0.16918, 0.0196383, 0.98539
65.313, 4.24591, -11.9042, 1387.62, 0.129054, 0.0230075, 0.991371
65.434, 4.32852, -11.9042, 1393.78, 0.116051, 0.0100965, 0.993192
65.554, 4.41045, -11.9042, 1399.88, 0.117904, -0.00762408, 0.992996
65.674, 4.48477, -11.9042, 1405.97, 0.126897, -0.00944782, 0.991871
65.794, 4.5599, -11.9042, 1412.05, 0.122478, -0.0257728, 0.992137
65.914, 4.60602, -11.9042, 1418.14, 0.113706, -0.0277881, 0.993126
66.034, 4.62171, -11.9042, 1425, -0.214514, 0.334635, -0.917607
66.155, 4.64524, -11.9042, 1431.93, 0.10056, -0.00919728, 0.994888
66.275, 4.66857, -11.9042, 1438.79, 0.106388, 0.0014178, 0.994324
66.395, 4.73232, -11.9042, 1445.09, 0.145372, 0.0108028, 0.989318
66.515, 4.82553, -11.9042, 1451.2, 0.161245, 0.0134024, 0.986823
66.635, 4.91874, -11.9042, 1457.31, 0.158256, 0.0983302, 0.98249
66.756, 4.96146, -11.9042, 1463.45, 0.130723, 0.0413224, 0.990557
66.876, 5.00801, -11.9042, 1469.54, 0.129554, 0.0349369, 0.990957
66.996, 5.05455, -11.9042, 1475.62, 0.157041, 0.0213685, 0.987361
67.116, 5.11731, -11.9042, 1482.11, 0.177661, 0.0162231, 0.983958
67.236, 5.16657, -11.9042, 1489.01, 0.200723, 0.0226443, 0.979386
67.356, 5.21584, -11.9042, 1495.9, 0.193821, 0.0212978, 0.980806
67.477, 4.36608, -11.9042, 1502.21, 0.174631, 0.035511, 0.983993
67.597, 4.44047, -11.9042, 1508.3, 0.130407, 0.0422165, 0.990561
67.717, 4.51273, -11.9042, 1514.38, 0.132353, 0.0278735, 0.990811
67.837, 4.58913, -11.9042, 1520.46, 0.142922, 0.0137469, 0.989638
67.957, 4.62672, -11.9042, 1526.57, 0.178919, 0.00833478, 0.983828
68.077, 4.65817, -11.9042, 1532.68, 0.190765, -0.0156373, 0.981511
68.198, 4.68989, -11.9042, 1538.84, 0.195086, -0.0106351, 0.980729
68.318, 4.75284, -11.9042, 1544.93, 0.152925, 0.0908377, 0.984054
68.438, 4.8203, -11.9042, 1551.01, 0.155525, 0.00474337, 0.987821
68.558, 4.88776, -11.9042, 1557.1, 0.158128, 0.0112074, 0.987355
68.678, 4.94596, -11.9042, 1563.03, 0.176497, 0.0132986, 0.984211
68.798, 5.00882, -11.9042, 1568.49, 0.21421, 0.0195195, 0.976593
68.919, 5.0681, -11.9042, 1574.01, 0.211991, 0.0182112, 0.977102
69.039, 5.11303, -11.9042, 1579.47, 0.200368, 0.0217256, 0.97948
69.159, 5.20489, -11.9042, 1585.56, 0.164298, 0.0398539, 0.985605
69.279, 5.30161, -11.9042, 1591.64, 0.160548, 0.0378657, 0.986301
69.399, 5.39833, -11.9042, 1597.72, 0.163503, 0.0349146, 0.985925
69.519, 5.47121, -11.9042, 1603.81, 0.191459, 0.028655, 0.981082
69.64, 5.53054, -11.9042, 1609.94, 0.197496, 0.0240706, 0.980008
69.76, 5.58938, -11.9042, 1616.03, 0.198068, 0.0196692, 0.979991
69.88, 5.60655, -11.9042, 1622.12, 0.178109, 0.0374142, 0.983299
70, 5.59663, -11.9042, 1628.23, 0.14763, 0.0382379, 0.988303
70.12, 5.5867, -11.9042, 1634.34, 0.127317, 0.094802, 0.987321
70.241, 5.56246, -11.9042, 1640.49, 0.147298, 0.0114189, 0.989026
70.361, 5.53263, -11.9042, 1646.58, 0.176445, 0.00970896, 0.984263
70.481, 5.50493, -11.9042, 1652.66, 0.181172, 0.0128667, 0.983367
70.601, 5.45711, -11.9042, 1658.75, 0.174505, 0.00766596, 0.984627
70.721, 5.41464, -11.9042, 1664.85, 0.138816, 0.0107351, 0.99026
70.841, 5.37957, -11.9042, 1670.96, 0.131819, 0.00146263, 0.991273
70.962, 5.34421, -11.9042, 1677.12, 0.139576, 0.00567034, 0.990195
71.082, 5.27976, -11.9042, 1683.99, 0.170628, 0.0122183, 0.98526
71.202, 5.23892, -11.9042, 1690.85, 0.169062, -0.0187343, 0.985427
71.322, 5.19808, -11.9042, 1697.72, 0.154052, -0.0178238, 0.987902
71.442, 5.13451, -11.9042, 1704.02, 0.116105, -0.00865016, 0.993199
71.562, 5.12288, -11.9042, 1710.13, 0.0990221, -0.0153683, 0.994967
71.683, 5.11115, -11.9042, 1716.29, 0.110177, -0.00593519, 0.993894
71.803, 5.08603, -11.9042, 1722.38, 0.126763, 0.0939062, 0.987478
71.923, 5.09768, -11.9042, 1728.47, 0.16257, 0.00192536, 0.986695
72.043, 5.10933, -11.9042, 1734.55, 0.167951, -0.00466277, 0.985784
72.163, 5.16332, -11.9042, 1741.04, 0.146232, -0.00481493, 0.989239
72.283, 5.27164, -11.9042, 1747.94, 0.126332, 0.00444885, 0.991978
72.404, 5.38087, -11.9042, 1754.89, -0.253512, 0.368646, -0.894333
72.524, 4.96483, -11.9042, 1761.04, 0.142259, 0.09044, 0.985689
72.644, 5.06517, -11.9042, 1767.13, 0.154763, -0.00774897, 0.987921
72.764, 5.1655, -11.9042, 1773.21, 0.147284, -0.00511541, 0.989081
72.884, 5.26584, -11.9042, 1779.3, 0.12998, 0.0109235, 0.991457
73.005, 5.35343, -11.9042, 1784.95, 0.112155, 0.0100105, 0.99364
73.125, 5.45561, -11.9042, 1790.39, 0.118172, 0.0160618, 0.992863
73.245, 5.55779, -11.9042, 1795.84, 0.137936, 0.026425, 0.990089
73.365, 5.67006, -11.9042, 1803.72, 0.160358, 0.0278161, 0.986667
73.485, 5.78594, -11.9042, 1811.6, 0.163475, 0.00915513, 0.986505
73.605, 4.95893, -11.9042, 1818.88, 0.157068, 0.0181734, 0.987421
73.726, 5.07622, -11.9042, 1823.48, 0.111338, 0.0225908, 0.993526
73.846, 5.1495, -11.9042, 1829.56, -0.222776, 0.340861, -0.913337
73.966, 5.22277, -11.9042, 1835.65, 0.10629, 0.0113458, 0.99427
74.086, 5.30964, -11.9042, 1842.34, 0.132553, 0.0945424, 0.986657
74.206, 5.41713, -11.9042, 1849.24, 0.151769, 0.003542, 0.98841
74.326, 5.52463, -11.9042, 1856.13, 0.144863, -0.00582298, 0.989435
74.447, 4.76765, -11.9042, 1862.43, 0.105304, -0.00267358, 0.994436
74.567, 4.8615, -11.9042, 1868.51, 0.090895, -0.00366819, 0.995854
74.687, 4.95536, -11.9042, 1874.59, 0.0925768, -0.00540666, 0.995691
74.807, 5.07085, -11.9042, 1880.68, 0.111928, -0.016955, 0.993572
74.927, 5.24219, -11.9042, 1886.79, 0.147586, -0.0113712, 0.988984
75.047, 5.41354, -11.9042, 1892.89, 0.157045, -0.0174203, 0.987438
75.168, 5.57861, -11.9042, 1899.24, 0.13526, -0.00789701, 0.990779
75.288, 5.74875, -11.9042, 1906.11, 0.103761, 0.0213841, 0.994372
75.408, 5.91209, -11.9042, 1912.97, 0.10905, 0.0180508, 0.993872
75.528, 6.07543, -11.9042, 1919.84, 0.116543, 0.0192527, 0.992999
75.648, 5.7014, -11.9042, 1925.32, 0.144684, 0.0184717, 0.989305
75.768, 5.80208, -11.9042, 1930.79, 0.141991, 0.0959401, 0.985208
75.889, 5.9036, -11.9042, 1936.3, 0.125047, 0.0935004, 0.987735
76.009, 6.06752, -11.9042, 1944.14, 0.10065, 0.0191673, 0.994737
76.129, 6.22864, -11.9042, 1951.99, 0.104823, 0.0130731, 0.994405
76.249, 6.38977, -11.9042, 1959.83, 0.119751, 0.0306849, 0.99233
76.369, 6.46432, -11.9042, 1966.73, 0.14574, 0.0309304, 0.988839
76.49, 6.54216, -11.9042, 1973.68, 0.162706, 0.0254881, 0.986345
76.61, 6.61936, -11.9042, 1980.58, 0.15783, 0.0315646, 0.986962
76.73, 6.772, -11.9042, 1987.44, 0.1257, 0.0482272, 0.990895
76.85, 6.89126, -11.9042, 1994.31, 0.113508, 0.0561229, 0.991951
76.97, 7.01053, -11.9042, 2001.18, 0.115888, 0.0684077, 0.990904
77.09, 6.63972, -11.9042, 2005.52, 0.141309, 0.0566662, 0.988342
77.211, 6.70026, -11.9042, 2010.48, 0.15888, 0.0713013, 0.98472
77.331, 6.74083, -11.9042, 2015.4, 0.16312, 0.0671253, 0.98432
77.451, 6.78767, -11.9042, 2020.81, 0.137009, 0.0585509, 0.988838
77.571, 6.82492, -11.9042, 2027.71, 0.109045, 0.0649381, 0.991913
77.691, 6.85667, -11.9042, 2034.6, 0.117516, 0.0723972, 0.990429
77.811, 6.1812, -11.9042, 2041.18, 0.135225, 0.081408, 0.987465
77.932, 6.17964, -11.9042, 2047.31, 0.15696, 0.0848341, 0.983955
78.052, 6.18734, -11.9042, 2053.4, 0.163477, 0.0696373, 0.984086
78.172, 6.19504, -11.9042, 2059.48, 0.154382, 0.0738997, 0.985244
78.292, 6.19315, -11.9042, 2065.59, 0.117436, 0.0863198, 0.989322
78.412, 6.18461, -11.9042, 2071.69, 0.109038, 0.0712419, 0.991481
78.532, 6.17608, -11.9042, 2077.8, 0.117267, 0.053957, 0.991634
78.653, 6.15806, -11.9042, 2083.95, 0.141323, 0.0407106, 0.989126
78.773, 6.17461, -11.9042, 2090.04, 0.15548, 0.027418, 0.987459
78.893, 6.19116, -11.9042, 2096.12, 0.154609, 0.0110378, 0.987914
79.013, 6.17282, -11.9042, 2102.21, 0.119553, 0.0102188, 0.992775
79.133, 6.18453, -11.9042, 2108.32, 0.0920503, 0.0194847, 0.995564
79.253, 6.20903, -11.9042, 2114.43, 0.0885351, 0.0179498, 0.995911
79.374, 6.23373, -11.9042, 2120.59, 0.0955903, 0.0237345, 0.995138
79.494, 5.65785, -11.9042, 2126.2, 0.125642, 0.0352442, 0.991449
79.614, 5.72513, -11.9042, 2131.65, 0.138026, 0.0309949, 0.989943
79.734, 5.79241, -11.9042, 2137.1, 0.136383, 0.0327964, 0.990113
79.854, 5.86801, -11.9042, 2142.86, 0.0993022, 0.0615947, 0.993149
79.975, 5.94885, -11.9042, 2149, 0.0878132, 0.0967004, 0.991432
80.095, 6.02902, -11.9042, 2155.08, 0.098677, 0.12176, 0.987642
80.215, 6.1092, -11.9042, 2161.17, 0.135002, 0.217214, 0.966743
80.335, 6.21189, -11.9042, 2166.63, 0.171621, 0.274737, 0.946079
80.455, 6.31886, -11.9042, 2172.1, 0.171387, 0.271785, 0.946974
80.575, 6.42584, -11.9042, 2177.56, 0.142585, 0.226844, 0.963437
80.696, 6.57412, -11.9042, 2183.54, 0.0898998, 0.209224, 0.973727
80.816, 6.72465, -11.9042, 2189.63, 0.0768552, 0.168183, 0.982755
80.936, 6.87518, -11.9042, 2195.71, 0.0824013, 0.121893, 0.989117
81.056, 7.01123, -11.9042, 2201.64, 0.102354, 0.122087, 0.987228
81.176, 7.06649, -11.9042, 2207.1, 0.130517, 0.131927, 0.982629
81.296, 7.11002, -11.9042, 2212.57, 0.126031, 0.11653, 0.985158
81.417, 7.1539, -11.9042, 2218.08, 0.09991, 0.0952991, 0.990422
81.537, 7.2509, -11.9042, 2223.53, 0.0554332, 0.102829, 0.993153
81.657, 7.36837, -11.9042, 2228.98, 0.0404092, 0.098183, 0.994348
81.777, 7.48584, -11.9042, 2234.43, 0.0461783, 0.107787, 0.993101
81.897, 7.53556, -11.9042, 2240.96, 0.0714867, 0.110818, 0.991266
82.017, 7.55534, -11.9042, 2247.86, 0.10009, 0.0962355, 0.990314
82.138, 7.57529, -11.9042, 2254.81, 0.101543, 0.0822744, 0.991423
82.258, 7.80052, -11.9042, 2262.65, 0.0871555, 0.0865365, 0.992429
82.378, 8.01051, -11.9042, 2270.5, 0.100598, 0.0796959, 0.99173
82.498, 8.22051, -11.9042, 2278.34, 0.102649, 0.0815398, 0.99137
82.618, 7.6708, -11.9042, 2280.77, 0.123759, 0.0810837, 0.988994
82.739, 7.79604, -11.9042, 2285.73, 0.146748, 0.0786566, 0.986042
82.859, 7.91753, -11.9042, 2290.65, 0.150241, 0.0668714, 0.986385
82.979, 8.03048, -11.9042, 2295.57, 0.1231, 0.0726839, 0.989729
83.099, 8.1628, -11.9042, 2301.68, 0.0990323, 0.0899559, 0.99101
83.219, 8.29636, -11.9042, 2307.78, 0.107458, 0.0870931, 0.990388
83.339, 8.42845, -11.9042, 2314.32, 0.125317, 0.068159, 0.989773
83.46, 8.51596, -11.9042, 2322.24, 0.142908, 0.0702452, 0.98724
83.58, 8.5929, -11.9042, 2330.08, 0.137222, 0.0684551, 0.988172
83.7, 7.46591, -11.9042, 2337.17, 0.130009, 0.0788348, 0.988374
83.82, 7.46903, -11.9042, 2341.27, 0.0945014, 0.080465, 0.992268
83.94, 7.4811, -11.9042, 2346.74, 0.0866263, 0.0733972, 0.993533
84.06, 7.49316, -11.9042, 2352.2, 0.0989137, 0.0765814, 0.992145
84.181, 7.52848, -11.9042, 2357.71, 0.128601, 0.0804317, 0.988429
84.301, 7.61112, -11.9042, 2363.16, 0.14733, 0.0612786, 0.987187
84.421, 7.69376, -11.9042, 2368.6, 0.153572, 0.0411671, 0.98728
84.541, 7.75711, -11.9042, 2374.41, 0.140389, 0.0419146, 0.989209
84.661, 7.80331, -11.9042, 2381.31, 0.111648, 0.0500587, 0.992486
84.781, 7.84164, -11.9042, 2388.2, 0.108846, 0.0552584, 0.992522
84.902, 7.24996, -11.9042, 2394.61, 0.121286, 0.0560596, 0.991033
85.022, 7.25223, -11.9042, 2398.7, 0.150771, 0.0600532, 0.986743
85.142, 7.24835, -11.9042, 2404.15, 0.164114, 0.04505, 0.985412
85.262, 7.24447, -11.9042, 2409.59, 0.161697, 0.0390861, 0.986066
85.382, 7.1567, -11.9042, 2415.37, 0.131452, 0.0560056, 0.989739
85.502, 7.02973, -11.9042, 2421.48, 0.107108, 0.0780755, 0.991177
85.623, 6.90171, -11.9042, 2427.64, 0.100942, 0.0883684, 0.99096
85.743, 6.74255, -11.9042, 2434.12, 0.119634, 0.084378, 0.989226
85.863, 6.6417, -11.9042, 2440.99, 0.132928, 0.0989831, 0.986171
85.983, 6.54085, -11.9042, 2447.85, 0.118718, 0.08423, 0.989349
86.103, 5.69813, -11.9042, 2454.24, 0.0874458, 0.0936996, 0.991753
86.224, 5.63308, -11.9042, 2460.38, 0.0630173, 0.114602, 0.991411
86.344, 5.5675, -11.9042, 2466.46, 0.0642705, 0.105799, 0.992308
86.464, 5.50193, -11.9042, 2472.55, 0.0890257, 0.0916069, 0.991808
86.584, 4.98177, -11.9042, 2478.02, 0.162933, 0.0887562, 0.982637
86.704, 4.9814, -11.9042, 2482.96, 0.199806, 0.0575424, 0.978144
86.824, 4.97812, -11.9042, 2487.9, 0.204036, 0.0440307, 0.977973
86.945, 4.94893, -11.9042, 2493.16, 0.180856, 0.0503897, 0.982218
87.065, 4.89461, -11.9042, 2499.24, 0.160203, 0.0720449, 0.984451
87.185, 4.84028, -11.9042, 2505.33, 0.168029, 0.0507974, 0.984472
87.305, 4.74648, -11.9042, 2511.61, 0.198301, 0.0512827, 0.978799
87.425, 4.5873, -11.9042, 2518.51, 0.241742, 0.0787451, 0.96714
87.545, 4.45677, -11.9042, 2525.4, 0.241953, 0.081274, 0.966878
87.666, 3.7714, -11.9042, 2532.02, 0.223874, 0.0760942, 0.971643
87.786, 3.59062, -11.9042, 2536.1, 0.199876, 0.09495, 0.97521
87.906, 3.34809, -11.9042, 2541.54, 0.198529, 0.0884158, 0.976099
88.026, 3.10556, -11.9042, 2546.99, 0.204471, 0.0650381, 0.97671
88.146, 2.84701, -11.9042, 2552.43, 0.20183, 0.0406542, 0.978576
88.266, 2.68813, -11.9042, 2557.9, 0.211723, 0.0458606, 0.976253
88.387, 2.57379, -11.9042, 2563.41, 0.207345, 0.0307686, 0.977784
88.507, 2.4604, -11.9042, 2568.87, 0.184391, 0.0012712, 0.982852
88.627, 2.39993, -11.9042, 2574.32, 0.154759, 0.0214797, 0.987719
88.747, 2.35952, -11.9042, 2579.77, 0.152445, 0.021431, 0.98808
88.867, 2.31911, -11.9042, 2585.22, 0.167103, 0.0295617, 0.985496
88.987, 2.2787, -11.9042, 2590.67, 0.192989, 0.0467557, 0.980086
89.108, 2.27111, -11.9042, 2595.63, 0.223495, 0.0484463, 0.9735
89.228, 2.27187, -11.9042, 2600.55, 0.218795, 0.0358919, 0.975111
89.348, 2.27264, -11.9042, 2605.47, 0.205875, 0.0240892, 0.978282
89.468, 2.32487, -11.9042, 2612.36, 0.169374, 0.041341, 0.984684
89.588, 2.37132, -11.9042, 2619.26, 0.163991, 0.0374406, 0.985751
89.709, 2.41817, -11.9042, 2626.21, 0.172952, 0.0275405, 0.984545
89.829, 2.03219, -11.9042, 2628.7, 0.201321, 0.0277732, 0.979132
89.949, 2.14678, -11.9042, 2633.62, 0.237039, 0.0473102, 0.970348
90.069, 2.2576, -11.9042, 2638.54, 0.226933, 0.0545697, 0.97238
90.189, 2.36842, -11.9042, 2643.46, 0.213675, 0.054064, 0.975408
90.309, 2.47869, -11.9042, 2649.57, 0.178985, 0.0856228, 0.980119
90.43, 2.56004, -11.9042, 2655.72, 0.175107, 0.0725194, 0.981875
90.55, 2.64071, -11.9042, 2661.83, 0.182754, 0.0541398, 0.981667
90.67, 2.55091, -11.9042, 2668.7, 0.189501, 0.068621, 0.97948
90.79, 2.49265, -11.9042, 2675.56, 0.160838, 0.0539224, 0.985507
90.91, 2.43439, -11.9042, 2682.43, 0.119967, 0.0292795, 0.992346
91.03, 1.51031, -11.9042, 2685, 0.0747377, 0.0379192, 0.996482
91.151, 1.45815, -11.9042, 2689.97, 0.0503573, 0.0321811, 0.998213
91.271, 1.40642, -11.9042, 2694.89, 0.0648725, 0.0247188, 0.997587
91.391, 1.35469, -11.9042, 2699.81, 0.0808162, 0.0262325, 0.996384
91.511, 1.30846, -11.9042, 2705.14, 0.134615, 0.0648793, 0.988772
91.631, 1.2706, -11.9042, 2710.6, 0.161435, 0.0805737, 0.983589
91.751, 1.23274, -11.9042, 2716.07, 0.17143, 0.0726785, 0.982512
91.872, 1.13499, -11.9042, 2721.89, 0.129299, 0.0970348, 0.986847
91.992, 1.01911, -11.9042, 2727.97, 0.105447, 0.125567, 0.986465
92.112, 0.902956, -11.9042, 2734.06, 0.113952, 0.129888, 0.984959
92.232, 0.777939, -11.9042, 2740.14, 0.139586, 0.113256, 0.983712
92.352, 0.787242, -11.9042, 2746.25, 0.160364, 0.126514, 0.978916
92.473, 0.820617, -11.9042, 2752.41, 0.159583, 0.115112, 0.98045
92.593, 0.853716, -11.9042, 2758.52, 0.142847, 0.106754, 0.983971
92.713, 0.897849, -11.9042, 2764.6, 0.0991402, 0.115822, 0.98831
92.833, 0.939242, -11.9042, 2770.69, 0.110868, 0.0930795, 0.989467
92.953, 0.980634, -11.9042, 2776.77, 0.134047, 0.110617, 0.984782
93.073, 0.998448, -11.9042, 2782.87, 0.193625, 0.148297, 0.969803
93.194, 0.993889, -11.9042, 2789.03, 0.208409, 0.154796, 0.965714
93.314, 0.989369, -11.9042, 2795.14, 0.19994, 0.143625, 0.969224
93.434, 0.0196168, -11.9042, 2800.62, 0.160572, 0.150083, 0.975547
93.554, 0.0729331, -11.9042, 2806.06, 0.135718, 0.15275, 0.978902
93.674, 0.138803, -11.9042, 2811.51, 0.118931, 0.136055, 0.983537
93.794, 0.204674, -11.9042, 2816.96, 0.123041, 0.13588, 0.983055
93.915, 0.30943, -11.9042, 2823.09, 0.161114, 0.141303, 0.976768
94.035, 0.420782, -11.9042, 2829.18, 0.187923, 0.118261, 0.975038
94.155, 0.532134, -11.9042, 2835.26, 0.193307, 0.0841926, 0.977519
94.275, 0.586481, -11.9042, 2841.36, 0.182827, 0.0712503, 0.98056
94.395, 0.600032, -11.9042, 2847.47, 0.190017, 0.063115, 0.97975
94.515, 0.613583, -11.9042, 2853.58, 0.194219, 0.0533481, 0.979506
94.636, 0.638045, -11.9042, 2859.73, 0.211283, 0.0410362, 0.976563
94.756, 0.698627, -11.9042, 2865.81, 0.22396, 0.0459323, 0.973515
94.876, 0.759208, -11.9042, 2871.89, 0.209113, 0.0382609, 0.977143
94.996, 0.81979, -11.9042, 2877.98, 0.165564, 0.0255754, 0.985867
95.116, 0.833196, -11.9042, 2883.44, 0.127476, 0.0495345, 0.990604
95.236, 0.822915, -11.9042, 2888.91, 0.126421, 0.0562966, 0.990378
95.357, 0.812547, -11.9042, 2894.42, 0.149941, 0.0468487, 0.987584
95.477, 0.792999, -11.9042, 2900.35, 0.200914, 0.0642774, 0.977498
95.597, 0.752396, -11.9042, 2906.44, 0.242623, 0.0665705, 0.967834
95.717, 0.711792, -11.9042, 2912.52, 0.250209, 0.0371057, 0.96748
95.837, 0.771773, -11.9042, 2919.21, 0.217939, 0.0474029, 0.974811
95.958, 0.825531, -11.9042, 2926.17, 0.205785, 0.0597594, 0.976771
96.078, 0.878845, -11.9042, 2933.06, 0.204003, 0.0429125, 0.978029
96.198, 0.328268, -11.9042, 2937.47, 0.220509, 0.0248454, 0.975069
96.318, 0.225679, -11.9042, 2942.92, 0.234681, 0.00922988, 0.972029
96.438, 0.146696, -11.9042, 2948.37, -0.326348, 0.352414, -0.877098
96.558, 0.0677126, -11.9042, 2953.82, 0.202628, 0.00306161, 0.979251
96.679, -0.0259285, -11.9042, 2959.04, 0.148958, 0.0357823, 0.988196
96.799, -0.113309, -11.9042, 2963.96, 0.124586, 0.0441329, 0.991227
96.919, -0.20069, -11.9042, 2968.88, 0.134236, 0.028295, 0.990545
97.039, -0.329988, -11.9042, 2974.79, 0.163945, 0.0226373, 0.98621
97.159, -0.43979, -11.9042, 2981.68, 0.192504, 0.0385093, 0.98054
97.279, -0.549593, -11.9042, 2988.58, 0.18994, 0.0277935, 0.981402
97.4, -1.48131, -11.9042, 2993.39, 0.158712, 0.0247667, 0.987014
97.52, -1.60535, -11.9042, 2998.84, 0.125437, 0.0534323, 0.990662
97.64, -1.69809, -11.9042, 3004.28, 0.125228, 0.0398781, 0.991326
97.76, -1.79083, -11.9042, 3009.73, 0.141697, 0.0330011, 0.98936
97.88, -1.9169, -11.9042, 3015.67, 0.177115, 0.053372, 0.982742
98, -2.02449, -11.9042, 3021.78, 0.206065, 0.0627091, 0.976527
98.121, -2.13298, -11.9042, 3027.94, 0.208686, 0.0472064, 0.976843
98.241, -2.9593, -11.9042, 3033.68, 0.182431, 0.0454403, 0.982168
98.361, -3.10413, -11.9042, 3039.13, 0.156098, 0.0656144, 0.98556
98.481, -3.24313, -11.9042, 3044.57, 0.148843, 0.0495359, 0.987619
98.601, -3.38213, -11.9042, 3050.02, 0.167337, 0.0378593, 0.985172
98.721, -3.45634, -11.9042, 3056.1, 0.200422, 0.0502214, 0.978422
98.842, -3.45948, -11.9042, 3062.24, 0.215708, 0.0422614, 0.975543
98.962, -3.4626, -11.9042, 3068.32, 0.197084, 0.0460015, 0.979307
99.082, -3.40396, -11.9042, 3074.42, 0.15315, 0.0566302, 0.986579
99.202, -3.3184, -11.9042, 3080.53, 0.141713, 0.0614767, 0.987997
99.322, -3.23283, -11.9042, 3086.64, 0.162641, 0.056983, 0.985039
99.443, -3.16811, -11.9042, 3092.79, 0.19776, 0.0852477, 0.976537
99.563, -3.18108, -11.9042, 3098.87, 0.237114, 0.117769, 0.964317
99.683, -3.19405, -11.9042, 3104.96, 0.23891, 0.100105, 0.965868
99.803, -2.91837, -11.9042, 3111.43, 0.212125, 0.0601971, 0.975387
99.923, -2.4545, -11.9042, 3118.31, 0.180007, 0.0771584, 0.980635
100.043, -2.00232, -11.9042, 3125.2, 0.160838, 0.0674514, 0.984673
100.164, -2.28256, -11.9042, 3131.18, 0.168868, 0.0735697, 0.982889
100.284, -1.94371, -11.9042, 3137.25, 0.199567, 0.0888044, 0.975852
100.404, -1.59032, -11.9042, 3143.33, 0.214075, 0.066984, 0.974518
100.524, -1.28094, -11.9042, 3149.4, 0.198439, 0.0532494, 0.978666
100.644, -1.03872, -11.9042, 3155.51, 0.164904, 0.0697046, 0.983844
100.764, -0.824328, -11.9042, 3161.61, 0.164065, 0.0707339, 0.98391
100.885, -0.608153, -11.9042, 3167.77, 0.17311, 0.0547687, 0.983378
101.005, -1.07916, -11.9042, 3173.34, 0.208195, 0.0398831, 0.977274
101.125, -0.837281, -11.9042, 3178.79, 0.23683, 0.0535489, 0.970074
101.245, -0.595402, -11.9042, 3184.23, 0.227691, 0.0377608, 0.973001
101.365, -0.354711, -11.9042, 3189.67, 0.19144, 0.0274367, 0.981121
101.485, -0.11556, -11.9042, 3195.11, 0.153583, 0.0519972, 0.986767
101.606, 0.126467, -11.9042, 3200.6, 0.160028, 0.0616082, 0.985188
101.726, 0.366495, -11.9042, 3206.04, 0.19425, 0.0602859, 0.979098
101.846, 0.620449, -11.9042, 3211.98, 0.236624, 0.0776065, 0.968497
101.966, 0.88923, -11.9042, 3218.08, 0.266551, 0.0811709, 0.960397
102.086, 1.15801, -11.9042, 3224.19, 0.26055, 0.0595957, 0.963619
102.206, 0.461806, -11.9042, 3228.71, 0.22878, 0.0395334, 0.972675
102.327, 0.57938, -11.9042, 3233.67, 0.176829, 0.0450777, 0.983209
102.447, 0.680858, -11.9042, 3238.59, 0.168354, 0.0556739, 0.984153
102.567, 0.782337, -11.9042, 3243.51, 0.185848, 0.0495544, 0.981328
102.687, 1.14114, -11.9042, 3250.39, 0.223846, 0.0648981, 0.972461
102.807, 1.55016, -11.9042, 3257.28, 0.232255, 0.0528539, 0.971218
102.928, 1.96259, -11.9042, 3264.22, 0.19042, 0.0197282, 0.981504
103.048, 2.61869, -11.9042, 3271.05, 0.152743, 0.0424764, 0.987353
103.168, 3.26934, -11.9042, 3277.89, 0.153808, 0.0537372, 0.986638
103.288, 3.92, -11.9042, 3284.73, 0.165334, 0.0832452, 0.982718
103.408, 3.84709, -11.9042, 3288.65, 0.1937, 0.100043, 0.975946
103.528, 4.26882, -11.9042, 3293.57, 0.227465, 0.123042, 0.965982
103.649, 4.6896, -11.9042, 3298.53, 0.228556, 0.108292, 0.967489
103.769, 5.1069, -11.9042, 3303.45, 0.21759, 0.078418, 0.972885
103.889, 5.56122, -11.9042, 3309.52, 0.1797, 0.0874227, 0.979829
104.009, 5.92327, -11.9042, 3315.59, 0.16885, 0.0933286, 0.981213
104.129, 6.28531, -11.9042, 3321.66, 0.171595, 0.0813664, 0.981802
104.249, 6.61679, -11.9042, 3327.42, 0.193037, 0.0733651, 0.978445
104.37, 6.9086, -11.9042, 3332.91, 0.214341, 0.0840907, 0.973132
104.49, 7.19799, -11.9042, 3338.34, 0.205323, 0.0616905, 0.976748
104.61, 7.48739, -11.9042, 3343.78, 0.186295, 0.0504458, 0.981198
104.73, 7.72161, -11.9042, 3348.84, 0.153378, 0.0789013, 0.985013
104.85, 7.92959, -11.9042, 3353.77, 0.160694, 0.0846872, 0.983364
104.97, 8.13756, -11.9042, 3358.71, 0.182539, 0.0806495, 0.979885
105.091, 8.40523, -11.9042, 3365.13, 0.229632, 0.0856739, 0.969499
105.211, 8.65038, -11.9042, 3371.99, 0.252622, 0.0961128, 0.96278
105.331, 8.89553, -11.9042, 3378.85, 0.246213, 0.0704156, 0.966654
105.451, 8.16238, -11.9042, 3383.67, 0.205702, 0.0791397, 0.975409
105.571, 8.33152, -11.9042, 3383.64, 0.180624, 0.0862806, 0.979761
105.692, 8.39476, -11.9042, 3383.64, 0.175929, 0.0736699, 0.981642
105.812, 8.33469, -11.9042, 3383.65, 0.178995, 0.0642548, 0.981749
105.932, 8.36167, -11.9042, 3385.82, 0.199776, 0.0677184, 0.977499
106.052, 8.38411, -11.9042, 3387.98, 0.199167, 0.0444019, 0.978959
106.172, 8.40654, -11.9042, 3390.15, 0.177408, 0.00217553, 0.984135
106.292, 8.41689, -11.9042, 3393.95, 0.0885795, -0.019213, 0.995884
106.413, 8.4036, -11.9042, 3399.44, 0.0487195, -0.00870526, 0.998775
106.533, 8.39042, -11.9042, 3404.89, 0.0460124, -0.0104809, 0.998886
106.653, 8.39307, -11.9042, 3411.06, 0.0665592, 0.0108731, 0.997723
106.773, 8.40012, -11.9042, 3417.96, 0.0850653, 0.0240159, 0.996086
106.893, 8.40718, -11.9042, 3424.86, 0.0674876, -0.0110343, 0.997659
107.013, 8.38107, -11.9042, 3431.74, 0.0404212, -0.00829299, 0.999148
107.134, 8.28022, -11.9042, 3438.66, -0.131648, 0.327123, -0.935767
107.254, 8.18021, -11.9042, 3445.53, -0.00526779, 0.00582114, 0.999969
107.374, 7.23867, -11.9042, 3452.19, -0.000446959, 0.00863265, 0.999963
107.494, 7.15453, -11.9042, 3455.89, 0.0175925, 0.0195534, 0.999654
107.614, 7.0358, -11.9042, 3460.82, 0.0139998, 0.00864461, 0.999865
107.734, 6.91707, -11.9042, 3465.76, 0.00870313, -0.0101085, 0.999911
107.855, 6.81493, -11.9042, 3472.2, -0.0123437, -0.00402005, 0.999916
107.975, 6.64924, -11.9042, 3479.06, -0.0134873, 0.00716764, 0.999883
108.095, 6.48355, -11.9042, 3485.93, -0.00125692, -0.00550128, 0.999984
108.215, 6.31341, -11.9042, 3492.41, 0.039819, 0.00143268, 0.999206
108.335, 5.9628, -11.9042, 3498.51, 0.0683338, 0.00954583, 0.997617
108.455, 5.6122, -11.9042, 3504.61, 0.0748204, -0.0235544, 0.996919
108.576, 5.58001, -11.9042, 3511.14, 0.0495087, -0.0239174, 0.998487
108.696, 5.54842, -11.9042, 3518.01, 0.0180153, -0.0110914, 0.999776
108.816, 5.46914, -11.9042, 3524.87, 0.0207631, -0.00352858, 0.999778
108.936, 4.37117, -11.9042, 3531.64, 0.0438205, -0.00708849, 0.999014
109.056, 4.37664, -11.9042, 3537.11, 0.0911183, 0.019379, 0.995651
109.177, 4.36507, -11.9042, 3542.62, 0.118203, 0.0130107, 0.992904
109.297, 4.3536, -11.9042, 3548.09, 0.125652, -0.0191859, 0.991889
109.417, 4.3667, -11.9042, 3554.02, 0.107686, -0.00156611, 0.994184
109.537, 4.38304, -11.9042, 3560.1, 0.114313, 0.0118433, 0.993374
109.657, 4.39937, -11.9042, 3566.19, 0.129159, 0.025698, 0.991291
109.777, 4.43027, -11.9042, 3572.27, 0.154599, 0.0432063, 0.987032
109.898, 4.44951, -11.9042, 3578.41, 0.179824, 0.0466431, 0.982592
110.018, 4.46858, -11.9042, 3584.49, 0.169675, 0.0294045, 0.985061
110.138, 4.48766, -11.9042, 3590.58, 0.138693, 0.0387577, 0.989577
110.258, 4.46507, -11.9042, 3596.04, 0.0708298, 0.0524429, 0.996109
110.378, 4.42845, -11.9042, 3601.51, 0.0558817, 0.0651353, 0.996311
110.498, 4.39183, -11.9042, 3606.98, 0.0578652, 0.0515547, 0.996992
110.619, 4.3864, -11.9042, 3612.48, 0.0871463, 0.0458213, 0.995141
110.739, 4.43627, -11.9042, 3617.93, 0.112342, 0.0525006, 0.992282
110.859, 4.48613, -11.9042, 3623.37, 0.109481, 0.0315626, 0.993488
110.979, 4.52555, -11.9042, 3628.99, 0.0577412, 0.0228737, 0.99807
111.099, 4.52972, -11.9042, 3635.09, 0.0263368, 0.0516766, 0.998317
111.219, 4.53389, -11.9042, 3641.2, 0.0467708, 0.0734043, 0.996205
111.34, 4.5381, -11.9042, 3647.36, 0.087447, 0.0696776, 0.993729
111.46, 3.87806, -11.9042, 3651.54, 0.149252, 0.0759923, 0.985875
111.58, 3.88649, -11.9042, 3656.46, 0.199872, 0.102973, 0.974396
111.7, 3.89491, -11.9042, 3661.38, 0.210109, 0.0647588, 0.975531
111.82, 3.88817, -11.9042, 3666.59, 0.162994, 0.0565653, 0.985004
111.94, 3.83591, -11.9042, 3672.67, 0.120494, 0.0915023, 0.988488
112.061, 3.78731, -11.9042, 3678.81, 0.121479, 0.0847511, 0.988969
112.181, 3.73912, -11.9042, 3684.89, 0.143673, 0.0641973, 0.987541
112.301, 2.85832, -11.9042, 3688.1, 0.163834, 0.0668796, 0.984218
112.421, 2.79939, -11.9042, 3688.11, 0.161583, 0.057346, 0.985192
112.541, 2.89799, -11.9042, 3688.08, 0.12341, 0.0403408, 0.991535
112.662, 2.89678, -11.9042, 3690.5, 0.0637635, 0.0555578, 0.996417
112.782, 2.8919, -11.9042, 3692.9, 0.0529188, 0.0771776, 0.995612
112.902, 2.88703, -11.9042, 3695.3, 0.0537873, 0.0579162, 0.996871
113.022, 2.88216, -11.9042, 3697.7, 0.0797822, 0.0558456, 0.995247
113.142, 2.85165, -11.9042, 3702.19, 0.107113, 0.0681272, 0.99191
113.262, 2.82113, -11.9042, 3706.68, 0.113727, 0.0446922, 0.992506
113.383, 2.7907, -11.9042, 3712.05, 0.0902343, 0.0142974, 0.995818
113.503, 2.74663, -11.9042, 3719.9, 0.0756304, 0.0439008, 0.996169
113.623, 2.69718, -11.9042, 3727.75, 0.0850891, 0.0794919, 0.993197
113.743, 2.04449, -11.9042, 3735.1, 0.12003, 0.068834, 0.990381
113.863, 2.08862, -11.9042, 3737.57, 0.166904, 0.0645085, 0.983861
113.983, 2.18775, -11.9042, 3742.5, 0.200976, 0.0643597, 0.97748
114.104, 2.28769, -11.9042, 3747.48, 0.182045, 0.0527745, 0.981873
114.224, 2.38513, -11.9042, 3752.7, 0.130734, 0.0563697, 0.989814
114.344, 2.46516, -11.9042, 3758.78, 0.105197, 0.0899478, 0.990375
114.464, 2.54519, -11.9042, 3764.87, 0.113017, 0.0709125, 0.991059
114.584, 2.62089, -11.9042, 3771.15, 0.138873, 0.0468822, 0.9892
114.704, 2.72427, -11.9042, 3778.01, 0.173087, 0.0583314, 0.983178
114.825, 2.83641, -11.9042, 3784.94, 0.183518, 0.0715934, 0.980406
114.945, 2.94762, -11.9042, 3791.8, 0.147261, 0.0609812, 0.987216
115.065, 1.84272, -11.9042, 3795.75, 0.0956454, 0.0563408, 0.99382
115.185, 1.96229, -11.9042, 3800.68, 0.0462359, 0.106408, 0.993247
115.305, 2.08186, -11.9042, 3805.62, 0.0641757, 0.1072, 0.992164
115.426, 2.21921, -11.9042, 3810.89, 0.112536, 0.10192, 0.988407
115.546, 2.43318, -11.9042, 3816.97, 0.179442, 0.107685, 0.977857
115.666, 2.64459, -11.9042, 3823.05, 0.18438, 0.0930645, 0.978439
115.786, 2.85601, -11.9042, 3829.13, 0.141898, 0.0583422, 0.98816
115.906, 3.09051, -11.9042, 3834.75, 0.096757, 0.0585529, 0.993584
116.026, 3.27752, -11.9042, 3840.21, 0.0854576, 0.100902, 0.991219
116.147, 3.46608, -11.9042, 3845.72, 0.101552, 0.0913197, 0.99063
116.267, 3.66424, -11.9042, 3851.18, 0.124195, 0.0932114, 0.98787
116.387, 3.85235, -11.9042, 3856.63, 0.178597, 0.127704, 0.9756
116.507, 4.03784, -11.9042, 3862.07, 0.174616, 0.101478, 0.979394
116.627, 4.22418, -11.9042, 3867.88, 0.14231, 0.0752441, 0.986958
116.747, 4.32028, -11.9042, 3874.77, 0.0966923, 0.0942725, 0.99084
116.868, 4.40438, -11.9042, 3881.72, 0.108251, 0.0953849, 0.989537
116.988, 3.64436, -11.9042, 3888.53, 0.144912, 0.0599364, 0.987628
117.108, 3.85844, -11.9042, 3894.61, 0.184035, 0.0605106, 0.981055
117.228, 4.09466, -11.9042, 3900.69, 0.193606, 0.0556267, 0.979501
117.348, 4.33088, -11.9042, 3906.77, 0.163242, 0.0260388, 0.986242
117.468, 4.52495, -11.9042, 3912.54, 0.122988, 0.0142806, 0.992305
117.589, 4.67839, -11.9042, 3918.03, 0.106179, 0.0293853, 0.993913
117.709, 4.83056, -11.9042, 3923.47, 0.123581, 0.0107297, 0.992276
117.829, 4.98903, -11.9042, 3929.08, 0.146051, 0.00461433, 0.989266
117.949, 5.16319, -11.9042, 3935.19, 0.185033, 0.00294808, 0.982728
118.069, 5.33219, -11.9042, 3941.29, 0.191311, -0.0141881, 0.981427
118.189, 5.50119, -11.9042, 3947.4, 0.165302, -0.0190285, 0.986059
118.31, 5.63304, -11.9042, 3953.53, 0.119988, 0.00632686, 0.992755
118.43, 5.77337, -11.9042, 3959.62, 0.119239, 0.0031501, 0.992861
118.55, 5.9137, -11.9042, 3965.7, 0.124764, -0.0313987, 0.991689
118.67, 5.9989, -11.9042, 3971.8, 0.153294, -0.0452894, 0.987142
118.79, 6.03523, -11.9042, 3977.91, 0.199558, -0.0952759, 0.975243
118.911, 6.07185, -11.9042, 3984.07, 0.216533, -0.207377, 0.953996
119.031, 5.30126, -11.9042, 3988.93, 0.257754, -0.338938, 0.904812
119.151, 5.76594, -11.9042, 3990.03, 0.319735, -0.595547, 0.736948
119.271, 5.79369, -11.9042, 3993.82, 0, 0, 1
119.391, 5.82086, -11.9042, 3997.6, 0, 0, 1
119.511, 5.84803, -11.9042, 4001.38, 0, 0, 1
119.632, 5.87543, -11.9042, 4005.19, 0, 0, 1
119.752, 7.76861, -11.9042, 4006.93, 0, 0, 1
119.872, 7.85237, -11.9042, 4006.34, 0, 0, 1
119.992, 8.21427, -11.9042, 4005.15, 0, 0, 1
120.112, 8.45798, -11.9042, 4004.73, 0, 0, 1
120.232, 8.72814, -11.9042, 4004.57, 0, 0, 1
120.353, 10.5311, -11.9042, 4004.06, 0, 0, 1
120.473, 11.3447, -11.9042, 4004.16, 0, 0, 1
120.593, 11.8912, -11.9042, 4004.15, 0, 0, 1
120.713, 12.3039, -11.9042, 4003.93, 0, 0, 1
120.833, 12.47, -11.9042, 4003.73, 0, 0, 1
120.953, 12.4768, -11.9042, 4003.45, 0, 0, 1
121.074, 10.7455, -11.9042, 4003.84, 0, 0, 1
121.194, 10.7044, -11.9042, 4003.83, 0, 0, 1
121.314, 10.5985, -11.9042, 4003.8, 0, 0, 1
121.434, 10.4803, -11.9042, 4003.78, 0, 0, 1
121.554, 10.3755, -11.9042, 4003.75, 0, 0, 1
121.674, 10.2725, -11.9042, 4003.72, 0, 0, 1
121.795, 10.2252, -11.9042, 4003.71, 0, 0, 1
121.915, 10.2252, -11.9042, 4003.71, 0, 0, 1
122.035, 10.2252, -11.9042, 4003.71, 0, 0, 1
122.155, 10.1453, -11.9042, 4003.66, -0.387597, -0.659425, 0.644148
122.275, 10.0459, -11.9042, 4003.71, -0.440926, -0.716191, 0.540976
122.396, 9.97254, -11.9042, 4003.85, -0.464286, -0.734486, 0.494944
122.516, 9.78213, -11.9042, 4003.99, -0.485136, -0.773862, 0.407161
122.636, 9.40534, -11.9042, 4004, -0.454931, -0.841651, 0.290967
122.756, 9.01885, -11.9042, 4003.94, -0.373408, -0.881622, 0.288634
122.876, 8.54555, -11.9042, 4003.83, -0.20358, -0.96433, 0.169181
122.966, 8.28943, -11.9042, 4003.68, -0.11174, -0.988586, 0.101055
123.056, 8.1476, -11.9042, 4003.5, -0.117839, -0.990226, 0.0746031
123.157, 7.95675, -11.9042, 4003.08, 0.0338573, 0.999427, 9.63864e-005
123.277, 7.94635, -11.9042, 4002.17, -0.1129, 0.991466, 0.0651863
123.397, 8.24423, -11.9042, 4002.55, 0, 0, 1
123.527, -24.1301, -11.9042, 3980.58, 0, 0, 1
123.647, -23.8626, -11.9042, 3980.4, 0, 0, 1
123.798, 9.7688, -11.9042, 4001.32, 0, 0, 1
123.918, -23.5314, -11.9042, 3980.46, 0, 0, 1
124.038, 9.97911, -11.9042, 4001.31, 0, 0, 1
124.158, -23.5445, -11.9042, 3980.36, 0, 0, 1
124.278, -23.5706, -11.9042, 3980.33, 0, 0, 1
124.398, 9.89448, -11.9042, 4001.58, 0, 0, 1
124.539, 9.99477, -11.9042, 4001.33, 0, 0, 1
124.659, 10.1288, -11.9042, 4001.24, 0, 0, 1
124.779, 10.281, -11.9042, 4001.28, 0, 0, 1
124.899, -23.0379, -11.9042, 3980, 0, 0, 1
125.019, -22.9694, -11.9042, 3980.13, 0, 0, 1
125.139, 11.0174, -11.9042, 4001.18, 0, 0, 1
125.26, 11.1395, -11.9042, 4001.39, 0, 0, 1
125.38, -23.0954, -11.9042, 3979.98, -0.756951, 0.201504, 0.621628
125.5, -23.0954, -11.9042, 3979.98, -0.738955, 0.182654, 0.648523
125.62, 11.2092, -11.9042, 4000.8, -0.186834, 0.656946, 0.730422
125.74, 11.2228, -11.9042, 4001.5, 0.305364, -0.660614, -0.685815
125.861, -23.0818, -11.9042, 3979.89, -0.747362, 0.193196, 0.635709
125.981, -23.0818, -11.9042, 3979.89, -0.752897, 0.199741, 0.627096
126.101, -23.0818, -11.9042, 3979.89, -0.752924, 0.200473, 0.62683
126.221, 11.276, -11.9042, 4000.67, -0.182385, 0.67174, 0.717984
126.341, 11.2625, -11.9042, 4000.89, -0.166977, 0.658866, 0.733495
126.461, 11.3266, -11.9042, 4001.03, -0.0988616, 0.698317, 0.708929
126.582, 11.3907, -11.9042, 4001.22, -0.0362167, 0.668738, 0.742616
126.702, 11.4521, -11.9042, 4001.32, 0.0490882, 0.671559, 0.739323
126.822, 11.4521, -11.9042, 4001.32, 0.077303, 0.668853, 0.739365
127.012, 11.4474, -11.9042, 4001.31, 0.0982778, 0.653006, 0.750949
127.162, 11.3941, -11.9042, 4001.25, -0.00515897, 0.660641, 0.750684
127.313, 11.4284, -11.9042, 4001.22, -0.0145953, 0.681267, 0.731889
127.483, 11.4284, -11.9042, 4001.22, -0.0371301, 0.656137, 0.753728
127.623, 11.4284, -11.9042, 4001.22, -0.00356996, 0.652303, 0.75795
127.743, 11.4284, -11.9042, 4001.22, -0.0875023, 0.660862, 0.745389
127.923, 11.4545, -11.9042, 4001.25, -0.00902923, 0.622667, 0.782435
128.054, 11.5364, -11.9042, 4001.29, 0.0886558, 0.610512, 0.78703
128.224, 11.6162, -11.9042, 4001.31, 0.111183, 0.550631, 0.827311
128.384, 11.699, -11.9042, 4001.33, 0.245577, 0.49622, 0.832741
128.524, 11.699, -11.9042, 4001.33, 0.184006, 0.472893, 0.861693
128.695, 11.624, -11.9042, 4001.26, 0.132461, 0.427969, 0.894034
128.865, 11.4749, -11.9042, 4000.82, 0.0415907, 0.391094, 0.91941
129.015, 11.28, -11.9042, 4000.83, 0.119566, -0.347718, -0.929944
129.165, -22.8702, -11.9042, 3979.79, 0, 0, 1
129.325, -22.9056, -11.9042, 3979.78, 0, 0, 1
129.456, -22.8963, -11.9042, 3979.77, 0, 0, 1
129.596, -22.9655, -11.9042, 3979.7, 0, 0, 1
129.726, -23.0039, -11.9042, 3979.73, 0, 0, 1
129.896, -22.9912, -11.9042, 3979.79, 0, 0, 1
130.067, -22.9295, -11.9042, 3979.92, 0, 0, 1
130.187, -23.0367, -11.9042, 3979.99, 0, 0, 1
130.307, 10.7234, -11.9042, 4000.74, 0, 0, 1
130.437, -23.1408, -11.9042, 3980.05, 0, 0, 1
130.557, 10.4819, -11.9042, 4000.73, 0, 0, 1
130.677, 9.95601, -11.9042, 4000.81, 0, 0, 1
130.798, -23.7302, -11.9042, 3979.73, 0, 0, 1
130.918, -23.7671, -11.9042, 3979.77, -0.815904, 0.266528, 0.513092
131.038, 9.52268, -11.9042, 4001.15, 0.100499, -0.510623, -0.853911
131.158, 9.40401, -11.9042, 4001.18, 0.10459, -0.500542, -0.859371
131.278, 9.27995, -11.9042, 4001.33, 0.0415006, 0.420054, 0.90655
131.398, 9.22882, -11.9042, 4001.46, 0.0730631, 0.351231, 0.933434
131.519, 9.44882, -11.9042, 4001.54, 0.0213543, -0.356656, -0.933992
131.639, 9.70331, -11.9042, 4001.69, 0.123284, -0.386276, -0.914107
131.759, 9.71449, -11.9042, 4001.76, 0.077883, -0.380245, -0.921601
131.879, 9.75989, -11.9042, 4001.77, 0.113084, -0.391548, -0.913182
131.999, 9.77304, -11.9042, 4001.97, 0.00130493, -0.423717, -0.905794
132.12, 9.89624, -11.9042, 4002.06, -0.0284092, -0.386892, -0.921687
132.24, 9.88911, -11.9042, 4002.21, -0.0647731, -0.37441, -0.924998
132.36, 9.89276, -11.9042, 4002.28, -0.0529449, -0.406661, -0.912044
132.48, 9.93226, -11.9042, 4002.31, -0.0278934, -0.429653, -0.902563
132.6, 9.88648, -11.9042, 4002.3, -0.10847, -0.388394, -0.915087
132.72, 9.82398, -11.9042, 4002.32, -0.0596295, -0.439581, -0.896221
132.841, 9.72664, -11.9042, 4002.31, -0.0734689, -0.437995, -0.89597
132.961, 9.64125, -11.9042, 4002.29, -0.0709592, -0.436857, -0.896728
133.081, 9.64125, -11.9042, 4002.29, -0.12586, -0.405133, -0.905553
133.201, 9.64125, -11.9042, 4002.29, -0.10419, -0.430167, -0.896717
133.321, 9.68151, -11.9042, 4002.3, -0.109333, -0.438514, -0.892049
133.441, 9.76699, -11.9042, 4002.32, -0.156099, -0.442823, -0.882916
133.562, 9.76699, -11.9042, 4002.32, -0.146384, -0.446804, -0.882574
133.682, 9.76699, -11.9042, 4002.32, -0.0651617, -0.456533, -0.887317
133.812, 9.76699, -11.9042, 4002.32, -0.0781353, -0.450203, -0.889501
133.932, 9.76699, -11.9042, 4002.32, -0.0631527, -0.428158, -0.901494
134.072, 9.72448, -11.9042, 4002.32, -0.0796909, -0.426781, -0.900837
134.223, 9.72448, -11.9042, 4002.32, -0.0510852, -0.440476, -0.89631
134.363, 9.72448, -11.9042, 4002.32, -0.104719, -0.421689, -0.900673
134.513, 9.68426, -11.9042, 4002.33, -0.115222, -0.422178, -0.899161
134.673, 9.68426, -11.9042, 4002.33, -0.0901557, -0.429342, -0.898631
134.813, 9.68426, -11.9042, 4002.33, -0.123613, -0.423318, -0.897509
134.994, 9.68426, -11.9042, 4002.33, -0.0255282, -0.442653, -0.89633
135.114, 9.68426, -11.9042, 4002.33, -0.0382639, -0.447064, -0.893683
135.234, 9.68426, -11.9042, 4002.33, -0.0421577, -0.442575, -0.89574
135.364, 9.68426, -11.9042, 4002.33, -0.0873421, -0.444962, -0.89128
135.484, 9.68426, -11.9042, 4002.33, -0.0859471, -0.443378, -0.892204
135.605, 9.68426, -11.9042, 4002.33, -0.0848929, -0.450683, -0.888638
135.725, 9.68426, -11.9042, 4002.33, -0.0303931, -0.46185, -0.886437
135.845, 9.68426, -11.9042, 4002.33, -0.0790747, -0.438213, -0.895386
135.965, 9.57238, -11.9042, 4002.23, -0.0325437, -0.427224, -0.90356
136.085, 9.42278, -11.9042, 4002.08, 0.0108055, -0.433658, -0.901013
136.205, 9.3049, -11.9042, 4001.72, 0.0526012, -0.42661, -0.902905
136.326, 9.17552, -11.9042, 4001.19, 0.127994, -0.426373, -0.895446
136.446, -57.3155, -11.9042, 3958.9, -0.235846, 0.282093, 0.929946
136.566, -24.1714, -11.9042, 3979.8, 0, 0, 1
136.686, -24.1714, -11.9042, 3979.8, 0, 0, 1
136.806, -24.1714, -11.9042, 3979.8, 0, 0, 1
136.926, -24.1714, -11.9042, 3979.8, 0, 0, 1
137.047, -24.1714, -11.9042, 3979.8, 0, 0, 1
137.167, -24.1714, -11.9042, 3979.8, 0, 0, 1
137.287, -24.1714, -11.9042, 3979.8, 0, 0, 1
137.407, -24.1714, -11.9042, 3979.8, 0, 0, 1
137.527, -24.1714, -11.9042, 3979.8, 0, 0, 1
137.647, -24.1714, -11.9042, 3979.8, 0, 0, 1
137.768, -24.1714, -11.9042, 3979.8, 0, 0, 1
137.888, -24.1714, -11.9042, 3979.8, 0, 0, 1
138.008, -24.1714, -11.9042, 3979.8, 0, 0, 1
138.128, -24.1714, -11.9042, 3979.8, 0, 0, 1
138.248, -24.1714, -11.9042, 3979.8, 0, 0, 1
138.368, -24.1714, -11.9042, 3979.8, 0, 0, 1
138.509, -24.1714, -11.9042, 3979.8, 0, 0, 1
138.629, -24.1714, -11.9042, 3979.8, 0, 0, 1
138.749, -24.1714, -11.9042, 3979.8, 0, 0, 1
138.869, -24.1714, -11.9042, 3979.8, 0, 0, 1
138.989, -24.1714, -11.9042, 3979.8, 0, 0, 1
139.11, -24.1714, -11.9042, 3979.8, 0, 0, 1
139.23, -24.1714, -11.9042, 3979.8, 0, 0, 1
139.35, -24.1714, -11.9042, 3979.8, 0, 0, 1
139.52, -24.1714, -11.9042, 3979.8, 0, 0, 1
139.66, -24.1714, -11.9042, 3979.8, 0, 0, 1
139.821, -24.1714, -11.9042, 3979.8, 0, 0, 1
139.981, -24.1714, -11.9042, 3979.8, 0, 0, 1
140.121, -24.1714, -11.9042, 3979.8, 0, 0, 1
140.251, -24.1714, -11.9042, 3979.8, 0, 0, 1
140.391, -24.1714, -11.9042, 3979.8, 0, 0, 1
140.532, -24.1714, -11.9042, 3979.8, 0, 0, 1
140.682, -24.1714, -11.9042, 3979.8, 0, 0, 1
140.842, -24.1714, -11.9042, 3979.8, 0, 0, 1
140.972, -24.1714, -11.9042, 3979.8, 0, 0, 1
141.122, -24.1714, -11.9042, 3979.8, 0, 0, 1
141.273, -24.1714, -11.9042, 3979.8, 0, 0, 1
141.413, -24.1714, -11.9042, 3979.8, 0, 0, 1
141.553, -24.1714, -11.9042, 3979.8, 0, 0, 1
141.693, -24.1714, -11.9042, 3979.8, 0, 0, 1
141.833, -24.1714, -11.9042, 3979.8, 0, 0, 1
141.974, -24.1714, -11.9042, 3979.8, 0, 0, 1
142.114, -24.1714, -11.9042, 3979.8, 0, 0, 1
142.274, -24.1714, -11.9042, 3979.8, 0, 0, 1
142.414, -24.1714, -11.9042, 3979.8, 0, 0, 1
142.575, -24.1714, -11.9042, 3979.8, 0, 0, 1
142.705, -24.1714, -11.9042, 3979.8, 0, 0, 1
142.825, -24.1714, -11.9042, 3979.8, 0, 0, 1
142.955, -24.1714, -11.9042, 3979.8, 0, 0, 1
143.075, -24.1714, -11.9042, 3979.8, 0, 0, 1
143.195, -24.1714, -11.9042, 3979.8, 0, 0, 1
143.316, -24.1714, -11.9042, 3979.8, 0, 0, 1
143.436, -24.1714, -11.9042, 3979.8, 0, 0, 1
143.556, -24.1714, -11.9042, 3979.8, 0, 0, 1
143.676, -24.1714, -11.9042, 3979.8, 0, 0, 1
143.796, -24.1714, -11.9042, 3979.8, 0, 0, 1
143.916, -24.1714, -11.9042, 3979.8, 0, 0, 1
144.037, -24.1714, -11.9042, 3979.8, 0, 0, 1
144.157, -24.1714, -11.9042, 3979.8, 0, 0, 1
144.277, -24.1714, -11.9042, 3979.8, 0, 0, 1
144.407, -24.1714, -11.9042, 3979.8, 0, 0, 1
144.527, -24.1714, -11.9042, 3979.8, 0, 0, 1
144.648, -24.1714, -11.9042, 3979.8, 0, 0, 1
144.768, -24.1714, -11.9042, 3979.8, 0, 0, 1
144.888, -24.1714, -11.9042, 3979.8, 0, 0, 1
145.008, -24.1714, -11.9042, 3979.8, 0, 0, 1
145.128, -24.1714, -11.9042, 3979.8, 0, 0, 1
145.248, -24.1714, -11.9042, 3979.8, 0, 0, 1
145.369, -24.1714, -11.9042, 3979.8, 0, 0, 1
145.489, -24.1714, -11.9042, 3979.8, 0, 0, 1
145.609, -24.1714, -11.9042, 3979.8, 0, 0, 1
145.729, -24.1714, -11.9042, 3979.8, 0, 0, 1
145.849, -24.1714, -11.9042, 3979.8, 0, 0, 1
145.969, -24.1714, -11.9042, 3979.8, 0, 0, 1
146.09, -24.1714, -11.9042, 3979.8, 0, 0, 1
146.21, -24.1714, -11.9042, 3979.8, 0, 0, 1
146.33, -24.1714, -11.9042, 3979.8, 0, 0, 1
146.45, -24.1714, -11.9042, 3979.8, 0, 0, 1
146.57, -24.1714, -11.9042, 3979.8, 0, 0, 1
146.69, -24.1714, -11.9042, 3979.8, 0, 0, 1
146.811, -24.1714, -11.9042, 3979.8, 0, 0, 1
146.931, -24.1714, -11.9042, 3979.8, 0, 0, 1
147.051, -24.1714, -11.9042, 3979.8, 0, 0, 1
147.171, -24.1714, -11.9042, 3979.8, 0, 0, 1
147.291, -24.1714, -11.9042, 3979.8, 0, 0, 1
147.411, -24.1714, -11.9042, 3979.8, 0, 0, 1
147.532, -24.1714, -11.9042, 3979.8, 0, 0, 1
147.652, -24.1714, -11.9042, 3979.8, 0, 0, 1
147.772, -24.1714, -11.9042, 3979.8, 0, 0, 1
147.892, -24.1714, -11.9042, 3979.8, 0, 0, 1
148.012, -24.1714, -11.9042, 3979.8, 0, 0, 1
148.133, -24.1714, -11.9042, 3979.8, 0, 0, 1
148.253, -24.1714, -11.9042, 3979.8, 0, 0, 1
148.373, -24.1714, -11.9042, 3979.8, 0, 0, 1
148.493, -24.1714, -11.9042, 3979.8, 0, 0, 1
148.613, -24.1714, -11.9042, 3979.8, 0, 0, 1
148.733, -24.1714, -11.9042, 3979.8, 0, 0, 1
148.854, -24.1714, -11.9042, 3979.8, 0, 0, 1
148.974, -24.1714, -11.9042, 3979.8, 0, 0, 1
149.094, -24.1714, -11.9042, 3979.8, 0, 0, 1
149.214, -24.1714, -11.9042, 3979.8, 0, 0, 1
149.334, -24.1714, -11.9042, 3979.8, 0, 0, 1
149.454, -24.1714, -11.9042, 3979.8, 0, 0, 1
149.575, -24.1714, -11.9042, 3979.8, 0, 0, 1
149.695, -24.1714, -11.9042, 3979.8, 0, 0, 1
149.815, -24.1714, -11.9042, 3979.8, 0, 0, 1
149.935, -24.1714, -11.9042, 3979.8, 0, 0, 1
150.055, -24.1714, -11.9042, 3979.8, 0, 0, 1
150.175, -24.1714, -11.9042, 3979.8, 0, 0, 1
150.296, -24.1714, -11.9042, 3979.8, 0, 0, 1
150.416, -24.1714, -11.9042, 3979.8, 0, 0, 1
150.536, -24.1714, -11.9042, 3979.8, 0, 0, 1
150.656, -24.1714, -11.9042, 3979.8, 0, 0, 1
150.776, -24.1714, -11.9042, 3979.8, 0, 0, 1
150.897, -24.1714, -11.9042, 3979.8, 0, 0, 1
151.017, -24.1714, -11.9042, 3979.8, 0, 0, 1
151.137, -24.1714, -11.9042, 3979.8, 0, 0, 1
151.257, -24.1714, -11.9042, 3979.8, 0, 0, 1
151.377, -24.1714, -11.9042, 3979.8, 0, 0, 1
151.497, -24.1714, -11.9042, 3979.8, 0, 0, 1
151.618, -24.1714, -11.9042, 3979.8, 0, 0, 1
151.738, -24.1714, -11.9042, 3979.8, 0, 0, 1
151.858, -24.1714, -11.9042, 3979.8, 0, 0, 1
151.978, -24.1714, -11.9042, 3979.8, 0, 0, 1
152.098, -24.1714, -11.9042, 3979.8, 0, 0, 1
152.218, -24.1714, -11.9042, 3979.8, 0, 0, 1
152.339, -24.1714, -11.9042, 3979.8, 0, 0, 1
152.459, -24.1714, -11.9042, 3979.8, 0, 0, 1
152.579, -24.1714, -11.9042, 3979.8, 0, 0, 1
152.699, -24.1714, -11.9042, 3979.8, 0, 0, 1
152.819, -24.1714, -11.9042, 3979.8, 0, 0, 1
152.939, -24.1714, -11.9042, 3979.8, 0, 0, 1
153.06, -24.1714, -11.9042, 3979.8, 0, 0, 1
153.18, -24.1714, -11.9042, 3979.8, 0, 0, 1
153.3, -24.1714, -11.9042, 3979.8, 0, 0, 1
153.42, -24.1714, -11.9042, 3979.8, 0, 0, 1
153.54, -24.1714, -11.9042, 3979.8, 0, 0, 1
153.66, -24.1714, -11.9042, 3979.8, 0, 0, 1
153.781, -24.1714, -11.9042, 3979.8, 0, 0, 1
153.901, -24.1714, -11.9042, 3979.8, 0, 0, 1
154.021, -24.1714, -11.9042, 3979.8, 0, 0, 1
154.141, -24.1714, -11.9042, 3979.8, 0, 0, 1
154.261, -24.1714, -11.9042, 3979.8, 0, 0, 1
154.382, -24.1714, -11.9042, 3979.8, 0, 0, 1
154.502, -24.1714, -11.9042, 3979.8, 0, 0, 1
154.622, -24.1714, -11.9042, 3979.8, 0, 0, 1
154.742, -24.1714, -11.9042, 3979.8, 0, 0, 1
154.862, -24.1714, -11.9042, 3979.8, 0, 0, 1
154.982, -24.1714, -11.9042, 3979.8, 0, 0, 1
155.103, -24.1714, -11.9042, 3979.8, 0, 0, 1
155.223, -24.1714, -11.9042, 3979.8, 0, 0, 1
155.343, -24.1714, -11.9042, 3979.8, 0, 0, 1
155.463, -24.1714, -11.9042, 3979.8, 0, 0, 1
155.583, -24.1714, -11.9042, 3979.8, 0, 0, 1
155.703, -24.1714, -11.9042, 3979.8, 0, 0, 1
155.824, -24.1714, -11.9042, 3979.8, 0, 0, 1
155.944, -24.1714, -11.9042, 3979.8, 0, 0, 1
156.064, -24.1714, -11.9042, 3979.8, 0, 0, 1
156.184, -24.1714, -11.9042, 3979.8, 0, 0, 1
156.304, -24.1714, -11.9042, 3979.8, 0, 0, 1
156.424, -24.1714, -11.9042, 3979.8, 0, 0, 1
156.545, -24.1714, -11.9042, 3979.8, 0, 0, 1
156.665, -24.1714, -11.9042, 3979.8, 0, 0, 1
156.775, -24.1714, -11.9042, 3979.8, 0, 0, 1
156.795, -24.1714, -11.9042, 3979.8, 0, 0, 1
156.935, -24.1714, -11.9042, 3979.8, 0, 0, 1
157.055, -24.1714, -11.9042, 3979.8, 0, 0, 1
157.176, -24.1714, -11.9042, 3979.8, 0, 0, 1
157.296, -24.1714, -11.9042, 3979.8, 0, 0, 1
157.426, -24.1714, -11.9042, 3979.8, 0, 0, 1
157.546, -24.1714, -11.9042, 3979.8, 0, 0, 1
157.666, -24.1714, -11.9042, 3979.8, 0, 0, 1
157.786, -24.1714, -11.9042, 3979.8, 0, 0, 1
157.907, -24.1714, -11.9042, 3979.8, 0, 0, 1
158.027, -24.1714, -11.9042, 3979.8, 0, 0, 1
158.147, -24.1714, -11.9042, 3979.8, 0, 0, 1
158.267, -24.1714, -11.9042, 3979.8, 0, 0, 1
158.387, -24.1714, -11.9042, 3979.8, 0, 0, 1
158.507, -24.1714, -11.9042, 3979.8, 0, 0, 1
158.628, -24.1714, -11.9042, 3979.8, 0, 0, 1
158.748, -24.1714, -11.9042, 3979.8, 0, 0, 1
158.868, -24.1714, -11.9042, 3979.8, 0, 0, 1
158.988, -24.1714, -11.9042, 3979.8, 0, 0, 1
159.108, -24.1714, -11.9042, 3979.8, 0, 0, 1
159.228, -24.1714, -11.9042, 3979.8, 0, 0, 1
159.249, -24.1714, -11.9042, 3979.8, 0, 0, 1
159.279, -24.1714, -11.9042, 3979.8, 0, 0, 1
159.299, -24.1714, -11.9042, 3979.8, 0, 0, 1
159.329, -24.1714, -11.9042, 3979.8, 0, 0, 1
159.349, -24.1714, -11.9042, 3979.8, 0, 0, 1
159.369, -24.1714, -11.9042, 3979.8, 0, 0, 1
159.389, -24.1714, -11.9042, 3979.8, 0, 0, 1
159.419, -24.1714, -11.9042, 3979.8, 0, 0, 1
159.489, -24.1714, -11.9042, 3979.8, 0, 0, 1
159.579, -24.1714, -11.9042, 3979.8, 0, 0, 1
159.669, -24.1714, -11.9042, 3979.8, 0, 0, 1
159.759, -24.1714, -11.9042, 3979.8, 0, 0, 1
159.789, -24.1714, -11.9042, 3979.8, 0, 0, 1
159.809, -24.1714, -11.9042, 3979.8, 0, 0, 1
159.829, -24.1714, -11.9042, 3979.8, 0, 0, 1
159.849, -24.1714, -11.9042, 3979.8, 0, 0, 1
159.879, -24.1714, -11.9042, 3979.8, 0, 0, 1
159.899, -24.1714, -11.9042, 3979.8, 0, 0, 1
159.919, -24.1714, -11.9042, 3979.8, 0, 0, 1
159.95, -24.1714, -11.9042, 3979.8, 0, 0, 1
159.98, -24.1714, -11.9042, 3979.8, 0, 0, 1
160, -24.1714, -11.9042, 3979.8, 0, 0, 1
160.02, -24.1714, -11.9042, 3979.8, 0, 0, 1
160.05, -24.1714, -11.9042, 3979.8, 0, 0, 1
160.07, -24.1714, -11.9042, 3979.8, 0, 0, 1
160.1, -24.1714, -11.9042, 3979.8, 0, 0, 1
160.12, -24.1714, -11.9042, 3979.8, 0, 0, 1
160.18, -24.1714, -11.9042, 3979.8, 0, 0, 1
160.3, -24.1714, -11.9042, 3979.8, 0, 0, 1
160.42, -24.1714, -11.9042, 3979.8, 0, 0, 1
160.54, -24.1714, -11.9042, 3979.8, 0, 0, 1
