;SPIDAR-G Quadratic Programming (Katsuhito AKAHANE)
;Matrix Q, Vector C 
:q 1316
1.159562 0.253684 0.562551 -0.081481 0.293279 -0.385976 -0.275751 -0.960308 
0.253684 1.177204 -0.085775 0.498614 -0.373859 0.147063 -0.969005 -0.457742 
0.562551 -0.085775 1.167818 0.313187 -0.287310 -0.958934 0.269448 -0.403275 
-0.081481 0.498614 0.313187 1.190810 -0.965973 -0.474361 -0.371759 0.114754 
0.293279 -0.373859 -0.287310 -0.965973 1.149386 0.438526 0.112227 -0.314543 
-0.385976 0.147063 -0.958934 -0.474361 0.438526 1.173625 -0.321386 0.126898 
-0.275751 -0.969005 0.269448 -0.371759 0.112227 -0.321386 1.165392 0.427341 
-0.960308 -0.457742 -0.403275 0.114754 -0.314543 0.126898 0.427341 1.185492 
:c 1316
0.000000 0.000000 0.000000 0.000000 0.000000 0.000000 0.000000 0.000000 
:q 771
1.156030 0.284251 0.519854 -0.173250 0.334240 -0.204914 -0.319478 -0.982732 
0.284251 1.164083 -0.184920 0.471650 -0.218247 0.271454 -0.996161 -0.471907 
0.519854 -0.184920 1.191692 0.133856 -0.268245 -0.897815 0.146935 -0.537507 
-0.173250 0.471650 0.133856 1.164389 -0.941325 -0.438679 -0.592529 0.036214 
0.334240 -0.218247 -0.268245 -0.941325 1.182765 0.543018 0.271859 -0.195236 
-0.204914 0.271454 -0.897815 -0.438679 0.543018 1.167129 -0.176578 0.152870 
-0.319478 -0.996161 0.146935 -0.592529 0.271859 -0.176578 1.154373 0.424943 
-0.982732 -0.471907 -0.537507 0.036214 -0.195236 0.152870 0.424943 1.174808 
:c 771
0.000000 0.000000 0.000000 0.000000 0.000000 0.000000 0.000000 0.000000 
